file_name;change_type;n_loc;lines_balance;size_change;is_large;date;swapped_classification;complexity;methods;tokens;hash;files_on_commit;committer_email;author_email
FBXLoader.js;ADD;2283;0.0;Equal;True;2019-06-04 15:57:07+00:00;True;655;176;17592;f752a022bf8200064e185c9005135c4c55871b2b;1182;guilhermebav@gmail.com;guilhermebav@gmail.com
FBXLoader.js;MODIFY;2284;1.0;Grew;True;2019-06-06 04:19:35+00:00;False;655;176;17599;558eca3a6f26cf66405f1e6cfdb1045b3103e3e1;3;looeee@gmail.com;looeee@gmail.com
FBXLoader.js;MODIFY;2284;0.0;Equal;True;2019-06-20 11:29:53+00:00;False;655;176;17599;04796a30207e6132180e8a5f79988b316d33886d;6;michael.herzog@human-interactive.org;michael.herzog@human-interactive.org
FBXLoader.js;MODIFY;2284;0.0;Equal;True;2019-06-21 16:32:44+00:00;False;655;176;17599;ee2149ff65075d4c6caae12f6039be5b4c9b3172;8;michael.herzog@human-interactive.org;michael.herzog@human-interactive.org
FBXLoader.js;MODIFY;2287;3.0;Grew;True;2019-07-09 01:52:59+00:00;False;656;177;17611;3a7b5d06dd7aa0b93697d6557f1a15d8b5d29fcf;2;looeee@gmail.com;looeee@gmail.com
FBXLoader.js;MODIFY;2281;-6.0;Decreased;True;2019-07-09 03:11:27+00:00;False;655;177;17587;de6a17b75c9b18fa6d52837ff8f1a40ebb1d32e7;2;looeee@gmail.com;looeee@gmail.com
FBXLoader.js;MODIFY;2280;-1.0;Decreased;True;2019-07-16 04:23:21+00:00;False;655;177;17580;bcf436efbcfcae0bfadbbb2244c47a67940f1129;3;looeee@gmail.com;looeee@gmail.com
FBXLoader.js;MODIFY;2276;-4.0;Decreased;True;2019-07-16 04:37:32+00:00;False;654;176;17553;add08253d3962f0b1e234b54cf921327a7bee3c4;1;looeee@gmail.com;looeee@gmail.com
FBXLoader.js;MODIFY;2282;6.0;Grew;True;2019-08-19 06:20:02+00:00;False;655;176;17590;3c5f1416cc22254e342327378f8917da6257ef32;1;safu9.dev@gmail.com;safu9.dev@gmail.com
FBXLoader.js;MODIFY;2267;-15.0;Decreased;True;2019-08-27 12:07:25+00:00;False;650;173;17536;95e06281500f4a87ff2b7c4b2a1945db54873278;61;michael.herzog@human-interactive.org;michael.herzog@human-interactive.org
FBXLoader.js;MODIFY;2268;1.0;Grew;True;2019-09-05 10:55:41+00:00;False;650;173;17548;8ff9b416a3f3c884d2c9e519bf8e3b7908fbed32;22;michael.herzog@human-interactive.org;michael.herzog@human-interactive.org
FBXLoader.js;MODIFY;2271;3.0;Grew;True;2019-09-16 14:47:44+00:00;False;655;174;17582;b0190b63b50a93fbfee9f8f5a2ec2f17cb7885ce;2;michael.herzog@human-interactive.org;michael.herzog@human-interactive.org
FBXLoader.js;MODIFY;2271;0.0;Equal;True;2019-10-05 09:53:54+00:00;False;655;174;17582;764bc3dbbc57b696277b77e648be3857ca3e4b25;219;michael.herzog@human-interactive.org;michael.herzog@human-interactive.org
FBXLoader.js;MODIFY;2271;0.0;Equal;True;2019-11-08 02:44:32+00:00;False;653;174;17564;e8d8145dca3490b7aee576edcd4cd62816f9de15;2;looeee@gmail.com;looeee@gmail.com
FBXLoader.js;MODIFY;2271;0.0;Equal;True;2019-12-06 00:24:37+00:00;False;653;174;17564;89c4b06d3e053c29e21e2a856c91fd79739a391a;2;WestLangley@users.noreply.github.com;WestLangley@users.noreply.github.com
FBXLoader.js;MODIFY;2271;0.0;Equal;True;2019-12-06 23:54:35+00:00;False;653;174;17564;0be1a21f52c3749d0d1f4fa12ef55d17c219318d;2;info@mrdoob.com;info@mrdoob.com
FBXLoader.js;MODIFY;2271;0.0;Equal;True;2019-12-10 02:02:36+00:00;False;653;174;17564;94526d96484269b6c503719fda2c89725bbde77f;2;WestLangley@users.noreply.github.com;WestLangley@users.noreply.github.com
FBXLoader.js;MODIFY;2271;0.0;Equal;True;2019-12-30 15:27:00+00:00;False;653;174;17562;e7ca3006b044294da85607356e927c1f5d34a24b;120;michael.herzog@human-interactive.org;michael.herzog@human-interactive.org
FBXLoader.js;MODIFY;2271;0.0;Equal;True;2020-01-23 01:02:29+00:00;False;653;174;17562;e1d444d68152e2910ae6fde44e9f5a6d8101092d;26;WestLangley@users.noreply.github.com;WestLangley@users.noreply.github.com
FBXLoader.js;MODIFY;2270;-1.0;Decreased;True;2020-02-09 11:34:38+00:00;False;653;174;17560;6fd43ef4e9052879340e4229c6579c33c36ea426;89;michael.herzog@human-interactive.org;michael.herzog@human-interactive.org
FBXLoader.js;MODIFY;2270;0.0;Equal;True;2020-04-04 13:08:50+00:00;False;653;174;17557;aeb7309ff369774514f5f4b20ffe8a83f2cc6600;11;michael.herzog@human-interactive.org;michael.herzog@human-interactive.org
FBXLoader.js;MODIFY;2270;0.0;Equal;True;2020-04-06 01:06:14+00:00;False;653;174;17557;10125d6a72bca39bf1060970ebf7328e855e7e25;12;WestLangley@users.noreply.github.com;WestLangley@users.noreply.github.com
FBXLoader.js;MODIFY;2275;5.0;Grew;True;2020-04-09 15:10:20+00:00;False;653;174;17667;a86d8763ef9e827235dc95d068cc37baa5884cb9;1;khaubenwallner@bongfish.com;khaubenwallner@bongfish.com
FBXLoader.js;MODIFY;2274;-1.0;Decreased;True;2020-04-09 15:42:08+00:00;False;653;174;17640;d64fb0f6e3d1dc69455be060df69eb38c3bef338;2;khaubenwallner@bongfish.com;khaubenwallner@bongfish.com
FBXLoader.js;MODIFY;2276;2.0;Grew;True;2020-04-09 17:07:38+00:00;False;653;174;17666;801daed446e816cd6de428038403c019da1f6efc;2;khaubenwallner@bongfish.com;khaubenwallner@bongfish.com
FBXLoader.js;MODIFY;2276;0.0;Equal;True;2020-04-11 02:22:17+00:00;False;653;174;17666;cb09b865b32f65f34d02a77a99aeb263a76c5dcc;2;info@mrdoob.com;info@mrdoob.com
FBXLoader.js;MODIFY;2269;-7.0;Decreased;True;2020-04-12 02:23:11+00:00;False;653;174;17595;809fa4f7f9925f4421acb4eb200250f781c3b0dd;2;info@mrdoob.com;info@mrdoob.com
FBXLoader.js;MODIFY;2270;1.0;Grew;True;2020-04-27 09:36:49+00:00;False;654;174;17598;b14fce14a772f356564826b13eb5c24ed3e5e25b;97;michael.herzog@human-interactive.org;michael.herzog@human-interactive.org
FBXLoader.js;MODIFY;2274;4.0;Grew;True;2020-05-14 20:44:38+00:00;False;655;174;17618;a099b262aa1b9aecd94bd4c5a907e606d7051f13;1;jacob.bijani@gmail.com;jacob.bijani@gmail.com
FBXLoader.js;MODIFY;2273;-1.0;Decreased;True;2020-05-15 21:27:19+00:00;False;655;174;17608;64fd589f1c18f87ab9bc69ae7fcbfa877b8af7f9;2;jacob.bijani@gmail.com;jacob.bijani@gmail.com
FBXLoader.js;MODIFY;2274;1.0;Grew;True;2020-05-15 23:07:06+00:00;False;655;174;17617;dc9ee46535cc3705e5b1d02ae02f837d80fdcc00;2;info@mrdoob.com;info@mrdoob.com
FBXLoader.js;MODIFY;2276;2.0;Grew;True;2020-05-26 09:33:13+00:00;False;654;173;17618;8a36de0a21f286de85b8351f13f12bde76700755;53;michael.herzog@human-interactive.org;michael.herzog@human-interactive.org
FBXLoader.js;MODIFY;2276;0.0;Equal;True;2020-06-28 18:22:28+00:00;False;654;173;17616;787ffe5e81e2dba7ff9c05325f3b0640b65a3d6c;10;guilhermebav@gmail.com;guilhermebav@gmail.com
FBXLoader.js;MODIFY;2278;2.0;Grew;True;2020-07-20 12:15:20+00:00;False;655;173;17624;2b848af189e9c8a7019edb29bab068756e08770b;2;michael.herzog@human-interactive.org;michael.herzog@human-interactive.org
FBXLoader.js;MODIFY;2280;2.0;Grew;True;2020-07-21 15:05:51+00:00;False;656;173;17637;db88e3ae4276f29a4d92a1734e1e382bb13cbe53;1;john.marinelli@internations.org;john.marinelli@internations.org
FBXLoader.js;MODIFY;2279;-1.0;Decreased;True;2020-07-21 17:32:59+00:00;False;655;173;17633;3a76cb4a0823c46e6b6a52ea57d3822a72fca7f2;60;michael.herzog@human-interactive.org;michael.herzog@human-interactive.org
FBXLoader.js;MODIFY;2281;2.0;Grew;True;2020-07-29 10:42:37+00:00;False;656;173;17646;226b60deab2e082b42cb2719e73fe4fb08307e46;490;michael.herzog@human-interactive.org;michael.herzog@human-interactive.org
FBXLoader.js;MODIFY;2282;1.0;Grew;True;2020-09-16 19:18:13+00:00;False;656;173;17655;51863e18355ba2f36fe86e5bc38a4ee26afe2a0b;66;byon@jpl.nasa.gov;byon@jpl.nasa.gov
FBXLoader.js;MODIFY;2282;0.0;Equal;True;2020-10-27 15:13:43+00:00;False;656;173;17655;83df029a88cd57dcc120b635228c9682e8cc8bc8;121;info@mrdoob.com;info@mrdoob.com
FBXLoader.js;MODIFY;2285;3.0;Grew;True;2020-11-03 10:42:49+00:00;False;656;173;17677;d52afdd2ceafd690ac9e20917d0c968ff2fa7661;43;michael.herzog@human-interactive.org;michael.herzog@human-interactive.org
FBXLoader.js;MODIFY;2285;0.0;Equal;True;2020-11-03 12:15:32+00:00;False;656;173;17677;8bc2e1f28c510586dcfd643b4fd9f8a1af023761;17;michael.herzog@human-interactive.org;michael.herzog@human-interactive.org
FBXLoader.js;MODIFY;2285;0.0;Equal;True;2020-11-13 10:55:02+00:00;False;658;173;17697;80cdbe5679294009aa8844e9ef3f9fbf42dbddfd;2;info@mrdoob.com;info@mrdoob.com
FBXLoader.js;MODIFY;2285;0.0;Equal;True;2020-12-08 09:38:56+00:00;False;658;173;17697;bff1f2485a1562cf4808e2c9e978b6cc7d9bb49f;164;michael.herzog@human-interactive.org;michael.herzog@human-interactive.org
FBXLoader.js;MODIFY;2296;11.0;Grew;True;2020-12-19 22:41:29+00:00;False;660;172;17755;7c375d95aad496f2f7ac357c771569652352806b;2;kimbatt16@gmail.com;kimbatt16@gmail.com
FBXLoader.js;MODIFY;2296;0.0;Equal;True;2020-12-29 16:10:27+00:00;False;660;172;17752;d2efbc0ff538e0c95ea978f36037044307debf68;10;michael.herzog@human-interactive.org;michael.herzog@human-interactive.org
FBXLoader.js;MODIFY;2308;12.0;Grew;True;2021-01-12 16:54:04+00:00;False;660;172;17867;807f3c969d46a26de9163f7bae00120c36ec44b1;1;info@mrdoob.com;info@mrdoob.com
FBXLoader.js;MODIFY;2294;-14.0;Decreased;True;2021-04-09 09:50:05+00:00;False;646;166;17468;9ff1484f82bf564855e0015932e77579d60a76d2;19;noreply@github.com;michael.herzog@human-interactive.org
FBXLoader.js;MODIFY;2294;0.0;Equal;True;2021-04-17 08:13:57+00:00;False;646;166;17468;a3b72a9839e8aab6e6a5c10086c4fe94c9f0c3dd;3;noreply@github.com;michael.herzog@human-interactive.org
FBXLoader.js;MODIFY;2294;0.0;Equal;True;2021-04-19 09:12:18+00:00;False;646;166;17468;2b90507c0248be066349d52269e2eb41d67ceee6;18;noreply@github.com;garrett.kjohnson@gmail.com
FBXLoader.js;MODIFY;2291;-3.0;Decreased;True;2021-05-05 15:50:10+00:00;False;645;165;17450;8c21891045d6c7db07d515133f9c2c98bd4913a9;59;noreply@github.com;michael.herzog@human-interactive.org
FBXLoader.js;MODIFY;2292;1.0;Grew;True;2021-05-20 08:51:07+00:00;False;645;165;17461;5ae1d3cfc831e768c496988d24501dff19cbff09;2;noreply@github.com;michael.herzog@human-interactive.org
FBXLoader.js;MODIFY;2288;-4.0;Decreased;True;2021-07-03 17:13:33+00:00;False;645;165;17413;3d0eac48a0483c1a5555b3d29d3b47f1902ac8fd;2;info@mrdoob.com;info@mrdoob.com
FBXLoader.js;MODIFY;2251;-37.0;Decreased;True;2021-07-22 11:27:06+00:00;False;627;159;17134;0a4f02b86a98403cf63ec227bbcf77a05805a164;62;noreply@github.com;michael.herzog@human-interactive.org
FBXLoader.js;MODIFY;2264;13.0;Grew;True;2021-07-22 12:50:38+00:00;False;632;159;17195;30c07bc98cd66b201e807ae9ed81fd34f6bc979f;1;noreply@github.com;camnewnham@gmail.com
FBXLoader.js;MODIFY;2258;-6.0;Decreased;True;2021-07-28 09:00:09+00:00;False;631;158;17142;45df8623fddce14a09c01c84425d6785e76da08a;1;noreply@github.com;michael.herzog@human-interactive.org
FBXLoader.js;MODIFY;2257;-1.0;Decreased;True;2021-07-29 13:28:50+00:00;False;631;158;17140;b5014ca71d3f1b3bf771d1b8a93813578b250b93;1;info@mrdoob.com;info@mrdoob.com
FBXLoader.js;MODIFY;2257;0.0;Equal;True;2021-08-02 09:52:27+00:00;False;632;158;17141;a78005a88479ae19c4bed1b59b9064cebe7e192f;1;noreply@github.com;camnewnham@gmail.com
FBXLoader.js;MODIFY;2257;0.0;Equal;True;2021-08-02 09:54:18+00:00;False;632;158;17144;a49cd802c586857e927e5e1566a66a3e2ad1864b;1;info@mrdoob.com;info@mrdoob.com
FBXLoader.js;MODIFY;2257;0.0;Equal;True;2021-08-04 14:25:27+00:00;False;632;158;17144;f94dee871dbcf235e36f070ae59595afcedc36ce;3;noreply@github.com;marco.fugaro@gmail.com
FBXLoader.js;MODIFY;2253;-4.0;Decreased;True;2021-08-07 10:36:49+00:00;False;630;158;17124;0179baddfcb692931256e6d8cea0f7c4c48a2a7e;1;noreply@github.com;camnewnham@gmail.com
FBXLoader.js;MODIFY;2252;-1.0;Decreased;True;2021-08-10 13:51:08+00:00;False;630;158;17119;f2eb381d5c8c61f494cdeefdf5949599e49562fe;1;info@mrdoob.com;info@mrdoob.com
FBXLoader.js;MODIFY;2252;0.0;Equal;True;2021-10-28 10:23:17+00:00;False;631;158;17128;43739ba87e74c1255e3e2902f69e05c01bbaf08f;1;noreply@github.com;viktorkovacs@gmail.com
FBXLoader.js;MODIFY;2252;0.0;Equal;True;2021-12-16 14:53:37+00:00;False;631;158;17128;93e11919b489d30cdf6f5e4691f0b9edae2c6d35;36;noreply@github.com;michael.herzog@human-interactive.org
FBXLoader.js;MODIFY;2252;0.0;Equal;True;2022-01-19 17:25:30+00:00;False;631;158;17128;eadd35e44c49eee5b3910cd2b761fbdfd05d6c67;607;noreply@github.com;marco.fugaro@gmail.com
FBXLoader.js;MODIFY;2257;5.0;Grew;True;2022-04-04 18:06:05+00:00;False;632;158;17167;dded976092378e37d540c9dafa47cbf3805c32f5;2;noreply@github.com;herbst@prefrontalcortex.de
FBXLoader.js;MODIFY;2258;1.0;Grew;True;2022-05-25 04:41:52+00:00;False;632;158;17169;dfe7b239fc3be9aa131ff24ddd8c05a347a00aea;16;noreply@github.com;35454228+LeviPesin@users.noreply.github.com
FBXLoader.js;MODIFY;2262;4.0;Grew;True;2022-08-03 11:24:56+00:00;False;633;158;17190;88c240dcdacafec825568ce01785c70accf3a8ae;1;noreply@github.com;michael.herzog@human-interactive.org
FBXLoader.js;MODIFY;2262;0.0;Equal;True;2022-08-26 12:00:31+00:00;False;636;158;17202;1a71b5377fa61e083335d3e7a87d7cb26e0dc050;1;noreply@github.com;michael.herzog@human-interactive.org
FBXLoader.js;MODIFY;2268;6.0;Grew;True;2022-10-04 09:09:08+00:00;False;638;159;17227;03efa5a594bc44705a0dda94711a76c8e75f21ae;1;noreply@github.com;michael.herzog@human-interactive.org
FBXLoader.js;MODIFY;2273;5.0;Grew;True;2022-11-28 16:34:25+00:00;False;639;159;17255;a3b3d826c74569a76bd580b0daa41f22abb60605;1;noreply@github.com;michael.herzog@human-interactive.org
FBXLoader.js;MODIFY;2269;-4.0;Decreased;True;2022-11-29 08:56:44+00:00;False;639;159;17240;7e71c6a5269e61cdf83077148b5748cfde755f64;1;noreply@github.com;michael.herzog@human-interactive.org
FBXLoader.js;MODIFY;2265;-4.0;Decreased;True;2022-12-01 09:49:29+00:00;False;638;159;17219;03bfe65e715d893a5e3bb221e1b7371a7e76b02e;2;noreply@github.com;michael.herzog@human-interactive.org
FBXLoader.js;MODIFY;2262;-3.0;Decreased;True;2022-12-01 12:01:33+00:00;False;637;159;17203;9519f6fbf6ca66604c52c8b4203762076f192010;13;noreply@github.com;michael.herzog@human-interactive.org
FBXLoader.js;MODIFY;2262;0.0;Equal;True;2022-12-23 11:38:23+00:00;False;637;159;17203;4d6d52aca6fd714fbf0aedb16ce0b8da5701e681;3;noreply@github.com;WestLangley@users.noreply.github.com
FBXLoader.js;MODIFY;2263;1.0;Grew;True;2023-01-05 09:52:40+00:00;False;637;159;17217;5f75a1bddf43237e150be0f7195cf5e87a4b0f92;9;noreply@github.com;angus.sawyer@gmail.com
FBXLoader.js;MODIFY;2262;-1.0;Decreased;True;2023-01-06 02:08:44+00:00;False;636;159;17216;f19f1406667bcdf41e09d8ccfc11ffc8af6d3f33;1;noreply@github.com;angus.sawyer@gmail.com
FBXLoader.js;MODIFY;2265;3.0;Grew;True;2023-03-07 09:17:43+00:00;False;637;159;17294;d8796353ef8c47a4ca03ab8d0628d55eaa00cdc6;8;noreply@github.com;dm@donmccurdy.com
FBXLoader.js;MODIFY;2265;0.0;Equal;True;2023-03-20 09:58:25+00:00;False;637;159;17294;f83bc569da527d2821a428ffaead8b29b5f847a5;1;noreply@github.com;40897360+FXTD-ODYSSEY@users.noreply.github.com
FBXLoader.js;MODIFY;2271;6.0;Grew;True;2023-03-30 07:55:30+00:00;False;638;159;17334;f327b7a0f7aefafe23068b3987d3787dff7248d9;1;noreply@github.com;soma-arc@users.noreply.github.com
FBXLoader.js;MODIFY;2265;-6.0;Decreased;True;2023-03-31 15:02:29+00:00;False;637;159;17294;1ef7fec11bb4d4b2dfb5fd97b03c826f3adc1553;1;noreply@github.com;michael.herzog@human-interactive.org
FBXLoader.js;MODIFY;2265;0.0;Equal;True;2023-04-06 08:25:30+00:00;False;637;159;17294;88c95377c113004342dc8e4060c741c7176a4911;78;noreply@github.com;dm@donmccurdy.com
FBXLoader.js;MODIFY;2262;-3.0;Decreased;True;2023-04-27 08:57:09+00:00;False;637;159;17278;ef03bdcfd14d5c8f1b70a3a04a3307891972c492;28;noreply@github.com;info@mrdoob.com
FBXLoader.js;MODIFY;2269;7.0;Grew;True;2023-06-05 22:47:17+00:00;False;637;159;17290;39ab305a37b4f1e1e8709672c1078183e393a30a;8;noreply@github.com;viktorkovacs@gmail.com
FBXLoader.js;MODIFY;2269;0.0;Equal;True;2023-07-10 08:56:28+00:00;False;637;159;17290;1bb77a707fa57401f6cbd8e7dc192353b37c1441;10;noreply@github.com;felix.herbst@gmail.com
FBXLoader.js;MODIFY;2271;2.0;Grew;True;2023-08-24 19:10:33+00:00;False;637;159;17308;6162a7e81fb031b98031d6b8594418491219d4a8;1;noreply@github.com;mindaugas.janulis@gmail.com
FBXLoader.js;MODIFY;2320;49.0;Grew;True;2023-10-31 15:42:15+00:00;False;644;162;17725;5a25a00c6e3e97a4d2363628f389b7246406074d;1;noreply@github.com;kittyhawk3011@gmail.com
FBXLoader.js;MODIFY;2355;35.0;Grew;True;2023-11-07 09:55:16+00:00;False;656;161;18066;a1906ffdf7f2e306199a999d48fe86a6a1a08810;1;noreply@github.com;48208691+solinehayes@users.noreply.github.com
FBXLoader.js;MODIFY;2359;4.0;Grew;True;2023-11-08 00:55:43+00:00;False;656;161;18129;05414cb86d1ce7d9b854c5e26607d3f1318b8486;1;noreply@github.com;48208691+solinehayes@users.noreply.github.com
FBXLoader.js;MODIFY;2364;5.0;Grew;True;2023-11-14 12:07:38+00:00;False;657;161;18157;75cb81336da500afaad9b862ed86821e1bd9146f;1;noreply@github.com;michael.herzog@human-interactive.org
FBXLoader.js;MODIFY;2373;9.0;Grew;True;2023-11-17 18:13:09+00:00;False;659;161;18227;4567ecee2aa19584533260d331fd80d8100b2240;1;noreply@github.com;michael.herzog@human-interactive.org
FBXLoader.js;MODIFY;2373;0.0;Equal;True;2024-03-14 05:04:39+00:00;False;659;161;18229;d26eecd6470fb7c9810c074e46a217c718c672e6;1;info@mrdoob.com;info@mrdoob.com
FBXLoader.js;MODIFY;2378;5.0;Grew;True;2024-05-20 07:29:51+00:00;False;661;161;18249;ad0e26e4ed2e6e3494ea2c6357943f62b7e73ead;3;noreply@github.com;catalinenache78@gmail.com
FBXLoader.js;MODIFY;2366;-12.0;Decreased;True;2024-06-01 11:16:24+00:00;False;659;161;18161;6abb47c8811453ac92586149372287bc9703002f;2;noreply@github.com;catalinenache78@gmail.com
FBXLoader.js;MODIFY;2368;2.0;Grew;True;2024-09-05 05:11:18+00:00;False;657;161;18166;e20e8ae115e94aabdc17574072ffd940441fbdf9;1;noreply@github.com;megan.worley@live.com
FBXLoader.js;MODIFY;2368;0.0;Equal;True;2024-09-17 07:58:10+00:00;False;657;161;18150;324c9db463a482971b9b27966bf3e73f7bdf039f;1;noreply@github.com;michael.herzog@human-interactive.org
FBXLoader.js;MODIFY;2371;3.0;Grew;True;2024-09-20 03:07:22+00:00;False;657;161;18182;a789b4404af962cb5b8d1ee97dd272970c6cb2a2;13;noreply@github.com;dm@donmccurdy.com
FBXLoader.js;MODIFY;2375;4.0;Grew;True;2024-10-02 19:43:36+00:00;False;662;161;18253;31f7abf25369e60e2a12d18b2de16d83c28882bf;1;noreply@github.com;michael.herzog@human-interactive.org
FBXLoader.js;MODIFY;2375;0.0;Equal;True;2024-10-02 20:30:40+00:00;False;662;161;18257;48f5603b19432157a7aa053d603f26018b31f7f5;1;noreply@github.com;michael.herzog@human-interactive.org
