file_name;change_type;n_loc;lines_balance;size_change;is_large;date;swapped_classification;complexity;methods;tokens;hash;files_on_commit;committer_email;author_email
RocksDB.java;RENAME;not calculated;0.0;Equal;False;2015-02-01 20:04:51+00:00;False;not calculated;0;not calculated;353db6daef28ebe4b07c9933652af7f13fef8489;73;adam.retter@googlemail.com;adam.retter@googlemail.com
RocksDB.java;MODIFY;602.0;0.0;Equal;False;2015-02-01 20:05:10+00:00;False;100;74;4594;dd8d5471ea139e6f59c3f4e589260ea74e707ffd;4;adam.retter@googlemail.com;adam.retter@googlemail.com
RocksDB.java;MODIFY;611.0;9.0;Grew;False;2015-02-25 20:55:31+00:00;False;100;74;4737;819e787bb99e713b68831dbe8608ff9d3d0f2a46;38;fyrgoss@gmail.com;fyrgoss@gmail.com
RocksDB.java;MODIFY;614.0;3.0;Grew;False;2015-03-04 21:45:16+00:00;False;100;74;4748;a01b592597f5bd1eea0d12cb57b0933dae12c9b5;2;fyrgoss@gmail.com;fyrgoss@gmail.com
RocksDB.java;MODIFY;614.0;0.0;Equal;False;2016-02-09 23:12:00+00:00;False;100;74;4748;21e95811d14d556436ae849e40744806f31f00a0;647;bhamodi@fb.com;bhamodi@fb.com
RocksDB.java;MODIFY;621.0;7.0;Grew;False;2016-02-10 14:44:39+00:00;False;104;73;5146;76e8beeeb9b3172a1e02853e4c5c7485894b7e04;14;adam.retter@googlemail.com;adam.retter@googlemail.com
RocksDB.java;MODIFY;617.0;-4.0;Decreased;False;2016-02-10 14:44:39+00:00;False;101;73;4918;18eb563058f19856a2723f4cbe867aee7959cc6c;56;adam.retter@googlemail.com;adam.retter@googlemail.com
RocksDB.java;MODIFY;621.0;4.0;Grew;False;2016-02-10 14:44:39+00:00;False;104;73;5150;e84137c8ae84a71ddd83fae981760046dbd7ae44;5;adam.retter@googlemail.com;adam.retter@googlemail.com
RocksDB.java;MODIFY;644.0;23.0;Grew;False;2016-03-01 16:00:45+00:00;False;103;72;5139;f8e02c7825f089504fc2f96faee42740624a8e4e;5;adam.retter@googlemail.com;adam.retter@googlemail.com
RocksDB.java;MODIFY;652.0;8.0;Grew;False;2016-05-06 22:04:13+00:00;False;105;74;5189;4d02bfa3a6af32b6ed69e790dd1485433a8fba18;3;yhchiang@fb.com;adam.retter@googlemail.com
RocksDB.java;MODIFY;661.0;9.0;Grew;False;2016-08-06 19:03:47+00:00;False;106;75;5250;f4d986364e0366c07a78fc87f27ddd3a205649f2;13;gzh@fb.com;adam.retter@googlemail.com
RocksDB.java;MODIFY;713.0;52.0;Grew;False;2016-08-22 18:02:31+00:00;False;114;83;5598;817eeb29b437d1a68701571cc81331901e8c06e4;4;yhchiang@fb.com;adam.retter@googlemail.com
RocksDB.java;MODIFY;732.0;19.0;Grew;False;2016-09-12 18:51:08+00:00;False;118;83;6122;22d88e24db012639eeafcaa7fa26ab01eb56f952;2;yhchiang@fb.com;adam.retter@googlemail.com
RocksDB.java;MODIFY;824.0;92.0;Grew;False;2016-09-29 21:04:41+00:00;False;136;100;6952;7260662b399d8d70c658261c8c6b595889b864a3;14;adam.retter@googlemail.com;ijsong@gmail.com
RocksDB.java;MODIFY;831.0;7.0;Grew;False;2016-09-29 22:55:53+00:00;False;137;101;7006;3c21c64c7891be68846400ba7d8b1f088b663d04;1;yiwu@fb.com;adam.retter@googlemail.com
RocksDB.java;MODIFY;867.0;36.0;Grew;False;2016-10-20 01:21:22+00:00;False;145;101;7229;48fd619a47c17d044aa9d36adab55659fcac1985;2;yhchiang@fb.com;adam.retter@googlemail.com
RocksDB.java;MODIFY;867.0;0.0;Equal;False;2017-02-28 00:39:12+00:00;False;145;101;7229;c6d464a9da7291e776b5a017f0a5d33d61f2518b;64;facebook-github-bot@users.noreply.github.com;adam.retter@googlemail.com
RocksDB.java;MODIFY;897.0;30.0;Grew;False;2017-03-07 06:24:26+00:00;False;149;105;7569;5f65dc877806f8d60d64144ddee9023b178c2d50;15;facebook-github-bot@users.noreply.github.com;mmerli@apache.org
RocksDB.java;MODIFY;831.0;-66.0;Decreased;False;2017-05-22 17:27:23+00:00;False;135;91;6944;88c818e4375a22ac3bd61c15e63c81318d158e47;11;facebook-github-bot@users.noreply.github.com;adam.retter@googlemail.com
RocksDB.java;MODIFY;831.0;0.0;Equal;False;2017-06-05 22:28:00+00:00;False;135;91;6944;b172a3f1a22bd6832334f50a61a345653e99d727;1;facebook-github-bot@users.noreply.github.com;svemuri@fb.com
RocksDB.java;MODIFY;831.0;0.0;Equal;False;2017-07-15 23:11:23+00:00;False;135;91;6944;3c327ac2d0fd50bbd82fe1f1af5de909dad769e6;865;facebook-github-bot@users.noreply.github.com;siying.d@fb.com
RocksDB.java;MODIFY;837.0;6.0;Grew;False;2017-09-26 23:42:11+00:00;False;136;92;6987;0806801dc848a219dba3ea21ed1442348abf12fd;3;facebook-github-bot@users.noreply.github.com;svemuri@fb.com
RocksDB.java;MODIFY;838.0;1.0;Grew;False;2018-03-02 18:34:13+00:00;False;136;92;6987;2ac988c67ec30612e2943a7259ce092e25944d79;44;facebook-github-bot@users.noreply.github.com;adam.retter@googlemail.com
RocksDB.java;MODIFY;850.0;12.0;Grew;False;2018-08-17 17:57:25+00:00;False;137;93;7080;c7cf981a8565d0cb9278fa4c142cd3b5c44652df;9;facebook-github-bot@users.noreply.github.com;christian.esken@trivago.com
RocksDB.java;MODIFY;855.0;5.0;Grew;False;2018-09-20 00:46:59+00:00;False;138;94;7123;02dc07491650b0c8d8470a24806ba86d09ea31a4;3;facebook-github-bot@users.noreply.github.com;chenyou.fdu@gmail.com
RocksDB.java;MODIFY;1003.0;148.0;Grew;False;2018-11-14 01:33:09+00:00;False;164;119;8725;5cf5f4724d5816022249a82ea773328579a56b51;3;facebook-github-bot@users.noreply.github.com;thisisbaozi@gmail.com
RocksDB.java;MODIFY;1012.0;9.0;Grew;False;2018-12-11 17:17:57+00:00;False;166;120;8809;f8943ec003dd2ee5ea54a056dacbee1462e5c6aa;3;facebook-github-bot@users.noreply.github.com;adam.retter@googlemail.com
RocksDB.java;MODIFY;1012.0;0.0;Equal;False;2018-12-11 20:18:44+00:00;False;166;120;8809;49666d76cfdfca7f9ce5861009543c927fac966b;1;facebook-github-bot@users.noreply.github.com;tathagata.das1565@gmail.com
RocksDB.java;MODIFY;1083.0;71.0;Grew;True;2019-02-13 01:04:48+00:00;True;178;124;9531;33b33235ffe5030a1a7dfeeea7d64c988eb84927;3;facebook-github-bot@users.noreply.github.com;adam.retter@googlemail.com
RocksDB.java;MODIFY;1522.0;439.0;Grew;True;2019-02-22 22:46:46+00:00;False;264;173;12160;bb474e9a02abfe9c97b193a27c846de9fbdb4389;132;facebook-github-bot@users.noreply.github.com;adam.retter@googlemail.com
RocksDB.java;MODIFY;1537.0;15.0;Grew;True;2019-09-18 16:45:11+00:00;False;268;174;12299;3a408eeae95614150ac930fc7f244524ed8c6f1c;3;facebook-github-bot@users.noreply.github.com;koldat@gmail.com
RocksDB.java;MODIFY;1540.0;3.0;Grew;True;2019-12-20 21:41:00+00:00;False;269;174;12305;4d3264e4abadad0b7a8653498fa457e966e408d0;76;facebook-github-bot@users.noreply.github.com;adam.retter@googlemail.com
RocksDB.java;MODIFY;1558.0;18.0;Grew;True;2019-12-20 22:27:58+00:00;False;276;174;12360;e697da0b18897ab0e68f1fced8ea029cf080b5af;7;facebook-github-bot@users.noreply.github.com;adam.retter@googlemail.com
RocksDB.java;MODIFY;1621.0;63.0;Grew;True;2020-02-11 22:48:30+00:00;False;288;180;13057;e412a426d6ce019fb12f094f64e7f105d227201d;26;facebook-github-bot@users.noreply.github.com;koldat@gmail.com
RocksDB.java;MODIFY;1626.0;5.0;Grew;True;2020-04-08 03:15:38+00:00;False;289;181;13087;487ebe4fd53a5b9ec1f4c9fc5fd436a404a19b91;3;facebook-github-bot@users.noreply.github.com;spandori@twitter.com
RocksDB.java;MODIFY;1666.0;40.0;Grew;True;2020-07-06 18:06:21+00:00;False;296;188;13329;0117cbfc96d8a1f9a57ee0c03db404950f9513d2;3;facebook-github-bot@users.noreply.github.com;adam.retter@googlemail.com
RocksDB.java;MODIFY;1700.0;34.0;Grew;True;2020-07-06 18:48:57+00:00;False;301;191;13667;899e59ecb7e2c2199457606f095cf05b27acddf6;4;facebook-github-bot@users.noreply.github.com;adam.retter@googlemail.com
RocksDB.java;MODIFY;1707.0;7.0;Grew;True;2020-09-17 22:41:25+00:00;False;303;193;13762;3ac07a12fe98a6f0ea999d7303ab964e4676ff81;12;facebook-github-bot@users.noreply.github.com;adam.retter@googlemail.com
RocksDB.java;MODIFY;1738.0;31.0;Grew;True;2020-10-14 21:39:14+00:00;False;308;194;13971;05fba969278306bbc7edd61af1b8cf638a369c8a;4;facebook-github-bot@users.noreply.github.com;tefposluszny@gmail.com
RocksDB.java;MODIFY;1738.0;0.0;Equal;True;2020-10-29 01:13:27+00:00;False;308;194;13971;99a0305bb8fe4e77a7621725ac0d5921f105d84d;1;facebook-github-bot@users.noreply.github.com;javaloveme@gmail.com
RocksDB.java;MODIFY;1737.0;-1.0;Decreased;True;2021-02-18 23:48:39+00:00;False;309;194;13977;251143f8fb1045911f6c295851985e3e3d140534;1;facebook-github-bot@users.noreply.github.com;stefan-zobel@users.noreply.github.com
RocksDB.java;MODIFY;1737.0;0.0;Equal;True;2021-03-17 01:07:09+00:00;False;309;194;13977;8d9088464b9cc2a7c2607658bb893a2b33d683d6;2;facebook-github-bot@users.noreply.github.com;stefan-zobel@users.noreply.github.com
RocksDB.java;MODIFY;1737.0;0.0;Equal;True;2021-04-26 15:34:10+00:00;False;309;194;13977;69c986825e0e01c5002c2e0bebaeaac013992317;1;facebook-github-bot@users.noreply.github.com;adam.retter@googlemail.com
RocksDB.java;MODIFY;1786.0;49.0;Grew;True;2021-10-19 00:20:07+00:00;False;321;202;14452;86cf7266c39137dfb0b23a0a8c4d0bd64f2dc6fb;7;facebook-github-bot@users.noreply.github.com;alan@isomaly.com
RocksDB.java;MODIFY;1802.0;16.0;Grew;True;2021-10-19 16:21:52+00:00;False;325;205;14564;8d615a2b1d6d0784bf7efd3107284153f5378490;19;facebook-github-bot@users.noreply.github.com;alan@isomaly.com
RocksDB.java;MODIFY;1802.0;0.0;Equal;True;2021-12-10 04:00:48+00:00;False;325;205;14566;f57745814f2d9e937383b4bfea55373306182c14;11;facebook-github-bot@users.noreply.github.com;stefan-zobel@users.noreply.github.com
RocksDB.java;MODIFY;1878.0;76.0;Grew;True;2021-12-16 02:09:25+00:00;False;340;209;15305;c1ec0b28eb6e93bc2799a68066cdc8147f92ba59;10;facebook-github-bot@users.noreply.github.com;alan.paxton@gmail.com
RocksDB.java;MODIFY;1878.0;0.0;Equal;True;2021-12-21 13:40:51+00:00;False;340;209;15305;7ae213f7351fb6824db0ce5b20ff867ab4b24869;6;facebook-github-bot@users.noreply.github.com;stefan-zobel@users.noreply.github.com
RocksDB.java;MODIFY;1873.0;-5.0;Decreased;True;2022-01-28 21:28:38+00:00;False;339;208;15273;d10c5c08d36a273d7f4122ccbe08c6d98e64488b;33;facebook-github-bot@users.noreply.github.com;yanqin@fb.com
RocksDB.java;MODIFY;1704.0;-169.0;Decreased;True;2022-02-18 01:29:35+00:00;False;307;196;13840;8d9c203f6983add95a93b3bd482e773685969587;10;facebook-github-bot@users.noreply.github.com;alan.paxton@gmail.com
RocksDB.java;MODIFY;1704.0;0.0;Equal;True;2022-02-28 19:51:17+00:00;False;307;196;13840;ddb7620a617633f371b090a71254ac5d24f7eb2a;2;facebook-github-bot@users.noreply.github.com;stefan-zobel@users.noreply.github.com
RocksDB.java;MODIFY;1705.0;1.0;Grew;True;2022-05-06 23:22:15+00:00;False;307;196;13853;00889cf8f296f8ccc06d59d829e38c79b9d5ddef;1;facebook-github-bot@users.noreply.github.com;roman.puchkovskiy@gmail.com
RocksDB.java;MODIFY;1705.0;0.0;Equal;True;2022-06-14 20:06:40+00:00;False;307;196;13853;d665afdbf30d8038d98e4333346fa4a5e83c0d21;24;facebook-github-bot@users.noreply.github.com;huixiao@fb.com
RocksDB.java;MODIFY;1700.0;-5.0;Decreased;True;2023-05-18 02:44:24+00:00;False;307;196;13824;e110d713e0f0880e5621e6875c60e9c9c0239480;164;facebook-github-bot@users.noreply.github.com;alan.paxton@gmail.com
RocksDB.java;MODIFY;1699.0;-1.0;Decreased;True;2023-10-10 15:40:07+00:00;False;307;196;13827;f1aa17c73ff00de3fbf524c8e21614dd5561206b;11;facebook-github-bot@users.noreply.github.com;rhubner@users.noreply.github.com
RocksDB.java;MODIFY;1719.0;20.0;Grew;True;2023-10-10 18:07:33+00:00;False;312;199;13951;98ab2d80fadd1a72e3d5cce6b87c58746167613b;11;facebook-github-bot@users.noreply.github.com;rhubner@users.noreply.github.com
RocksDB.java;MODIFY;1732.0;13.0;Grew;True;2023-10-17 17:04:35+00:00;False;311;198;13976;2296c624fa0fd72f61eb706c56bb4fc53ddf7ce6;64;facebook-github-bot@users.noreply.github.com;alan.paxton@gmail.com
RocksDB.java;MODIFY;1784.0;52.0;Grew;True;2023-10-18 19:46:35+00:00;False;327;210;14481;a80e3f6c579fd2170739d049ed9c71e06c96e991;4;facebook-github-bot@users.noreply.github.com;rhubner@users.noreply.github.com
RocksDB.java;MODIFY;1793.0;9.0;Grew;True;2023-11-02 15:00:08+00:00;False;329;211;14580;8e1adab5cecad129131a4eceabe645b9442acb9c;4;facebook-github-bot@users.noreply.github.com;mayue.fight@bytedance.com
RocksDB.java;MODIFY;1823.0;30.0;Grew;True;2023-11-06 15:38:42+00:00;False;332;213;14796;19768a923a814a7510423b57329c50587362541e;14;facebook-github-bot@users.noreply.github.com;mayue.fight@bytedance.com
RocksDB.java;MODIFY;1823.0;0.0;Equal;True;2023-11-10 22:35:54+00:00;False;332;213;14796;c6c683a0ca090c8ae39468fb6f1a2d17ffbac2f8;14;facebook-github-bot@users.noreply.github.com;yuzhangyu@fb.com
RocksDB.java;MODIFY;1907.0;84.0;Grew;True;2023-12-11 19:03:17+00:00;False;353;217;15668;5a063ecd345eefdf82c51d837acf8824949205b6;28;facebook-github-bot@users.noreply.github.com;alan.paxton@gmail.com
RocksDB.java;MODIFY;1904.0;-3.0;Decreased;True;2023-12-11 19:21:52+00:00;False;353;217;15659;5c5e01894328ad86c4cede67e50315229a28867a;1;facebook-github-bot@users.noreply.github.com;rhubner@users.noreply.github.com
RocksDB.java;MODIFY;1862.0;-42.0;Decreased;True;2024-01-25 20:36:30+00:00;False;354;218;15779;0bf9079d44eea91afda7151306d3a3439a39511b;124;facebook-github-bot@users.noreply.github.com;rhubner@users.noreply.github.com
RocksDB.java;MODIFY;1870.0;8.0;Grew;True;2024-01-26 17:13:03+00:00;False;356;218;15822;f2ddb927500ab03778db02cc2cfbe045a761327f;3;facebook-github-bot@users.noreply.github.com;rhubner@users.noreply.github.com
RocksDB.java;MODIFY;1868.0;-2.0;Decreased;True;2024-02-14 02:36:25+00:00;False;356;218;15814;4bea83aa44cc299def0639eba2320f1eeed6febf;27;facebook-github-bot@users.noreply.github.com;yuzhangyu@fb.com
RocksDB.java;MODIFY;1871.0;3.0;Grew;True;2024-02-20 19:36:28+00:00;False;357;219;15829;ca99a8f153e7e67e30a5ef353a7bfa4ff8c8591a;2;facebook-github-bot@users.noreply.github.com;donggyu04@naver.com
RocksDB.java;MODIFY;1878.0;7.0;Grew;True;2024-03-12 17:33:27+00:00;False;359;219;15875;c4d37da826b8bfdc359a62426f1daafa419c08a7;8;facebook-github-bot@users.noreply.github.com;alan.paxton@gmail.com
RocksDB.java;MODIFY;1885.0;7.0;Grew;True;2024-03-12 19:42:08+00:00;False;360;219;15962;d9a441113e6e2942a7a2c2eb459e45611261c91c;21;facebook-github-bot@users.noreply.github.com;alan.paxton@gmail.com
