file_name;change_type;n_loc;lines_balance;size_change;is_large;date;swapped_classification;complexity;methods;tokens;hash;files_on_commit;committer_email;author_email
BackgroundStyleApplicator.kt;ADD;137;0.0;Grew;False;2024-07-29 22:12:28+00:00;False;26;10;967;1a78477ce528b36a97602d0210bd4ea8446804dc;3;facebook-github-bot@users.noreply.github.com;ngerlem@meta.com
BackgroundStyleApplicator.kt;MODIFY;152;15.0;Grew;False;2024-07-30 03:02:55+00:00;False;29;11;1086;1c1c8335db2494672cf955cf4db574e23fd2198a;6;facebook-github-bot@users.noreply.github.com;ngerlem@meta.com
BackgroundStyleApplicator.kt;MODIFY;157;5.0;Grew;False;2024-07-30 22:46:28+00:00;False;29;10;1112;be3936762f252bbac7fdd7b045fad989051de148;5;facebook-github-bot@users.noreply.github.com;ngerlem@meta.com
BackgroundStyleApplicator.kt;MODIFY;167;10.0;Grew;False;2024-08-01 06:49:48+00:00;False;32;11;1166;f26027e3c006ea6612f362420a9fd2564021d67c;7;facebook-github-bot@users.noreply.github.com;ngerlem@meta.com
BackgroundStyleApplicator.kt;MODIFY;172;5.0;Grew;False;2024-08-01 06:49:48+00:00;False;33;12;1205;fdfa0b17bb8c0b55c9c2569e7d3ffcf11c0c5072;6;facebook-github-bot@users.noreply.github.com;ngerlem@meta.com
BackgroundStyleApplicator.kt;MODIFY;161;-11.0;Grew;False;2024-08-01 06:49:48+00:00;False;30;10;1129;b988e1cb5886358db971a8ed8f5913cfbecc2ec1;4;facebook-github-bot@users.noreply.github.com;ngerlem@meta.com
BackgroundStyleApplicator.kt;MODIFY;180;19.0;Grew;False;2024-08-08 19:56:39+00:00;False;32;11;1272;d56d9d9618dd382c186b2622d1cb3b6d3a76f979;2;facebook-github-bot@users.noreply.github.com;ngerlem@meta.com
BackgroundStyleApplicator.kt;MODIFY;180;0.0;Decreased;False;2024-08-13 04:41:13+00:00;False;32;11;1272;9e48976bc2864c6ef6995179a7dc8d1c453dcf39;18;facebook-github-bot@users.noreply.github.com;ngerlem@meta.com
BackgroundStyleApplicator.kt;MODIFY;205;25.0;Grew;False;2024-08-17 16:21:06+00:00;False;39;12;1476;d9f684b1cf7fb6824e25e1e948bfb30dec450464;6;facebook-github-bot@users.noreply.github.com;ngerlem@meta.com
BackgroundStyleApplicator.kt;MODIFY;206;1.0;Grew;False;2024-08-20 19:18:38+00:00;False;39;12;1496;67b4a5a2d191fe16906bd8fc27d9d2faa650258a;11;facebook-github-bot@users.noreply.github.com;alanlee2@meta.com
BackgroundStyleApplicator.kt;MODIFY;214;8.0;Grew;False;2024-08-29 00:25:15+00:00;False;40;13;1539;20e3f4518feac70e8ac9b1cc4fc1cbb029df96e4;6;facebook-github-bot@users.noreply.github.com;nishanbende@gmail.com
BackgroundStyleApplicator.kt;MODIFY;269;55.0;Grew;False;2024-09-14 00:26:37+00:00;False;48;18;1930;17faac417035f2cc5f12ec60a46270991be0989a;18;facebook-github-bot@users.noreply.github.com;jorgecab@meta.com
BackgroundStyleApplicator.kt;MODIFY;281;12.0;Grew;False;2024-09-23 20:46:32+00:00;False;52;18;1994;7ab0002799d52a876a8cdd32f25ebef6d431650e;1;facebook-github-bot@users.noreply.github.com;jorgecab@meta.com
BackgroundStyleApplicator.kt;MODIFY;281;0.0;Equal;False;2024-10-01 15:30:25+00:00;False;52;18;1998;4ede9205a0559fcaf7ac58a3d70bc902eb23fcb6;3;facebook-github-bot@users.noreply.github.com;pieterdb@meta.com
BackgroundStyleApplicator.kt;MODIFY;278;-3.0;Decreased;False;2024-10-18 00:37:25+00:00;False;61;20;1948;02e4f3e16acac81b7117c64ae637c331a91e93da;5;facebook-github-bot@users.noreply.github.com;jorgecab@meta.com
BackgroundStyleApplicator.kt;MODIFY;487;209.0;Grew;False;2024-10-22 04:24:19+00:00;False;98;28;3199;cc23aea2fc95947b19dbd28061f748c13ba6344b;21;facebook-github-bot@users.noreply.github.com;jorgecab@meta.com
BackgroundStyleApplicator.kt;MODIFY;508;21.0;Grew;True;2024-11-19 20:13:42+00:00;True;93;28;3329;fd2ce351726f1aaba200b6e494113b041730db1f;2;facebook-github-bot@users.noreply.github.com;jorgecab@meta.com
BackgroundStyleApplicator.kt;MODIFY;507;-1.0;Decreased;True;2024-11-19 20:13:42+00:00;False;93;28;3336;61f01ade4288028757594f286f785d1a9fa1dc4e;2;facebook-github-bot@users.noreply.github.com;jorgecab@meta.com
BackgroundStyleApplicator.kt;MODIFY;507;0.0;Grew;True;2024-11-25 19:10:02+00:00;False;93;28;3336;81a94f4f1458787b533dc5cffd48e43cada0ad9b;3;facebook-github-bot@users.noreply.github.com;jorgecab@meta.com
