file_name;change_type;n_loc;lines_balance;size_change;is_large;date;swapped_classification;complexity;methods;tokens;hash;files_on_commit;committer_email;author_email
ImageExample.js;RENAME;874;0.0;Equal;False;2020-08-20 00:57:08+00:00;False;not calculated;0;not calculated;63992c0b96ec45e4dfb37eaea8535c06833ab298;343;facebook-github-bot@users.noreply.github.com;sansyrox@gmail.com
ImageExample.js;MODIFY;874;0.0;Equal;False;2020-08-26 15:45:57+00:00;False;39;32;2967;1270873ed65ae32596c3094a3a9e165bb61c5ce1;115;jonjanzen@fb.com;ankitt255@gmail.com
ImageExample.js;MODIFY;1102;228.0;Grew;True;2021-01-08 20:07:33+00:00;True;52;42;3799;2aeb6545bcbe359865fc32e2edb92461de10b0eb;1;facebook-github-bot@users.noreply.github.com;josephsemrai@gmail.com
ImageExample.js;MODIFY;1102;0.0;Equal;True;2021-04-01 01:21:47+00:00;False;52;42;3799;bac2c2c80158a654be947d43a3fbd75d5cb1395a;65;facebook-github-bot@users.noreply.github.com;luwe@fb.com
ImageExample.js;MODIFY;1159;57.0;Grew;True;2021-07-14 18:11:31+00:00;False;55;45;4043;f00e348ca7f031c3577b1335a3163bc3e4eb4b41;4;facebook-github-bot@users.noreply.github.com;tomasz.zawadzki@swmansion.com
ImageExample.js;MODIFY;1159;0.0;Equal;True;2021-09-29 08:56:56+00:00;False;55;45;4053;900210cacc4abca0079e3903781bc223c80c8ac7;2;facebook-github-bot@users.noreply.github.com;48869228+cristianoccazinsp@users.noreply.github.com
ImageExample.js;MODIFY;1171;12.0;Grew;True;2021-11-03 05:14:16+00:00;False;55;45;4053;77ecc7ede1da8fc590d7bc238a2fc02daa736746;260;facebook-github-bot@users.noreply.github.com;yungsters@fb.com
ImageExample.js;MODIFY;1120;-51.0;Decreased;True;2021-12-08 00:09:54+00:00;False;55;45;3994;d393e9490e03fc88d9dc021e64a839343591eaca;4;facebook-github-bot@users.noreply.github.com;gkondo@fb.com
ImageExample.js;MODIFY;1120;0.0;Equal;True;2021-12-30 23:11:21+00:00;False;55;45;3994;8bd3edec88148d0ab1f225d2119435681fbbba33;3687;facebook-github-bot@users.noreply.github.com;asuarez@fb.com
ImageExample.js;MODIFY;1102;-18.0;Decreased;True;2022-01-19 23:35:57+00:00;False;51;43;3894;c0e489b7293f15858cb706f1b8587600e429af28;4;facebook-github-bot@users.noreply.github.com;bradzacher@fb.com
ImageExample.js;MODIFY;1103;1.0;Grew;True;2022-06-23 04:36:52+00:00;False;51;43;3906;e7a4dbcefc9e393c41f4a796d522211bc1e60b6f;74;facebook-github-bot@users.noreply.github.com;pieterv@fb.com
ImageExample.js;MODIFY;1103;0.0;Equal;True;2022-08-03 19:43:58+00:00;False;40;33;3964;ee3d3c248df4e8be3a331ead5f6eea75c1cf237a;66;facebook-github-bot@users.noreply.github.com;pieterv@fb.com
ImageExample.js;MODIFY;1143;40.0;Grew;True;2022-08-31 14:23:48+00:00;False;40;33;4138;7a6f0e44b26b7a6eddb25d5e05948a1992a1629e;3;facebook-github-bot@users.noreply.github.com;donadeldev@gmail.com
ImageExample.js;MODIFY;1169;26.0;Grew;True;2022-09-07 20:13:08+00:00;False;40;33;4212;47a05bc26ab76add640183c1d9d8cbba39d7d0d2;6;facebook-github-bot@users.noreply.github.com;dhruv@plgworks.com
ImageExample.js;MODIFY;1211;42.0;Grew;True;2022-09-08 18:52:10+00:00;False;41;34;4361;b2452ab216e28e004dc625dd8e1ad32351a79be9;6;facebook-github-bot@users.noreply.github.com;gedeagas22@gmail.com
ImageExample.js;MODIFY;1360;149.0;Grew;True;2022-09-27 11:05:15+00:00;False;41;34;4580;71fda5e0c2093380d08761c945f1e3029af6697f;5;facebook-github-bot@users.noreply.github.com;donadeldev@gmail.com
ImageExample.js;MODIFY;1360;0.0;Equal;True;2023-03-23 01:24:22+00:00;False;41;34;4580;da027dd2fdcc249b7cd577f342d701692adbc89a;8;facebook-github-bot@users.noreply.github.com;davidrichey@meta.com
ImageExample.js;MODIFY;1360;0.0;Equal;True;2023-11-06 20:59:38+00:00;False;41;34;4580;d6e0bc714ad4d215ede4949d3c4f44af6dea5dd3;406;facebook-github-bot@users.noreply.github.com;moti@meta.com
ImageExample.js;MODIFY;1389;29.0;Grew;True;2024-05-05 20:22:59+00:00;False;42;35;4665;9d2cf42f95c86765ccf4dbf8d3cbf1619dc46dd3;1;facebook-github-bot@users.noreply.github.com;rshest@meta.com
ImageExample.js;MODIFY;1383;-6.0;Decreased;True;2024-05-05 20:22:59+00:00;False;42;35;4662;362abb9ffea5af7e6e5616849fbce28166c758a0;1;facebook-github-bot@users.noreply.github.com;rshest@meta.com
ImageExample.js;MODIFY;1409;26.0;Grew;True;2024-07-15 15:54:48+00:00;False;42;35;4733;aad9240fd435d549812b5075767c5ea39a8fbb4f;5;facebook-github-bot@users.noreply.github.com;abbo@meta.com
ImageExample.js;MODIFY;1412;3.0;Grew;True;2024-07-15 19:39:06+00:00;False;42;35;4763;018d0621c1af18dc03079d319e62f84449e75da8;4;facebook-github-bot@users.noreply.github.com;abbo@meta.com
ImageExample.js;MODIFY;1467;55.0;Grew;True;2024-07-30 22:46:28+00:00;False;42;35;4917;32d040380f562066c1a094d1a82c9551e05bb373;1;facebook-github-bot@users.noreply.github.com;ngerlem@meta.com
ImageExample.js;MODIFY;1471;4.0;Grew;True;2024-08-06 16:25:34+00:00;False;42;35;4933;9035008427ba402cb8dc8feb94cd405612a54cb3;1;facebook-github-bot@users.noreply.github.com;ngerlem@meta.com
ImageExample.js;MODIFY;1471;0.0;Equal;True;2024-08-29 06:03:41+00:00;False;42;35;4933;6fa54f9b5d73f0f347754921898e75b56ae12cb6;16;facebook-github-bot@users.noreply.github.com;jorgecab@meta.com
ImageExample.js;MODIFY;1471;0.0;Equal;True;2024-08-30 03:34:19+00:00;False;42;35;4933;acbde249b74078e4de0573c95333c5fa0116082b;16;facebook-github-bot@users.noreply.github.com;jorgecab@meta.com
ImageExample.js;MODIFY;1475;4.0;Grew;True;2024-09-09 17:18:10+00:00;False;42;35;4948;2e80f5acf11cd9726921a00a58700cab9e0bb0a7;4;facebook-github-bot@users.noreply.github.com;abbo@meta.com
ImageExample.js;MODIFY;1475;0.0;Equal;True;2024-09-11 23:01:06+00:00;False;42;35;4948;2241c3146ffbfb8b77f54599b7cebb717537c15a;15;facebook-github-bot@users.noreply.github.com;jorgecab@meta.com
ImageExample.js;MODIFY;1507;32.0;Grew;True;2024-10-08 23:18:27+00:00;False;42;35;5068;768a1d86649e391964d404a15733c227c57c0d38;5;facebook-github-bot@users.noreply.github.com;abbo@meta.com
ImageExample.js;MODIFY;1535;28.0;Grew;True;2024-10-10 18:02:18+00:00;False;42;35;5073;09682b510990ea608ba11517fabad6b7991641c2;44;facebook-github-bot@users.noreply.github.com;abbo@meta.com
ImageExample.js;MODIFY;1543;8.0;Grew;True;2024-10-11 16:10:30+00:00;False;42;35;5137;483b92822496fa2e6339f75049a33be1e9567f52;3;facebook-github-bot@users.noreply.github.com;abbo@meta.com
ImageExample.js;MODIFY;1553;10.0;Grew;True;2024-10-14 15:54:28+00:00;False;42;35;5157;6e120b3b46c73065cd0a86082372e72e8d871946;3;facebook-github-bot@users.noreply.github.com;abbo@meta.com
ImageExample.js;MODIFY;1553;0.0;Equal;True;2024-10-18 11:07:02+00:00;False;42;35;5157;c9ea05552f0c3f4321bf2f52464107261f09bffd;75;facebook-github-bot@users.noreply.github.com;yungsters@meta.com
ImageExample.js;MODIFY;1608;55.0;Grew;True;2024-10-31 16:07:40+00:00;False;44;37;5327;e5dd7d68bf264669fc5c4ce5e69b24249d28558b;9;facebook-github-bot@users.noreply.github.com;info@mateoguzman.net
ImageExample.js;MODIFY;1621;13.0;Grew;True;2024-11-04 16:37:59+00:00;False;44;37;5359;dc9db01665308ac931967326abfc86deb9ae7e2a;7;facebook-github-bot@users.noreply.github.com;info@mateoguzman.net
ImageExample.js;MODIFY;1643;22.0;Grew;True;2024-11-05 19:36:27+00:00;False;44;37;5406;d8cfd98070cbccc5e8a49446d76bdc2cb0c6939f;17;facebook-github-bot@users.noreply.github.com;info@mateoguzman.net
ImageExample.js;MODIFY;1650;7.0;Grew;True;2024-11-07 15:53:01+00:00;False;44;37;5418;425093863cded077486aa6830d7dcc0461f8d64f;1;facebook-github-bot@users.noreply.github.com;abbo@meta.com
ImageExample.js;MODIFY;1660;10.0;Grew;True;2024-11-12 18:44:09+00:00;False;44;37;5458;a0be88fd727898d4626ca51876d0bfb4e50dcb77;7;facebook-github-bot@users.noreply.github.com;info@mateoguzman.net
ImageExample.js;MODIFY;1663;3.0;Grew;True;2024-11-26 08:07:32+00:00;False;44;37;5467;d86412dcc6c592a9db2165935c7320a822579bfa;13;facebook-github-bot@users.noreply.github.com;samzhou19815@meta.com
