file_name;change_type;n_loc;lines_balance;size_change;is_large;date;swapped_classification;complexity;methods;tokens;hash;files_on_commit;committer_email;author_email
VirtualizedList-test.js;RENAME;not calculated;0.0;Equal;False;2023-02-06 21:39:13+00:00;False;not calculated;0;not calculated;2e3dbe9c2fbff52448e2d5a7c1e4c96b1016cf25;46;facebook-github-bot@users.noreply.github.com;donadeldev@gmail.com
VirtualizedList-test.js;RENAME;not calculated;0.0;Equal;False;2023-02-07 04:00:19+00:00;False;not calculated;0;not calculated;0daf83ac51ee3d3138f69b388a3ae3dc1ee4a3a6;49;facebook-github-bot@users.noreply.github.com;ngerlem@meta.com
VirtualizedList-test.js;RENAME;not calculated;0.0;Equal;False;2023-02-07 04:00:19+00:00;False;not calculated;0;not calculated;ebaa00e327404ce11f0d35bbcbab13e65dfb4db7;49;facebook-github-bot@users.noreply.github.com;ngerlem@meta.com
VirtualizedList-test.js;MODIFY;1815.0;0.0;Equal;True;2023-03-03 00:13:04+00:00;True;250;243;11203;aab9df37102b6b8661a9e22ee8ae63166c8c632e;4;facebook-github-bot@users.noreply.github.com;ngerlem@meta.com
VirtualizedList-test.js;MODIFY;1861.0;46.0;Grew;True;2023-04-27 22:31:35+00:00;False;255;248;11496;69b22c9799108c05ddc9875d162060826c6e46e2;10;facebook-github-bot@users.noreply.github.com;janicduplessis@gmail.com
VirtualizedList-test.js;MODIFY;1898.0;37.0;Grew;True;2023-07-28 19:55:17+00:00;False;259;252;11713;c168a4f88bc51e441e704694eed498ce67c9c353;3;facebook-github-bot@users.noreply.github.com;ngerlem@meta.com
VirtualizedList-test.js;MODIFY;1899.0;1.0;Grew;True;2024-03-08 07:19:27+00:00;False;259;252;11719;5126bace656e1fb1c7455c0b00ae1d5ec4b77b9a;1;facebook-github-bot@users.noreply.github.com;rickhanlonii@meta.com
VirtualizedList-test.js;MODIFY;1901.0;2.0;Grew;True;2024-03-13 15:51:03+00:00;False;259;252;11739;dceda565bdfe24275be0ad5caae7f3d8252aef92;2;facebook-github-bot@users.noreply.github.com;rubennorte@meta.com
VirtualizedList-test.js;MODIFY;1904.0;3.0;Grew;True;2024-03-29 08:42:24+00:00;False;260;253;11420;78d6873b04b7d39bb39bfb528d25d56a15c41e6a;2;facebook-github-bot@users.noreply.github.com;sebmarkbage@users.noreply.github.com
VirtualizedList-test.js;MODIFY;2063.0;159.0;Grew;True;2024-06-17 06:02:19+00:00;False;321;314;12286;fe06cbfbf332a999e065bdc13ef5cdeed20c5517;1;facebook-github-bot@users.noreply.github.com;yungsters@meta.com
VirtualizedList-test.js;MODIFY;2065.0;2.0;Grew;True;2024-06-17 09:59:55+00:00;False;322;315;12301;180dbbf0fb98c8db512844dd1f20829254fb5a48;1;facebook-github-bot@users.noreply.github.com;yungsters@meta.com
VirtualizedList-test.js;MODIFY;2072.0;7.0;Grew;True;2024-07-17 17:07:00+00:00;False;322;315;12306;188a09ef69c55d7084bed0947027165e73f52d4c;13;facebook-github-bot@users.noreply.github.com;blake.friedman@gmail.com
VirtualizedList-test.js;MODIFY;2075.0;3.0;Grew;True;2024-10-02 22:53:55+00:00;False;323;315;12327;62b7396bf45c04bd47e74fe4c1e5b5e59918244d;2;facebook-github-bot@users.noreply.github.com;ngerlem@meta.com
VirtualizedList-test.js;MODIFY;2072.0;-3.0;Decreased;True;2024-10-08 19:13:10+00:00;False;322;315;12306;6b2bbcf63203e49d2806c8a684f82bc63b7b10a0;2;facebook-github-bot@users.noreply.github.com;generatedunixname89002005232357@meta.com
VirtualizedList-test.js;MODIFY;2075.0;3.0;Grew;True;2024-10-14 22:09:25+00:00;False;323;315;12327;3485e9ed871886b3e7408f90d623da5c018da493;2;facebook-github-bot@users.noreply.github.com;yunpengchong@meta.com
