file_name;change_type;n_loc;lines_balance;size_change;is_large;date;swapped_classification;complexity;methods;tokens;hash;files_on_commit;committer_email;author_email
colorspace.js;RENAME;not calculated;0.0;Equal;False;2014-05-23 19:11:47+00:00;False;not calculated;0;not calculated;7a190851597f1540e0c7c412a1c3bde3c3eef451;9;ydelendik@mozilla.com;ydelendik@mozilla.com
colorspace.js;MODIFY;750.0;0.0;Equal;False;2014-07-10 10:06:19+00:00;False;207;65;5774;1cb4de2227ebfcb5ca74c8ca4bddcb243b7da8cb;1;jonas.jenwald@gmail.com;jonas.jenwald@gmail.com
colorspace.js;MODIFY;750.0;0.0;Equal;False;2014-08-01 16:40:09+00:00;False;207;65;5774;0012b8803c3f9871d74b6d8d286def608d067fb5;1;jonas.jenwald@gmail.com;jonas.jenwald@gmail.com
colorspace.js;MODIFY;748.0;-2.0;Decreased;False;2014-08-04 16:23:11+00:00;False;206;65;5762;f750e35224d344f068542411bcb4f750b2d4dcdb;4;ydelendik@mozilla.com;ydelendik@mozilla.com
colorspace.js;MODIFY;748.0;0.0;Equal;False;2014-08-11 16:40:49+00:00;False;206;65;5762;5365fa9de708075c8adb2573a444134c56f4ae2e;1;bng412@gmail.com;bng412@gmail.com
colorspace.js;MODIFY;959.0;211.0;Grew;True;2014-08-14 20:49:19+00:00;True;250;82;7859;1e4a7f981e8b51c5c6261caa69b1e9283d03916d;3;kkujala@com;kkujala@com
colorspace.js;MODIFY;971.0;12.0;Grew;True;2014-08-16 08:38:15+00:00;False;255;82;7958;0c5525dc8ab8e47e0ed3ab8181da77c538804bf5;3;kkujala@com;kkujala@com
colorspace.js;MODIFY;972.0;1.0;Grew;True;2014-09-08 10:26:32+00:00;False;255;82;7976;007d7b2d9579fb8659604dd57ce4bef56cb8ee24;1;jonas.jenwald@gmail.com;jonas.jenwald@gmail.com
colorspace.js;MODIFY;972.0;0.0;Equal;True;2015-02-20 11:53:02+00:00;False;255;82;7986;7c8996558aa5aaf447b1a57dae5f948eeffb7bc8;4;jonas.jenwald@gmail.com;jonas.jenwald@gmail.com
colorspace.js;MODIFY;972.0;0.0;Equal;True;2015-06-04 20:01:01+00:00;False;256;82;7998;64e1fb99fec75ca675905483c184d7df420ee0bf;4;jonas.jenwald@gmail.com;jonas.jenwald@gmail.com
colorspace.js;MODIFY;981.0;9.0;Grew;True;2015-06-14 10:10:22+00:00;False;258;82;8061;bc5e43b45c0e50aa7a1b6b3cbeb14c7a8836c47c;3;jonas.jenwald@gmail.com;jonas.jenwald@gmail.com
colorspace.js;MODIFY;981.0;0.0;Equal;True;2015-06-19 08:34:27+00:00;False;258;82;8066;bc865b9e2dc24dd67807581d1962e5ac737b379b;1;jonas.jenwald@gmail.com;jonas.jenwald@gmail.com
colorspace.js;MODIFY;981.0;0.0;Equal;True;2015-07-21 10:23:07+00:00;False;258;82;8069;385e2e5aaf07df8c5e581fbf7668947e5f3660a9;4;jonas.jenwald@gmail.com;jonas.jenwald@gmail.com
colorspace.js;MODIFY;981.0;0.0;Equal;True;2015-11-14 02:02:18+00:00;False;258;82;8069;a2ba1b81894f65bab35a5126d290bf4282d27e62;133;prometheansacrifice@gmail.com;prometheansacrifice@gmail.com
colorspace.js;MODIFY;1015.0;34.0;Grew;True;2015-12-15 19:24:39+00:00;False;264;85;8308;6b60c8f4dbd87233ccf5ad7e0fca617fd02dca9c;54;ydelendik@mozilla.com;ydelendik@mozilla.com
colorspace.js;MODIFY;1025.0;10.0;Grew;True;2016-02-11 10:59:26+00:00;False;264;85;8388;02a6b73492b08226f535c0cea795ef16d52358b3;1;jonas.jenwald@gmail.com;jonas.jenwald@gmail.com
colorspace.js;MODIFY;1023.0;-2.0;Decreased;True;2016-04-01 12:36:16+00:00;False;264;85;8368;35cbf74b129c7d2672ec0954978539d5a29a9096;4;ydelendik@mozilla.com;ydelendik@mozilla.com
colorspace.js;MODIFY;1038.0;15.0;Grew;True;2016-04-17 08:24:36+00:00;False;268;85;8537;19e0599f7476213837620068e2b9da12b6f23aa4;2;jonas.jenwald@gmail.com;jonas.jenwald@gmail.com
colorspace.js;MODIFY;1038.0;0.0;Equal;True;2016-05-05 17:42:57+00:00;False;268;85;8537;6111c17c8aa3e196743aa34185a6e9330b37aa53;8;jonas.jenwald@gmail.com;jonas.jenwald@gmail.com
colorspace.js;MODIFY;1038.0;0.0;Equal;True;2016-11-01 14:04:21+00:00;False;268;85;8537;5194e681346c5e1e6cad65185ab16ff1d5b873ce;13;timvandermeij@gmail.com;timvandermeij@gmail.com
colorspace.js;MODIFY;1039.0;1.0;Grew;True;2016-12-02 15:42:22+00:00;False;268;85;8534;ef653d952b0bf2685eafcc690521a50420a650bf;1;timvandermeij@gmail.com;timvandermeij@gmail.com
colorspace.js;MODIFY;1033.0;-6.0;Decreased;True;2016-12-02 15:42:22+00:00;False;266;85;8480;c5c0a00dcad7a1372e8aa3c1a0a6c644346ba87d;1;timvandermeij@gmail.com;timvandermeij@gmail.com
colorspace.js;MODIFY;1022.0;-11.0;Decreased;True;2016-12-02 15:47:39+00:00;False;265;85;8445;90d94815adafef9b5cac0da0a1b73e7aa77b218b;1;timvandermeij@gmail.com;timvandermeij@gmail.com
colorspace.js;MODIFY;1024.0;2.0;Grew;True;2017-01-09 19:27:39+00:00;False;265;85;8453;4046d67fde82b8286b5f4dc80b11c3154b0286d5;19;jonas.jenwald@gmail.com;jonas.jenwald@gmail.com
colorspace.js;MODIFY;1004.0;-20.0;Decreased;True;2017-05-30 20:06:21+00:00;False;260;83;8302;982b6aa65bcd2f17fe58b9006ac7fadbdda6b8b4;34;jonas.jenwald@gmail.com;jonas.jenwald@gmail.com
colorspace.js;MODIFY;1004.0;0.0;Equal;True;2017-06-02 09:20:19+00:00;False;260;83;8312;a8c87f8019aed3e9fcc5a7c2733ea3b8aa33e59a;29;jonas.jenwald@gmail.com;jonas.jenwald@gmail.com
colorspace.js;MODIFY;1008.0;4.0;Grew;True;2017-07-07 14:40:24+00:00;False;260;83;8308;d028c262102587a5374fc2a20a976c92d283438c;24;ydelendik@mozilla.com;ydelendik@mozilla.com
colorspace.js;MODIFY;1004.0;-4.0;Decreased;True;2017-07-20 19:45:05+00:00;False;260;83;8318;d14956d4b8bf148f730fc9ee96becbde7a22d1a2;1;apoorvmishra101092@gmail.com;apoorvmishra101092@gmail.com
colorspace.js;MODIFY;1004.0;0.0;Equal;True;2017-07-28 08:54:56+00:00;False;259;82;8285;a129de7bd1ea948545f556780aec943bcc5857c9;4;apoorvmishra101092@gmail.com;apoorvmishra101092@gmail.com
colorspace.js;MODIFY;1002.0;-2.0;Decreased;True;2017-09-01 18:27:13+00:00;False;259;82;8291;cfb4955a92e6882ce9ff925181312ae624d7af1d;17;jonas.jenwald@gmail.com;jonas.jenwald@gmail.com
colorspace.js;MODIFY;999.0;-3.0;Decreased;True;2017-09-23 12:36:10+00:00;False;258;82;8280;8a084aff0fa041b4390438bce8fc777026d9769a;1;jonas.jenwald@gmail.com;jonas.jenwald@gmail.com
colorspace.js;MODIFY;1004.0;5.0;Grew;True;2017-09-29 13:30:53+00:00;False;258;82;8294;b8ec518a1e12b91cb56c620b4539debe6c9542c9;8;jonas.jenwald@gmail.com;jonas.jenwald@gmail.com
colorspace.js;MODIFY;1004.0;0.0;Equal;True;2017-11-01 09:31:28+00:00;False;257;82;8290;2dbd3f260373bac29b44aecff12ed4dd0d6ba90b;4;jonas.jenwald@gmail.com;jonas.jenwald@gmail.com
colorspace.js;MODIFY;1006.0;2.0;Grew;True;2017-12-14 07:28:50+00:00;False;257;82;8284;1135674647a215e8c19de8f439277f3275db592b;12;nveenjain@gmail.com;nveenjain@gmail.com
colorspace.js;MODIFY;1011.0;5.0;Grew;True;2018-01-10 19:20:43+00:00;False;258;82;8311;d0c8992e8aec2e4807a0e6db427432cda3d0c13d;5;jonas.jenwald@gmail.com;jonas.jenwald@gmail.com
colorspace.js;MODIFY;1009.0;-2.0;Decreased;True;2018-04-10 23:49:31+00:00;False;258;82;8296;20085aaa5ee0fa00cc5b8ab0cc8ed0be64f5c4d2;2;ydelendik@mozilla.com;ydelendik@mozilla.com
colorspace.js;MODIFY;977.0;-32.0;Decreased;True;2018-06-12 09:01:32+00:00;False;258;82;8178;d1637056b3ea54705bfacdcfd055c5f0bce30d93;1;jonas.jenwald@gmail.com;jonas.jenwald@gmail.com
colorspace.js;MODIFY;977.0;0.0;Equal;True;2018-06-12 09:01:32+00:00;False;258;82;8174;55199aa28179e2f920ee0d3da0ebdc76b6f5b560;1;jonas.jenwald@gmail.com;jonas.jenwald@gmail.com
colorspace.js;MODIFY;1053.0;76.0;Grew;True;2018-06-12 09:01:32+00:00;False;272;82;8363;d4ff541b78cea1859705460085a0cad0f1ddcec9;2;jonas.jenwald@gmail.com;jonas.jenwald@gmail.com
colorspace.js;MODIFY;968.0;-85.0;Decreased;True;2018-06-12 09:01:32+00:00;False;238;82;7936;731f2e6dfcab15ea9bb293ac817736805d2d2a83;9;jonas.jenwald@gmail.com;jonas.jenwald@gmail.com
colorspace.js;MODIFY;1042.0;74.0;Grew;True;2018-08-02 17:16:42+00:00;False;263;82;8204;2a665ebad4979c2caf09969fa6999d99ef903101;4;brian@ibm.com;brian@ibm.com
colorspace.js;MODIFY;1030.0;-12.0;Decreased;True;2018-08-23 09:16:52+00:00;False;262;82;8076;45b7b861b8417d640387c66948b5dd9ac3c3a536;1;jonas.jenwald@gmail.com;jonas.jenwald@gmail.com
colorspace.js;MODIFY;974.0;-56.0;Decreased;True;2018-08-25 01:20:19+00:00;False;260;79;7626;ce9a38c536901b3f57665df05cf3f65430384144;1;jonas.jenwald@gmail.com;jonas.jenwald@gmail.com
colorspace.js;MODIFY;974.0;0.0;Equal;True;2018-08-25 01:20:21+00:00;False;260;79;7626;a18290759227c894f8f97f58c8da8ce942f5a38f;1;jonas.jenwald@gmail.com;jonas.jenwald@gmail.com
colorspace.js;MODIFY;985.0;11.0;Grew;True;2019-01-22 20:51:04+00:00;False;265;79;7718;26121177ab80029e21715b09ca41176f58bbfd6b;7;janpe2@users.noreply.github.com;janpe2@users.noreply.github.com
colorspace.js;MODIFY;973.0;-12.0;Decreased;True;2019-01-25 07:53:08+00:00;False;261;75;7631;29f36d7a1ba37675c0b2b9dd05718a2a9ebae999;2;jonas.jenwald@gmail.com;jonas.jenwald@gmail.com
colorspace.js;MODIFY;973.0;0.0;Equal;True;2019-10-13 11:58:13+00:00;False;261;75;7631;e75991b49ed06fec3d053d77d0be17ef67da1379;5;timvandermeij@gmail.com;timvandermeij@gmail.com
colorspace.js;MODIFY;973.0;0.0;Equal;True;2019-12-25 23:14:03+00:00;False;261;75;7631;8ec1dfde49dfa5278defb841f53a4bef10448bf8;25;jonas.jenwald@gmail.com;jonas.jenwald@gmail.com
colorspace.js;MODIFY;1137.0;164.0;Grew;True;2019-12-26 11:34:24+00:00;False;261;75;7643;de36b2aabab2b7fd647d9591f959c4540129541d;205;jonas.jenwald@gmail.com;jonas.jenwald@gmail.com
colorspace.js;MODIFY;1137.0;0.0;Equal;True;2020-01-04 12:01:43+00:00;False;261;75;7643;36881e3770ecb320351c650712dadfd3b335bcbd;125;jonas.jenwald@gmail.com;jonas.jenwald@gmail.com
colorspace.js;MODIFY;1145.0;8.0;Grew;True;2020-01-14 16:49:39+00:00;False;261;75;7661;c591826f3b996cf5fb8b286cdcc0b581b9caf769;15;jonas.jenwald@gmail.com;jonas.jenwald@gmail.com
colorspace.js;MODIFY;1145.0;0.0;Equal;True;2020-01-24 23:20:22+00:00;False;261;75;7661;9e262ae7fa4e8614d7950850b27020ca2f50bef8;54;jonas.jenwald@gmail.com;jonas.jenwald@gmail.com
colorspace.js;MODIFY;1145.0;0.0;Equal;True;2020-03-19 11:41:25+00:00;False;261;75;7627;e011be037e31dab05db48ba43b5338bb0ed55bd3;6;jonas.jenwald@gmail.com;jonas.jenwald@gmail.com
colorspace.js;MODIFY;1145.0;0.0;Equal;True;2020-03-25 10:57:12+00:00;False;261;75;7627;dcb16af968598d789b078cd33525d1c503401253;32;jonas.jenwald@gmail.com;jonas.jenwald@gmail.com
colorspace.js;MODIFY;1148.0;3.0;Grew;True;2020-06-07 04:17:18+00:00;False;265;75;7658;7acb112ca9f3ab3143a1a8ae82d824b0c59bc8d1;1;tamuratak@users.noreply.github.com;tamuratak@users.noreply.github.com
colorspace.js;MODIFY;1243.0;95.0;Grew;True;2020-06-24 21:53:10+00:00;False;284;78;8028;19d79764836d34ef224da0b21d7d92933b67d3d4;5;jonas.jenwald@gmail.com;jonas.jenwald@gmail.com
colorspace.js;MODIFY;1158.0;-85.0;Decreased;True;2020-06-24 21:53:10+00:00;False;265;75;7662;e22bc483a59085ef23add359a8b05cb901cd25ce;5;jonas.jenwald@gmail.com;jonas.jenwald@gmail.com
colorspace.js;MODIFY;1243.0;85.0;Grew;True;2020-06-24 21:53:10+00:00;False;284;78;8026;b8e135293458b02a2bedce45ed3e5e45237208ae;1;jonas.jenwald@gmail.com;jonas.jenwald@gmail.com
colorspace.js;MODIFY;1243.0;0.0;Equal;True;2020-07-03 22:55:18+00:00;False;284;78;8021;ca719ecaa4b39e08b5ea31e01f82ca6db19a8845;6;jonas.jenwald@gmail.com;jonas.jenwald@gmail.com
colorspace.js;MODIFY;1189.0;-54.0;Decreased;True;2020-07-10 15:22:44+00:00;False;272;77;7715;ea6a0e4435615ba99486a9a938b0e706c7fefa14;1;jonas.jenwald@gmail.com;jonas.jenwald@gmail.com
colorspace.js;MODIFY;1181.0;-8.0;Decreased;True;2020-07-10 15:22:55+00:00;False;270;77;7668;d18cf474191fca913c1abaee7ce9fef7987055b3;2;jonas.jenwald@gmail.com;jonas.jenwald@gmail.com
colorspace.js;MODIFY;1181.0;0.0;Equal;True;2021-02-10 11:28:49+00:00;False;270;77;7666;31098c404d1bd3a934359a1a755e20e4e1db57ed;8;noreply@github.com;jonas.jenwald@gmail.com
colorspace.js;MODIFY;1181.0;0.0;Equal;True;2021-11-10 10:56:18+00:00;False;270;77;7666;ea1c348c670611bc318669cb912ff87379182b22;12;jonas.jenwald@gmail.com;jonas.jenwald@gmail.com
colorspace.js;MODIFY;1181.0;0.0;Equal;True;2021-11-14 09:48:50+00:00;False;270;77;7666;a54bed49637503464e1fc955e030640dee5381cb;3;jonas.jenwald@gmail.com;jonas.jenwald@gmail.com
colorspace.js;MODIFY;1182.0;1.0;Grew;True;2022-02-17 12:51:36+00:00;False;270;77;7670;1a31855977dae61e01f87853bd5033164cddab19;15;jonas.jenwald@gmail.com;jonas.jenwald@gmail.com
colorspace.js;MODIFY;1182.0;0.0;Equal;True;2022-02-21 11:44:56+00:00;False;270;77;7668;4df82ad31eb6598fbbb1301ff0a45cb89700a324;18;jonas.jenwald@gmail.com;jonas.jenwald@gmail.com
colorspace.js;MODIFY;1182.0;0.0;Equal;True;2022-02-21 11:45:00+00:00;False;270;77;7664;b282814e389436d71f0bbe208c229ee60e9c6b9f;13;jonas.jenwald@gmail.com;jonas.jenwald@gmail.com
colorspace.js;MODIFY;1128.0;-54.0;Decreased;True;2023-04-17 10:04:34+00:00;False;270;77;7664;804aa896a7eb41fc096d64d4f594d1ba9c071e49;29;jonas.jenwald@gmail.com;jonas.jenwald@gmail.com
colorspace.js;MODIFY;1128.0;0.0;Equal;True;2023-04-29 11:49:37+00:00;False;270;77;7659;d950b91c4eb1cbeb10a258981d08d39d902f9692;20;jonas.jenwald@gmail.com;jonas.jenwald@gmail.com
colorspace.js;MODIFY;1128.0;0.0;Equal;True;2023-05-18 16:55:41+00:00;False;270;77;7657;e8030752f37a66ec73399d5494bb45ad5220deb5;10;jonas.jenwald@gmail.com;jonas.jenwald@gmail.com
colorspace.js;MODIFY;1118.0;-10.0;Decreased;True;2023-07-21 18:10:44+00:00;False;270;77;7655;c018070e80ee178c23e0bdade7a1be7bc6fd42d7;15;jonas.jenwald@gmail.com;jonas.jenwald@gmail.com
colorspace.js;MODIFY;1114.0;-4.0;Decreased;True;2023-07-27 07:18:26+00:00;False;270;77;7646;674e7ee381e9f2b818cbbe28559cf5d032d35108;31;jonas.jenwald@gmail.com;jonas.jenwald@gmail.com
colorspace.js;MODIFY;1112.0;-2.0;Decreased;True;2023-07-27 07:48:24+00:00;False;270;77;7639;c0fe96b8fe2fd73450dadbec2be42ccf869c890d;13;jonas.jenwald@gmail.com;jonas.jenwald@gmail.com
colorspace.js;MODIFY;1108.0;-4.0;Decreased;True;2023-09-15 13:53:05+00:00;False;260;72;7584;d2c8997380460bf2f59e8c46d315840a08b49568;1;jonas.jenwald@gmail.com;jonas.jenwald@gmail.com
colorspace.js;MODIFY;1078.0;-30.0;Decreased;True;2023-09-15 13:53:16+00:00;False;227;54;7481;4d615f087f2f158056297a68dc45f35d1fe339c6;1;jonas.jenwald@gmail.com;jonas.jenwald@gmail.com
colorspace.js;MODIFY;1091.0;13.0;Grew;True;2023-09-16 10:20:12+00:00;False;206;53;7066;52fa66a98be7e56561be57396ce3cb9caea85800;1;jonas.jenwald@gmail.com;jonas.jenwald@gmail.com
colorspace.js;MODIFY;1081.0;-10.0;Decreased;True;2023-09-16 10:20:14+00:00;False;185;44;6913;8cb5d01acd547b369ea98c188caf36245fd4fae6;1;jonas.jenwald@gmail.com;jonas.jenwald@gmail.com
colorspace.js;MODIFY;1097.0;16.0;Grew;True;2024-06-03 18:08:11+00:00;False;190;48;6985;196affd8e06148041b885ce63df260e4dab5f8e1;12;calixte.denizet@gmail.com;calixte.denizet@gmail.com
colorspace.js;MODIFY;1100.0;3.0;Grew;True;2024-07-21 15:56:31+00:00;False;190;48;7000;71bae38afbd1a417f698a5d9fb16ef95e688e4bb;1;calixte.denizet@gmail.com;calixte.denizet@gmail.com
colorspace.js;MODIFY;1103.0;3.0;Grew;True;2024-08-12 10:26:35+00:00;False;192;48;7014;aebb8534f376930b6fc9552724527065e3492854;16;jonas.jenwald@gmail.com;jonas.jenwald@gmail.com
colorspace.js;MODIFY;1102.0;-1.0;Decreased;True;2024-10-12 21:50:58+00:00;False;192;48;7024;4dea773c5b62f8fd01cbb56c5d7f50093b0ef180;1;calixte.denizet@gmail.com;calixte.denizet@gmail.com
colorspace.js;MODIFY;1186.0;84.0;Grew;True;2024-10-14 19:50:32+00:00;False;211;51;7596;8b7b39f5d65ad176cc447627a25858af40693ed8;4;calixte.denizet@gmail.com;calixte.denizet@gmail.com
