file_name;change_type;n_loc;lines_balance;size_change;is_large;date;swapped_classification;complexity;methods;tokens;hash;files_on_commit;committer_email;author_email
jbig2.js;RENAME;not calculated;0.0;Equal;False;2013-08-12 17:48:06+00:00;False;not calculated;0;not calculated;5ecce4996b787fc891246d2b9cab5c86ba0f45ca;41;brendan.dahl@gmail.com;brendan.dahl@gmail.com
jbig2.js;MODIFY;974.0;0.0;Grew;True;2013-08-26 20:39:30+00:00;True;189;38;8095;88f1506ef8d595e16b11448ecfe0070c05088793;1;joe@cicayda.com;joe@cicayda.com
jbig2.js;MODIFY;1003.0;29.0;Grew;True;2013-09-26 18:49:02+00:00;False;195;38;8247;f6eee819e26c7f409b6d7fa60306cc23c10de050;3;timvandermeij@gmail.com;sriramdesikan205@gmail.com
jbig2.js;MODIFY;1005.0;2.0;Grew;True;2014-02-27 16:43:21+00:00;False;195;38;8246;135660c8ba6001cb76d12fff30c924cd13a61548;1;p01@opera.com;mathieu@p01.org
jbig2.js;MODIFY;1032.0;27.0;Grew;True;2014-02-28 09:53:09+00:00;False;204;39;8538;abcc72a173d6c88f01938ef8326b63b6e12cdafb;1;o_0_o@gmx.de;o_0_o@gmx.de
jbig2.js;MODIFY;1077.0;45.0;Grew;True;2014-03-09 12:03:45+00:00;False;204;39;8635;2712a5a45ac1bc229d2ec8942cecb207b38f1df2;1;timvandermeij@gmail.com;timvandermeij@gmail.com
jbig2.js;MODIFY;936.0;-141.0;Decreased;False;2014-03-10 15:56:00+00:00;True;188;35;7179;7b5b5178efec7068d5c926e2c0057e2a59a670e2;5;o_0_o@gmx.de;o_0_o@gmx.de
jbig2.js;MODIFY;944.0;8.0;Grew;False;2014-03-13 16:37:53+00:00;False;189;35;7235;e862c64bb88ed6bbdfafb4fb804055f9cfa4473c;1;p01@opera.com;p01@opera.com
jbig2.js;MODIFY;944.0;0.0;Equal;False;2014-03-13 16:37:55+00:00;False;189;35;7238;02a5f9435ac1fed58efad2a0feabd9ce1a44d3a2;1;p01@opera.com;p01@opera.com
jbig2.js;MODIFY;944.0;0.0;Equal;False;2014-03-13 16:37:59+00:00;False;189;35;7231;2a9fe573c04d02dac89bde9ff75ef198624fbbb2;1;p01@opera.com;p01@opera.com
jbig2.js;MODIFY;953.0;9.0;Grew;False;2014-03-13 16:38:00+00:00;False;190;35;7266;e2a4328ff26ffda170d385c58b292f5fa7df34fc;1;p01@opera.com;p01@opera.com
jbig2.js;MODIFY;964.0;11.0;Grew;True;2014-03-13 16:38:01+00:00;True;192;35;7348;0bca56cbb236fbba01aa74db477ffcf3e53c2953;1;p01@opera.com;p01@opera.com
jbig2.js;MODIFY;969.0;5.0;Grew;True;2014-03-13 16:38:11+00:00;False;192;35;7344;840d9d40b6e7c4e3dc0b341b8f52bf68c7d3e53b;1;p01@opera.com;p01@opera.com
jbig2.js;MODIFY;968.0;-1.0;Grew;True;2014-03-13 16:38:11+00:00;False;192;35;7336;b2b3836683ec5915c65e35c64045b151c2eea541;1;p01@opera.com;p01@opera.com
jbig2.js;MODIFY;969.0;1.0;Equal;True;2014-03-13 16:38:12+00:00;False;192;35;7344;2b6cb317db1e64017036bb0f7d35ee940d6133ef;1;p01@opera.com;p01@opera.com
jbig2.js;MODIFY;981.0;12.0;Grew;True;2014-03-24 05:35:07+00:00;False;192;35;7386;3025445cbe58efb56e8ff081da938c6decc31959;1;harlequinsguitar@gmail.com;harlequinsguitar@gmail.com
jbig2.js;MODIFY;989.0;8.0;Grew;True;2014-04-10 22:41:08+00:00;False;192;35;7389;df91acf23951ced605f9020291532d6171e9de19;14;timvandermeij@gmail.com;timvandermeij@gmail.com
jbig2.js;MODIFY;967.0;-22.0;Decreased;True;2014-04-16 19:31:16+00:00;False;185;30;7222;b06c10cbbd669d964ef9f733204f8dd81223a0bb;6;o_0_o@gmx.de;o_0_o@gmx.de
jbig2.js;MODIFY;929.0;-38.0;Decreased;False;2014-05-10 16:03:54+00:00;True;179;31;7146;8c38c2cbe32f2a824973e5acb3e3f85fd27d9e3a;1;o_0_o@gmx.de;o_0_o@gmx.de
jbig2.js;MODIFY;929.0;0.0;Grew;False;2014-08-01 07:02:25+00:00;False;179;31;7146;c03cf20d371e67ba6dfa222dca15abd552b52e57;1;l_l@gmx-topmail.de;l_l@gmx-topmail.de
jbig2.js;MODIFY;929.0;0.0;Equal;False;2014-08-01 21:02:57+00:00;False;179;31;7146;4899e9e54fb8af24d25367d283662afcfcf215f5;1;timvandermeij@gmail.com;timvandermeij@gmail.com
jbig2.js;MODIFY;954.0;25.0;Grew;False;2014-08-05 14:12:45+00:00;False;196;32;7516;5b83e0b9a3b2fbed8cc92397b8f874ab4375fc6d;1;l_l@gmx-topmail.de;l_l@gmx-topmail.de
jbig2.js;MODIFY;955.0;1.0;Decreased;False;2015-01-23 22:50:09+00:00;False;198;32;7532;8013100ab87df53cd090742b44608d9b85d0dbf8;1;o_0_o@gmx.de;o_0_o@gmx.de
jbig2.js;MODIFY;955.0;0.0;Decreased;False;2015-11-14 02:02:18+00:00;False;198;32;7532;a2ba1b81894f65bab35a5126d290bf4282d27e62;133;prometheansacrifice@gmail.com;prometheansacrifice@gmail.com
jbig2.js;MODIFY;976.0;21.0;Grew;True;2015-12-15 19:24:39+00:00;True;203;34;7688;6b60c8f4dbd87233ccf5ad7e0fca617fd02dca9c;54;ydelendik@mozilla.com;ydelendik@mozilla.com
jbig2.js;MODIFY;976.0;0.0;Equal;True;2015-12-16 22:52:16+00:00;False;203;34;7688;df81b832bb728cfcc11bd1aff9cb6e38c25e3a1c;14;timvandermeij@gmail.com;timvandermeij@gmail.com
jbig2.js;MODIFY;976.0;0.0;Equal;True;2016-12-12 19:35:51+00:00;False;203;34;7688;382094630190f83311cf4745e0711c7817cd7cec;10;jonas.jenwald@gmail.com;jonas.jenwald@gmail.com
jbig2.js;MODIFY;976.0;0.0;Equal;True;2017-01-19 15:41:59+00:00;False;203;34;7688;4626fc83424abe95389057b8d27bc949593aa478;14;jonas.jenwald@gmail.com;jonas.jenwald@gmail.com
jbig2.js;MODIFY;974.0;-2.0;Decreased;True;2017-01-29 22:23:17+00:00;False;203;34;7673;52e0f519172df020042a9e4cde5c228f654a7f42;23;jonas.jenwald@gmail.com;jonas.jenwald@gmail.com
jbig2.js;MODIFY;974.0;0.0;Equal;True;2017-04-26 14:06:15+00:00;False;203;34;7673;64deb6c7000507fee0bb7ce56b5fa1d4109be0ba;3;jonas.jenwald@gmail.com;
jbig2.js;MODIFY;974.0;0.0;Equal;True;2017-04-27 15:29:40+00:00;False;203;34;7670;afc74b0178202bbaa5a9d7527059666245df6641;22;jonas.jenwald@gmail.com;jonas.jenwald@gmail.com
jbig2.js;MODIFY;959.0;-15.0;Decreased;True;2017-05-30 20:06:21+00:00;False;198;32;7542;982b6aa65bcd2f17fe58b9006ac7fadbdda6b8b4;34;jonas.jenwald@gmail.com;jonas.jenwald@gmail.com
jbig2.js;MODIFY;962.0;3.0;Grew;True;2017-06-02 09:20:19+00:00;False;198;32;7617;a8c87f8019aed3e9fcc5a7c2733ea3b8aa33e59a;29;jonas.jenwald@gmail.com;jonas.jenwald@gmail.com
jbig2.js;MODIFY;971.0;9.0;Grew;True;2017-07-07 14:40:24+00:00;False;200;34;7680;d028c262102587a5374fc2a20a976c92d283438c;24;ydelendik@mozilla.com;ydelendik@mozilla.com
jbig2.js;MODIFY;1165.0;194.0;Grew;True;2017-08-08 12:38:29+00:00;False;227;39;9069;9a581ee9edeed2d090a8c061a0cc85dad4e74572;3;janip@ee.oulu.fi;janip@ee.oulu.fi
jbig2.js;MODIFY;971.0;-194.0;Equal;True;2017-08-16 11:24:28+00:00;False;200;34;7680;f6636d6b19442ffbc59ee8df8383f046c886c622;3;jonas.jenwald@gmail.com;jonas.jenwald@gmail.com
jbig2.js;MODIFY;1166.0;195.0;Grew;True;2017-09-19 20:43:23+00:00;False;227;39;9077;5d1074c110d24878e312d8ed610aa2cf5c0ec9db;4;janpe2@users.noreply.github.com;janpe2@users.noreply.github.com
jbig2.js;MODIFY;1147.0;-19.0;Decreased;True;2018-01-20 14:19:06+00:00;False;217;38;8906;43e003cf5c4d7e2a2cb0b667411ed413ad8c5618;1;noreply@github.com;shikhar9a@gmail.com
jbig2.js;MODIFY;1877.0;730.0;Grew;True;2018-01-23 15:04:07+00:00;False;346;58;13957;5593c970e078b9d5f76ad698a0a619ec803a1bf9;4;janpe2@users.noreply.github.com;janpe2@users.noreply.github.com
jbig2.js;MODIFY;1918.0;41.0;Grew;True;2018-06-16 15:56:54+00:00;False;361;60;14306;bfc88ead66b0983fb3e79527c5af14a96989b3ae;1;jonas.jenwald@gmail.com;jonas.jenwald@gmail.com
jbig2.js;MODIFY;1916.0;-2.0;Decreased;True;2019-10-01 11:10:14+00:00;False;360;59;14270;572abdcb4a99ef41f2cd135d6c281cb83d9fcf19;3;jonas.jenwald@gmail.com;jonas.jenwald@gmail.com
jbig2.js;MODIFY;1916.0;0.0;Grew;True;2019-12-25 23:14:03+00:00;False;360;59;14270;8ec1dfde49dfa5278defb841f53a4bef10448bf8;25;jonas.jenwald@gmail.com;jonas.jenwald@gmail.com
jbig2.js;MODIFY;2367.0;451.0;Grew;True;2019-12-26 11:34:24+00:00;False;366;59;14191;de36b2aabab2b7fd647d9591f959c4540129541d;205;jonas.jenwald@gmail.com;jonas.jenwald@gmail.com
jbig2.js;MODIFY;2367.0;0.0;Equal;True;2020-01-04 12:01:43+00:00;False;366;59;14191;36881e3770ecb320351c650712dadfd3b335bcbd;125;jonas.jenwald@gmail.com;jonas.jenwald@gmail.com
jbig2.js;MODIFY;2378.0;11.0;Grew;True;2020-01-14 16:49:39+00:00;False;366;59;14233;c591826f3b996cf5fb8b286cdcc0b581b9caf769;15;jonas.jenwald@gmail.com;jonas.jenwald@gmail.com
jbig2.js;MODIFY;2378.0;0.0;Equal;True;2020-01-24 23:20:22+00:00;False;366;59;14233;9e262ae7fa4e8614d7950850b27020ca2f50bef8;54;jonas.jenwald@gmail.com;jonas.jenwald@gmail.com
jbig2.js;MODIFY;2353.0;-25.0;Decreased;True;2020-01-24 23:20:23+00:00;False;366;59;14220;83bdb525a4b2db9119402a8bba5b2d892c01c931;10;jonas.jenwald@gmail.com;jonas.jenwald@gmail.com
jbig2.js;MODIFY;2347.0;-6.0;Decreased;True;2020-01-24 23:33:52+00:00;False;366;59;14224;3f031f69c270bedd3c404e752dc12a72324aca99;12;jonas.jenwald@gmail.com;jonas.jenwald@gmail.com
jbig2.js;MODIFY;2347.0;0.0;Grew;True;2020-03-25 10:57:12+00:00;False;366;59;14224;dcb16af968598d789b078cd33525d1c503401253;32;jonas.jenwald@gmail.com;jonas.jenwald@gmail.com
jbig2.js;MODIFY;2347.0;0.0;Equal;True;2020-04-14 10:28:14+00:00;False;366;59;14224;426945b4803962f2056b0297382fc01a792275fc;145;jonas.jenwald@gmail.com;jonas.jenwald@gmail.com
jbig2.js;MODIFY;2347.0;0.0;Grew;True;2020-10-03 18:15:29+00:00;False;366;59;14224;9416b14e8b06a39a1a57f2baf22aebab2370edeb;39;jonas.jenwald@gmail.com;jonas.jenwald@gmail.com
jbig2.js;MODIFY;2351.0;4.0;Decreased;True;2021-05-05 12:02:21+00:00;False;366;59;14229;d59c9ab3abedc4c032a3702a8756698a7cbbeeff;1;jonas.jenwald@gmail.com;jonas.jenwald@gmail.com
jbig2.js;MODIFY;2355.0;4.0;Grew;True;2021-05-05 12:02:21+00:00;False;366;59;14224;7ca3a34e1f5d01beb0d58925844544beb1720ab9;1;jonas.jenwald@gmail.com;jonas.jenwald@gmail.com
jbig2.js;MODIFY;2318.0;-37.0;Decreased;True;2021-05-05 12:02:21+00:00;False;362;55;14123;0addf3a0d4bd77f0db5c865c2ad5c515f193a04d;1;jonas.jenwald@gmail.com;jonas.jenwald@gmail.com
jbig2.js;MODIFY;2322.0;4.0;Grew;True;2021-05-25 11:54:46+00:00;False;362;55;14103;ec3bcadf5600764e6b4b18291af3fa4115463032;9;jonas.jenwald@gmail.com;jonas.jenwald@gmail.com
jbig2.js;MODIFY;2322.0;0.0;Equal;True;2021-07-04 13:23:56+00:00;False;362;55;14101;819be0e78b9b6835b04709456e58d9cbe2a8508a;5;jonas.jenwald@gmail.com;jonas.jenwald@gmail.com
jbig2.js;MODIFY;2322.0;0.0;Equal;True;2021-08-10 09:27:47+00:00;False;362;55;14103;6167566f1bbb424aa2a2772d1dd953aafe615a03;8;jonas.jenwald@gmail.com;jonas.jenwald@gmail.com
jbig2.js;MODIFY;2320.0;-2.0;Decreased;True;2022-05-13 10:42:51+00:00;False;361;55;14081;d540df0582a5003b18bfbe18edabaf841cec942e;1;jonas.jenwald@gmail.com;jonas.jenwald@gmail.com
jbig2.js;MODIFY;2325.0;5.0;Grew;True;2022-06-05 13:38:28+00:00;False;365;55;14127;e82ad79eb91937e1cf70d2a08b9e663dcb92b12b;1;jonas.jenwald@gmail.com;jonas.jenwald@gmail.com
jbig2.js;MODIFY;2325.0;0.0;Equal;True;2022-06-19 11:40:52+00:00;False;365;55;14093;c21f4faaf80f6ba3411cb07969322ec61988f987;4;jonas.jenwald@gmail.com;jonas.jenwald@gmail.com
jbig2.js;MODIFY;2325.0;0.0;Grew;True;2022-08-06 08:17:00+00:00;False;365;55;14084;f6db7975c5afb910f2d2245f0dbff712cedb31fd;9;jonas.jenwald@gmail.com;jonas.jenwald@gmail.com
jbig2.js;MODIFY;2331.0;6.0;Grew;True;2023-01-19 16:14:17+00:00;False;367;55;14123;f2fce93826ff2e7a94b948cd7961f1ae3f8bc784;3;jonas.jenwald@gmail.com;jonas.jenwald@gmail.com
jbig2.js;MODIFY;2341.0;10.0;Grew;True;2024-04-03 16:44:50+00:00;False;370;55;14175;3f2f98336e4bf693ed047c75e3977ee8ab60bd95;5;calixte.denizet@gmail.com;calixte.denizet@gmail.com
jbig2.js;MODIFY;2341.0;0.0;Equal;True;2024-04-20 10:51:45+00:00;False;370;55;14177;912b57b95d665e8c47c018420aae45149242b926;8;jonas.jenwald@gmail.com;jonas.jenwald@gmail.com
jbig2.js;MODIFY;2346.0;5.0;Grew;True;2024-11-23 21:42:30+00:00;False;370;55;14163;1ef670411af2a49f0d51c3f33cc01516218bca6d;7;calixte.denizet@gmail.com;calixte.denizet@gmail.com
