file_name;change_type;n_loc;lines_balance;size_change;is_large;date;swapped_classification;complexity;methods;tokens;hash;files_on_commit;committer_email;author_email
pdf_find_controller_spec.js;ADD;68;0.0;Equal;False;2018-09-30 16:32:34+00:00;False;14;12;413;1b402996cfa23d33177827684e1744bd97706522;4;timvandermeij@gmail.com;timvandermeij@gmail.com
pdf_find_controller_spec.js;MODIFY;67;-1.0;Decreased;False;2018-10-04 08:28:50+00:00;False;14;12;406;2ed3591b2240466e194a5bec494800d511460e9d;6;jonas.jenwald@gmail.com;jonas.jenwald@gmail.com
pdf_find_controller_spec.js;MODIFY;159;92.0;Grew;False;2019-01-12 21:17:46+00:00;False;22;18;925;b1cef896f46319a9670fd0c528c8233e91dd97d8;1;timvandermeij@gmail.com;timvandermeij@gmail.com
pdf_find_controller_spec.js;MODIFY;158;-1.0;Decreased;False;2019-01-12 21:27:40+00:00;False;22;18;916;ed918bad21f916893c0c9789d144c020e2c6323e;1;timvandermeij@gmail.com;timvandermeij@gmail.com
pdf_find_controller_spec.js;MODIFY;162;4.0;Grew;False;2019-12-26 11:34:24+00:00;False;22;18;915;de36b2aabab2b7fd647d9591f959c4540129541d;205;jonas.jenwald@gmail.com;jonas.jenwald@gmail.com
pdf_find_controller_spec.js;MODIFY;162;0.0;Equal;False;2020-01-04 12:01:43+00:00;False;22;18;915;36881e3770ecb320351c650712dadfd3b335bcbd;125;jonas.jenwald@gmail.com;jonas.jenwald@gmail.com
pdf_find_controller_spec.js;MODIFY;162;0.0;Equal;False;2020-04-14 10:28:14+00:00;False;22;18;915;426945b4803962f2056b0297382fc01a792275fc;145;jonas.jenwald@gmail.com;jonas.jenwald@gmail.com
pdf_find_controller_spec.js;MODIFY;163;1.0;Grew;False;2020-11-29 09:01:46+00:00;False;22;18;915;c42029489ec1f4a24acb3f07c147bd1fbf2587e7;7;jonas.jenwald@gmail.com;jonas.jenwald@gmail.com
pdf_find_controller_spec.js;MODIFY;211;48.0;Grew;False;2021-01-12 17:08:08+00:00;False;23;17;1103;6dae2677d5fabe3116065c6ada5e50aec451dcba;6;jonas.jenwald@gmail.com;ross@mazira.com
pdf_find_controller_spec.js;MODIFY;204;-7.0;Decreased;False;2021-10-16 08:36:22+00:00;False;23;17;1071;fa8c0ef6164c7abfd5236e97823102a89517f8a4;7;jonas.jenwald@gmail.com;jonas.jenwald@gmail.com
pdf_find_controller_spec.js;MODIFY;211;7.0;Grew;False;2021-10-17 14:27:05+00:00;False;23;17;1103;61d1063276137e87f4dd2d2e8a3e071a280357a0;10;calixte.denizet@gmail.com;calixte.denizet@gmail.com
pdf_find_controller_spec.js;MODIFY;204;-7.0;Decreased;False;2021-12-15 16:18:57+00:00;False;23;17;1071;0a19ef6864d8e05eb4936c6ebbd9e22c29c2f054;10;jonas.jenwald@gmail.com;jonas.jenwald@gmail.com
pdf_find_controller_spec.js;MODIFY;465;261.0;Grew;False;2022-02-03 14:42:55+00:00;False;33;27;2463;1f41028fcbb21bd5af98810847d1892a51862bd0;12;calixte.denizet@gmail.com;calixte.denizet@gmail.com
pdf_find_controller_spec.js;MODIFY;507;42.0;Grew;False;2022-02-14 09:12:33+00:00;False;35;28;2885;18f4e560ae4103bd7ece97ecf4b71a7f37596a17;4;calixte.denizet@gmail.com;calixte.denizet@gmail.com
pdf_find_controller_spec.js;MODIFY;507;0.0;Equal;False;2022-03-27 12:34:56+00:00;False;35;28;2885;18e79e3c0b538d665f31fd671a1a71877ed2bc9a;6;calixte.denizet@gmail.com;calixte.denizet@gmail.com
pdf_find_controller_spec.js;MODIFY;532;25.0;Grew;False;2022-05-28 14:50:03+00:00;False;36;29;2989;c7afce421015f16afb9b3f265f49dc8e290dc8dd;4;calixte.denizet@gmail.com;calixte.denizet@gmail.com
pdf_find_controller_spec.js;MODIFY;551;19.0;Grew;False;2022-09-04 12:21:05+00:00;False;37;30;3069;6c6f6fb2b89839e8ed5f57dc1d63f64a8686f393;4;calixte.denizet@gmail.com;calixte.denizet@gmail.com
pdf_find_controller_spec.js;MODIFY;570;19.0;Grew;False;2022-11-14 18:27:51+00:00;False;38;31;3197;2be64d63e1ce7dd13c76de967db3960578a43234;4;calixte.denizet@gmail.com;calixte.denizet@gmail.com
pdf_find_controller_spec.js;MODIFY;589;19.0;Grew;False;2022-11-29 09:46:48+00:00;False;39;32;3277;ea1995991ba7d268f95a8d02a42e678db714621f;4;calixte.denizet@gmail.com;calixte.denizet@gmail.com
pdf_find_controller_spec.js;MODIFY;629;40.0;Grew;False;2023-01-02 11:27:07+00:00;False;44;36;3465;69c88477a9937212a43c7db754c4aa566d5d10f3;2;calixte.denizet@gmail.com;calixte.denizet@gmail.com
pdf_find_controller_spec.js;MODIFY;661;32.0;Grew;False;2023-01-06 09:56:26+00:00;False;46;37;3624;661f425934e20dff50ce74231d179ba421bb8d6c;3;calixte.denizet@gmail.com;calixte.denizet@gmail.com
pdf_find_controller_spec.js;MODIFY;673;12.0;Grew;False;2023-01-20 17:13:16+00:00;False;48;38;3678;dc94b750de030649675b8ae5975ab6d3202ab16f;2;calixte.denizet@gmail.com;calixte.denizet@gmail.com
pdf_find_controller_spec.js;MODIFY;670;-3.0;Decreased;False;2023-01-30 14:35:02+00:00;False;48;38;3670;c5d63918980068a1b28987e28cf30051070dab69;7;jonas.jenwald@gmail.com;jonas.jenwald@gmail.com
pdf_find_controller_spec.js;MODIFY;704;34.0;Grew;False;2023-02-09 16:13:57+00:00;False;50;39;3824;4e9f26afa3d6f70f97569d7c9e7e97b4e74252a2;2;calixte.denizet@gmail.com;calixte.denizet@gmail.com
pdf_find_controller_spec.js;MODIFY;737;33.0;Grew;False;2023-02-16 10:31:58+00:00;False;51;40;3959;fc7d74385fb9903154942ebe49be23c344c831e4;4;calixte.denizet@gmail.com;calixte.denizet@gmail.com
pdf_find_controller_spec.js;MODIFY;778;41.0;Grew;False;2023-03-09 14:03:01+00:00;False;54;42;4148;07b094729e139f372569f36cf7fe2839d058bfbb;6;calixte.denizet@gmail.com;calixte.denizet@gmail.com
pdf_find_controller_spec.js;MODIFY;834;56.0;Grew;False;2023-04-11 18:57:26+00:00;False;54;42;4388;d8795f9f8f260d52515c8bd741fea6497dd5f2e9;2;calixte.denizet@gmail.com;calixte.denizet@gmail.com
pdf_find_controller_spec.js;MODIFY;846;12.0;Grew;False;2023-04-15 11:32:37+00:00;False;55;43;4473;0e19c3a12061b93b7f6e86f0c4461293a8fd0913;6;jonas.jenwald@gmail.com;jonas.jenwald@gmail.com
pdf_find_controller_spec.js;MODIFY;898;52.0;Grew;False;2023-04-17 12:31:23+00:00;False;57;45;4744;117bbf7cd9ff624607f37a4f106499171eaabb73;22;calixte.denizet@gmail.com;calixte.denizet@gmail.com
pdf_find_controller_spec.js;MODIFY;898;0.0;Equal;False;2023-07-17 14:42:25+00:00;False;57;45;4744;3a886e7264f15289e5cb391f3287c17fea5b3bb9;19;jonas.jenwald@gmail.com;jonas.jenwald@gmail.com
pdf_find_controller_spec.js;MODIFY;889;-9.0;Decreased;False;2023-08-19 07:30:34+00:00;False;57;45;4744;4d19db0b1939230b92826a22945a475f694ff52a;4;jonas.jenwald@gmail.com;jonas.jenwald@gmail.com
pdf_find_controller_spec.js;MODIFY;887;-2.0;Decreased;False;2024-01-21 09:13:12+00:00;False;57;45;4740;9dfe9c552c372c44e3af27b8749d2ec4acccdbbd;22;jonas.jenwald@gmail.com;jonas.jenwald@gmail.com
pdf_find_controller_spec.js;MODIFY;916;29.0;Grew;False;2024-06-21 05:12:59+00:00;False;61;49;4897;890c567eca9e08b338aaa7f91ef7467354547760;3;bootleq@gmail.com;bootleq@gmail.com
pdf_find_controller_spec.js;MODIFY;985;69.0;Grew;True;2024-08-13 08:45:57+00:00;True;67;53;5487;f051597e234d39c363f16aaad323b690578041d8;2;nribaudo@igalia.com;nribaudo@igalia.com
pdf_find_controller_spec.js;MODIFY;1003;18.0;Grew;True;2024-09-11 13:01:54+00:00;False;68;54;5567;06f9d8002d04b91113d3d7e44ce6bc1f7770d835;4;calixte.denizet@gmail.com;calixte.denizet@gmail.com
pdf_find_controller_spec.js;MODIFY;1023;20.0;Grew;True;2024-11-28 14:56:04+00:00;False;69;55;5669;aa9503e51f687512b3a7a48f46f47950780ef1c1;4;calixte.denizet@gmail.com;calixte.denizet@gmail.com
