file_name;change_type;n_loc;lines_balance;size_change;is_large;date;swapped_classification;complexity;methods;tokens;hash;files_on_commit;committer_email;author_email
bootstrap.bundle.js;ADD;3912;0.0;Equal;True;2017-09-06 04:05:12+00:00;True;1094;397;29134;df47558ef680adf6e80b5e8402837125c41210c0;39;markdotto@gmail.com;markdotto@gmail.com
bootstrap.bundle.js;MODIFY;3908;-4.0;Decreased;True;2017-09-09 23:59:37+00:00;False;1092;397;29072;d8a5147c380fe142ee97fa2489f05afe2ed5a614;30;markdotto@gmail.com;markdotto@gmail.com
bootstrap.bundle.js;MODIFY;3906;-2.0;Decreased;True;2017-09-13 05:24:15+00:00;False;1088;397;29048;75d435f76e48b19007495a02e79b0d41f2690361;31;markdotto@gmail.com;markdotto@gmail.com
bootstrap.bundle.js;MODIFY;3905;-1.0;Decreased;True;2017-09-30 21:28:03+00:00;False;1066;392;28631;f5ad6e3987788ae5903a39384c49171bf52bd7b8;40;markdotto@gmail.com;markdotto@gmail.com
bootstrap.bundle.js;MODIFY;3913;8.0;Grew;True;2017-10-15 22:51:44+00:00;False;1070;393;28708;7ce2b03b1a6a773a2f9f2a0f36832d8cb9b30b79;39;markdotto@gmail.com;markdotto@gmail.com
bootstrap.bundle.js;MODIFY;3913;0.0;Equal;True;2017-10-19 07:17:08+00:00;False;1070;393;28708;80e8e6754a47578422347bd6c3999cb6477bccd2;12;markdotto@gmail.com;markdotto@gmail.com
bootstrap.bundle.js;MODIFY;3916;3.0;Grew;True;2017-10-19 16:13:17+00:00;False;1074;393;28751;6124e7f229c07424a41e716968a93a12fb22b608;16;markdotto@gmail.com;markdotto@gmail.com
bootstrap.bundle.js;MODIFY;3916;0.0;Equal;True;2017-10-19 19:23:29+00:00;False;1074;393;28751;dbf5405cfdd5c3836e1c6d8f4589233641d5393f;61;markd.otto@gmail.com;markdotto@gmail.com
bootstrap.bundle.js;MODIFY;3916;0.0;Equal;True;2017-10-19 19:23:29+00:00;False;1074;393;28751;cf00548f4e640e8cb1108370254fd2be5260aa32;61;markd.otto@gmail.com;markdotto@gmail.com
bootstrap.bundle.js;MODIFY;3914;-2.0;Decreased;True;2017-10-25 19:31:55+00:00;False;1074;393;29603;8c587d42805af03f2d543ae93cfe05c739feb728;32;markdotto@gmail.com;markdotto@gmail.com
bootstrap.bundle.js;MODIFY;3918;4.0;Grew;True;2017-10-25 19:35:07+00:00;False;1078;392;29577;2e920625395334c8211bff86daed7ffbf21a1f8f;4;markdotto@gmail.com;markdotto@gmail.com
bootstrap.bundle.js;MODIFY;3918;0.0;Equal;True;2017-10-28 19:04:47+00:00;False;1080;392;29603;bc53cb8bc53e858aee8665c8ed676147e768c244;14;markdotto@gmail.com;markdotto@gmail.com
bootstrap.bundle.js;MODIFY;3928;10.0;Grew;True;2017-10-29 23:19:14+00:00;False;1082;392;29667;c5af0a7d6aa6c2021c7e172e0baee030bdffcc71;16;markdotto@gmail.com;markdotto@gmail.com
bootstrap.bundle.js;MODIFY;3925;-3.0;Decreased;True;2017-10-30 19:48:13+00:00;False;1082;392;29653;2fec9f13cd044cb46060ebecfb10d410c3d97c19;11;markdotto@gmail.com;markdotto@gmail.com
bootstrap.bundle.js;MODIFY;3934;9.0;Grew;True;2017-11-08 04:45:26+00:00;False;1085;393;29694;9c213b7f27295cd12774b550087720f002a6787e;13;markdotto@gmail.com;markdotto@gmail.com
bootstrap.bundle.js;MODIFY;3950;16.0;Grew;True;2017-12-23 00:21:54+00:00;False;1093;396;29800;935d45f461e8448b8862e16cde35a3737d6649fd;31;markdotto@gmail.com;markdotto@gmail.com
bootstrap.bundle.js;MODIFY;3950;0.0;Equal;True;2017-12-28 17:50:04+00:00;False;1093;396;29800;ced70da441d487efb8589acbff445d6b5fa68bb9;62;markd.otto@gmail.com;markdotto@gmail.com
bootstrap.bundle.js;MODIFY;3950;0.0;Equal;True;2017-12-31 03:41:36+00:00;False;1093;396;29800;5b8eaffc1216ef648aa50cda252269aa0a917229;25;markdotto@gmail.com;markdotto@gmail.com
bootstrap.bundle.js;MODIFY;3950;0.0;Equal;True;2018-01-02 04:29:19+00:00;False;1093;396;29809;44eebe40dec75b74dd23ed30174b1720a6983726;8;markdotto@gmail.com;markdotto@gmail.com
bootstrap.bundle.js;MODIFY;3951;1.0;Grew;True;2018-01-04 00:03:22+00:00;False;1093;396;29829;34cd2038d2b16f305919e1fc36ff45913e3d1dfd;19;markdotto@gmail.com;markdotto@gmail.com
bootstrap.bundle.js;MODIFY;3950;-1.0;Decreased;True;2018-01-12 06:42:40+00:00;False;1094;396;29842;6d8d8639f3a290cba93ef406c59ea31ad46e1c6d;42;markdotto@gmail.com;markdotto@gmail.com
bootstrap.bundle.js;MODIFY;3950;0.0;Equal;True;2018-01-18 18:24:51+00:00;False;1094;396;29842;572d00ac7e4ffdb91c1015d83100ea1c279af6ca;64;markd.otto@gmail.com;markdotto@gmail.com
bootstrap.bundle.js;MODIFY;3948;-2.0;Decreased;True;2018-02-11 22:53:29+00:00;False;1091;395;29794;e373fbea9220732283761f3720b4be6280d5135d;24;markdotto@gmail.com;markdotto@gmail.com
bootstrap.bundle.js;MODIFY;3964;16.0;Grew;True;2018-02-19 22:50:56+00:00;False;1095;396;29918;6a52ebfe1a7c7409d308d1c87c088b770a845e88;15;markdotto@gmail.com;markdotto@gmail.com
bootstrap.bundle.js;MODIFY;3964;0.0;Equal;True;2018-02-24 20:44:44+00:00;False;1095;396;29934;f3cec5e7f925ba1cb1700f9de3d728dfc15bccdd;23;markdotto@gmail.com;markdotto@gmail.com
bootstrap.bundle.js;MODIFY;3963;-1.0;Decreased;True;2018-03-03 22:10:49+00:00;False;1095;396;29928;a651d7337b36e2932aae21608bcc1a2c0e8f930d;17;markdotto@gmail.com;markdotto@gmail.com
bootstrap.bundle.js;MODIFY;4008;45.0;Grew;True;2018-03-31 20:59:37+00:00;False;1115;399;30414;b744ba2c084dd382d5bad8266827bf1a49a864de;50;markdotto@gmail.com;markdotto@gmail.com
bootstrap.bundle.js;MODIFY;4008;0.0;Equal;True;2018-04-09 16:00:23+00:00;False;1115;399;30414;8f7bd419935adfcd53c471a0202083464800619e;198;noreply@github.com;markd.otto@gmail.com
bootstrap.bundle.js;MODIFY;4009;1.0;Grew;True;2018-04-30 05:22:04+00:00;False;1115;398;30407;496311bf97deae799b7a1101893db135f3ce7ec7;31;markdotto@gmail.com;markdotto@gmail.com
bootstrap.bundle.js;MODIFY;4009;0.0;Equal;True;2018-04-30 16:04:33+00:00;False;1115;398;30407;779ad9f174ea5ab7e755f6df0ec9e5912d67dd16;64;markd.otto@gmail.com;markdotto@gmail.com
bootstrap.bundle.js;MODIFY;4029;20.0;Grew;True;2018-06-22 05:55:23+00:00;False;1120;399;30544;eadeab9d1cf6a1d8315a5aab35f247034931ea6e;36;markdotto@gmail.com;markdotto@gmail.com
bootstrap.bundle.js;MODIFY;4025;-4.0;Decreased;True;2018-07-12 04:42:55+00:00;False;1121;398;30470;9e126b26a863505b048bc927c6c6f731d42d2ba4;21;markdotto@gmail.com;markdotto@gmail.com
bootstrap.bundle.js;MODIFY;4025;0.0;Equal;True;2018-07-12 16:27:14+00:00;False;1121;398;30470;c4ccfbe04e888f3623d74963ba72d2320da0785a;64;otto@github.com;markdotto@gmail.com
bootstrap.bundle.js;MODIFY;4025;0.0;Equal;True;2018-07-24 15:54:34+00:00;False;1121;398;30470;3b558734382ce58b51e5fc676453bfd53bba9201;63;otto@github.com;markdotto@gmail.com
bootstrap.bundle.js;MODIFY;4041;16.0;Grew;True;2018-08-19 03:22:08+00:00;False;1134;398;30629;c0fd91788ee16ef013fe7201c069cfcfef7d0af9;32;markdotto@gmail.com;markdotto@gmail.com
bootstrap.bundle.js;MODIFY;4033;-8.0;Decreased;True;2018-09-17 19:34:34+00:00;False;1133;398;30598;b68ea572da7b16232b04820bfa1035c506af8bb2;27;markdotto@gmail.com;markdotto@gmail.com
bootstrap.bundle.js;MODIFY;4040;7.0;Grew;True;2018-09-19 04:35:40+00:00;False;1136;398;30666;f6244654a6389898f506eaa865bd900e994c077f;19;markdotto@gmail.com;markdotto@gmail.com
bootstrap.bundle.js;MODIFY;4278;238.0;Grew;True;2018-11-13 06:47:32+00:00;False;1196;418;32305;fceee8d09310ae1c49a38ed66dab77dc53120ca7;45;xhmikosr@gmail.com;xhmikosr@gmail.com
bootstrap.bundle.js;MODIFY;4271;-7.0;Decreased;True;2018-11-25 09:46:37+00:00;False;1198;419;32307;5c336d0247cd94ed56ac24d941f86325df474313;44;xhmikosr@gmail.com;xhmikosr@gmail.com
bootstrap.bundle.js;MODIFY;4320;49.0;Grew;True;2018-12-15 23:33:05+00:00;False;1214;423;32715;ee72e7838df71e28825480e44b278453e092a64c;34;xhmikosr@gmail.com;markdotto@gmail.com
bootstrap.bundle.js;MODIFY;4320;0.0;Equal;True;2018-12-21 17:03:29+00:00;False;1214;423;32715;eda851ee76bd01375f39682d903a76cc51207475;287;otto@github.com;markdotto@gmail.com
bootstrap.bundle.js;MODIFY;4320;0.0;Equal;True;2018-12-21 18:55:28+00:00;False;1214;423;32715;9e4e94747bd698f4f61d48ed54c9c6d4d199bd32;67;noreply@github.com;otto@github.com
bootstrap.bundle.js;MODIFY;4348;28.0;Grew;True;2019-01-04 16:29:45+00:00;False;1216;423;32731;1488a83b139116e3fe337e8c4a739e1f21248b66;44;markdotto@gmail.com;markdotto@gmail.com
bootstrap.bundle.js;MODIFY;4385;37.0;Grew;True;2019-02-11 19:15:34+00:00;False;1226;427;32970;1ded0d6a4eefb7daca62c44e4e735aec200f0b6f;277;noreply@github.com;otto@github.com
bootstrap.bundle.js;MODIFY;4493;108.0;Grew;True;2019-02-13 16:01:40+00:00;False;1249;433;33750;8fa0d3010112dca5dd6dd501173415856001ba8b;70;noreply@github.com;xhmikosr@gmail.com
bootstrap.bundle.js;MODIFY;5106;613.0;Grew;True;2019-03-01 16:31:34+00:00;False;1446;520;36936;19aee321a027edaa60c3087bfcf6c9f1517c9b98;62;noreply@github.com;xhmikosr@gmail.com
bootstrap.bundle.js;MODIFY;5104;-2.0;Decreased;True;2019-03-11 15:59:08+00:00;False;1446;520;36863;ac67e04ce016406377595291ff1357eda63cc311;42;xhmikosr@gmail.com;xhmikosr@gmail.com
bootstrap.bundle.js;MODIFY;5152;48.0;Grew;True;2019-04-18 11:47:52+00:00;False;1469;524;37218;091aa1e9fd411440c3ff3c95042a5aa1502e6978;48;noreply@github.com;xhmikosr@gmail.com
bootstrap.bundle.js;MODIFY;5152;0.0;Equal;True;2019-05-08 14:26:37+00:00;False;1469;524;37218;438e01b61c935409adca29cde3dbb66dd119eefd;65;xhmikosr@gmail.com;xhmikosr@gmail.com
bootstrap.bundle.js;MODIFY;5158;6.0;Grew;True;2019-07-12 21:56:26+00:00;False;1471;524;37247;39c4ca3970bb14372b905952699711fdd11650e6;41;markdotto@gmail.com;markdotto@gmail.com
bootstrap.bundle.js;MODIFY;5128;-30.0;Decreased;True;2019-07-24 06:13:50+00:00;False;1456;525;37189;114a0ee193ffe7869c8369f25ef4dcc44929fbf5;58;xhmikosr@gmail.com;otto@github.com
bootstrap.bundle.js;MODIFY;5135;7.0;Grew;True;2019-08-27 13:03:21+00:00;False;1460;529;37297;bf57274fb51fd59f8d680590ead92cb631cf8ea1;59;noreply@github.com;xhmikosr@gmail.com
bootstrap.bundle.js;MODIFY;5135;0.0;Equal;True;2019-10-08 06:39:10+00:00;False;1460;529;37297;1770691b339bdbf17de5e8824158b358dc0284a9;55;noreply@github.com;xhmikosr@gmail.com
bootstrap.bundle.js;MODIFY;5155;20.0;Grew;True;2019-11-08 08:11:23+00:00;False;1470;533;37461;cc6f66f72a180af1910bb5f520f2067ad705f1b8;54;noreply@github.com;xhmikosr@gmail.com
bootstrap.bundle.js;MODIFY;5028;-127.0;Decreased;True;2020-03-28 10:29:08+00:00;False;1460;527;36489;74afe149c48e8386c4de2bbd8fab36142227f755;59;noreply@github.com;xhmikosr@gmail.com
bootstrap.bundle.js;MODIFY;4999;-29.0;Decreased;True;2020-05-13 18:53:43+00:00;False;1454;525;36298;de7af5ee0738d08ef2d6702654834beb5bfce35e;56;noreply@github.com;xhmikosr@gmail.com
bootstrap.bundle.js;MODIFY;4999;0.0;Equal;True;2020-05-13 19:36:00+00:00;False;1454;525;36298;38ec7c4df7a04b6942516669edb9517c9035dc1d;288;noreply@github.com;xhmikosr@gmail.com
bootstrap.bundle.js;MODIFY;5001;2.0;Grew;True;2020-06-14 20:52:54+00:00;False;1454;525;36322;a6564588567a14ebc4bfa4e50358f1c32e3b10d7;56;otto@github.com;markdotto@gmail.com
bootstrap.bundle.js;MODIFY;4951;-50.0;Decreased;True;2020-06-16 19:02:03+00:00;False;1437;523;35963;ebb0b8c68c8dabc9ba7065a07f280335d12d42bd;61;xhmikosr@gmail.com;xhmikosr@gmail.com
bootstrap.bundle.js;MODIFY;4932;-19.0;Decreased;True;2020-09-14 15:12:06+00:00;False;1435;521;35786;4491fb091f021c61cd3089323b3e0a9289ef768d;57;noreply@github.com;xhmikosr@gmail.com
bootstrap.bundle.js;MODIFY;4935;3.0;Grew;True;2020-09-29 15:33:00+00:00;False;1436;521;35797;b083c9639fd9012e5cba57d6c4088d43b3c3e57d;91;noreply@github.com;xhmikosr@gmail.com
bootstrap.bundle.js;MODIFY;4925;-10.0;Decreased;True;2020-10-28 03:45:48+00:00;False;1433;520;35742;3e2f9ab237e0e338fbe497213ad2353e59fbee9c;45;noreply@github.com;markd.otto@gmail.com
bootstrap.bundle.js;MODIFY;4897;-28.0;Decreased;True;2020-11-11 17:07:37+00:00;False;1442;527;35481;384eccbfaf3f234944f8d60ac70dd7966814c994;87;noreply@github.com;xhmikosr@gmail.com
bootstrap.bundle.js;MODIFY;4902;5.0;Grew;True;2020-11-23 13:17:16+00:00;False;1443;528;35527;3e823e0b752b51b277a3a2d563c6b987f7496cf9;52;noreply@github.com;xhmikosr@gmail.com
bootstrap.bundle.js;MODIFY;4872;-30.0;Decreased;True;2020-12-03 14:18:59+00:00;False;1446;517;35321;cfe31592d7b487a769fd8d14ddf7898c07425280;41;noreply@github.com;xhmikosr@gmail.com
bootstrap.bundle.js;MODIFY;4882;10.0;Grew;True;2020-12-04 05:52:03+00:00;False;1457;518;35435;0a141dae94eb9efa301beeb55eed4ebc56e20e44;70;xhmikosr@gmail.com;gael.poupard@orange.com
bootstrap.bundle.js;MODIFY;4964;82.0;Grew;True;2020-12-07 16:18:16+00:00;False;1384;520;35032;63f3d939eaceeb84dcc77a7392953bcc8c5bc0a3;75;xhmikosr@gmail.com;xhmikosr@gmail.com
bootstrap.bundle.js;MODIFY;4929;-35.0;Decreased;True;2021-02-10 16:14:51+00:00;False;1398;513;34798;e50c11b8c6434b6d68ea5897771e4d35fe12f5c3;106;noreply@github.com;xhmikosr@gmail.com
bootstrap.bundle.js;MODIFY;4918;-11.0;Decreased;True;2021-02-11 03:29:59+00:00;False;1395;511;34755;4c7a3e8adf73bf55a5fba5905b356468be17bc0e;100;noreply@github.com;markd.otto@gmail.com
bootstrap.bundle.js;MODIFY;4929;11.0;Grew;True;2021-02-11 15:22:18+00:00;False;1398;513;34798;037b5df737c9100d77aaef2facfc1a1290435752;41;noreply@github.com;markd.otto@gmail.com
bootstrap.bundle.js;MODIFY;4852;-77.0;Decreased;True;2021-03-23 16:26:54+00:00;False;1331;501;33142;220139a89ffc3864bbb6e1b35471667318eadc1f;110;noreply@github.com;xhmikosr@gmail.com
bootstrap.bundle.js;MODIFY;4890;38.0;Grew;True;2021-05-05 19:32:12+00:00;False;1341;507;33068;bf0936748602c8109fd916c64b4560799fa1c3f8;113;noreply@github.com;xhmikosr@gmail.com
bootstrap.bundle.js;MODIFY;4834;-56.0;Decreased;True;2021-05-13 16:22:20+00:00;False;1351;514;32731;58b1be927f43c779377e478df2d119f2ddf956ca;111;noreply@github.com;xhmikosr@gmail.com
bootstrap.bundle.js;MODIFY;4836;2.0;Grew;True;2021-06-22 18:29:16+00:00;False;1333;521;32513;688bce4fa695cc360a0d084e34f029b0c192b223;111;noreply@github.com;xhmikosr@gmail.com
bootstrap.bundle.js;MODIFY;4846;10.0;Grew;True;2021-08-04 15:41:51+00:00;False;1323;522;32450;f20fece3a8cdd0e76a42c2737524b7652bf54d26;383;noreply@github.com;xhmikosr@gmail.com
bootstrap.bundle.js;MODIFY;4868;22.0;Grew;True;2021-09-07 15:37:44+00:00;False;1331;523;32624;0d81d3cbc14dfcdca8a868e3f25189a4f1ab273c;114;noreply@github.com;xhmikosr@gmail.com
bootstrap.bundle.js;MODIFY;4855;-13.0;Decreased;True;2021-10-05 15:50:18+00:00;False;1331;523;32447;5ecef8ac010249536f92206af500f8670813c8a8;113;noreply@github.com;xhmikosr@gmail.com
bootstrap.bundle.js;MODIFY;4855;0.0;Equal;True;2021-10-09 06:43:19+00:00;False;1331;523;32447;1a6fdfae6be09b09eaced8f0e442ca6f7680a61e;113;xhmikosr@gmail.com;xhmikosr@gmail.com
bootstrap.bundle.js;MODIFY;5036;181.0;Grew;True;2022-05-13 16:44:01+00:00;False;1332;538;32654;fca04c07131a81e625a516cf7b98a8c7df0df1c1;97;xhmikosr@gmail.com;xhmikosr@gmail.com
bootstrap.bundle.js;MODIFY;5032;-4.0;Decreased;True;2022-07-19 15:43:58+00:00;False;1333;539;32655;edf9c40956d19e6ab3f9151bfe0dfac6be06fa21;132;noreply@github.com;xhmikosr@gmail.com
bootstrap.bundle.js;MODIFY;5059;27.0;Grew;True;2022-09-07 15:31:39+00:00;False;1351;543;32989;23e50829f958ea1d741d63e2781716be037e4644;131;noreply@github.com;xhmikosr@gmail.com
bootstrap.bundle.js;MODIFY;5054;-5.0;Decreased;True;2022-10-03 07:44:02+00:00;False;1351;543;32972;961d5ff9844372a4e294980c667bbe7e0651cdeb;131;noreply@github.com;xhmikosr@gmail.com
bootstrap.bundle.js;MODIFY;5047;-7.0;Decreased;True;2022-11-21 18:19:01+00:00;False;1348;543;32937;cb021439c683d9805e2864c58095b92d405e9b11;97;xhmikosr@gmail.com;xhmikosr@gmail.com
bootstrap.bundle.js;MODIFY;5058;11.0;Grew;True;2022-12-24 16:37:22+00:00;False;1412;562;32973;cf9454caa00872899215603e5e036d9a824b1b11;427;noreply@github.com;xhmikosr@gmail.com
bootstrap.bundle.js;MODIFY;5057;-1.0;Decreased;True;2023-03-24 14:30:16+00:00;False;1412;562;32966;c877cefcef18d6a60c5eaec8df469933e64e212a;104;noreply@github.com;xhmikosr@gmail.com
bootstrap.bundle.js;MODIFY;5054;-3.0;Decreased;True;2023-04-03 07:26:50+00:00;False;1412;562;32970;ac576614a5515e429f27e756fad81d5aa05e95a6;98;noreply@github.com;xhmikosr@gmail.com
bootstrap.bundle.js;MODIFY;5053;-1.0;Decreased;True;2023-05-30 15:15:55+00:00;False;1411;562;32946;60098ac499d30aa50575b0b7137391c06ef25429;103;noreply@github.com;xhmikosr@gmail.com
bootstrap.bundle.js;MODIFY;5061;8.0;Grew;True;2023-07-26 07:46:38+00:00;False;1413;562;33006;2a1bf52b73fc9a97f6fef75aa1b29b3e9f0288b3;80;noreply@github.com;xhmikosr@gmail.com
bootstrap.bundle.js;MODIFY;5061;0.0;Equal;True;2023-09-14 14:19:27+00:00;False;1413;562;33006;344e912d04b5b6a04482113eff20ab416ff01048;81;noreply@github.com;juderamond@gmail.com
bootstrap.bundle.js;MODIFY;5064;3.0;Grew;True;2024-02-20 15:14:29+00:00;False;1415;563;33042;6e1f75f420f68e1d52733b8e407fc7c3766c9dba;88;noreply@github.com;juderamond@gmail.com
