|File Name|Change Type|Local File PATH Old|Local File PATH New|Complexity|Methods|Tokens|Lines Of Code (nloc)|Lines Added|Lines Deleted
0|pelt.c|MODIFY|kernel/sched/pelt.c|kernel/sched/pelt.c|30|12|980|167|24|0
