file_name;change_type;n_loc;lines_balance;size_change;is_large;date;swapped_classification;complexity;methods;tokens;hash;files_on_commit;committer_email;author_email
react-dom-unstable_testing.production.js;ADD;18683;0.0;Equal;True;2023-11-08 19:36:54+00:00;True;3944;1089;100464;1b5e307f6bf1e3c98c27196a4fdf51b2c74aeee6;183;noreply@github.com;story@hey.com
react-dom-unstable_testing.production.js;MODIFY;18683;0.0;Equal;True;2023-11-09 02:30:45+00:00;False;3944;1089;100464;eb7955582770b58d6509ea0ffd93ae9d3e3879a5;71;noreply@github.com;story@hey.com
react-dom-unstable_testing.production.js;MODIFY;18683;0.0;Equal;True;2023-11-10 04:25:07+00:00;False;3944;1089;100464;37a13427124dcc20d34b0990eeb8941faa61061a;123;noreply@github.com;story@hey.com
react-dom-unstable_testing.production.js;MODIFY;18683;0.0;Equal;True;2023-11-15 14:48:27+00:00;False;3944;1089;100464;036f4806a6fd5f3151f4b33c606065b6ac2cc883;119;noreply@github.com;g@shud.in
react-dom-unstable_testing.production.js;MODIFY;18683;0.0;Equal;True;2023-11-16 22:23:04+00:00;False;3944;1089;100464;4deb69793ea63927dcaf8875f231518f3a475c7d;71;noreply@github.com;story@hey.com
react-dom-unstable_testing.production.js;MODIFY;18682;-1.0;Decreased;True;2023-12-15 16:51:45+00:00;False;3941;1089;100430;1fa7a74a5c8b88e434c71495160e2fe9b17ebeb5;161;noreply@github.com;zacktanner@gmail.com
react-dom-unstable_testing.production.js;MODIFY;18699;17.0;Grew;True;2024-01-08 05:13:41+00:00;False;3945;1090;100561;5e7106141f1ca6db0ba8830cace70bfac18b3284;91;noreply@github.com;git@andrewclark.io
react-dom-unstable_testing.production.js;MODIFY;18706;7.0;Grew;True;2024-01-14 07:37:08+00:00;False;3945;1090;100599;dc697245aee5991d5d36267c4ea50443244460df;75;noreply@github.com;git@andrewclark.io
react-dom-unstable_testing.production.js;MODIFY;18746;40.0;Grew;True;2024-02-06 02:22:27+00:00;False;3973;1095;100762;23955574ae18a81a572d620f299528244e3a1bd1;227;noreply@github.com;story@hey.com
react-dom-unstable_testing.production.js;MODIFY;18775;29.0;Grew;True;2024-02-09 09:13:45+00:00;False;3980;1096;100881;f1655147b49d11117edb617dddc167a09a5b60bd;185;noreply@github.com;zacktanner@gmail.com
react-dom-unstable_testing.production.js;MODIFY;18837;62.0;Grew;True;2024-02-23 11:46:58+00:00;False;3971;1097;101096;e5d604f33b3bff84da9c604f0951b8de1b577776;186;noreply@github.com;inbox@huozhi.im
react-dom-unstable_testing.production.js;MODIFY;18863;26.0;Grew;True;2024-02-26 17:53:56+00:00;False;3979;1099;101238;87015aceadf4d8480d768f739973cb723f090af4;187;noreply@github.com;inbox@huozhi.im
react-dom-unstable_testing.production.js;MODIFY;18863;0.0;Equal;True;2024-03-19 00:18:18+00:00;False;3979;1099;101238;15e76ead7eac601d51cab272e23cbe95179372ca;111;noreply@github.com;zacktanner@gmail.com
react-dom-unstable_testing.production.js;MODIFY;18464;-399.0;Decreased;True;2024-04-25 10:35:35+00:00;False;3888;1064;99065;04571f39beb8f80cc769d64833a42a6d852c7910;274;noreply@github.com;sebastian.silbermann@vercel.com
react-dom-unstable_testing.production.js;MODIFY;15325;-3139.0;Decreased;True;2024-05-07 16:18:32+00:00;False;4151;635;80913;2c31c79ac8449c48f01fcc5ec361dc07f7b5888d;547;noreply@github.com;sebastian.silbermann@vercel.com
react-dom-unstable_testing.production.js;MODIFY;15327;2.0;Grew;True;2024-05-16 22:32:27+00:00;False;4152;635;80928;c045f0f7be717d47dd6dab464dc2aa2a8bdb2116;63;noreply@github.com;sebastian.silbermann@vercel.com
react-dom-unstable_testing.production.js;MODIFY;15389;62.0;Grew;True;2024-05-22 12:46:57+00:00;False;4166;639;81152;a25e7d2fe9333a7387aad1776a68e632ec9a1ecc;174;noreply@github.com;sebastian.silbermann@vercel.com
react-dom-unstable_testing.production.js;MODIFY;15389;0.0;Equal;True;2024-05-23 02:34:06+00:00;False;4166;639;81152;e421fea1eedce6cfe10267fd9129b51044b40156;115;noreply@github.com;sebastian.silbermann@vercel.com
react-dom-unstable_testing.production.js;MODIFY;15438;49.0;Grew;True;2024-06-10 12:06:38+00:00;False;4182;639;81506;fd0bc9466e42ec313ce92c58e2a5c2c157e63f54;126;noreply@github.com;sebastian.silbermann@vercel.com
react-dom-unstable_testing.production.js;MODIFY;15445;7.0;Grew;True;2024-06-11 00:06:12+00:00;False;4184;639;81549;e01d52abe6c53fda450366665e30c7bc4dfcf1c2;59;noreply@github.com;1939140+ztanner@users.noreply.github.com
react-dom-unstable_testing.production.js;MODIFY;15457;12.0;Grew;True;2024-07-23 08:54:10+00:00;False;4186;639;81610;668f8edb0ea47d578c6389a1d6df8fe902dec55c;152;noreply@github.com;sebastian.silbermann@vercel.com
react-dom-unstable_testing.production.js;MODIFY;15445;-12.0;Decreased;True;2024-07-24 08:24:23+00:00;False;4184;639;81549;24a811f3c8e86b135c89fc0f96fceb8d6d30f455;152;noreply@github.com;jj@jjsweb.site
react-dom-unstable_testing.production.js;MODIFY;15509;64.0;Grew;True;2024-07-29 07:19:45+00:00;False;4199;639;81824;67a1fb892c185d886bcf1f128967d80a31c96b88;156;noreply@github.com;sebastian.silbermann@vercel.com
react-dom-unstable_testing.production.js;MODIFY;15445;-64.0;Decreased;True;2024-07-30 08:19:57+00:00;False;4184;639;81549;c039891908e0eab2e7dcc3d044b12a3fe12abf07;156;noreply@github.com;jj@jjsweb.site
react-dom-unstable_testing.production.js;MODIFY;15573;128.0;Grew;True;2024-07-30 20:55:39+00:00;False;4228;640;82012;da0c46900cbd6401d21932f972455d5288038028;156;noreply@github.com;sebastian.silbermann@vercel.com
react-dom-unstable_testing.production.js;MODIFY;15572;-1.0;Decreased;True;2024-08-02 20:42:00+00:00;False;4227;640;82002;6cfa634a87314a8910076546260f552fcb1a22a8;99;noreply@github.com;sebastian.silbermann@vercel.com
react-dom-unstable_testing.production.js;MODIFY;15572;0.0;Equal;True;2024-08-08 21:04:14+00:00;False;4227;640;82002;20e3b773112c1dd57ac25916fad5d5f4462bfa78;86;noreply@github.com;sebastian.silbermann@vercel.com
react-dom-unstable_testing.production.js;MODIFY;15572;0.0;Equal;True;2024-08-16 08:56:15+00:00;False;4227;640;82002;735deb6a71e2f45cf380b8e9d1180f02f0877eb1;100;noreply@github.com;sebastian.silbermann@vercel.com
react-dom-unstable_testing.production.js;MODIFY;15572;0.0;Equal;True;2024-08-19 11:26:15+00:00;False;4227;640;82002;0c74267e3d711abb08eb57b0db50f6fb6edb1638;135;noreply@github.com;sebastian.silbermann@vercel.com
react-dom-unstable_testing.production.js;MODIFY;15572;0.0;Equal;True;2024-08-23 01:08:31+00:00;False;4227;640;82002;6c09bd9a621a5a98ad5875b2c0649d87987a95b6;141;noreply@github.com;sebastian.silbermann@vercel.com
react-dom-unstable_testing.production.js;MODIFY;15593;21.0;Grew;True;2024-08-28 16:31:11+00:00;False;4234;640;82123;81e136d01471a112742e30de6128b086e56e6424;94;noreply@github.com;88769842+vercel-release-bot@users.noreply.github.com
react-dom-unstable_testing.production.js;MODIFY;15593;0.0;Equal;True;2024-08-28 21:27:28+00:00;False;4234;640;82123;9f93a0cc7d2491b0cab316209af4417ce774eb2a;66;noreply@github.com;88769842+vercel-release-bot@users.noreply.github.com
react-dom-unstable_testing.production.js;MODIFY;15593;0.0;Equal;True;2024-09-05 00:53:30+00:00;False;4234;640;82123;719811143b2f9de2aaf2a8cc8dce2ad26648755e;33;noreply@github.com;sebastian.silbermann@vercel.com
react-dom-unstable_testing.production.js;MODIFY;15761;168.0;Grew;True;2024-09-12 21:17:19+00:00;False;4262;640;82647;f2cf2e0f93cebea8deed93fc8c136c477843e5fa;103;noreply@github.com;88769842+vercel-release-bot@users.noreply.github.com
react-dom-unstable_testing.production.js;MODIFY;15761;0.0;Equal;True;2024-09-13 19:06:33+00:00;False;4262;640;82647;874454f3fab4cf332a8436ad38497cfc4ab91219;87;noreply@github.com;88769842+vercel-release-bot@users.noreply.github.com
react-dom-unstable_testing.production.js;MODIFY;15783;22.0;Grew;True;2024-09-18 09:30:51+00:00;False;4266;640;82751;5791706891846fe65b875566954dfa8515fecee5;98;noreply@github.com;88769842+vercel-release-bot@users.noreply.github.com
react-dom-unstable_testing.production.js;MODIFY;15757;-26.0;Decreased;True;2024-09-19 07:59:14+00:00;False;4258;639;82609;b59fe88f4c89c0a1408b121c42769936e224747d;70;noreply@github.com;88769842+vercel-release-bot@users.noreply.github.com
react-dom-unstable_testing.production.js;MODIFY;15749;-8.0;Decreased;True;2024-09-19 18:04:51+00:00;False;4258;639;82564;979fedb8d42b9e42f515e9e5451b5b3c96b97d53;70;noreply@github.com;88769842+vercel-release-bot@users.noreply.github.com
react-dom-unstable_testing.production.js;MODIFY;15749;0.0;Equal;True;2024-09-24 09:27:25+00:00;False;4258;639;82564;d9fa5c93ee2e14e90d1aeac7e01f9e77472b7f48;70;noreply@github.com;88769842+vercel-release-bot@users.noreply.github.com
react-dom-unstable_testing.production.js;MODIFY;15769;20.0;Grew;True;2024-09-24 14:52:24+00:00;False;4259;640;82619;fb4bf4a64273851fd56859e3f401da3ceac143f3;70;noreply@github.com;88769842+vercel-release-bot@users.noreply.github.com
react-dom-unstable_testing.production.js;MODIFY;15706;-63.0;Decreased;True;2024-09-26 08:00:08+00:00;False;4242;640;82446;3ead2d1fe98f78307861b12983c76d5a7a88c41a;122;noreply@github.com;88769842+vercel-release-bot@users.noreply.github.com
react-dom-unstable_testing.production.js;MODIFY;15748;42.0;Grew;True;2024-09-27 20:08:06+00:00;False;4249;639;82519;af8af5ea7eb4f53f58d9a8dc79209ca953ddcc73;71;noreply@github.com;88769842+vercel-release-bot@users.noreply.github.com
react-dom-unstable_testing.production.js;MODIFY;15748;0.0;Equal;True;2024-09-30 23:08:12+00:00;False;4249;639;82519;95820c4066d78ea12a348480b2317fabce5e1a45;70;noreply@github.com;88769842+vercel-release-bot@users.noreply.github.com
react-dom-unstable_testing.production.js;MODIFY;15729;-19.0;Decreased;True;2024-10-11 17:03:27+00:00;False;4240;638;82431;2f7a48fa4d361b1e63887b44ad0266dc6a8bd2d2;126;noreply@github.com;88769842+vercel-release-bot@users.noreply.github.com
react-dom-unstable_testing.production.js;MODIFY;15729;0.0;Equal;True;2024-10-13 19:37:00+00:00;False;4240;638;82431;69efa49c8ee9f99d44fabe7866469fb2cb601177;94;noreply@github.com;88769842+vercel-release-bot@users.noreply.github.com
react-dom-unstable_testing.production.js;MODIFY;15692;-37.0;Decreased;True;2024-10-17 09:48:02+00:00;False;4233;639;82358;cad01db9d2b12df8e81caa7cca3484fa5e227b3b;77;noreply@github.com;88769842+vercel-release-bot@users.noreply.github.com
react-dom-unstable_testing.production.js;MODIFY;15692;0.0;Equal;True;2024-10-18 10:23:31+00:00;False;4233;639;82358;3ff9b8b9d8eea53d8d75c8224e40629736b8fbad;70;noreply@github.com;88769842+vercel-release-bot@users.noreply.github.com
react-dom-unstable_testing.production.js;MODIFY;15710;18.0;Grew;True;2024-10-20 05:37:52+00:00;False;4223;639;82390;eb02b78afec3490d15d748670ff8006b09fc6593;105;noreply@github.com;sebastian@calyptus.eu
react-dom-unstable_testing.production.js;MODIFY;15710;0.0;Equal;True;2024-10-20 07:31:42+00:00;False;4223;639;82390;164723263b0859adf782d0b9e8e869c9cbd5af42;94;noreply@github.com;sebastian@calyptus.eu
react-dom-unstable_testing.production.js;MODIFY;15710;0.0;Equal;True;2024-10-21 22:04:01+00:00;False;4223;639;82390;8a905cf0cb91392627f4b5cb011b7be0ea980038;92;noreply@github.com;88769842+vercel-release-bot@users.noreply.github.com
react-dom-unstable_testing.production.js;MODIFY;15710;0.0;Equal;True;2024-10-23 16:55:39+00:00;False;4223;639;82390;babc6a0242ffabca14f39d748f2905229d45f352;71;noreply@github.com;sebastian.silbermann@vercel.com
react-dom-unstable_testing.production.js;MODIFY;15710;0.0;Equal;True;2024-10-23 19:41:46+00:00;False;4223;639;82390;c464672ddec52f5ccaa93484adbca2f056aa8df2;109;noreply@github.com;88769842+vercel-release-bot@users.noreply.github.com
react-dom-unstable_testing.production.js;MODIFY;15710;0.0;Equal;True;2024-10-23 23:57:26+00:00;False;4223;639;82390;4ae3fc3e357c225f0a500c784e8516a376cc6672;81;noreply@github.com;88769842+vercel-release-bot@users.noreply.github.com
react-dom-unstable_testing.production.js;MODIFY;15701;-9.0;Decreased;True;2024-10-28 23:37:10+00:00;False;4222;638;82296;8b65ec1b84c5f5c67626e51daf9afad745f3fb49;71;noreply@github.com;88769842+vercel-release-bot@users.noreply.github.com
react-dom-unstable_testing.production.js;MODIFY;15710;9.0;Grew;True;2024-10-30 16:51:13+00:00;False;4219;638;82307;e3c6b44b1a9d71b59773e0ca465148cae9a5caf8;71;noreply@github.com;88769842+vercel-release-bot@users.noreply.github.com
react-dom-unstable_testing.production.js;MODIFY;15715;5.0;Grew;True;2024-11-03 18:11:20+00:00;False;4222;638;82325;c479c04e3ee766a4a0a2c170478d18b12baf1528;85;noreply@github.com;88769842+vercel-release-bot@users.noreply.github.com
react-dom-unstable_testing.production.js;MODIFY;15696;-19.0;Decreased;True;2024-11-06 17:12:33+00:00;False;4220;637;82277;8278fcc6f154e93770daff1ae39e3914e68c444d;93;noreply@github.com;88769842+vercel-release-bot@users.noreply.github.com
react-dom-unstable_testing.production.js;MODIFY;15696;0.0;Equal;True;2024-11-11 10:29:01+00:00;False;4220;637;82277;18b357854be17850b6017d65323cf589e5995bc9;71;noreply@github.com;88769842+vercel-release-bot@users.noreply.github.com
react-dom-unstable_testing.production.js;MODIFY;15710;14.0;Grew;True;2024-11-13 18:44:14+00:00;False;4222;638;82386;35b47d55242bc40daa37623c0709ecabfa0909e6;71;noreply@github.com;88769842+vercel-release-bot@users.noreply.github.com
react-dom-unstable_testing.production.js;MODIFY;15710;0.0;Equal;True;2024-11-14 21:58:25+00:00;False;4222;638;82386;6d39f220cab1467f4dee0801d7adcf948c62f232;71;noreply@github.com;88769842+vercel-release-bot@users.noreply.github.com
react-dom-unstable_testing.production.js;MODIFY;15782;72.0;Grew;True;2024-11-24 18:06:08+00:00;False;4240;637;82692;28a25af1d615cc076f69cad3d3cf76abaa9c236b;72;noreply@github.com;sebastian.silbermann@vercel.com
react-dom-unstable_testing.production.js;MODIFY;15817;35.0;Grew;True;2024-12-04 16:50:44+00:00;False;4252;639;82792;c7a7ce727450d16a9106b314ff381c0c60c5cf21;123;noreply@github.com;88769842+vercel-release-bot@users.noreply.github.com
react-dom-unstable_testing.production.js;MODIFY;15843;26.0;Grew;True;2024-12-04 20:16:56+00:00;False;4262;642;82928;16c309358cd7afa4f02e64261b65be5d07919640;71;noreply@github.com;88769842+vercel-release-bot@users.noreply.github.com
react-dom-unstable_testing.production.js;MODIFY;15843;0.0;Equal;True;2024-12-05 23:02:45+00:00;False;4262;642;82928;9bb8631f7b9b6aa46cb964f4dbc6cba19b1f3f97;90;noreply@github.com;88769842+vercel-release-bot@users.noreply.github.com
react-dom-unstable_testing.production.js;MODIFY;15843;0.0;Equal;True;2024-12-09 11:30:45+00:00;False;4262;642;82928;c87798a1476a166a42a62cf8c36eba0b431db7d7;62;noreply@github.com;88769842+vercel-release-bot@users.noreply.github.com
react-dom-unstable_testing.production.js;MODIFY;15843;0.0;Equal;True;2024-12-18 13:49:59+00:00;False;4262;642;82928;58700912b60cac9481b18069b465ab6d013211ba;100;noreply@github.com;88769842+vercel-release-bot@users.noreply.github.com
react-dom-unstable_testing.production.js;MODIFY;15874;31.0;Grew;True;2024-12-19 22:02:44+00:00;False;4264;643;82930;983fd271ded52c034c18e2663e4af133d487cf2a;159;noreply@github.com;88769842+vercel-release-bot@users.noreply.github.com
