file_name;change_type;n_loc;lines_balance;size_change;is_large;date;swapped_classification;complexity;methods;tokens;hash;files_on_commit;committer_email;author_email
CSharpResolver.cs;ADD;1948;0.0;Grew;True;2016-11-25 23:26:27+00:00;True;672;107;14264;5bedb80a78fc83bd0884942ef67d1440aa3085a5;177;siegfriedpammer@gmail.com;siegfriedpammer@gmail.com
CSharpResolver.cs;MODIFY;1951;3.0;Grew;True;2016-11-26 10:12:53+00:00;False;672;107;14285;1ce8349dd9f31d7bdeeb16d4f14a6b4f740c2cf3;448;christoph.wille@gmail.com;christoph.wille@gmail.com
CSharpResolver.cs;MODIFY;1949;-2.0;Decreased;True;2016-11-26 11:06:58+00:00;False;672;107;14273;840ec04fde4ff9166da217c56583711e6d1dbb85;282;siegfriedpammer@gmail.com;siegfriedpammer@gmail.com
CSharpResolver.cs;MODIFY;1950;1.0;Grew;True;2016-11-26 15:28:01+00:00;False;672;107;14280;0524b4a353e6d663aae4ea4a7f835a3c56afd345;152;siegfriedpammer@gmail.com;siegfriedpammer@gmail.com
CSharpResolver.cs;MODIFY;1940;-10.0;Decreased;True;2017-09-04 18:49:45+00:00;False;670;105;14226;1bcc25500490ebe2e83e901370590e073286b16b;29;daniel@danielgrunwald.de;daniel@danielgrunwald.de
CSharpResolver.cs;MODIFY;1867;-73.0;Decreased;True;2017-09-24 19:45:16+00:00;False;652;95;13781;b5e8571382a3433136c7c28d11ce98fb13daa19b;5;daniel@danielgrunwald.de;daniel@danielgrunwald.de
CSharpResolver.cs;MODIFY;1867;0.0;Equal;True;2018-03-08 23:04:20+00:00;False;652;95;13781;4d00c65608d3f194e4241b3b2ae3e2844ef7e897;52;daniel@danielgrunwald.de;daniel@danielgrunwald.de
CSharpResolver.cs;MODIFY;1867;0.0;Equal;True;2018-05-28 15:38:53+00:00;False;652;95;13781;926c7850ac33f3a3a47014476560644c06a5c146;8;daniel@danielgrunwald.de;daniel@danielgrunwald.de
CSharpResolver.cs;MODIFY;1867;0.0;Equal;True;2018-06-20 19:29:32+00:00;False;652;95;13785;fa2df4df26bed6bfaa502ad76f350c5ab9292b57;18;daniel@danielgrunwald.de;daniel@danielgrunwald.de
CSharpResolver.cs;MODIFY;1855;-12.0;Grew;True;2018-06-27 21:02:24+00:00;False;649;95;13595;db47643a414d718c434bdbdf2918120064541a93;24;daniel@danielgrunwald.de;daniel@danielgrunwald.de
CSharpResolver.cs;MODIFY;1959;104.0;Grew;True;2018-06-29 22:13:50+00:00;False;677;98;14484;64547de4a06013b66e81ff994de1e5ffa01456ff;7;daniel@danielgrunwald.de;daniel@danielgrunwald.de
CSharpResolver.cs;MODIFY;1934;-25.0;Decreased;True;2018-07-01 14:53:57+00:00;False;667;97;14324;4ec00283561d7c34dd0e65bafd3495bf82d74376;36;daniel@danielgrunwald.de;daniel@danielgrunwald.de
CSharpResolver.cs;MODIFY;1934;0.0;Equal;True;2018-07-13 20:20:49+00:00;False;667;97;14324;3b46776c5ef1ca79efc98f547ad71e3436a8b0d1;94;daniel@danielgrunwald.de;daniel@danielgrunwald.de
CSharpResolver.cs;MODIFY;1934;0.0;Equal;True;2018-07-23 21:14:56+00:00;False;667;97;14325;9479e8af13d5860069c42f899f3498ca0c0fc791;23;daniel@danielgrunwald.de;daniel@danielgrunwald.de
CSharpResolver.cs;MODIFY;1934;0.0;Equal;True;2019-07-25 21:23:44+00:00;False;667;97;14319;9c1bf7fbdfada39d2ae2bdf1b0d3bd5d4a56ca7f;17;siegfriedpammer@gmail.com;siegfriedpammer@gmail.com
CSharpResolver.cs;MODIFY;1934;0.0;Equal;True;2019-11-04 11:41:38+00:00;False;667;97;14325;6e4db66b61665506d32e746590e5e1955722bd1e;6;siegfriedpammer@gmail.com;siegfriedpammer@gmail.com
CSharpResolver.cs;MODIFY;1934;0.0;Equal;True;2019-11-04 19:40:21+00:00;False;667;97;14355;e211b015953bc2a1e0c6f7f47edb19c4a1018faa;87;siegfriedpammer@gmail.com;siegfriedpammer@gmail.com
CSharpResolver.cs;MODIFY;1931;-3.0;Decreased;True;2020-04-16 09:22:18+00:00;False;667;97;14347;8925b4ff7b19ba3920cb2a3e2908474ca7c69dfc;17;siegfriedpammer@gmail.com;siegfriedpammer@gmail.com
CSharpResolver.cs;MODIFY;1967;36.0;Grew;True;2020-07-12 21:29:06+00:00;False;684;98;14731;3a4db502bc2f6175dd6723cd401fac835de493cd;7;daniel@danielgrunwald.de;daniel@danielgrunwald.de
CSharpResolver.cs;MODIFY;1975;8.0;Grew;True;2020-07-13 21:38:16+00:00;False;688;98;14810;dc3dd193c82da9099021837ffd3cceedb8f945a5;3;daniel@danielgrunwald.de;daniel@danielgrunwald.de
CSharpResolver.cs;MODIFY;2337;362.0;Grew;True;2020-08-27 23:05:38+00:00;False;688;98;14810;0d9f871a4f7c478fdf3f7b699d74e77506e978a4;963;siegfriedpammer@gmail.com;dummy_mail@example.com
CSharpResolver.cs;MODIFY;2298;-39.0;Decreased;True;2020-09-12 13:44:48+00:00;False;683;98;14579;a26a25d689a681f265a6bf1652fe3e8f7c4f1364;3;daniel@danielgrunwald.de;daniel@danielgrunwald.de
CSharpResolver.cs;MODIFY;2302;4.0;Grew;True;2021-02-13 17:24:49+00:00;False;684;98;14595;c95da67cbecffc02894f15e4896aa10c06a4c4a5;4;daniel@danielgrunwald.de;daniel@danielgrunwald.de
CSharpResolver.cs;MODIFY;2302;0.0;Equal;True;2021-06-03 14:34:09+00:00;False;683;98;14589;bbaddf84ccc64e3669e81a178210ca6f972c734d;2;daniel@danielgrunwald.de;daniel@danielgrunwald.de
CSharpResolver.cs;MODIFY;2310;8.0;Grew;True;2021-11-24 23:34:48+00:00;False;685;98;14623;9bbb944e97a20135e15eab975ebb899e07a2e934;2;daniel@danielgrunwald.de;daniel@danielgrunwald.de
CSharpResolver.cs;MODIFY;2309;-1.0;Equal;True;2022-09-18 18:16:27+00:00;False;686;98;14627;1447038ce1a43f612b8ded7bba195a3c6066c8a9;1;elektrokilldev@protonmail.com;elektrokilldev@protonmail.com
CSharpResolver.cs;MODIFY;2306;-3.0;Decreased;True;2023-05-29 19:50:26+00:00;False;687;98;14621;3f0995892245bb598c1e5bdfc8a44b6b5dc89f51;2;daniel@danielgrunwald.de;daniel@danielgrunwald.de
CSharpResolver.cs;MODIFY;2311;5.0;Grew;True;2023-06-02 19:37:42+00:00;False;690;98;14648;3c46271a1123d3c8a02fcb5151bcd239754776f7;21;daniel@danielgrunwald.de;daniel@danielgrunwald.de
CSharpResolver.cs;MODIFY;2290;-21.0;Decreased;True;2023-10-14 21:11:52+00:00;False;685;95;14549;5a3c6e0872cb30745eb484585c865e4a6d632a9b;1;siegfriedpammer@gmail.com;siegfriedpammer@gmail.com
CSharpResolver.cs;MODIFY;2290;0.0;Equal;True;2023-10-14 21:11:52+00:00;False;685;95;14582;ee160b4e2a45c0efc3059ebd671462a4ac9618ba;2;siegfriedpammer@gmail.com;siegfriedpammer@gmail.com
