file_name;change_type;n_loc;lines_balance;size_change;is_large;date;swapped_classification;complexity;methods;tokens;hash;files_on_commit;committer_email;author_email
ReflectionDisassembler.cs;RENAME;460;0.0;Equal;False;2011-02-05 23:03:20+00:00;False;73;34;3115;d569ba539529a73d69325922acd8a44c3bd555f4;29;daniel@danielgrunwald.de;daniel@danielgrunwald.de
ReflectionDisassembler.cs;MODIFY;460;0.0;Equal;False;2011-02-13 11:30:20+00:00;False;74;34;3202;556fb79e8c96191f9cb9f6db421fe80f8d1aeb39;10;marcueusebiu@gmail.com;marcueusebiu@gmail.com
ReflectionDisassembler.cs;MODIFY;455;-5.0;Decreased;False;2011-02-13 21:16:38+00:00;False;74;34;3154;00d01f24ba87ba687acf78389f488bceeab02a14;22;marcueusebiu@gmail.com;marcueusebiu@gmail.com
ReflectionDisassembler.cs;MODIFY;455;0.0;Equal;False;2011-02-16 12:47:07+00:00;False;74;34;3154;16d84ed0d994a69d225e629f2ab82a021ed8d609;7;marcueusebiu@gmail.com;marcueusebiu@gmail.com
ReflectionDisassembler.cs;MODIFY;455;0.0;Equal;False;2011-02-20 01:00:36+00:00;False;74;34;3150;a5d912969c6ac425d42582124bd47b09de0377c3;13;marcueusebiu@gmail.com;marcueusebiu@gmail.com
ReflectionDisassembler.cs;MODIFY;457;2.0;Grew;False;2011-02-20 15:04:49+00:00;False;74;34;3161;31c1527d1a52c3c5f55cd64ec89f35405a8f0fbb;7;marcueusebiu@gmail.com;marcueusebiu@gmail.com
ReflectionDisassembler.cs;MODIFY;457;0.0;Equal;False;2011-03-03 15:14:23+00:00;False;74;34;3166;572c79f097d444604faad5a7bafb6ba1d6ee1260;20;marcueusebiu@gmail.com;marcueusebiu@gmail.com
ReflectionDisassembler.cs;MODIFY;457;0.0;Equal;False;2011-03-11 20:12:27+00:00;False;74;34;3166;816c34d94cdcc2600ecc77ef64e6306b55d7777b;8;marcueusebiu@gmail.com;marcueusebiu@gmail.com
ReflectionDisassembler.cs;MODIFY;468;11.0;Grew;False;2011-04-06 20:22:38+00:00;False;78;34;3238;c81f81827f99dc4dcb7ef54b2acb3673300daf8f;4;bivaro@gmail.com;bivaro@gmail.com
ReflectionDisassembler.cs;MODIFY;475;7.0;Grew;False;2011-04-17 10:29:13+00:00;False;78;34;3302;617236b31d5246125ef433bdb503719a723073ae;14;marcueusebiu@gmail.com;marcueusebiu@gmail.com
ReflectionDisassembler.cs;MODIFY;476;1.0;Grew;False;2011-04-17 21:17:41+00:00;False;79;34;3310;e184c73f2dc6f6a348ad780f41d632df07ccfac8;1;marcueusebiu@gmail.com;marcueusebiu@gmail.com
ReflectionDisassembler.cs;MODIFY;476;0.0;Equal;False;2011-04-19 10:30:11+00:00;False;79;34;3310;e4513b947b474b98fbfb7e25dfe7f76af7ae3a84;12;daniel@danielgrunwald.de;marcueusebiu@gmail.com
ReflectionDisassembler.cs;MODIFY;513;37.0;Grew;False;2011-04-22 20:54:30+00:00;False;91;35;3560;1e13e4a6fae4ac222393a5fb44e89513cace10d4;2;daniel@danielgrunwald.de;daniel@danielgrunwald.de
ReflectionDisassembler.cs;MODIFY;534;21.0;Grew;False;2011-04-26 19:19:02+00:00;False;99;35;3860;a2b35dbd6065f10de285451c85da7cde03b7e08a;22;marcueusebiu@gmail.com;marcueusebiu@gmail.com
ReflectionDisassembler.cs;MODIFY;532;-2.0;Decreased;False;2011-04-29 12:25:41+00:00;False;98;35;3850;a0bff8626e523283cdaa8cca62c1ed12cda97d46;12;marcueusebiu@gmail.com;marcueusebiu@gmail.com
ReflectionDisassembler.cs;MODIFY;522;-10.0;Decreased;False;2011-05-01 20:23:18+00:00;False;91;36;3681;f6ecd0645ad244cd4728596132180f1aa3f210c1;14;marcueusebiu@gmail.com;marcueusebiu@gmail.com
ReflectionDisassembler.cs;MODIFY;515;-7.0;Decreased;False;2011-05-03 11:01:58+00:00;False;90;35;3593;802702908a4ce8ffcd7749882cfc7a8282645f07;9;marcueusebiu@gmail.com;marcueusebiu@gmail.com
ReflectionDisassembler.cs;MODIFY;515;0.0;Equal;False;2011-05-16 07:53:21+00:00;False;90;35;3593;207af4eced2d2e6449944626b007221f787c3a3e;4;marcueusebiu@gmail.com;marcueusebiu@gmail.com
ReflectionDisassembler.cs;MODIFY;542;27.0;Grew;False;2011-05-20 10:32:20+00:00;False;101;37;3730;7513c8c64bdb3182e2ee996249f50397dd684308;1;daniel@danielgrunwald.de;daniel@danielgrunwald.de
ReflectionDisassembler.cs;MODIFY;571;29.0;Grew;False;2011-05-21 12:43:12+00:00;False;106;40;3965;d362f8d0f606398342cd10b549f0b0f52b5cd348;6;daniel@danielgrunwald.de;daniel@danielgrunwald.de
ReflectionDisassembler.cs;MODIFY;835;264.0;Grew;False;2011-05-21 15:41:51+00:00;False;196;43;5494;dd4d090468edf4e2e1c0df27534fc12a9aa9db58;5;daniel@danielgrunwald.de;daniel@danielgrunwald.de
ReflectionDisassembler.cs;MODIFY;861;26.0;Grew;False;2011-05-21 17:01:32+00:00;False;203;43;5699;2d42dd5c5740c9fcae7d33a4b8e6cdf0f148b543;6;daniel@danielgrunwald.de;daniel@danielgrunwald.de
ReflectionDisassembler.cs;MODIFY;991;130.0;Grew;False;2011-05-21 18:58:55+00:00;False;233;46;6449;32081feb1b8d34148242de4921cae5b47eb740a1;2;daniel@danielgrunwald.de;daniel@danielgrunwald.de
ReflectionDisassembler.cs;MODIFY;1005;14.0;Grew;False;2011-05-21 19:57:53+00:00;False;237;46;6561;3779381796e327191b5702d8afc44cd1ca286153;3;daniel@danielgrunwald.de;daniel@danielgrunwald.de
ReflectionDisassembler.cs;MODIFY;994;-11.0;Decreased;False;2011-05-21 20:44:43+00:00;False;234;46;6467;5274fe95c1b54f0aac5744b2c9b7eda9940079f8;1;kcathcar@nd.edu;kcathcar@nd.edu
ReflectionDisassembler.cs;MODIFY;995;1.0;Grew;False;2011-05-21 20:48:35+00:00;False;234;46;6475;e198438a46553f1ae0d3e4504488a18c4d714ede;1;kcathcar@nd.edu;kcathcar@nd.edu
ReflectionDisassembler.cs;MODIFY;1000;5.0;Grew;False;2011-05-22 00:08:24+00:00;False;236;46;6528;20f9a624f2958fdc649f6167538b041e8b139df2;2;KevinCathcart@gmail.com;KevinCathcart@gmail.com
ReflectionDisassembler.cs;MODIFY;1018;18.0;Grew;False;2011-05-22 09:50:01+00:00;False;241;46;6687;399a87e5a1f59ef6ed7e3633c297884ae789fec8;2;daniel@danielgrunwald.de;daniel@danielgrunwald.de
ReflectionDisassembler.cs;MODIFY;1018;0.0;Equal;False;2011-05-29 18:21:18+00:00;False;242;46;6693;c339b9270a7b620c6b97b38e27bd7fbf9dbbd0fd;5;daniel@danielgrunwald.de;daniel@danielgrunwald.de
ReflectionDisassembler.cs;MODIFY;1020;2.0;Grew;False;2011-09-17 13:53:39+00:00;False;241;46;6726;81bb822fdb8515a8ec5206fee22bf4fdd9fd57d3;33;daniel@danielgrunwald.de;daniel@danielgrunwald.de
ReflectionDisassembler.cs;MODIFY;1017;-3.0;Decreased;False;2011-09-18 00:16:22+00:00;False;241;46;6656;56c75e09b2d2b23044491db13dc784fdd14ca711;14;daniel@danielgrunwald.de;daniel@danielgrunwald.de
ReflectionDisassembler.cs;MODIFY;1023;6.0;Grew;False;2011-09-25 11:55:23+00:00;False;241;46;6776;ab9a80caddb2aca991e128950e99df3710834fd1;21;marcueusebiu@gmail.com;marcueusebiu@gmail.com
ReflectionDisassembler.cs;MODIFY;1017;-6.0;Decreased;False;2011-10-07 20:40:48+00:00;False;241;46;6656;38b404a709ebc8b76f2092ead8e664354c1e2f77;9;marcueusebiu@gmail.com;marcueusebiu@gmail.com
ReflectionDisassembler.cs;MODIFY;1024;7.0;Grew;False;2012-02-29 23:13:04+00:00;False;243;46;6702;92400e0f1a55162ba60a79cdce7b4b798543ffe5;8;daniel@danielgrunwald.de;daniel@danielgrunwald.de
ReflectionDisassembler.cs;MODIFY;1027;3.0;Grew;False;2012-06-11 17:08:28+00:00;False;244;46;6723;9d08b33ebdd7157e71f01f6e0be32705487b2d59;1;daniel@danielgrunwald.de;daniel@danielgrunwald.de
ReflectionDisassembler.cs;MODIFY;1025;-2.0;Decreased;False;2014-06-15 17:24:13+00:00;False;244;46;6681;27252656cfb019ca65b81a3e4019894d83b1b35f;414;daniel@danielgrunwald.de;daniel@danielgrunwald.de
ReflectionDisassembler.cs;MODIFY;1033;8.0;Grew;False;2014-06-19 14:49:18+00:00;False;246;48;6708;167e140c754eb142a0d09cfa0f1edf83143a0092;20;daniel@danielgrunwald.de;daniel@danielgrunwald.de
ReflectionDisassembler.cs;MODIFY;1031;-2.0;Decreased;False;2015-04-22 20:40:40+00:00;False;244;46;6749;02a500e76200cb6777da17cb5280a8aeebe6ec33;20;daniel@danielgrunwald.de;daniel@danielgrunwald.de
ReflectionDisassembler.cs;MODIFY;1028;-3.0;Decreased;False;2015-07-12 16:37:31+00:00;False;243;45;6760;b018a188aeda6841841bf6df60fcf5acf30d92c4;1;daniel@danielgrunwald.de;daniel@danielgrunwald.de
ReflectionDisassembler.cs;MODIFY;1030;2.0;Grew;False;2016-11-24 22:17:12+00:00;False;245;47;6722;7273fe58fd7c0362df2b1c13e7171c3b682a0f1c;80;daniel@danielgrunwald.de;daniel@danielgrunwald.de
ReflectionDisassembler.cs;MODIFY;1027;-3.0;Decreased;False;2016-11-26 11:06:58+00:00;False;245;47;6707;840ec04fde4ff9166da217c56583711e6d1dbb85;282;siegfriedpammer@gmail.com;siegfriedpammer@gmail.com
ReflectionDisassembler.cs;MODIFY;1029;2.0;Grew;False;2016-11-26 15:29:29+00:00;False;245;47;6721;b3590ec292aee52b51c7234ac682adb52b35216b;18;daniel@danielgrunwald.de;daniel@danielgrunwald.de
ReflectionDisassembler.cs;MODIFY;1028;-1.0;Decreased;False;2017-09-16 22:38:41+00:00;False;246;47;6713;260d303b8efdb4e5ba9f61320ff73a50154fcc0c;18;daniel@danielgrunwald.de;daniel@danielgrunwald.de
ReflectionDisassembler.cs;MODIFY;1032;4.0;Grew;False;2017-10-14 11:35:06+00:00;False;247;48;6736;d871960bec338c2550af40b8ba87d3ad893b1cb2;3;siegfriedpammer@gmail.com;siegfriedpammer@gmail.com
ReflectionDisassembler.cs;MODIFY;1040;8.0;Grew;False;2017-10-14 17:31:10+00:00;False;247;48;6769;462d0da7b6449b5a22d99d59820b6120684623e2;7;daniel@danielgrunwald.de;daniel@danielgrunwald.de
ReflectionDisassembler.cs;MODIFY;1376;336.0;Grew;False;2018-01-15 19:51:46+00:00;False;329;72;10052;02b7dc98be93981aaf09798e73f77c72af145be0;28;siegfriedpammer@gmail.com;siegfriedpammer@gmail.com
ReflectionDisassembler.cs;MODIFY;1041;-335.0;Decreased;False;2018-01-17 17:37:40+00:00;False;249;48;6787;8af973ef35d2bfc014057c764ef6af4273d446c4;10;siegfriedpammer@gmail.com;siegfriedpammer@gmail.com
ReflectionDisassembler.cs;MODIFY;1376;335.0;Grew;False;2018-01-30 22:29:52+00:00;False;329;72;10056;3d9cbb71bdaf363d82ad54090b99d6d4d1b887d7;4;siegfriedpammer@gmail.com;siegfriedpammer@gmail.com
ReflectionDisassembler.cs;MODIFY;1305;-71.0;Decreased;False;2018-02-13 19:54:50+00:00;False;302;64;8868;cb9787098f4860e575aea6d1daec2598f6f67fa2;109;siegfriedpammer@gmail.com;siegfriedpammer@gmail.com
ReflectionDisassembler.cs;MODIFY;1305;0.0;Equal;False;2018-02-13 20:42:32+00:00;False;302;64;8868;d4b91577c958fa3dd0dd2eba1a6d82744c092d3d;1;siegfriedpammer@gmail.com;siegfriedpammer@gmail.com
ReflectionDisassembler.cs;MODIFY;1322;17.0;Grew;False;2018-02-16 09:22:15+00:00;False;303;63;9274;87ced033badf880d70b0aac782ce54d3fe9fd0f2;74;siegfriedpammer@gmail.com;siegfriedpammer@gmail.com
ReflectionDisassembler.cs;MODIFY;1359;37.0;Grew;False;2018-02-16 10:13:28+00:00;False;309;63;9560;a5f1dda9e9887ff930948732f36f8538c3fb05ba;10;siegfriedpammer@gmail.com;siegfriedpammer@gmail.com
ReflectionDisassembler.cs;MODIFY;1595;236.0;Grew;False;2018-02-18 13:55:36+00:00;False;382;69;11296;6065030a24276bc046288d48aa29104c910d6469;4;siegfriedpammer@gmail.com;siegfriedpammer@gmail.com
ReflectionDisassembler.cs;MODIFY;1600;5.0;Grew;False;2018-02-18 14:55:31+00:00;False;383;69;11330;a826ad4043d5f3c509e4b299514227abaad50bfd;1;siegfriedpammer@gmail.com;siegfriedpammer@gmail.com
ReflectionDisassembler.cs;MODIFY;1612;12.0;Grew;False;2018-02-18 19:21:03+00:00;False;385;70;11398;53af650a9e5b269808091b39d2c67f7ccc482578;1;siegfriedpammer@gmail.com;siegfriedpammer@gmail.com
ReflectionDisassembler.cs;MODIFY;1043;-569.0;Decreased;False;2018-03-17 13:54:01+00:00;False;250;48;6799;f386d0b9d19d60f3f3c9a6ce572d217818ff417c;3;daniel@danielgrunwald.de;daniel@danielgrunwald.de
ReflectionDisassembler.cs;MODIFY;1615;572.0;Grew;False;2018-03-18 19:02:37+00:00;False;388;70;11414;b500b245483bc56f90df542845332b2daccd5511;21;siegfriedpammer@gmail.com;siegfriedpammer@gmail.com
ReflectionDisassembler.cs;MODIFY;1617;2.0;Grew;False;2018-05-05 23:00:57+00:00;False;389;70;11414;f290d8153519c01d415dd8ac5f3ae13ae62eae24;8;daniel@danielgrunwald.de;daniel@danielgrunwald.de
ReflectionDisassembler.cs;MODIFY;1618;1.0;Grew;False;2018-05-14 20:34:10+00:00;False;389;70;11422;458f448faed009968d67be73b439286359221ec3;43;siegfriedpammer@gmail.com;siegfriedpammer@gmail.com
ReflectionDisassembler.cs;MODIFY;1632;14.0;Grew;False;2018-06-23 18:18:08+00:00;False;392;71;11495;4e449de58db6ff007cb40d853ff7c5787ab1ce41;4;daniel@danielgrunwald.de;daniel@danielgrunwald.de
ReflectionDisassembler.cs;MODIFY;1645;13.0;Grew;False;2018-06-24 17:47:14+00:00;False;394;72;11590;0f8c310de212844dce336a8b1b870277c5a3d050;52;daniel@danielgrunwald.de;daniel@danielgrunwald.de
ReflectionDisassembler.cs;MODIFY;1645;0.0;Equal;False;2018-06-24 20:55:09+00:00;False;394;72;11589;385433aff4922f1678278729621739437e87d3d4;15;daniel@danielgrunwald.de;daniel@danielgrunwald.de
ReflectionDisassembler.cs;MODIFY;1649;4.0;Grew;False;2018-07-01 10:21:37+00:00;False;394;72;11538;9acc372a684e4cc2f506d751a9d7eec36e795177;45;siegfriedpammer@gmail.com;siegfriedpammer@gmail.com
ReflectionDisassembler.cs;MODIFY;1656;7.0;Grew;False;2018-07-07 16:22:53+00:00;False;394;72;11554;bcfb3742eb1844548fd12bc8d5666827d10427a0;42;siegfriedpammer@gmail.com;siegfriedpammer@gmail.com
ReflectionDisassembler.cs;MODIFY;1656;0.0;Equal;False;2018-07-08 20:14:25+00:00;False;394;72;11562;4f8441e14262b87403a63e65925abbf505bdb63c;18;siegfriedpammer@gmail.com;siegfriedpammer@gmail.com
ReflectionDisassembler.cs;MODIFY;1659;3.0;Grew;False;2018-07-10 08:04:26+00:00;False;394;72;11563;5af952dc3734d20c9b2289e165020424bb6aa38c;1;siegfriedpammer@gmail.com;siegfriedpammer@gmail.com
ReflectionDisassembler.cs;MODIFY;1659;0.0;Equal;False;2018-07-10 11:38:34+00:00;False;394;72;11559;e548aa88c248bb9a26e0302fe81e4d8857a1320a;1;siegfriedpammer@gmail.com;siegfriedpammer@gmail.com
ReflectionDisassembler.cs;MODIFY;1664;5.0;Grew;False;2018-07-10 22:33:19+00:00;False;395;72;11610;93aca8ef0369337a95d96a4909794bd89fa017e1;1;siegfriedpammer@gmail.com;siegfriedpammer@gmail.com
ReflectionDisassembler.cs;MODIFY;1744;80.0;Grew;False;2018-07-11 13:48:55+00:00;False;417;75;12066;b5191c169b611c173ae6ac3218c30295a5c2b57e;2;siegfriedpammer@gmail.com;siegfriedpammer@gmail.com
ReflectionDisassembler.cs;MODIFY;1759;15.0;Grew;False;2018-07-11 15:19:02+00:00;False;420;75;12163;f40743994b48c908c491ff7fb58ac2a12385a3b9;2;siegfriedpammer@gmail.com;siegfriedpammer@gmail.com
ReflectionDisassembler.cs;MODIFY;1759;0.0;Equal;False;2018-07-12 07:03:31+00:00;False;419;75;12158;01e374fd4f76af4f8dd2b34af4a8c17fe736b5fa;3;siegfriedpammer@gmail.com;siegfriedpammer@gmail.com
ReflectionDisassembler.cs;MODIFY;1810;51.0;Grew;True;2018-07-12 12:17:50+00:00;True;430;77;12397;d3d7dda7e4d2073f3b9966172cb7e748b236a7b5;1;siegfriedpammer@gmail.com;siegfriedpammer@gmail.com
ReflectionDisassembler.cs;MODIFY;1669;-141.0;Decreased;False;2018-07-13 07:07:38+00:00;True;390;81;11619;ce855885b13c3fe88efb52ef571c568055c22f8b;7;siegfriedpammer@gmail.com;siegfriedpammer@gmail.com
ReflectionDisassembler.cs;MODIFY;1669;0.0;Equal;False;2018-07-15 06:42:29+00:00;False;390;81;11619;58c2746e60b190f8f25257ddb082a4c4362f105d;2;siegfriedpammer@gmail.com;siegfriedpammer@gmail.com
ReflectionDisassembler.cs;MODIFY;1689;20.0;Grew;False;2018-07-21 17:01:52+00:00;False;392;81;11679;2a80757e0a00098e0ce6b7f080b255e54d5a593e;1;siegfriedpammer@gmail.com;siegfriedpammer@gmail.com
ReflectionDisassembler.cs;MODIFY;1690;1.0;Grew;False;2018-07-23 09:55:39+00:00;False;392;81;11684;b20d4df95b8d2e2b944c3a413e1a88335fa8a92c;4;siegfriedpammer@gmail.com;siegfriedpammer@gmail.com
ReflectionDisassembler.cs;MODIFY;1690;0.0;Equal;False;2018-10-14 16:07:54+00:00;False;392;81;11682;e418bcc7530df2bb8f536753149e3db6985963ef;1;siegfriedpammer@gmail.com;siegfriedpammer@gmail.com
ReflectionDisassembler.cs;MODIFY;1696;6.0;Grew;False;2018-12-08 09:08:05+00:00;False;392;81;11722;0545025705df6a742a1fb0d3bd1dc05f73b27c93;1;siegfriedpammer@gmail.com;siegfriedpammer@gmail.com
ReflectionDisassembler.cs;MODIFY;1702;6.0;Grew;False;2018-12-21 15:45:56+00:00;False;393;81;11743;72d755037b0c6d475d669f396b6348285a65074b;18;daniel@danielgrunwald.de;daniel@danielgrunwald.de
ReflectionDisassembler.cs;MODIFY;1706;4.0;Grew;False;2018-12-23 17:25:30+00:00;False;393;81;11762;fbfcd6f72a1ee805c740a87c1e65a1a6c9031740;7;siegfriedpammer@gmail.com;siegfriedpammer@gmail.com
ReflectionDisassembler.cs;MODIFY;1709;3.0;Grew;False;2019-03-17 18:14:22+00:00;False;394;81;11819;2a5ba0f6659b243760b9bd377f60654bc1007f45;6;siegfriedpammer@gmail.com;siegfriedpammer@gmail.com
ReflectionDisassembler.cs;MODIFY;1715;6.0;Grew;False;2019-06-08 19:59:24+00:00;False;397;81;11859;7f2b3a45066684ca04f792e3189120b960845ae6;4;daniel@danielgrunwald.de;daniel@danielgrunwald.de
ReflectionDisassembler.cs;MODIFY;1729;14.0;Grew;False;2019-06-09 12:17:06+00:00;False;400;81;11953;f5317b853a97470713fa2cedbce73dfc62903765;2;daniel@danielgrunwald.de;daniel@danielgrunwald.de
ReflectionDisassembler.cs;MODIFY;1744;15.0;Grew;False;2019-06-09 13:11:11+00:00;False;404;81;12065;ef035e6e02d8f0b18c033d4c0d82d795773e8e30;2;daniel@danielgrunwald.de;daniel@danielgrunwald.de
ReflectionDisassembler.cs;MODIFY;1762;18.0;Grew;True;2019-06-09 15:04:59+00:00;True;408;82;12163;8e7a197c8d30d450e2affc92561a5ef4dcba4245;2;siegfriedpammer@gmail.com;siegfriedpammer@gmail.com
ReflectionDisassembler.cs;MODIFY;1780;18.0;Grew;True;2019-08-11 15:43:36+00:00;False;409;82;12313;152aa2a21bfae6bd333f5be9333cb9f72932eece;1;daniel@danielgrunwald.de;daniel@danielgrunwald.de
ReflectionDisassembler.cs;MODIFY;1562;-218.0;Decreased;False;2019-11-24 00:04:15+00:00;True;347;66;10898;270547cb469137904cc96f93b4e78a5eb50683be;8;siegfriedpammer@gmail.com;siegfriedpammer@gmail.com
ReflectionDisassembler.cs;MODIFY;1572;10.0;Grew;False;2019-12-21 23:14:11+00:00;False;350;66;11013;deaedd09143f4b28189d7a37ca41d9dc12ed47d8;46;siegfriedpammer@gmail.com;siegfriedpammer@gmail.com
ReflectionDisassembler.cs;MODIFY;1620;48.0;Grew;False;2020-05-24 14:54:01+00:00;False;360;74;11418;3436ac32463b45a438888e7b4ccd6562eb86e34d;8;siegfriedpammer@gmail.com;siegfriedpammer@gmail.com
ReflectionDisassembler.cs;MODIFY;1816;196.0;Grew;True;2020-08-27 23:05:38+00:00;True;360;74;11418;0d9f871a4f7c478fdf3f7b699d74e77506e978a4;963;siegfriedpammer@gmail.com;dummy_mail@example.com
ReflectionDisassembler.cs;MODIFY;1821;5.0;Grew;True;2020-08-29 14:07:25+00:00;False;362;74;11429;f128c1c16b8f6baa03ad80edcc2b5a715032454a;4;siegfriedpammer@gmail.com;siegfriedpammer@gmail.com
ReflectionDisassembler.cs;MODIFY;1831;10.0;Grew;True;2020-10-25 11:55:33+00:00;False;364;74;11451;f0012cbc1a2d1f2ec48b007d14da13f0ed8650e3;8;siegfriedpammer@gmail.com;siegfriedpammer@gmail.com
ReflectionDisassembler.cs;MODIFY;1831;0.0;Equal;True;2021-02-04 19:14:34+00:00;False;364;74;11451;899214c658e07d15cdb755830b02d40cf720f504;1;siegfriedpammer@gmail.com;siegfriedpammer@gmail.com
ReflectionDisassembler.cs;MODIFY;1835;4.0;Grew;True;2021-08-26 12:54:49+00:00;False;364;74;11470;900d0a4b9354e76eb035daaf99aa88842792ae32;9;siegfriedpammer@gmail.com;siegfriedpammer@gmail.com
ReflectionDisassembler.cs;MODIFY;1835;0.0;Equal;True;2022-04-12 07:38:58+00:00;False;364;74;11466;93dcba3426db5b23d635dc57b27be09f3e79da21;45;siegfriedpammer@gmail.com;siegfriedpammer@gmail.com
ReflectionDisassembler.cs;MODIFY;1835;0.0;Equal;True;2022-04-18 17:50:47+00:00;False;364;74;11474;13da4c48d49d06ee2543bade0cbb2ca2b77b7802;6;siegfriedpammer@gmail.com;siegfriedpammer@gmail.com
ReflectionDisassembler.cs;MODIFY;1864;29.0;Grew;True;2022-11-20 19:35:43+00:00;False;385;81;11742;3248657d2b26fe961831841746837f8f16d5b705;11;noreply@github.com;mail@tom-englert.de
ReflectionDisassembler.cs;MODIFY;1876;12.0;Grew;True;2023-02-19 19:48:58+00:00;False;386;81;11814;403098280a2ac50fc45f53905d915bb6167eb247;5;lucas.trzesniewski@gmail.com;lucas.trzesniewski@gmail.com
ReflectionDisassembler.cs;MODIFY;1878;2.0;Grew;True;2024-03-16 17:21:32+00:00;False;386;81;11842;89d97b99a074d87fa279959921312d7abbece599;1;siegfriedpammer@gmail.com;siegfriedpammer@gmail.com
ReflectionDisassembler.cs;MODIFY;1880;2.0;Grew;True;2024-03-16 17:26:26+00:00;False;386;81;11854;3e9e7a3b55be5ad6511e5f7e20b7f6870e87226e;1;siegfriedpammer@gmail.com;siegfriedpammer@gmail.com
ReflectionDisassembler.cs;MODIFY;1882;2.0;Grew;True;2024-03-24 14:35:13+00:00;False;387;81;11862;ca78d4a14d17c4b2c3477a43b0279229f49d4236;117;siegfriedpammer@gmail.com;siegfriedpammer@gmail.com
ReflectionDisassembler.cs;MODIFY;1885;3.0;Grew;True;2024-03-28 19:42:11+00:00;False;388;81;11871;2d90c457c8b55bb30709e0e25e18cc353b8bba5b;15;siegfriedpammer@gmail.com;siegfriedpammer@gmail.com
