file_name;change_type;n_loc;lines_balance;size_change;is_large;date;swapped_classification;complexity;methods;tokens;hash;files_on_commit;committer_email;author_email
AbstractCoordinatorTest.java;ADD;94;0.0;Grew;False;2016-05-05 19:03:28+00:00;False;10;9;776;32bf83e5a792c5ee9eb88660da71b73aad5bbc02;8;me@ewencp.org;jason@confluent.io
AbstractCoordinatorTest.java;MODIFY;140;46.0;Grew;False;2016-08-17 18:50:04+00:00;False;16;13;1166;40b1dd3f495a59abef8a0cba5450526994c92c04;43;wangguoz@gmail.com;jason@confluent.io
AbstractCoordinatorTest.java;MODIFY;154;14.0;Grew;False;2016-09-08 16:42:22+00:00;False;17;14;1293;6cf2cb6f294d0d4766f57e9da660fb4efac7d258;2;jason@confluent.io;rajinisivaram@googlemail.com
AbstractCoordinatorTest.java;MODIFY;157;3.0;Grew;False;2016-09-20 01:38:27+00:00;False;18;14;1316;eaaa433fc97b86450833d8fcc8c9289ea35d47c0;22;jason@confluent.io;becket.qin@gmail.com
AbstractCoordinatorTest.java;MODIFY;414;257.0;Grew;False;2016-09-22 17:07:50+00:00;False;49;24;3149;732fabf94ebc9631d31f2feb2116ee8b63beabef;2;wangguoz@gmail.com;jason@confluent.io
AbstractCoordinatorTest.java;MODIFY;412;-2.0;Decreased;False;2016-11-15 00:31:04+00:00;False;49;24;2963;3b4c347949c02b1e2b1dd473deda0f8d2304d027;120;jason@confluent.io;jason@confluent.io
AbstractCoordinatorTest.java;MODIFY;412;0.0;Equal;False;2017-02-10 05:03:46+00:00;False;49;24;2947;9898d665d1ab201405d66c70e3ea9710d9dcecd7;112;jason@confluent.io;vahidhashemian@us.ibm.com
AbstractCoordinatorTest.java;MODIFY;412;0.0;Equal;False;2017-02-28 20:35:04+00:00;False;49;24;2947;d0e436c471ba4122ddcc0f7a1624546f97c4a517;1100;me@ewencp.org;matthias@confluent.io
AbstractCoordinatorTest.java;MODIFY;412;0.0;Equal;False;2017-03-03 01:49:10+00:00;False;49;24;2956;a3c45b0c9263ca4481b1af7af3f7d8ae8cb5d5cd;19;jason@confluent.io;rajinisivaram@googlemail.com
AbstractCoordinatorTest.java;MODIFY;412;0.0;Equal;False;2017-03-04 00:52:26+00:00;False;49;24;2957;d9b784e1470714c8b04e7c3d74f626a96ca1591e;17;ismael@juma.me.uk;cmccabe@confluent.io
AbstractCoordinatorTest.java;MODIFY;412;0.0;Equal;False;2017-03-27 17:30:38+00:00;False;49;24;2959;1abed91bd2915226cf6320395e1a5877ea0705d7;10;wangguoz@gmail.com;damian.guy@gmail.com
AbstractCoordinatorTest.java;MODIFY;412;0.0;Equal;False;2017-04-11 08:11:46+00:00;False;49;24;2959;d0e7c6b9304b23ced046934c799df0cba39c28e5;46;ismael@juma.me.uk;apurva@confluent.io
AbstractCoordinatorTest.java;MODIFY;412;0.0;Equal;False;2017-06-01 00:00:11+00:00;False;49;24;2968;7311dcbc5363d59dd0a0de86518dd12a7b259ca4;32;ismael@juma.me.uk;ismael@juma.me.uk
AbstractCoordinatorTest.java;MODIFY;442;30.0;Grew;False;2017-07-21 15:47:54+00:00;False;51;25;3188;4a7064d1ae323903a0d1353372aabadabebb1ed6;2;jason@confluent.io;stephane@roset.me
AbstractCoordinatorTest.java;MODIFY;442;0.0;Equal;False;2017-07-22 19:35:32+00:00;False;51;25;3188;fc93fb4b6116e809f2b69ddb2f7e0f12548fef51;97;becket.qin@gmail.com;lindong28@gmail.com
AbstractCoordinatorTest.java;MODIFY;467;25.0;Grew;False;2017-07-27 05:53:11+00:00;False;54;26;3360;3620035c45736b74e69921f7c50a1c3857aec334;3;jason@confluent.io;jason@confluent.io
AbstractCoordinatorTest.java;MODIFY;468;1.0;Grew;False;2017-08-19 18:17:02+00:00;False;54;26;3383;6896f1ddb7650f42630aef8c67c8b61866e9fc00;15;jason@confluent.io;jason@confluent.io
AbstractCoordinatorTest.java;MODIFY;468;0.0;Equal;False;2017-10-30 18:31:36+00:00;False;54;26;3385;7fe88e8bd9acedcb74a4b3e61440f61481b60711;12;jason@confluent.io;richardyu@Richards-Air.attlocal.net
AbstractCoordinatorTest.java;MODIFY;486;18.0;Grew;False;2018-02-12 22:29:44+00:00;False;57;27;3480;596d3d0ec4ee1ba719ce87e464a095bd63ab72be;6;jason@confluent.io;vahidhashemian@us.ibm.com
AbstractCoordinatorTest.java;MODIFY;486;0.0;Equal;False;2018-05-26 18:50:51+00:00;False;57;27;3492;c470ff70d3e829c8b12f6eb6cc812c4162071a1f;21;jason@confluent.io;vvcephei@users.noreply.github.com
AbstractCoordinatorTest.java;MODIFY;479;-7.0;Decreased;False;2018-06-04 09:23:05+00:00;False;56;27;3451;d02f02130eb36cdc4375eb40bdbe4a1f9b58fc60;14;rajinisivaram@googlemail.com;jason@confluent.io
AbstractCoordinatorTest.java;MODIFY;537;58.0;Grew;False;2018-06-13 23:21:30+00:00;False;61;32;3900;443091b844d4119637d252a5303568e22d4f1d48;23;noreply@github.com;jason@confluent.io
AbstractCoordinatorTest.java;MODIFY;536;-1.0;Decreased;False;2018-08-04 00:25:07+00:00;False;61;32;3981;fc5f6b0e46ff81302b3e445fed0cdf454c942792;20;noreply@github.com;jason@confluent.io
AbstractCoordinatorTest.java;MODIFY;534;-2.0;Decreased;False;2018-10-30 20:20:13+00:00;False;61;32;3966;d71cb54672e63d2f0f4b999668336642a9a63a1d;31;noreply@github.com;jason@confluent.io
AbstractCoordinatorTest.java;MODIFY;567;33.0;Grew;False;2019-01-15 21:26:04+00:00;False;65;34;4235;9a9310d074ead70ebf3e93d29d880e094b9080f6;18;jason@confluent.io;bchen11@outlook.com
AbstractCoordinatorTest.java;MODIFY;580;13.0;Grew;False;2019-02-02 03:56:39+00:00;False;66;35;4369;4420d9ec67fcd437cf55b4ca70a0180615215c8a;12;jason@confluent.io;stanislav_kozlovski@outlook.com
AbstractCoordinatorTest.java;MODIFY;581;1.0;Grew;False;2019-02-20 00:14:13+00:00;False;66;35;4378;4cb8f56b45f3bfb596fb00ef2cc88938fc66f364;6;jason@confluent.io;wicknicks@users.noreply.github.com
AbstractCoordinatorTest.java;MODIFY;585;4.0;Grew;False;2019-03-08 00:29:19+00:00;False;66;35;4415;460e46c3bb76a361d0706b263c03696005e12566;37;noreply@github.com;jason@confluent.io
AbstractCoordinatorTest.java;MODIFY;601;16.0;Grew;False;2019-03-18 20:26:09+00:00;False;66;35;4478;8406f3624d8f99b614eb7171b71fae8b0e663dcb;16;colin@cmccabe.xyz;bchen11@outlook.com
AbstractCoordinatorTest.java;MODIFY;668;67.0;Grew;False;2019-04-26 18:44:38+00:00;False;74;39;5025;0f995ba6be1c0f949320b0879241d9a7c9578436;35;wangguoz@gmail.com;boyang@confluent.io
AbstractCoordinatorTest.java;MODIFY;668;0.0;Equal;False;2019-05-06 21:26:22+00:00;False;74;39;5026;407bcdf78e06f83f2b358d2cbd96aed348a5c28f;21;jason@confluent.io;mimaison@users.noreply.github.com
AbstractCoordinatorTest.java;MODIFY;668;0.0;Equal;False;2019-05-08 00:43:13+00:00;False;74;39;5019;b0e82a68b34512d23a5a60a9b5da0db86eb880b2;31;wangguoz@gmail.com;boyang@confluent.io
AbstractCoordinatorTest.java;MODIFY;668;0.0;Equal;False;2019-05-08 16:31:05+00:00;False;74;39;5021;e6cff21fd8c5add0eb7e55417a91f0530a7d3a32;18;jason@confluent.io;dhruvil@confluent.io
AbstractCoordinatorTest.java;MODIFY;668;0.0;Equal;False;2019-05-09 18:08:22+00:00;False;74;39;5021;a97e55b83868ff786e740db55e73116f85456dcb;22;cmccabe@confluent.io;bob.barrett@outlook.com
AbstractCoordinatorTest.java;MODIFY;673;5.0;Grew;False;2019-05-15 22:09:00+00:00;False;74;39;5048;2208f9966d31a3f52bf9b63938bd6f3729378d9b;13;jason@confluent.io;boyang@confluent.io
AbstractCoordinatorTest.java;MODIFY;674;1.0;Grew;False;2019-05-16 20:08:49+00:00;False;74;39;5073;855f899bb523f3b334f711926a7db4cc75ebb4b4;13;jason@confluent.io;mimaison@users.noreply.github.com
AbstractCoordinatorTest.java;MODIFY;708;34.0;Grew;False;2019-05-18 14:28:36+00:00;False;78;41;5346;9fa331b811d893a0d580e9136c1c7e1fa9774542;29;wangguoz@gmail.com;boyang@confluent.io
AbstractCoordinatorTest.java;MODIFY;708;0.0;Equal;False;2019-05-22 15:03:00+00:00;False;78;41;5353;cafdc1e7df7725c92a374ba9528f7974fe592196;10;bbejeck@gmail.com;boyang@confluent.io
AbstractCoordinatorTest.java;MODIFY;721;13.0;Grew;False;2019-06-17 17:58:43+00:00;False;78;41;5360;1b9e1073885951697f34950a1ea706c93826e871;17;wangguoz@gmail.com;boyang@confluent.io
AbstractCoordinatorTest.java;MODIFY;773;52.0;Grew;False;2019-07-27 06:13:37+00:00;False;86;48;5901;74c90f46c34727be9484e9826ff543b451ada775;20;jason@confluent.io;boyang@confluent.io
AbstractCoordinatorTest.java;MODIFY;843;70.0;Grew;False;2019-09-21 00:50:12+00:00;False;88;50;6736;d91a94e7bff7a2ffe94b562ef1108307afce1bc7;6;noreply@github.com;wangguoz@gmail.com
AbstractCoordinatorTest.java;MODIFY;845;2.0;Grew;False;2019-10-01 00:56:12+00:00;False;88;50;6760;ef2fbfda24115fbadc6a55542ec76d3bedff17d5;2;wangguoz@gmail.com;vvcephei@users.noreply.github.com
AbstractCoordinatorTest.java;MODIFY;843;-2.0;Decreased;False;2019-10-04 16:19:18+00:00;False;88;50;6738;f98013cc501ab30c43ca707a1fbf46c4e9dc1215;30;cmccabe@apache.org;djacot@confluent.io
AbstractCoordinatorTest.java;MODIFY;843;0.0;Equal;False;2019-10-09 17:34:19+00:00;False;88;50;6737;fb9b0dfde5f674e2aa9f9948e2f14bc7698413ae;5;noreply@github.com;wangguoz@gmail.com
AbstractCoordinatorTest.java;MODIFY;817;-26.0;Decreased;False;2019-11-08 17:02:34+00:00;False;85;49;6495;6df058ec150b9c3c8938740ce5ce95d256f4b012;4;noreply@github.com;wangguoz@gmail.com
AbstractCoordinatorTest.java;MODIFY;817;0.0;Equal;False;2020-01-14 23:04:18+00:00;False;85;49;6495;ed7c071e07f1f90e4c2895582f61ca090ced3c42;17;wangguoz@gmail.com;boyang@confluent.io
AbstractCoordinatorTest.java;MODIFY;876;59.0;Grew;False;2020-01-31 21:54:07+00:00;False;92;53;6896;96c4ce4803c39f669a7f539481be76c67979faf0;21;noreply@github.com;djacot@confluent.io
AbstractCoordinatorTest.java;MODIFY;897;21.0;Grew;False;2020-03-21 04:26:57+00:00;False;96;54;7069;c75dc5e2e09cee4ba47a9b6c484cb225acdb086e;2;noreply@github.com;boyang@confluent.io
AbstractCoordinatorTest.java;MODIFY;925;28.0;Grew;False;2020-04-08 03:46:46+00:00;False;97;55;7334;94ef25ab9128030de8692b6e690787ec8012830a;8;wangguoz@gmail.com;wangguoz@gmail.com
AbstractCoordinatorTest.java;MODIFY;1069;144.0;Grew;True;2020-04-23 19:25:02+00:00;True;104;62;8542;5c0fd36ee53052fa8a92dac1266fee3aaf16d7a1;8;noreply@github.com;wangguoz@gmail.com
AbstractCoordinatorTest.java;MODIFY;1085;16.0;Grew;True;2020-05-22 18:52:59+00:00;False;105;63;8719;713f305172b64e8cb9e2d5e3047b53a018e0c195;4;noreply@github.com;jason@confluent.io
AbstractCoordinatorTest.java;MODIFY;1085;0.0;Equal;True;2020-06-05 22:53:13+00:00;False;105;63;8719;910f3179960067135ec8ad4ab83d4582ff3847b5;15;noreply@github.com;boyang@confluent.io
AbstractCoordinatorTest.java;MODIFY;1084;-1.0;Equal;True;2020-09-10 21:34:38+00:00;False;105;63;8760;7e7bb184d2abe34280a7f0eb0f0d9fc0e32389f2;10;noreply@github.com;wangguoz@gmail.com
AbstractCoordinatorTest.java;MODIFY;1084;0.0;Equal;True;2020-10-08 22:54:59+00:00;False;105;63;8760;4ab72780dd95c788a3b4fc22906543ae7cf1948d;10;cshapi@gmail.com;xvrl@apache.org
AbstractCoordinatorTest.java;MODIFY;1085;1.0;Grew;True;2020-12-09 19:15:58+00:00;False;105;63;8773;1f98112e993bc4ae098936b1b0661fdb2c4b1880;95;noreply@github.com;ismael@juma.me.uk
AbstractCoordinatorTest.java;MODIFY;1085;0.0;Equal;True;2020-12-15 13:33:36+00:00;False;105;63;8785;1a10c3445e157da1d2fd670c043f19c385465eb0;133;noreply@github.com;avela@confluent.io
AbstractCoordinatorTest.java;MODIFY;1105;20.0;Grew;True;2021-01-04 22:20:24+00:00;False;106;64;9001;e3ce4a6e11dd8f3d8e08f39c22c4f19f30ff65b8;2;noreply@github.com;43372967+showuon@users.noreply.github.com
AbstractCoordinatorTest.java;MODIFY;1105;0.0;Equal;True;2021-01-14 00:17:45+00:00;False;106;64;9037;52b8aa0fdce1872b5b525b62dc3ac2241cfaa379;262;noreply@github.com;ismael@juma.me.uk
AbstractCoordinatorTest.java;MODIFY;1112;7.0;Grew;True;2021-01-30 12:03:15+00:00;False;107;65;9088;23de8cbe12ae9e8f1795f507dbf7705bacb56d21;1;noreply@github.com;chia7712@gmail.com
AbstractCoordinatorTest.java;MODIFY;1112;0.0;Equal;True;2021-03-15 16:24:38+00:00;False;107;65;9089;2387d191fcbcc6ae33fe5c48a933e6b14da7aaa5;7;noreply@github.com;wangguoz@gmail.com
AbstractCoordinatorTest.java;MODIFY;1112;0.0;Equal;True;2021-07-01 21:05:03+00:00;False;107;65;9091;f5d5f654db359af077088685e29fbe5ea69616cf;54;noreply@github.com;mimaison@users.noreply.github.com
AbstractCoordinatorTest.java;MODIFY;1222;110.0;Grew;True;2021-08-24 18:59:38+00:00;False;126;72;9783;d0ec4d7ebf0022537807f5080b19414bd81f706e;3;noreply@github.com;jason@confluent.io
AbstractCoordinatorTest.java;MODIFY;1258;36.0;Grew;True;2022-01-13 15:01:37+00:00;False;130;74;10075;69645f1fe5103adb00de6fa43152e7df989f3aea;11;noreply@github.com;jeff.kim@confluent.io
AbstractCoordinatorTest.java;MODIFY;1266;8.0;Grew;True;2022-01-13 15:06:11+00:00;False;132;74;10162;bf609694f83931990ce63e0123f811e6475820c5;9;noreply@github.com;jeff.kim@confluent.io
AbstractCoordinatorTest.java;MODIFY;1267;1.0;Grew;True;2022-02-09 07:05:42+00:00;False;132;74;10165;4b468a9d81f7380f7197a2a6b859c1b4dca84bd9;7;noreply@github.com;91005273+RivenSun2@users.noreply.github.com
AbstractCoordinatorTest.java;MODIFY;1268;1.0;Grew;True;2022-02-14 10:55:38+00:00;False;132;74;10168;c8fbe26f3bd3a7c018e7619deba002ee454208b9;15;noreply@github.com;djacot@confluent.io
AbstractCoordinatorTest.java;MODIFY;1322;54.0;Grew;True;2022-06-13 02:39:54+00:00;False;139;76;10530;c23d60d56cd73118624192cf03f6e400f59027e7;2;noreply@github.com;wangxiaofan0529@gmail.com
AbstractCoordinatorTest.java;MODIFY;1322;0.0;Equal;True;2022-06-20 14:47:02+00:00;False;139;76;10524;30216ea1c58761e62f51af40033f24e3ae1c5c2a;2;noreply@github.com;jhughes@confluent.io
AbstractCoordinatorTest.java;MODIFY;1346;24.0;Grew;True;2022-07-12 07:31:16+00:00;False;141;78;10701;a3f06d88140783a73e0301c4c1a521b2a4fc97b9;5;noreply@github.com;Eugene.Tolbakov@hyde-housing.co.uk
AbstractCoordinatorTest.java;MODIFY;1346;0.0;Equal;True;2022-07-20 02:03:43+00:00;False;141;78;10704;eee40200df5c68963c0b534f95b5154bfd60e290;7;noreply@github.com;wangxiaofan.xyz@bytedance.com
AbstractCoordinatorTest.java;MODIFY;1355;9.0;Grew;True;2022-09-13 07:43:09+00:00;False;142;79;10754;3d2ac7cdbe89cdabfd95db9971de31878afa5498;4;noreply@github.com;jason@confluent.io
AbstractCoordinatorTest.java;MODIFY;1301;-54.0;Decreased;True;2022-11-05 06:05:48+00:00;False;135;77;10392;fcab5fb888297957da255451f0d048d0efd9ad91;2;noreply@github.com;wangxiaofan.xyz@bytedance.com
AbstractCoordinatorTest.java;MODIFY;1303;2.0;Grew;True;2022-11-16 20:43:00+00:00;False;135;77;10413;c2fc36f3319b5c359ab5047025692cfdef8fa904;9;noreply@github.com;djacot@confluent.io
AbstractCoordinatorTest.java;MODIFY;1336;33.0;Grew;True;2023-03-01 01:36:37+00:00;False;138;79;10690;f7f376f6c162717e60e143b05fbd12ea2f347e3c;3;noreply@github.com;pnee@confluent.io
AbstractCoordinatorTest.java;MODIFY;1346;10.0;Grew;True;2023-03-02 03:37:33+00:00;False;140;79;10749;9be36a4cd3615dea203c558986486bd51b38222a;2;noreply@github.com;91005273+RivenSun2@users.noreply.github.com
AbstractCoordinatorTest.java;MODIFY;1362;16.0;Grew;True;2023-09-05 18:57:51+00:00;False;142;79;10922;b49013b73efa25466652d8d8122974e60c927ec4;60;noreply@github.com;aschofield@confluent.io
AbstractCoordinatorTest.java;MODIFY;1362;0.0;Equal;True;2024-03-20 02:36:25+00:00;False;141;79;10922;12a1d85362bfc200714bb2d76e6da7f5af1f82dd;82;noreply@github.com;brandboat@gmail.com
AbstractCoordinatorTest.java;MODIFY;1350;-12.0;Decreased;True;2024-05-14 08:19:00+00:00;False;138;79;10911;0587a9af3d3dec4859475dcf48463083647c1eb9;95;noreply@github.com;mimaison@users.noreply.github.com
AbstractCoordinatorTest.java;MODIFY;1350;0.0;Equal;True;2024-06-06 18:28:39+00:00;False;138;79;10908;79ea7d6122ac4dbc1441e9efbddae44b1a9c93f9;96;noreply@github.com;mimaison@users.noreply.github.com
AbstractCoordinatorTest.java;MODIFY;1350;0.0;Grew;True;2024-06-20 09:43:25+00:00;False;138;79;10908;80f31224aad543dbfc892bce1ad73b6bb693855a;648;noreply@github.com;gongxuanzhang@foxmail.com
AbstractCoordinatorTest.java;MODIFY;1350;0.0;Equal;True;2024-11-22 19:38:31+00:00;False;138;79;10907;d5e270482cf6601e1b635d69d311957e84d6bb59;94;noreply@github.com;mimaison@users.noreply.github.com
AbstractCoordinatorTest.java;MODIFY;1349;-1.0;Decreased;True;2024-11-25 13:41:12+00:00;False;138;79;10894;3268435fd666e7dbfd3d50ad56008d177ec650bf;54;noreply@github.com;manikumar.reddy@gmail.com
AbstractCoordinatorTest.java;MODIFY;1351;2.0;Grew;True;2024-12-15 07:41:51+00:00;False;138;79;10910;0781b1bad3cbea9096ab0a8c3a025b9bc41c9c19;1;noreply@github.com;kitingiao@gmail.com
AbstractCoordinatorTest.java;MODIFY;1353;2.0;Grew;True;2024-12-19 15:12:33+00:00;False;138;79;10920;64279d2e824e880ed1f2af42b6407af9ccd8f23a;2;noreply@github.com;mumrah@gmail.com
