file_name;change_type;n_loc;lines_balance;size_change;is_large;date;swapped_classification;complexity;methods;tokens;hash;files_on_commit;committer_email;author_email
AsyncKafkaConsumer.java;RENAME;847;0.0;Grew;False;2023-11-15 13:00:40+00:00;False;145;72;6097;22f7ffe5e1623d279096b45ab475768eeb05eee1;18;noreply@github.com;kirk@kirktrue.pro
AsyncKafkaConsumer.java;MODIFY;975;128.0;Grew;False;2023-11-19 20:24:28+00:00;False;152;75;6585;b9556611cdab932bdbae667bd3fd0287fa912a40;2;noreply@github.com;lbrutschy@confluent.io
AsyncKafkaConsumer.java;MODIFY;1037;62.0;Grew;False;2023-11-20 08:15:48+00:00;False;165;81;6939;e63f23718fdec514582fe1107536c1d2bacf72a1;4;noreply@github.com;pnee@confluent.io
AsyncKafkaConsumer.java;MODIFY;1051;14.0;Grew;True;2023-11-20 15:20:14+00:00;True;167;81;7055;6499cb041247c28652c9ad7e4763afb82b6fcd05;23;noreply@github.com;98415067+lianetm@users.noreply.github.com
AsyncKafkaConsumer.java;MODIFY;1052;1.0;Grew;True;2023-11-21 14:02:16+00:00;False;167;81;7053;70bd8aeb08ab03221dbd67f43f0bb237e03d5e0e;2;noreply@github.com;aschofield@confluent.io
AsyncKafkaConsumer.java;MODIFY;1055;3.0;Grew;True;2023-11-23 09:53:17+00:00;False;167;81;7072;75572f904b99cec5c57967cde68eac789feda6fa;8;noreply@github.com;cadonna@apache.org
AsyncKafkaConsumer.java;MODIFY;1059;4.0;Grew;True;2023-11-24 09:47:31+00:00;False;167;81;7101;768a458b126c81a57e654b67befe7eb59beb2e17;2;noreply@github.com;lbrutschy@confluent.io
AsyncKafkaConsumer.java;MODIFY;1062;3.0;Grew;True;2023-12-01 13:37:21+00:00;False;168;81;7123;1750d735cdf8b29e641486d5b5e1311d9c462733;4;noreply@github.com;aschofield@confluent.io
AsyncKafkaConsumer.java;MODIFY;1064;2.0;Grew;True;2023-12-01 14:41:30+00:00;False;169;81;7144;21edb7078814e5cac41051b170b3ed5ecf4057d5;11;noreply@github.com;aschofield@confluent.io
AsyncKafkaConsumer.java;MODIFY;1064;0.0;Equal;True;2023-12-03 22:09:12+00:00;False;169;81;7148;bce2d4a8b6dd592011fae11dc4e13f34a8f5a398;4;noreply@github.com;aschofield@confluent.io
AsyncKafkaConsumer.java;MODIFY;1089;25.0;Grew;True;2023-12-03 22:11:41+00:00;False;173;83;7253;0cf227dd4f774e4d3942b3fb87e3f2e13dc8c297;3;noreply@github.com;cadonna@apache.org
AsyncKafkaConsumer.java;MODIFY;1106;17.0;Grew;True;2023-12-05 17:50:33+00:00;False;174;83;7474;2b99d0e45027c88ae2347fa8f7d1ff4b2b919089;18;noreply@github.com;amittal@confluent.io
AsyncKafkaConsumer.java;MODIFY;1165;59.0;Grew;True;2023-12-06 07:46:57+00:00;False;185;90;7831;6df192b6cb1397a6e6173835bbbd8a3acb7e3988;9;noreply@github.com;cadonna@apache.org
AsyncKafkaConsumer.java;MODIFY;1170;5.0;Grew;True;2023-12-06 14:22:11+00:00;False;187;90;7881;c575ba238dc5d85a04d0ee7c533b1de5360460a1;9;noreply@github.com;lbrutschy@confluent.io
AsyncKafkaConsumer.java;MODIFY;1176;6.0;Grew;True;2023-12-06 17:47:26+00:00;False;189;90;7913;8ed53a15ee6c9be416717d1740e8e37252cc4991;9;noreply@github.com;aschofield@confluent.io
AsyncKafkaConsumer.java;MODIFY;1178;2.0;Grew;True;2023-12-07 18:53:05+00:00;False;189;90;7917;498f3f010fb03466f21ebc61232002042167700a;7;noreply@github.com;amittal@confluent.io
AsyncKafkaConsumer.java;MODIFY;1176;-2.0;Decreased;True;2023-12-08 09:55:33+00:00;False;188;90;7902;43c635f3a48fcb16dd34eac16def379141912e77;1;noreply@github.com;aschofield@confluent.io
AsyncKafkaConsumer.java;MODIFY;1213;37.0;Grew;True;2023-12-13 07:47:25+00:00;False;191;90;8135;b08fb14bed8cd80be3a19cc1ac284cb01283a416;7;noreply@github.com;aschofield@confluent.io
AsyncKafkaConsumer.java;MODIFY;1339;126.0;Grew;True;2023-12-15 08:42:31+00:00;False;204;92;8768;9dc9040f330988eea049c59cb23417f2021ffbc4;24;noreply@github.com;kirk@kirktrue.pro
AsyncKafkaConsumer.java;MODIFY;1342;3.0;Grew;True;2023-12-18 21:41:57+00:00;False;204;92;8693;0cb7d747fbd94ae2387cdd1da5729b4bbbec6f2a;3;noreply@github.com;lbrutschy@confluent.io
AsyncKafkaConsumer.java;MODIFY;1450;108.0;Grew;True;2023-12-19 12:20:33+00:00;False;218;97;9428;5e37ec80f840be78d12694ea967d409d943f9a03;19;noreply@github.com;pnee@confluent.io
AsyncKafkaConsumer.java;MODIFY;1452;2.0;Grew;True;2023-12-21 14:48:34+00:00;False;217;97;9426;818336c561965c3642732dd866ed172468846a50;18;noreply@github.com;98415067+lianetm@users.noreply.github.com
AsyncKafkaConsumer.java;MODIFY;1454;2.0;Grew;True;2023-12-22 14:21:39+00:00;False;217;97;9458;c963a71be0e1f1674b2738f4bfd23400036683eb;11;noreply@github.com;pnee@confluent.io
AsyncKafkaConsumer.java;MODIFY;1448;-6.0;Decreased;True;2024-01-19 12:24:31+00:00;False;217;97;9483;7090a5231a3748b7edf1eb2c189e9f903a306a69;14;noreply@github.com;pnee@confluent.io
AsyncKafkaConsumer.java;MODIFY;1417;-31.0;Decreased;True;2024-01-29 20:26:44+00:00;False;208;92;9315;1a54c25fdfff351fd1b35d60dbc95232c550f3a1;10;noreply@github.com;lbrutschy@confluent.io
AsyncKafkaConsumer.java;MODIFY;1418;1.0;Grew;True;2024-02-02 14:06:41+00:00;False;208;92;9332;f0087ac6a8a7b1005e9588e42b3679146bd3eb13;25;noreply@github.com;pnee@confluent.io
AsyncKafkaConsumer.java;MODIFY;1418;0.0;Equal;True;2024-02-19 14:33:37+00:00;False;208;92;9332;1442862bbd7195b4dde76f9076cf94fcd500d3b9;3;noreply@github.com;lbrutschy@confluent.io
AsyncKafkaConsumer.java;MODIFY;1418;0.0;Grew;True;2024-02-20 09:48:36+00:00;False;208;92;9332;5854139cd8a75fec387183189c6cd1f32e891e57;3;noreply@github.com;lbrutschy@confluent.io
AsyncKafkaConsumer.java;MODIFY;1418;0.0;Decreased;True;2024-02-21 10:08:37+00:00;False;207;92;9346;77ba06fa620ad9cc42af92f42354661308676135;12;noreply@github.com;98415067+lianetm@users.noreply.github.com
AsyncKafkaConsumer.java;MODIFY;1429;11.0;Grew;True;2024-02-21 17:19:38+00:00;False;210;93;9426;02ebfc6108c86d8f7c74396f440ae5336e0bcae2;2;noreply@github.com;cadonna@apache.org
AsyncKafkaConsumer.java;MODIFY;1428;-1.0;Decreased;True;2024-02-29 10:22:23+00:00;False;210;93;9443;f8eb4294d67b37e854aa14fb989d5e074df82ac2;44;noreply@github.com;kirk@kirktrue.pro
AsyncKafkaConsumer.java;MODIFY;1428;0.0;Grew;True;2024-03-01 10:14:13+00:00;False;210;93;9440;c8843f06841d7f3c94b640ec9dbf69ec4682ec11;4;noreply@github.com;lbrutschy@confluent.io
AsyncKafkaConsumer.java;MODIFY;1431;3.0;Grew;True;2024-03-04 11:42:24+00:00;False;207;94;9453;aa0443eb607c2d1d3004312f55f7583102127cb8;10;noreply@github.com;cadonna@apache.org
AsyncKafkaConsumer.java;MODIFY;1439;8.0;Grew;True;2024-03-05 08:44:51+00:00;False;208;94;9514;47792770a28a0b4a6c321a1822b522f4e81068d6;5;noreply@github.com;lbrutschy@confluent.io
AsyncKafkaConsumer.java;MODIFY;1446;7.0;Grew;True;2024-03-07 14:00:21+00:00;False;208;94;9531;86e7885a81c7132e522d2c59dc6fcf81026cc60d;17;noreply@github.com;kirk@kirktrue.pro
AsyncKafkaConsumer.java;MODIFY;1457;11.0;Grew;True;2024-04-08 11:04:58+00:00;False;209;94;9590;4e0578fb814e99da2a8f4d6adc123fe87c8f24f3;10;noreply@github.com;pnee@confluent.io
AsyncKafkaConsumer.java;MODIFY;1465;8.0;Grew;True;2024-04-10 07:20:46+00:00;False;211;95;9632;a4d6456872dc428dc331d6ea1c6e728648947f98;3;noreply@github.com;44060007+Phuc-Hong-Tran@users.noreply.github.com
AsyncKafkaConsumer.java;MODIFY;1467;2.0;Grew;True;2024-04-10 09:27:35+00:00;False;211;95;9641;e5a3f991005dcc9c544918879bdd6127e1ff9aed;2;noreply@github.com;pnee@confluent.io
AsyncKafkaConsumer.java;MODIFY;1467;0.0;Grew;True;2024-04-16 12:49:02+00:00;False;211;95;9641;ebeef4eb64a36d46565629d2a370eeb1635a7293;3;noreply@github.com;kirk@kirktrue.pro
AsyncKafkaConsumer.java;MODIFY;1485;18.0;Grew;True;2024-04-22 11:26:15+00:00;False;214;95;9758;ed47e37b28341a181b0114827e1b5474bcc368c9;3;noreply@github.com;lbrutschy@confluent.io
AsyncKafkaConsumer.java;MODIFY;1488;3.0;Grew;True;2024-04-26 08:28:57+00:00;False;215;95;9783;2db87f04b807b6ea6ba6cdd43fc05852cb1938e9;2;noreply@github.com;lbrutschy@confluent.io
AsyncKafkaConsumer.java;MODIFY;1489;1.0;Grew;True;2024-05-04 02:29:27+00:00;False;215;95;9789;9b8aac22ec7ce927a2ceb2bfe7afd57419ee946c;2;noreply@github.com;kirk@kirktrue.pro
AsyncKafkaConsumer.java;MODIFY;1493;4.0;Grew;True;2024-05-06 00:45:11+00:00;False;215;95;9815;970ac0788122e3163c34e54a8e0510ab66329cc4;2;noreply@github.com;payang@apache.org
AsyncKafkaConsumer.java;MODIFY;1492;-1.0;Equal;True;2024-05-06 07:13:01+00:00;False;215;95;9817;55a00be4e973f3f4c8869b6f70de1e285719e890;51;noreply@github.com;yujuan476@gmail.com
AsyncKafkaConsumer.java;MODIFY;1493;1.0;Grew;True;2024-05-07 00:22:41+00:00;False;215;95;9820;4c4ae6e39c4e273b0267b8272230ba19a29fc77b;4;noreply@github.com;aschofield@confluent.io
AsyncKafkaConsumer.java;MODIFY;1494;1.0;Decreased;True;2024-05-07 08:40:00+00:00;False;215;95;9833;ea485a7061146976566004159e6d3a7582e03d13;4;noreply@github.com;98415067+lianetm@users.noreply.github.com
AsyncKafkaConsumer.java;MODIFY;1481;-13.0;Decreased;True;2024-05-17 06:57:23+00:00;False;215;95;9762;f9db4fa19cce975a6bbaeb09fbe9c91b81846b5a;6;noreply@github.com;kirk@kirktrue.pro
AsyncKafkaConsumer.java;MODIFY;1474;-7.0;Grew;True;2024-05-22 16:11:10+00:00;False;219;95;9871;a98c9be6b00806c870c542c2a6ecbd247e2bf712;27;noreply@github.com;kirk@kirktrue.pro
AsyncKafkaConsumer.java;MODIFY;1482;8.0;Grew;True;2024-05-31 08:33:20+00:00;False;221;95;9921;eb39031cd03fe94c8262f8c982222801842f6e6f;2;noreply@github.com;98415067+lianetm@users.noreply.github.com
AsyncKafkaConsumer.java;MODIFY;1465;-17.0;Decreased;True;2024-06-06 07:45:36+00:00;False;219;94;9806;b74b182841a340b7b92d852142201cd5c1ee1b85;4;noreply@github.com;98415067+lianetm@users.noreply.github.com
AsyncKafkaConsumer.java;MODIFY;1472;7.0;Grew;True;2024-06-07 17:30:07+00:00;False;220;94;9872;5cd6944eaac074a0acbddf247f9c794f8d488da1;2;noreply@github.com;44060007+Phuc-Hong-Tran@users.noreply.github.com
AsyncKafkaConsumer.java;MODIFY;1475;3.0;Grew;True;2024-06-10 16:30:29+00:00;False;220;94;9878;1426e8e92061276c6af548b152ffe9f585e6806e;6;noreply@github.com;dct012@gmail.com
AsyncKafkaConsumer.java;MODIFY;1475;0.0;Equal;True;2024-06-13 06:31:16+00:00;False;220;94;9878;fe988889600dfb8145d2fb4de319630bf1cad314;5;noreply@github.com;98415067+lianetm@users.noreply.github.com
AsyncKafkaConsumer.java;MODIFY;1478;3.0;Grew;True;2024-06-14 11:03:58+00:00;False;221;94;9922;46714dbaed066e8d482d4976259bdc500c97cc47;6;noreply@github.com;98415067+lianetm@users.noreply.github.com
AsyncKafkaConsumer.java;MODIFY;1501;23.0;Grew;True;2024-06-15 00:48:53+00:00;False;228;96;10079;8f86b9c4ec04c235bb8198bec734cfff13f97bbc;3;noreply@github.com;kirk@kirktrue.pro
AsyncKafkaConsumer.java;MODIFY;1479;-22.0;Decreased;True;2024-06-17 19:27:33+00:00;False;221;94;9885;6c4e77707978a43a2994de013335d71bc063ff38;6;noreply@github.com;98415067+lianetm@users.noreply.github.com
AsyncKafkaConsumer.java;MODIFY;1479;0.0;Equal;True;2024-06-20 09:43:25+00:00;False;221;94;9885;80f31224aad543dbfc892bce1ad73b6bb693855a;648;noreply@github.com;gongxuanzhang@foxmail.com
AsyncKafkaConsumer.java;MODIFY;1479;0.0;Equal;True;2024-07-16 11:15:38+00:00;False;221;94;9889;1e16e16f64709bdbd2234cce171608e2cc0ed56b;54;noreply@github.com;aschofield@confluent.io
AsyncKafkaConsumer.java;MODIFY;1479;0.0;Equal;True;2024-07-16 20:18:33+00:00;False;220;94;9879;b015a83f6d286965af999c39c0902584fb6fb9de;11;noreply@github.com;payang@apache.org
AsyncKafkaConsumer.java;MODIFY;1477;-2.0;Decreased;True;2024-08-29 21:01:36+00:00;False;219;94;9823;8db80d1f07020807bc82707f2d8642ec4fe7eb21;7;noreply@github.com;payang@apache.org
AsyncKafkaConsumer.java;MODIFY;1477;0.0;Equal;True;2024-08-30 00:24:25+00:00;False;219;94;9821;2b495945a2e15f4bd77cbd36c26a65eef95d74ee;2;noreply@github.com;payang@apache.org
AsyncKafkaConsumer.java;MODIFY;1477;0.0;Grew;True;2024-09-10 14:22:06+00:00;False;219;94;9826;cd7670d884fdc6ec3dc5817e9fb05b2e54f9805f;7;noreply@github.com;frouleau@confluent.io
AsyncKafkaConsumer.java;MODIFY;1474;-3.0;Decreased;True;2024-09-11 18:08:33+00:00;False;219;94;9833;3f4c25fe1d800abafa9df81ccaa42b1b3921c824;6;noreply@github.com;payang@apache.org
AsyncKafkaConsumer.java;MODIFY;1427;-47.0;Decreased;True;2024-09-15 17:43:45+00:00;False;206;91;9497;6744a718c2c177c7d462b231ea5e476d98f6eb38;12;noreply@github.com;98415067+lianetm@users.noreply.github.com
AsyncKafkaConsumer.java;MODIFY;1435;8.0;Grew;True;2024-09-27 14:56:22+00:00;False;208;91;9564;05d05e1b5e382e76209b0a9536bbe5eb27ffc292;3;noreply@github.com;payang@apache.org
AsyncKafkaConsumer.java;MODIFY;1425;-10.0;Decreased;True;2024-10-03 05:53:32+00:00;False;206;89;9504;696e33ee6ded3ff94e27783ffdd9d5041f0b7c50;6;noreply@github.com;mingyen066@gmail.com
AsyncKafkaConsumer.java;MODIFY;1434;9.0;Grew;True;2024-10-05 22:28:31+00:00;False;208;91;9553;930f165546a83bd3a67567b95249dd485df375fe;7;noreply@github.com;bbejeck@apache.org
AsyncKafkaConsumer.java;MODIFY;1428;-6.0;Decreased;True;2024-10-08 14:49:10+00:00;False;207;90;9525;284a3db28aa5f76844f1b1e696d36d88b161c090;12;noreply@github.com;aschofield@confluent.io
AsyncKafkaConsumer.java;MODIFY;1425;-3.0;Decreased;True;2024-10-08 18:39:41+00:00;False;205;91;9519;435e9851d2b10ca193f4ded1ccde362203931dad;7;noreply@github.com;tjwu1217@gmail.com
AsyncKafkaConsumer.java;MODIFY;1425;0.0;Equal;True;2024-10-10 11:19:05+00:00;False;205;91;9510;a8ab55af7425af6e17d2db1758c8712ef2dc09d5;7;noreply@github.com;apoorvmittal10@gmail.com
AsyncKafkaConsumer.java;MODIFY;1424;-1.0;Decreased;True;2024-10-22 18:42:10+00:00;False;206;91;9543;d36eb9ed3f0ba3d9b58671f7bd74f82b7bbf6b9e;2;noreply@github.com;kirk@kirktrue.pro
AsyncKafkaConsumer.java;MODIFY;1424;0.0;Equal;True;2024-10-23 14:25:50+00:00;False;206;91;9549;14a098b289b9b25edddd483e1b088c4c6b7848ad;22;noreply@github.com;107070585+aliehsaeedii@users.noreply.github.com
AsyncKafkaConsumer.java;MODIFY;1440;16.0;Grew;True;2024-10-28 19:46:37+00:00;False;210;93;9651;9e424755d4d236442847b13863580f44f27e22a6;9;noreply@github.com;kirk@kirktrue.pro
AsyncKafkaConsumer.java;MODIFY;1425;-15.0;Decreased;True;2024-10-30 21:15:13+00:00;False;205;91;9551;fb65dfeb116f86386b1932fb26f188deae67c089;10;noreply@github.com;yangpoan@gmail.com
AsyncKafkaConsumer.java;MODIFY;1426;1.0;Grew;True;2024-10-31 19:03:17+00:00;False;205;91;9546;6f040cabc7c688106eca6b26e64b39948c0b154d;31;noreply@github.com;kitingiao@gmail.com
AsyncKafkaConsumer.java;MODIFY;1402;-24.0;Decreased;True;2024-11-05 13:33:23+00:00;False;200;90;9357;ee3cea05aac766c60cc858c33c7cd489ddcbdf9f;5;noreply@github.com;tjwu1217@gmail.com
AsyncKafkaConsumer.java;MODIFY;1408;6.0;Grew;True;2024-11-05 16:29:54+00:00;False;202;90;9395;4ed0a958e54ee6c3b80e4eb5fbc986e5b6be49e5;16;noreply@github.com;bbejeck@apache.org
AsyncKafkaConsumer.java;MODIFY;1403;-5.0;Decreased;True;2024-11-07 14:45:44+00:00;False;203;91;9384;b213c64f97fa6b4ab3b79b828e37095603841d6f;10;noreply@github.com;payang@apache.org
AsyncKafkaConsumer.java;MODIFY;1443;40.0;Grew;True;2024-11-13 19:26:40+00:00;False;211;94;9698;b6b2c9ebc45bd60572c24355886620dbdc406ce9;9;noreply@github.com;kirk@kirktrue.pro
AsyncKafkaConsumer.java;MODIFY;1446;3.0;Grew;True;2024-11-15 14:15:26+00:00;False;213;94;9732;cc20e7847450d7a3bd5af85f821697e17761cc60;3;noreply@github.com;payang@apache.org
AsyncKafkaConsumer.java;MODIFY;1448;2.0;Grew;True;2024-11-21 18:41:29+00:00;False;213;94;9776;1c998f8ef3620ed6bf782a01696f61811da2dea2;4;noreply@github.com;bbejeck@apache.org
AsyncKafkaConsumer.java;MODIFY;1471;23.0;Grew;True;2024-11-22 16:58:20+00:00;False;219;98;9915;0d7c7659811d5edafa9d33bcce8984b08f1ecb91;8;noreply@github.com;98415067+lianetm@users.noreply.github.com
AsyncKafkaConsumer.java;MODIFY;1471;0.0;Equal;True;2024-11-22 19:38:31+00:00;False;219;98;9910;d5e270482cf6601e1b635d69d311957e84d6bb59;94;noreply@github.com;mimaison@users.noreply.github.com
AsyncKafkaConsumer.java;MODIFY;1473;2.0;Grew;True;2024-11-25 02:39:11+00:00;False;220;98;9920;654ebe10f4a5c31e449b2a2ef6c284254ed7dceb;4;noreply@github.com;98415067+lianetm@users.noreply.github.com
AsyncKafkaConsumer.java;MODIFY;1472;-1.0;Decreased;True;2024-11-25 13:41:12+00:00;False;220;98;9907;3268435fd666e7dbfd3d50ad56008d177ec650bf;54;noreply@github.com;manikumar.reddy@gmail.com
AsyncKafkaConsumer.java;MODIFY;1482;10.0;Grew;True;2024-11-26 13:49:13+00:00;False;220;98;9961;0b081fc3100243a886f21a7bdf26b395d876bf59;8;noreply@github.com;98415067+lianetm@users.noreply.github.com
AsyncKafkaConsumer.java;MODIFY;1484;2.0;Grew;True;2024-11-27 19:33:28+00:00;False;221;98;9974;a39c984d2162a8010f09798141cb38c9ade7d3fa;4;noreply@github.com;98415067+lianetm@users.noreply.github.com
AsyncKafkaConsumer.java;MODIFY;1497;13.0;Grew;True;2024-12-05 02:31:44+00:00;False;219;99;9881;4362ab70901a1069ff396e11a8507c66ce1dc641;6;noreply@github.com;kirk@kirktrue.pro
AsyncKafkaConsumer.java;MODIFY;1496;-1.0;Decreased;True;2024-12-09 14:31:14+00:00;False;217;99;9851;d76238a18fb6a86b4b08bc04918ea1a0ee626517;16;noreply@github.com;s7133700@gmail.com
AsyncKafkaConsumer.java;MODIFY;1520;24.0;Grew;True;2024-12-13 12:20:27+00:00;False;218;99;9919;770d64d2ccbc02ba8579c6f50b2901a3f2245928;22;noreply@github.com;payang@apache.org
AsyncKafkaConsumer.java;MODIFY;1525;5.0;Grew;True;2024-12-15 02:47:30+00:00;False;219;99;9947;0815d705926a534e15ceb1d42b9d41aed2636b45;6;noreply@github.com;brandboat@gmail.com
