file_name;change_type;n_loc;lines_balance;size_change;is_large;date;swapped_classification;complexity;methods;tokens;hash;files_on_commit;committer_email;author_email
ProcessorTopologyTest.java;ADD;245;0.0;Grew;False;2015-09-26 00:27:58+00:00;False;29;23;2103;263c10ab7c8e8fde9d3566bf59dccaa454ee2605;104;wangguoz@gmail.com;wangguoz@gmail.com
ProcessorTopologyTest.java;MODIFY;245;0.0;Equal;False;2015-10-09 19:19:07+00:00;False;29;23;2103;7233858bea1c548153ed00b7edffd55299db7cf2;32;wangguoz@gmail.com;rhauch@gmail.com
ProcessorTopologyTest.java;MODIFY;226;-19.0;Decreased;False;2015-10-14 20:59:10+00:00;False;28;24;2011;6e571225d51f5d71ffcfc4d22d108e89ae2f46ec;17;wangguoz@gmail.com;rhauch@gmail.com
ProcessorTopologyTest.java;MODIFY;231;5.0;Grew;False;2015-11-02 21:24:48+00:00;False;28;24;2036;758272267c811bf559336ea45571bc420a62a478;29;wangguoz@gmail.com;yasuhiro@confluent.io
ProcessorTopologyTest.java;MODIFY;231;0.0;Equal;False;2015-11-04 17:57:50+00:00;False;28;24;2037;421de0a3f93f8d21f7ca0f1287a4305c00edaa08;9;wangguoz@gmail.com;yasuhiro@confluent.io
ProcessorTopologyTest.java;MODIFY;231;0.0;Equal;False;2015-11-25 23:21:17+00:00;False;28;24;2035;5e8958a856a5b4ccbdcb610473cab4c2eeddbac5;11;wangguoz@gmail.com;yasuhiro@confluent.io
ProcessorTopologyTest.java;MODIFY;246;15.0;Grew;False;2016-01-07 22:46:02+00:00;False;29;25;2181;4836e525c851640e0da9d8d11321621a2c70e8f0;8;wangguoz@gmail.com;rhauch@gmail.com
ProcessorTopologyTest.java;MODIFY;247;1.0;Grew;False;2016-01-22 21:00:00+00:00;False;29;25;2192;21c6cfe50dbe818a392c28f48ce8891f7f99aaf6;61;cshapi@gmail.com;wangguoz@gmail.com
ProcessorTopologyTest.java;MODIFY;247;0.0;Equal;False;2016-01-22 23:25:24+00:00;False;29;25;2192;c197113a9c04e2f6c2d1a72161c0d40d5804490e;33;me@ewencp.org;wangguoz@gmail.com
ProcessorTopologyTest.java;MODIFY;247;0.0;Equal;False;2016-02-02 00:11:13+00:00;False;29;25;2192;57da044a991ebf8913d44dfcfa6a27729f54a4d5;36;me@ewencp.org;wangguoz@gmail.com
ProcessorTopologyTest.java;MODIFY;247;0.0;Equal;False;2016-03-14 21:50:24+00:00;False;29;25;2194;c1a56c6839e77f3de5266315a92b236a379ec857;12;wangguoz@gmail.com;yasuhiro@confluent.io
ProcessorTopologyTest.java;MODIFY;247;0.0;Equal;False;2016-03-17 17:41:48+00:00;False;29;25;2194;958e10c87ce293c3bf59bb9840eaaae915eff25e;30;wangguoz@gmail.com;michael@confluent.io
ProcessorTopologyTest.java;MODIFY;246;-1.0;Decreased;False;2016-03-17 22:41:59+00:00;False;29;25;2185;dea0719e99211684775780f5da8b93835d7a5dac;76;wangguoz@gmail.com;wangguoz@gmail.com
ProcessorTopologyTest.java;MODIFY;289;43.0;Grew;False;2016-04-07 17:20:17+00:00;False;36;30;2571;8dbd688b1617968329087317fa6bde8b8df0392e;7;wangguoz@gmail.com;eno.thereska@gmail.com
ProcessorTopologyTest.java;MODIFY;291;2.0;Grew;False;2016-05-20 18:52:36+00:00;False;36;30;2574;177b2d0bea76f270ec087ebe73431307c1aef5a1;10;wangguoz@gmail.com;wangguoz@gmail.com
ProcessorTopologyTest.java;MODIFY;291;0.0;Equal;False;2016-06-24 20:42:53+00:00;False;36;30;2572;88924b03d511132212ee5d8dec02063deb8313f1;12;wangguoz@gmail.com;bbejeck@gmail.com
ProcessorTopologyTest.java;MODIFY;291;0.0;Equal;False;2016-06-29 22:17:04+00:00;False;36;30;2572;96ae0a5929bcd784dc632ddadf083bbedababbb6;9;wangguoz@gmail.com;bbejeck@gmail.com
ProcessorTopologyTest.java;MODIFY;291;0.0;Equal;False;2016-08-23 04:33:47+00:00;False;36;30;2575;a2bac70a6634e9a78734d23158fb7e45f290ea26;11;me@ewencp.org;wangguoz@gmail.com
ProcessorTopologyTest.java;MODIFY;311;20.0;Grew;False;2016-08-26 19:40:18+00:00;False;38;32;2767;190239441878d73ad0c50d59c73bcc8717a12ed6;2;wangguoz@gmail.com;mathieu.fenniak@replicon.com
ProcessorTopologyTest.java;MODIFY;311;0.0;Grew;False;2016-09-16 16:58:36+00:00;False;38;32;2767;86aa0eb0f274c6e44eb190ce250433419e011a67;105;wangguoz@gmail.com;damian.guy@gmail.com
ProcessorTopologyTest.java;MODIFY;311;0.0;Grew;False;2016-11-09 18:43:27+00:00;False;38;32;2767;7c36fc377650dac8a9d6e5f2d0049a78cd93d2e5;12;wangguoz@gmail.com;damian.guy@gmail.com
ProcessorTopologyTest.java;MODIFY;311;0.0;Equal;False;2016-12-10 00:17:36+00:00;False;38;32;2772;9bed8fbcfc52ced719f2dcafa3f30cbfd5e6bd57;24;wangguoz@gmail.com;matthias@confluent.io
ProcessorTopologyTest.java;MODIFY;311;0.0;Equal;False;2017-01-11 17:11:18+00:00;False;38;32;2767;a95170f822227c50414c57860e8547dc2e9d84cb;69;wangguoz@gmail.com;xavier@confluent.io
ProcessorTopologyTest.java;MODIFY;328;17.0;Grew;False;2017-01-12 19:46:02+00:00;False;39;33;2961;8079c980ac5c9c00d7577fa05857b4de6864dbb5;93;wangguoz@gmail.com;damian.guy@gmail.com
ProcessorTopologyTest.java;MODIFY;371;43.0;Grew;False;2017-02-02 04:30:04+00:00;False;43;37;3296;35cd008e5a1ec89d09f956a6f9952ad834e556d7;1;wangguoz@gmail.com;damian.guy@gmail.com
ProcessorTopologyTest.java;MODIFY;389;18.0;Grew;False;2017-02-06 19:37:48+00:00;False;45;39;3444;1f8a2ad2edc5d9de4dc3a3311a0650f25d2b9114;2;wangguoz@gmail.com;amccague@gmail.com
ProcessorTopologyTest.java;MODIFY;389;0.0;Decreased;False;2017-02-28 20:35:04+00:00;False;45;39;3444;d0e436c471ba4122ddcc0f7a1624546f97c4a517;1100;me@ewencp.org;matthias@confluent.io
ProcessorTopologyTest.java;MODIFY;421;32.0;Grew;False;2017-02-28 21:31:32+00:00;False;50;42;3785;a10d7b1b765a2ac4af3e219b7c344f67a93de487;2;wangguoz@gmail.com;hrafzali@gmail.com
ProcessorTopologyTest.java;MODIFY;437;16.0;Grew;False;2017-03-06 06:42:16+00:00;False;52;44;3916;5b013d9cd28d86b50109e8e08f813c3b5af0054b;3;wangguoz@gmail.com;hrafzali@gmail.com
ProcessorTopologyTest.java;MODIFY;437;0.0;Equal;False;2017-05-03 23:15:54+00:00;False;52;44;3921;ec9e4eafa406fec897713310bafdedf6bbb3c0c5;26;wangguoz@gmail.com;eno.thereska@gmail.com
ProcessorTopologyTest.java;MODIFY;437;0.0;Equal;False;2017-05-13 04:38:49+00:00;False;52;44;3921;9198467eb293435385edcef9028a59fa41a3828a;40;wangguoz@gmail.com;je.karimov@gmail.com
ProcessorTopologyTest.java;MODIFY;437;0.0;Equal;False;2017-07-24 18:03:27+00:00;False;52;44;3955;5d798511b12c5ef7555e4234fdd99a360176e435;19;wangguoz@gmail.com;matthias@confluent.io
ProcessorTopologyTest.java;MODIFY;457;20.0;Grew;False;2017-08-31 21:57:54+00:00;False;54;46;4087;51af6fb654c482fb6fdd85126991149238640fd7;2;wangguoz@gmail.com;sgavril@wehkamp.nl
ProcessorTopologyTest.java;MODIFY;457;0.0;Equal;False;2017-09-11 08:42:10+00:00;False;54;46;4077;c5464edbb7a6821e0a91a3712b1fe2fd92a22d68;106;damian.guy@gmail.com;evg.veretennikov@gmail.com
ProcessorTopologyTest.java;MODIFY;492;35.0;Grew;False;2018-03-16 23:02:11+00:00;False;57;49;4358;394aa7426117d0d04666c1c2a63d5f98229b7894;27;noreply@github.com;mjsax@apache.org
ProcessorTopologyTest.java;MODIFY;493;1.0;Grew;False;2018-04-26 18:30:42+00:00;False;57;49;4422;885abbfcd40aab57acec278d976956f07be15090;35;wangguoz@gmail.com;filipe.agapito@gmail.com
ProcessorTopologyTest.java;MODIFY;463;-30.0;Decreased;False;2018-05-04 15:42:01+00:00;False;50;45;4191;af983267be7a2d0f81527f5a348af377f30caee4;66;noreply@github.com;wangguoz@gmail.com
ProcessorTopologyTest.java;MODIFY;467;4.0;Grew;False;2018-05-10 00:13:05+00:00;False;50;45;4243;0b1a118f45418aba6af03e71e7169e38cb3ec9af;29;noreply@github.com;wangguoz@gmail.com
ProcessorTopologyTest.java;MODIFY;459;-8.0;Decreased;False;2018-05-11 18:38:02+00:00;False;50;45;4183;caca1fdc90b6ef877385b044b2a3230f8e6e9874;28;noreply@github.com;wangguoz@gmail.com
ProcessorTopologyTest.java;MODIFY;514;55.0;Grew;False;2018-05-22 22:44:37+00:00;False;56;51;4723;133108cdacf7ee1cc4569e797f2cdf9ec60f7fdd;56;mjsax@apache.org;quilcate.jorge@gmail.com
ProcessorTopologyTest.java;MODIFY;514;0.0;Equal;False;2018-05-30 18:54:53+00:00;False;56;51;4727;f33e9a346e22e29bb66e0ea0f3442903d136ca67;47;mjsax@apache.org;wangguoz@gmail.com
ProcessorTopologyTest.java;MODIFY;514;0.0;Equal;False;2018-08-03 20:19:46+00:00;False;56;51;4730;3637b2c374d48e99e0a7be37605d3c79f2661007;214;mjsax@apache.org;vvcephei@users.noreply.github.com
ProcessorTopologyTest.java;MODIFY;513;-1.0;Decreased;False;2018-08-17 16:35:38+00:00;False;56;51;4724;0d778987ee3b920b5c876696385c0792671adef8;59;noreply@github.com;wangguoz@gmail.com
ProcessorTopologyTest.java;MODIFY;552;39.0;Grew;False;2018-11-27 21:09:44+00:00;False;63;58;5102;de24d4a459ccfac623e71722f8df8b1e99f2ad43;17;mjsax@apache.org;kamal.chandraprakash@gmail.com
ProcessorTopologyTest.java;MODIFY;548;-4.0;Decreased;False;2018-12-11 09:44:18+00:00;False;62;57;5087;c142809038e67625638165462ceefd3f1191e0e9;5;mjsax@apache.org;nizhikov@apache.org
ProcessorTopologyTest.java;MODIFY;550;2.0;Grew;False;2018-12-11 09:54:41+00:00;False;62;57;5091;046b0087bd76637bbfd813ccef31693fa358ff2d;74;noreply@github.com;mjsax@apache.org
ProcessorTopologyTest.java;MODIFY;550;0.0;Equal;False;2019-03-08 20:31:34+00:00;False;62;57;5091;3619d2f383f65108dfd33686119f675aaeea54b7;28;bbejeck@gmail.com;mjsax@apache.org
ProcessorTopologyTest.java;MODIFY;598;48.0;Grew;False;2019-03-09 03:24:26+00:00;False;66;61;5584;09f1009d246b82475bbf018d187fff5a3e035539;2;noreply@github.com;mjsax@apache.org
ProcessorTopologyTest.java;MODIFY;598;0.0;Equal;False;2019-07-18 20:54:46+00:00;False;66;61;5584;62fbc92e3d9d84617dab46329c279835d157bda4;15;wangguoz@gmail.com;sophie@confluent.io
ProcessorTopologyTest.java;MODIFY;624;26.0;Grew;False;2019-10-07 08:01:58+00:00;False;63;58;6268;a5a6938c69f4310f7ec519036f0df77d8022326a;59;matthias@confluent.io;48978068+jukkakarvanen@users.noreply.github.com
ProcessorTopologyTest.java;MODIFY;624;0.0;Equal;False;2020-02-25 23:28:01+00:00;False;63;58;6268;a28447a06582bf8e6de427f047f3d3ba4e2219a1;16;noreply@github.com;sophie@confluent.io
ProcessorTopologyTest.java;MODIFY;634;10.0;Grew;False;2020-03-10 23:43:07+00:00;False;63;58;6266;71113b4aac43a3a6f13625e25171ef8f2233fe7d;32;noreply@github.com;matthias@confluent.io
ProcessorTopologyTest.java;MODIFY;634;0.0;Equal;False;2020-03-19 21:29:15+00:00;False;63;58;6274;21cfd0b453c878780236f623249b3b5ddec52e6e;33;noreply@github.com;matthias@confluent.io
ProcessorTopologyTest.java;MODIFY;634;0.0;Equal;False;2020-04-09 23:52:41+00:00;False;63;58;6286;e131a9963484e46f45a7302267507ed54dab6871;30;noreply@github.com;levani.kokhreidze@transferwise.com
ProcessorTopologyTest.java;MODIFY;700;66.0;Grew;False;2020-05-27 17:57:14+00:00;False;67;62;6986;075bbcfec40a46c58ba38b58d8a9235e2eb1395d;28;noreply@github.com;pgwhalen@gmail.com
ProcessorTopologyTest.java;MODIFY;711;11.0;Grew;False;2020-05-27 20:55:29+00:00;False;68;63;7110;83c616f70694637627edb6b1215738c78b74a50d;19;noreply@github.com;sophie@confluent.io
ProcessorTopologyTest.java;MODIFY;728;17.0;Grew;False;2020-06-08 22:55:16+00:00;False;70;65;7284;5bcd7cca2263b4c7909c46a9fce2bd8aec2c3835;16;noreply@github.com;sophie@confluent.io
ProcessorTopologyTest.java;MODIFY;810;82.0;Grew;False;2020-09-09 17:37:21+00:00;False;81;76;8068;09d1498e3065eccc26a2d396ea13e7c8b553b974;45;noreply@github.com;vvcephei@users.noreply.github.com
ProcessorTopologyTest.java;MODIFY;811;1.0;Grew;False;2020-10-02 23:49:12+00:00;False;81;76;8075;69790a1463bafc1f63e3c288a6636b3f4586c1b4;80;noreply@github.com;vvcephei@users.noreply.github.com
ProcessorTopologyTest.java;MODIFY;818;7.0;Grew;False;2020-10-19 20:29:27+00:00;False;81;76;8089;659b05f78a500aa5bf9cfb482a1df0fce8a46101;7;noreply@github.com;vvcephei@users.noreply.github.com
ProcessorTopologyTest.java;MODIFY;815;-3.0;Decreased;False;2020-11-04 01:30:15+00:00;False;80;75;8154;b3e77dfad93b9e4d2798ecf84e777c99905d380f;29;noreply@github.com;soarez@apple.com
ProcessorTopologyTest.java;MODIFY;813;-2.0;Decreased;False;2020-11-19 03:23:41+00:00;False;80;75;8132;179ecdf49e947a30d1bf5a277470cc2147cc35e4;23;noreply@github.com;43372967+showuon@users.noreply.github.com
ProcessorTopologyTest.java;MODIFY;826;13.0;Grew;False;2020-11-25 01:59:29+00:00;False;81;76;8257;dbf4e63ae7e4c637917124c148d5f21193d395b1;8;noreply@github.com;sophie@confluent.io
ProcessorTopologyTest.java;MODIFY;889;63.0;Grew;False;2020-12-01 18:58:57+00:00;False;84;79;8724;9211ff6ffd06485a4c3bc41185be22bac0d961d8;2;noreply@github.com;bruno@confluent.io
ProcessorTopologyTest.java;MODIFY;798;-91.0;Decreased;False;2021-03-26 02:49:18+00:00;False;74;71;7673;03f13d1c41c033432f5a605b557cc832a18f1790;16;noreply@github.com;matthias@confluent.io
ProcessorTopologyTest.java;MODIFY;800;2.0;Grew;False;2021-06-22 14:17:11+00:00;False;74;71;7685;c3475081c5e8228e9bd3a45022a93d61e542f72e;126;noreply@github.com;vvcephei@users.noreply.github.com
ProcessorTopologyTest.java;MODIFY;1632;832.0;Grew;True;2021-07-14 22:55:50+00:00;True;122;95;17279;f413435585a3ed735ea9d4c551aa4f4f533d6a13;16;noreply@github.com;sagarmeansocean@gmail.com
ProcessorTopologyTest.java;MODIFY;1500;-132.0;Decreased;True;2021-07-26 23:23:04+00:00;False;100;96;15870;f9aeebed054000934af7555f39085f5caecf34bc;10;noreply@github.com;showuon@gmail.com
ProcessorTopologyTest.java;MODIFY;1532;32.0;Grew;True;2022-12-06 10:01:38+00:00;False;105;100;16153;77e294e7fca31e4e384930aa0c26431cfcc13410;16;noreply@github.com;sagarmeansocean@gmail.com
ProcessorTopologyTest.java;MODIFY;1532;0.0;Equal;True;2024-06-24 05:06:35+00:00;False;105;100;16189;0e346d31036d06f88b0344ed7d0452460ce11c7e;89;noreply@github.com;kitingiao@gmail.com
ProcessorTopologyTest.java;MODIFY;1532;0.0;Grew;True;2024-06-27 12:50:06+00:00;False;105;100;16189;1040d783720f5d202127ec7a62946f4ec2e6ad80;554;noreply@github.com;gongxuanzhang@foxmail.com
ProcessorTopologyTest.java;MODIFY;1527;-5.0;Decreased;True;2024-08-26 20:16:43+00:00;False;104;99;16170;e8b27b6a33ffe9e0790dd5f47465e071b4e8a089;15;noreply@github.com;caio.cesar.g.souza@gmail.com
ProcessorTopologyTest.java;MODIFY;1482;-45.0;Decreased;True;2024-08-29 23:52:52+00:00;False;100;95;15839;b154f58ce8b6b0dfb8122d346213521600a18ce5;2;noreply@github.com;pegasashjy@gmail.com
ProcessorTopologyTest.java;MODIFY;1481;-1.0;Decreased;True;2024-10-11 13:20:43+00:00;False;100;95;15825;b03fe66cfe3b0457c856b12772ac4a95c6eedbbb;157;noreply@github.com;gaurav_narula2@apple.com
ProcessorTopologyTest.java;MODIFY;1070;-411.0;Decreased;True;2024-12-20 00:05:16+00:00;False;82;77;10933;9aa900f0767015b3d91fcdaf99f64fa1aa273160;19;noreply@github.com;matthias@confluent.io
