file_name;change_type;n_loc;lines_balance;size_change;is_large;date;swapped_classification;complexity;methods;tokens;hash;files_on_commit;committer_email;author_email
RemoteLogManager.java;ADD;511;0.0;Equal;False;2023-04-12 05:55:36+00:00;False;96;40;4151;e99984248da3042fd7fd6ed5f951f7222a4a3ccd;14;noreply@github.com;satishd@apache.org
RemoteLogManager.java;MODIFY;511;0.0;Equal;False;2023-04-18 19:16:03+00:00;False;96;40;4151;f905a5a45d87c94d369cde9d1326e6d18b95cf7e;2;noreply@github.com;sagarmeansocean@gmail.com
RemoteLogManager.java;MODIFY;681;170.0;Grew;False;2023-05-18 01:07:37+00:00;False;131;49;5659;6f197301646135e0bb39a461ca0a07c09c3185fb;20;noreply@github.com;satishd@apache.org
RemoteLogManager.java;MODIFY;681;0.0;Equal;False;2023-05-31 13:27:48+00:00;False;131;49;5648;08d47cb41d78e448bc73e1751f22895bb2f0ad3e;1;noreply@github.com;jlprat@apache.org
RemoteLogManager.java;MODIFY;694;13.0;Grew;False;2023-06-16 12:56:13+00:00;False;132;50;5757;74238656dcc42e27733bbcb0a2df6d1cd61f09a4;8;noreply@github.com;showuon@gmail.com
RemoteLogManager.java;MODIFY;695;1.0;Grew;False;2023-07-03 01:16:15+00:00;False;132;50;5783;0ae1d228796e100f371cd1f20d826547b6231113;3;noreply@github.com;jorge.quilcate@aiven.io
RemoteLogManager.java;MODIFY;695;0.0;Equal;False;2023-07-08 10:52:22+00:00;False;132;50;5778;7bdcb22cf6fde46efa0f129ca7e66d3015033d1a;6;noreply@github.com;diviv@amazon.com
RemoteLogManager.java;MODIFY;696;1.0;Grew;False;2023-07-11 18:25:23+00:00;False;132;50;5795;7e2f87871371d4d88187f73f43090488612ef42a;10;noreply@github.com;satishd@apache.org
RemoteLogManager.java;MODIFY;730;34.0;Grew;False;2023-07-18 14:46:19+00:00;False;134;52;6086;fd3b1137d2f12bd5c3717fc7ac5ba3d8a96fd951;13;noreply@github.com;abhijeet.cse.kgp@gmail.com
RemoteLogManager.java;MODIFY;754;24.0;Grew;False;2023-08-02 06:35:40+00:00;False;144;56;6217;ffe5f9fbefcba0b2fe8808546e6fd0d02492f75f;2;noreply@github.com;kchandraprakash@uber.com
RemoteLogManager.java;MODIFY;754;0.0;Equal;False;2023-08-02 06:57:25+00:00;False;144;56;6217;8aaf7daff393f2b26438fb7fe28016e06e23558c;5;noreply@github.com;abhijeet.cse.kgp@gmail.com
RemoteLogManager.java;MODIFY;779;25.0;Grew;False;2023-08-04 12:53:25+00:00;False;148;56;6423;b3db905b27ff4133f4018ac922c9ce2beb2d6087;33;noreply@github.com;ivanyu@aiven.io
RemoteLogManager.java;MODIFY;777;-2.0;Decreased;False;2023-08-05 05:00:16+00:00;False;148;56;6433;748175ce62ea68d2a99ff9f96c7e349e1d0e1b96;24;noreply@github.com;showuon@gmail.com
RemoteLogManager.java;MODIFY;778;1.0;Grew;False;2023-08-11 02:42:14+00:00;False;148;56;6439;cdbc9a8d88c1ddc9dd088a33d047783a5b13c282;3;noreply@github.com;showuon@gmail.com
RemoteLogManager.java;MODIFY;833;55.0;Grew;False;2023-08-18 12:51:09+00:00;False;155;58;6926;4f88fb28f38f3e461377bf688520b28a3f209b5d;8;noreply@github.com;53332773+DL1231@users.noreply.github.com
RemoteLogManager.java;MODIFY;1123;290.0;Grew;True;2023-08-24 23:57:59+00:00;True;228;71;9270;d4ab3ae85a35483c15f0ceb0002eb2d81ad79ad2;11;noreply@github.com;satishd@apache.org
RemoteLogManager.java;MODIFY;1124;1.0;Grew;True;2023-08-28 10:29:50+00:00;False;228;71;9274;4590d565ef08e48411123aa1ecbb46bd8130a3de;11;noreply@github.com;kchandraprakash@uber.com
RemoteLogManager.java;MODIFY;1127;3.0;Grew;True;2023-09-04 03:43:04+00:00;False;229;71;9307;5074c8038e44620b48d7700226810b983febd864;2;noreply@github.com;abhijeet.cse.kgp@gmail.com
RemoteLogManager.java;MODIFY;1127;0.0;Equal;True;2023-09-04 23:43:16+00:00;False;229;71;9311;caaa4c55fee68c5893d54ffe84287f3b5205fff1;12;noreply@github.com;kchandraprakash@uber.com
RemoteLogManager.java;MODIFY;1134;7.0;Grew;True;2023-09-06 00:20:12+00:00;False;233;72;9391;80982c4ae3fe6be127b48ec09caff11ab5f87c69;9;noreply@github.com;kchandraprakash@uber.com
RemoteLogManager.java;MODIFY;1165;31.0;Grew;True;2023-09-07 14:32:16+00:00;False;240;74;9637;6d762480c94d826a434eaa7b7688e22d92b28072;3;noreply@github.com;kchandraprakash@uber.com
RemoteLogManager.java;MODIFY;1190;25.0;Grew;True;2023-09-07 15:32:39+00:00;False;242;74;9698;6e818c6b021499976a8aed316bbde6b464439b20;4;noreply@github.com;kchandraprakash@uber.com
RemoteLogManager.java;MODIFY;1196;6.0;Grew;True;2023-09-12 04:42:30+00:00;False;247;74;9766;7483991a0122c1c9493464efbcda1c8a93c74fd6;2;noreply@github.com;lolovc@amazon.com
RemoteLogManager.java;MODIFY;1196;0.0;Equal;True;2023-09-21 08:36:22+00:00;False;247;74;9764;47a1a7c70ed3f53583c33b8a00348e6e5a800d28;2;noreply@github.com;nikrmk@amazon.com
RemoteLogManager.java;MODIFY;1197;1.0;Grew;True;2023-09-24 12:59:29+00:00;False;247;74;9775;98febb989abd1bdb624420f21122c477f2614a08;83;noreply@github.com;ismael@juma.me.uk
RemoteLogManager.java;MODIFY;1207;10.0;Grew;True;2023-09-25 12:11:53+00:00;False;249;74;9817;a15012078b9fa7a31ede40121bbb509cb17af793;2;noreply@github.com;kchandraprakash@uber.com
RemoteLogManager.java;MODIFY;1210;3.0;Grew;True;2023-10-08 07:54:09+00:00;False;250;75;9837;1c3eb4395a15cf4f45b6dc0d39effb3dc087f5a4;6;noreply@github.com;1217150961@qq.com
RemoteLogManager.java;MODIFY;1210;0.0;Equal;True;2023-10-16 13:37:30+00:00;False;250;75;9832;1073d434ec98e64afca1979cd18d3244b133e688;45;noreply@github.com;ismael@juma.me.uk
RemoteLogManager.java;MODIFY;1208;-2.0;Decreased;True;2023-10-18 09:49:25+00:00;False;250;75;9823;8aee2976699072c8f2af1dfccdc8f7a133b6113d;5;noreply@github.com;mimaison@users.noreply.github.com
RemoteLogManager.java;MODIFY;1210;2.0;Grew;True;2023-11-02 09:00:15+00:00;False;250;75;9835;9911fab1a1a95b7783c21fef75f043ea42fea790;5;noreply@github.com;1217150961@qq.com
RemoteLogManager.java;MODIFY;1215;5.0;Grew;True;2023-11-16 03:22:01+00:00;False;252;75;9867;875e610a2ba7ccc3514740db91743b9716411ff4;2;noreply@github.com;jorge.quilcate@aiven.io
RemoteLogManager.java;MODIFY;1237;22.0;Grew;True;2023-11-27 03:40:46+00:00;False;255;75;10060;a42c8463364d14806a46d1f2ea41df9526dd2233;5;noreply@github.com;kchandraprakash@uber.com
RemoteLogManager.java;MODIFY;1244;7.0;Grew;True;2023-12-14 01:21:37+00:00;False;255;75;10158;a87e86e015f61de9a66012fd542dbf0417eb0387;7;noreply@github.com;lolovc@amazon.com
RemoteLogManager.java;MODIFY;1246;2.0;Grew;True;2023-12-18 16:09:43+00:00;False;255;75;10195;c240993be2178a7142e1fd6aa78b986d94be7d9f;5;noreply@github.com;showuon@gmail.com
RemoteLogManager.java;MODIFY;1255;9.0;Grew;True;2023-12-19 07:02:45+00:00;False;256;75;10279;7b21da9712c6eead69150b508cb2e21103744a71;6;noreply@github.com;39860586+tinaselenge@users.noreply.github.com
RemoteLogManager.java;MODIFY;1263;8.0;Grew;True;2023-12-20 08:51:30+00:00;False;256;75;10374;4e11de00a7cefa9e77d848603a52131c86fce4b5;6;noreply@github.com;showuon@gmail.com
RemoteLogManager.java;MODIFY;1298;35.0;Grew;True;2023-12-21 06:27:12+00:00;False;261;76;10609;1a97de2fe6a00b5353bea0153132e0a622b9f619;7;noreply@github.com;lolovc@amazon.com
RemoteLogManager.java;MODIFY;1307;9.0;Grew;True;2023-12-22 07:00:44+00:00;False;263;78;10638;d4f3bf93d315db245f44001aec0965fe7c34fb99;6;noreply@github.com;lolovc@amazon.com
RemoteLogManager.java;MODIFY;1318;11.0;Grew;True;2024-01-14 23:45:58+00:00;False;267;79;10710;ef92deee9d6cf59c912e2556b221d9da60058c0c;2;noreply@github.com;goyal.arpit.91@gmail.com
RemoteLogManager.java;MODIFY;1327;9.0;Grew;True;2024-01-27 11:13:24+00:00;False;268;79;10769;70b8c5ae8e9336dbf4792e2d3cf100bbd70d6480;6;noreply@github.com;showuon@gmail.com
RemoteLogManager.java;MODIFY;1327;0.0;Equal;True;2024-04-08 00:43:05+00:00;False;268;79;10769;8e61f042289deb0defb10c5dfda52042ca0fe06b;11;noreply@github.com;e.vanoosten@grons.nl
RemoteLogManager.java;MODIFY;1327;0.0;Equal;True;2024-04-08 12:15:54+00:00;False;269;79;10773;22f9eee89b93d27a5021cbf6456f3b8f5be27048;1;noreply@github.com;sagarmeansocean@gmail.com
RemoteLogManager.java;MODIFY;1328;1.0;Grew;True;2024-04-19 20:14:23+00:00;False;269;79;10785;ecb2dd4cdc4b83df7a97dc37e4e419ad4490ae10;67;noreply@github.com;o.g.h.ibrahim@gmail.com
RemoteLogManager.java;MODIFY;1330;2.0;Grew;True;2024-04-22 12:42:17+00:00;False;269;79;10795;1763fe19ddc0f864ac57aae3680faeecde2dddab;1;noreply@github.com;74488612+charliecheng630@users.noreply.github.com
RemoteLogManager.java;MODIFY;1335;5.0;Grew;True;2024-04-22 13:23:11+00:00;False;269;79;10850;fb529d89663a5c54890bee8cc9477d9f5be0a8d5;1;noreply@github.com;100591800+m1a2st@users.noreply.github.com
RemoteLogManager.java;MODIFY;1335;0.0;Equal;True;2024-04-25 14:45:00+00:00;False;269;79;10846;0a6d5ff23cd3792ed6401f1fffa8189d0f2f05ca;170;noreply@github.com;mimaison@users.noreply.github.com
RemoteLogManager.java;MODIFY;1335;0.0;Equal;True;2024-04-26 00:31:52+00:00;False;269;79;10846;025f9816f1a15d14aab25c9e8e5b03a87f0cefe2;6;noreply@github.com;gaurav_narula2@apple.com
RemoteLogManager.java;MODIFY;1348;13.0;Grew;True;2024-05-08 07:21:23+00:00;False;272;79;10910;8655094e6c991cc4b40c5e3721ae4a9d69adc843;2;noreply@github.com;kchandraprakash@uber.com
RemoteLogManager.java;MODIFY;1347;-1.0;Decreased;True;2024-05-08 12:27:03+00:00;False;272;79;10900;2a5efe4a334611fc7c15f76b322482bad0942db0;1;noreply@github.com;jorge.quilcate@aiven.io
RemoteLogManager.java;MODIFY;1347;0.0;Equal;True;2024-05-28 14:22:54+00:00;False;272;79;10902;64f699aeea681f54f9a4c973509c953c0501820d;73;noreply@github.com;o.g.h.ibrahim@gmail.com
RemoteLogManager.java;MODIFY;1353;6.0;Grew;True;2024-05-28 16:05:49+00:00;False;273;79;10962;a649bc457faa0f4b682e831d61d27fb289659cba;2;noreply@github.com;showuon@gmail.com
RemoteLogManager.java;MODIFY;1361;8.0;Grew;True;2024-05-30 00:21:30+00:00;False;276;80;11009;3d14690cbfe97dda05dc9896047e38d851076fd4;5;noreply@github.com;murali.basani@gmail.com
RemoteLogManager.java;MODIFY;1390;29.0;Grew;True;2024-05-30 16:06:49+00:00;False;280;84;11211;bb7db87f9883a7023b28f1150085b0914c011379;12;noreply@github.com;abhijeet.cse.kgp@gmail.com
RemoteLogManager.java;MODIFY;1393;3.0;Grew;True;2024-06-05 13:42:25+00:00;False;281;85;11227;bd9d68f24a5aae0054fd93a1a848d2cf0dfdde30;5;noreply@github.com;abhijeet.cse.kgp@gmail.com
RemoteLogManager.java;MODIFY;1404;11.0;Grew;True;2024-06-06 06:10:13+00:00;False;281;86;11337;3835515feaf7cb5bb7de3c4d63794e79100eb62a;22;noreply@github.com;ocadaruma@gmail.com
RemoteLogManager.java;MODIFY;1404;0.0;Equal;True;2024-06-09 18:14:15+00:00;False;281;86;11337;e5b8712993d342d0dd2be69c3fc78d6493366f93;14;noreply@github.com;yujuan476@gmail.com
RemoteLogManager.java;MODIFY;1411;7.0;Grew;True;2024-06-11 15:37:12+00:00;False;281;86;11391;f3dbd7ed08a0a7af0e69de1ccca8b6171b698a62;7;noreply@github.com;kchandraprakash@uber.com
RemoteLogManager.java;MODIFY;1430;19.0;Grew;True;2024-06-12 00:57:02+00:00;False;283;87;11534;23fe71d579f84d59ebfe6d5a29e688315cec1285;3;noreply@github.com;abhijeet.cse.kgp@gmail.com
RemoteLogManager.java;MODIFY;1439;9.0;Grew;True;2024-06-12 14:17:46+00:00;False;285;89;11609;b5fb6543a202f826461d5074ef0ea8f6022566e0;3;noreply@github.com;abhijeet.cse.kgp@gmail.com
RemoteLogManager.java;MODIFY;1443;4.0;Grew;True;2024-06-12 23:48:30+00:00;False;289;89;11659;cf5a86b654fd0be0c15bd47ca711bcea75d9d800;2;noreply@github.com;kchandraprakash@uber.com
RemoteLogManager.java;MODIFY;1443;0.0;Equal;True;2024-06-13 07:39:32+00:00;False;289;89;11659;596b94507244114fdf9e44711fe56505885188ab;372;noreply@github.com;gongxuanzhang@foxmail.com
RemoteLogManager.java;MODIFY;1455;12.0;Grew;True;2024-06-14 04:20:12+00:00;False;293;91;11719;a5c71bd6cbf5b94076dedcd9bf5c655772bead43;2;noreply@github.com;kchandraprakash@uber.com
RemoteLogManager.java;MODIFY;1455;0.0;Equal;True;2024-06-15 01:10:25+00:00;False;293;91;11721;817da3fb5d6d89a786b02448b3503f3afbef56ca;2;noreply@github.com;francois.visconte@datadoghq.com
RemoteLogManager.java;MODIFY;1462;7.0;Grew;True;2024-06-18 04:09:35+00:00;False;293;91;11790;8abeaf3cb495bb4bf05e11c1be45967d6e4730f8;8;noreply@github.com;kchandraprakash@uber.com
RemoteLogManager.java;MODIFY;1462;0.0;Equal;True;2024-06-19 06:24:42+00:00;False;293;91;11790;96989e4b6483e2e24883de20ff2cbcd2d3b39dbf;44;noreply@github.com;gongxuanzhang@foxmail.com
RemoteLogManager.java;MODIFY;1455;-7.0;Decreased;True;2024-06-20 15:33:35+00:00;False;293;91;11717;4fe08f3b297064794d8ff0c38d537f2dd32de1e8;10;noreply@github.com;kchandraprakash@uber.com
RemoteLogManager.java;MODIFY;1456;1.0;Grew;True;2024-06-25 14:00:12+00:00;False;293;91;11724;87f8147ed0ef4bfe32936bc17240eed91abc29aa;21;noreply@github.com;muralidhar.basani@aiven.io
RemoteLogManager.java;MODIFY;1465;9.0;Grew;True;2024-07-03 08:41:18+00:00;False;294;92;11805;b2da186f21490ddf9922a7ad834e830deee1f7a8;7;noreply@github.com;abhijeet.cse.kgp@gmail.com
RemoteLogManager.java;MODIFY;1471;6.0;Grew;True;2024-07-04 04:27:59+00:00;False;294;92;11862;641469e4ac15fafc362dab5aa5db49979782d5f0;2;noreply@github.com;abhijeet.cse.kgp@gmail.com
RemoteLogManager.java;MODIFY;1544;73.0;Grew;True;2024-07-17 11:13:23+00:00;False;294;99;12392;24ed31739e2efc337f53040366c38dedae543308;3;noreply@github.com;abhijeet.cse.kgp@gmail.com
RemoteLogManager.java;MODIFY;1538;-6.0;Decreased;True;2024-07-21 10:17:04+00:00;False;294;99;12359;e9a8c3c455f097144f06794533f93db181ad46bd;5;noreply@github.com;brandboat@gmail.com
RemoteLogManager.java;MODIFY;1563;25.0;Grew;True;2024-08-03 08:38:41+00:00;False;300;101;12614;9f7e8d478a9252f03f6adae3736d13799f137d6a;15;noreply@github.com;showuon@gmail.com
RemoteLogManager.java;MODIFY;1562;-1.0;Decreased;True;2024-08-03 12:15:51+00:00;False;300;101;12607;8438c4339e0a103d95575336a9f3653698cd0b8e;21;noreply@github.com;kitingiao@gmail.com
RemoteLogManager.java;MODIFY;1562;0.0;Equal;True;2024-08-27 09:39:37+00:00;False;300;101;12615;b9fe9f532fe11c658d07b11543e874526cb837b8;52;noreply@github.com;mimaison@users.noreply.github.com
RemoteLogManager.java;MODIFY;1576;14.0;Grew;True;2024-08-29 06:09:55+00:00;False;304;101;12703;ad4405c8dd2f94fcce66ccf157866bf2e21b9eb8;3;noreply@github.com;showuon@gmail.com
RemoteLogManager.java;MODIFY;1576;0.0;Equal;True;2024-08-31 04:41:34+00:00;False;304;101;12701;1841c07d4af1daa55f5f332e7c844738c12e7f7c;27;noreply@github.com;mimaison@users.noreply.github.com
RemoteLogManager.java;MODIFY;1576;0.0;Equal;True;2024-09-03 18:18:47+00:00;False;304;101;12725;839431e59170f162fb0da665f145919edfb16ea7;11;noreply@github.com;mimaison@users.noreply.github.com
RemoteLogManager.java;MODIFY;1602;26.0;Grew;True;2024-09-15 23:25:06+00:00;False;306;103;12935;344d8a60af8ba7e4ae646501494b17b6987a95d3;24;noreply@github.com;kchandraprakash@uber.com
RemoteLogManager.java;MODIFY;1602;0.0;Equal;True;2024-09-27 00:31:28+00:00;False;306;103;12935;05366d2fa7c4bf06b32657f654c678bc9bfd7ee1;48;noreply@github.com;apoorvmittal10@gmail.com
RemoteLogManager.java;MODIFY;1611;9.0;Grew;True;2024-09-30 06:44:46+00:00;False;310;103;13013;40360819bb97d6b05dfef6451888b4d908fc3bf4;2;noreply@github.com;kchandraprakash@uber.com
RemoteLogManager.java;MODIFY;1605;-6.0;Decreased;True;2024-09-30 15:06:14+00:00;False;310;103;12991;818ee8a581b92ccd0434310ea3b108e76daea565;16;noreply@github.com;greg.harris@aiven.io
RemoteLogManager.java;MODIFY;1612;7.0;Grew;True;2024-10-04 03:20:07+00:00;False;310;103;13058;c8cfb4c7f1ff906cc3ac0d22ba9b99c0c8a14e9c;2;noreply@github.com;fedevaleri@gmail.com
RemoteLogManager.java;MODIFY;1612;0.0;Equal;True;2024-10-14 09:13:20+00:00;False;310;103;13060;76a1af984b39d9890fe26954aff36bb1a321af77;17;noreply@github.com;154567180+Linsiyuan9@users.noreply.github.com
RemoteLogManager.java;MODIFY;1612;0.0;Equal;True;2024-10-16 00:04:33+00:00;False;310;103;13061;604564cce3e195eece6927dc83d150e0150022fc;6;noreply@github.com;kamal.chandraprakash@gmail.com
RemoteLogManager.java;MODIFY;1612;0.0;Equal;True;2024-10-18 07:35:00+00:00;False;310;103;13049;715606e7035afe456a97804c3a832cf9d2ad4dcb;4;noreply@github.com;mimaison@users.noreply.github.com
RemoteLogManager.java;MODIFY;1614;2.0;Grew;True;2024-10-25 17:07:56+00:00;False;310;103;13061;09d76f917c3bdd6a53444b79909b99217421e69b;4;noreply@github.com;s7133700@gmail.com
RemoteLogManager.java;MODIFY;1614;0.0;Equal;True;2024-11-08 08:55:09+00:00;False;310;103;13073;0049b967e5597280ed60fccb00bd637613e7c58a;48;noreply@github.com;mimaison@users.noreply.github.com
RemoteLogManager.java;MODIFY;1662;48.0;Grew;True;2024-11-08 09:19:09+00:00;False;322;106;13422;b9976437e11dee877f32376d18140641ef4ccbc7;25;noreply@github.com;kamal.chandraprakash@gmail.com
RemoteLogManager.java;MODIFY;1679;17.0;Grew;True;2024-11-09 03:22:17+00:00;False;325;107;13537;324a74d4fd179614df648009fc294dfbf225c775;2;noreply@github.com;kamal.chandraprakash@gmail.com
RemoteLogManager.java;MODIFY;1679;0.0;Equal;True;2024-11-09 19:13:12+00:00;False;325;107;13529;5d2074e8f26a0573fd7d66cc4dfa68a9dae58dc4;6;noreply@github.com;mimaison@users.noreply.github.com
RemoteLogManager.java;MODIFY;1685;6.0;Grew;True;2024-11-12 17:17:48+00:00;False;326;107;13563;5914013219a3769df8e28408d5e99bf3e500b9c4;6;noreply@github.com;kamal.chandraprakash@gmail.com
RemoteLogManager.java;MODIFY;1686;1.0;Grew;True;2024-11-14 10:24:45+00:00;False;327;107;13572;18199028a672fd973ac37bf26316994babc2a6da;2;noreply@github.com;payang@apache.org
RemoteLogManager.java;MODIFY;1687;1.0;Grew;True;2024-12-07 14:43:00+00:00;False;327;107;13589;4630628701a5f2b153aa9d87bbbae26a18743200;9;noreply@github.com;mimaison@users.noreply.github.com
RemoteLogManager.java;MODIFY;1687;0.0;Equal;True;2024-12-11 09:56:47+00:00;False;327;107;13597;7591868aead54fff7d5e8a44c5e06746ed34866b;6;noreply@github.com;mimaison@users.noreply.github.com
RemoteLogManager.java;MODIFY;1690;3.0;Grew;True;2024-12-14 07:44:05+00:00;False;329;112;13629;139e5b15a1ca1c369b7f42842da8c69caa10d09f;7;noreply@github.com;kamal.chandraprakash@gmail.com
RemoteLogManager.java;MODIFY;1690;0.0;Equal;True;2024-12-20 11:52:34+00:00;False;329;112;13621;e8863c9ee2b313652cd03d20fa08256bb1e9cb1c;18;noreply@github.com;s7133700@gmail.com
