file_name;change_type;n_loc;lines_balance;size_change;is_large;date;swapped_classification;complexity;methods;tokens;hash;files_on_commit;committer_email;author_email
ReplicationControlManagerTest.java;ADD;176;0.0;Equal;False;2021-02-20 02:03:23+00:00;False;9;7;1737;5eac5a822fe4eb8691d2411fb25fcba1d4203b55;55;noreply@github.com;cmccabe@confluent.io
ReplicationControlManagerTest.java;MODIFY;339;163.0;Grew;False;2021-02-25 22:17:19+00:00;False;20;15;3100;a8eda3c785104615fa7144d6722a91223ecfea58;9;noreply@github.com;jason@confluent.io
ReplicationControlManagerTest.java;MODIFY;447;108.0;Grew;False;2021-03-04 19:28:20+00:00;False;25;19;4190;eebc6f279e61bcd9a331a3a0b305b57ffdc1ab66;15;noreply@github.com;cmccabe@confluent.io
ReplicationControlManagerTest.java;MODIFY;449;2.0;Grew;False;2021-03-04 20:19:34+00:00;False;25;19;4213;60a097ae406bf2b263d7651ead762ccf1845b14b;2;noreply@github.com;jason@confluent.io
ReplicationControlManagerTest.java;MODIFY;448;-1.0;Decreased;False;2021-03-08 19:21:42+00:00;False;25;19;4211;31a121c3b7088527e7926392de8f3511e3a76afa;9;noreply@github.com;jason@confluent.io
ReplicationControlManagerTest.java;MODIFY;459;11.0;Grew;False;2021-04-06 17:18:06+00:00;False;25;19;4373;7bc84d6ced71056dbb4cecdc9abbdbd7d8a5aa10;26;noreply@github.com;cmccabe@confluent.io
ReplicationControlManagerTest.java;MODIFY;589;130.0;Grew;False;2021-04-13 18:00:22+00:00;False;28;22;5598;a8a6952e4a0b6f161dee4caa3eb0cb0fbf23091c;13;noreply@github.com;cmccabe@confluent.io
ReplicationControlManagerTest.java;MODIFY;623;34.0;Grew;False;2021-04-29 18:20:30+00:00;False;31;25;6082;8d38189eddd66d8ae53749f15bfff557f102a936;6;noreply@github.com;cmccabe@confluent.io
ReplicationControlManagerTest.java;MODIFY;623;0.0;Equal;False;2021-05-11 16:58:28+00:00;False;31;25;6084;7ef38794291fc5d2317a3c3e33b463e2525b12a9;64;noreply@github.com;satishd@apache.org
ReplicationControlManagerTest.java;MODIFY;664;41.0;Grew;False;2021-05-13 19:08:18+00:00;False;32;26;6557;e69571aecc75d4b3d37c8b43d39cae83e250bedb;6;noreply@github.com;35785891+dielhennr@users.noreply.github.com
ReplicationControlManagerTest.java;MODIFY;665;1.0;Grew;False;2021-05-17 23:49:47+00:00;False;32;26;6559;9e5b77fb9687c319dd2b188d9669ca2bd01e9bb8;17;noreply@github.com;cmccabe@confluent.io
ReplicationControlManagerTest.java;MODIFY;700;35.0;Grew;False;2021-05-20 23:28:32+00:00;False;34;27;6957;80ec8fbcd560a7068cfa7baea72846f0ffd98b72;6;noreply@github.com;35785891+dielhennr@users.noreply.github.com
ReplicationControlManagerTest.java;MODIFY;700;0.0;Equal;False;2021-05-20 23:39:52+00:00;False;34;27;6957;c714e676856c99da8101a0b91e70687e34ffb289;1;cmccabe@confluent.io;cmccabe@confluent.io
ReplicationControlManagerTest.java;MODIFY;679;-21.0;Decreased;False;2021-06-11 00:34:15+00:00;False;32;25;6693;5936a249bda171851cfa669da4276d23230eab6e;14;noreply@github.com;cmccabe@confluent.io
ReplicationControlManagerTest.java;MODIFY;679;0.0;Equal;False;2021-06-15 23:39:18+00:00;False;32;25;6693;f0bb85cee3b127cfb13cd8fea85ac61936f2d39f;28;noreply@github.com;cmccabe@confluent.io
ReplicationControlManagerTest.java;MODIFY;679;0.0;Equal;False;2021-07-07 22:39:43+00:00;False;32;25;6705;03890ff1d1beabcd773bf96de4f8e9462fd82a5a;7;noreply@github.com;mumrah@gmail.com
ReplicationControlManagerTest.java;MODIFY;679;0.0;Equal;False;2021-07-09 19:18:34+00:00;False;32;25;6705;d20865ae792baa287cf9707ab6c05ea6da6be517;16;noreply@github.com;jason@confluent.io
ReplicationControlManagerTest.java;MODIFY;776;97.0;Grew;False;2021-07-14 17:52:25+00:00;False;37;30;7859;301a07f4d877ebd22e111831d5445ade3f73af14;3;noreply@github.com;cmccabe@confluent.io
ReplicationControlManagerTest.java;MODIFY;989;213.0;Grew;False;2021-07-15 18:41:51+00:00;False;38;31;10453;e07de97a4ce730a2755db7eeacb9b3e1f69a12c8;21;noreply@github.com;cmccabe@confluent.io
ReplicationControlManagerTest.java;MODIFY;1031;42.0;Grew;False;2021-08-12 16:38:44+00:00;False;41;33;10965;b1b872bd4eac979159a0fa7ec25a124973dc7314;8;noreply@github.com;niket-goel@users.noreply.github.com
ReplicationControlManagerTest.java;MODIFY;1270;239.0;Grew;True;2021-09-15 15:52:45+00:00;True;54;43;12654;7de8a93c7e1036553ab6e738cf91bc39e154719e;31;noreply@github.com;jason@confluent.io
ReplicationControlManagerTest.java;MODIFY;1354;84.0;Grew;True;2021-09-22 20:07:45+00:00;False;65;51;13425;85548acafbc799ee371b531802580fcde170ddc1;10;noreply@github.com;cmccabe@confluent.io
ReplicationControlManagerTest.java;MODIFY;1387;33.0;Grew;True;2021-09-27 23:00:41+00:00;False;67;53;13747;b741e9386e74aa9c9fceb5715b8c138ae49c07a8;2;noreply@github.com;cmccabe@confluent.io
ReplicationControlManagerTest.java;MODIFY;1411;24.0;Grew;True;2021-10-22 19:57:36+00:00;False;68;54;13978;3f433c0b4a3fc024d4ec48f7e8b5541336fca053;8;noreply@github.com;rdielhenn@confluent.io
ReplicationControlManagerTest.java;MODIFY;1412;1.0;Grew;True;2021-12-06 00:32:56+00:00;False;68;54;13977;a957748d2e0de872e881ec17f6cc27ada7ab7cd9;9;cmccabe@apache.org;cmccabe@confluent.io
ReplicationControlManagerTest.java;MODIFY;1417;5.0;Grew;True;2022-01-06 18:28:36+00:00;False;68;54;13993;8e301b48e937198c65a058518dc7551488aac8fc;9;noreply@github.com;cmccabe@apache.org
ReplicationControlManagerTest.java;MODIFY;1418;1.0;Grew;True;2022-03-02 22:26:31+00:00;False;68;54;14002;07553d13f7207d3e005cee3f8c8b520815738d89;15;noreply@github.com;cmccabe@apache.org
ReplicationControlManagerTest.java;MODIFY;1422;4.0;Grew;True;2022-03-15 19:50:53+00:00;False;68;54;14007;bda5c34b030207f542c7987a5e0f9bcb23406c18;5;noreply@github.com;cmccabe@confluent.io
ReplicationControlManagerTest.java;MODIFY;1440;18.0;Grew;True;2022-03-18 16:24:11+00:00;False;68;54;14200;52621613fd386203773ba93903abd50b46fa093a;65;noreply@github.com;jsancio@users.noreply.github.com
ReplicationControlManagerTest.java;MODIFY;1507;67.0;Grew;True;2022-03-18 21:30:52+00:00;False;69;55;14889;8d6968e8322d74ebb0fde513113d42bef69fb72b;12;noreply@github.com;jsancio@users.noreply.github.com
ReplicationControlManagerTest.java;MODIFY;1504;-3.0;Decreased;True;2022-04-01 17:50:25+00:00;False;69;55;14963;62ea4c46a9be7388baeaef1c505d3e5798a9066f;22;noreply@github.com;cmccabe@apache.org
ReplicationControlManagerTest.java;MODIFY;1522;18.0;Grew;True;2022-04-13 18:59:29+00:00;False;70;56;15161;87aa8259ddf5d4e5ed75aa41c4ba2ad65e2624a6;5;cmccabe@apache.org;dengziming1993@gmail.com
ReplicationControlManagerTest.java;MODIFY;1523;1.0;Grew;True;2022-04-15 23:07:23+00:00;False;70;56;15210;1521813a3a9710011b1ac7526ad3379f809032ca;34;noreply@github.com;cmccabe@apache.org
ReplicationControlManagerTest.java;MODIFY;1545;22.0;Grew;True;2022-04-21 21:58:02+00:00;False;71;57;15515;d480c4aa6e513e36050d8e067931de2270525d18;4;noreply@github.com;cmccabe@confluent.io
ReplicationControlManagerTest.java;MODIFY;1589;44.0;Grew;True;2022-05-19 16:46:48+00:00;False;72;58;15886;6380652a5a3c66bef4dc8231c3eb4842b3556148;6;noreply@github.com;dengziming1993@gmail.com
ReplicationControlManagerTest.java;MODIFY;1591;2.0;Grew;True;2022-06-01 17:48:24+00:00;False;72;58;15909;7d1b0926fab104311a505826831ddc45864e9a6a;26;noreply@github.com;jsancio@users.noreply.github.com
ReplicationControlManagerTest.java;MODIFY;1589;-2.0;Decreased;True;2022-06-01 23:33:01+00:00;False;72;58;15886;65b4374203608dc4d68544bde16d4acd2e31efd1;11;noreply@github.com;cmccabe@apache.org
ReplicationControlManagerTest.java;MODIFY;1794;205.0;Grew;True;2022-06-07 17:37:20+00:00;False;82;66;17511;151ca12a56c854d78be07f9893ef7984277bb5c1;20;noreply@github.com;djacot@confluent.io
ReplicationControlManagerTest.java;MODIFY;1968;174.0;Grew;True;2022-06-14 11:12:45+00:00;False;107;69;18950;f83d95d9a28267f7ef7a7b1e584dcdb4aa842210;32;noreply@github.com;djacot@confluent.io
ReplicationControlManagerTest.java;MODIFY;1976;8.0;Grew;True;2022-08-15 18:34:29+00:00;False;107;69;19031;5990471b8ca0dc275c9a8ff0cde2a6562ee8199e;2;noreply@github.com;jason@confluent.io
ReplicationControlManagerTest.java;MODIFY;1976;0.0;Equal;True;2022-10-04 23:31:43+00:00;False;107;69;19031;c5745d2845cfdb9d99f3a93f4eb77aebe4344bdd;7;noreply@github.com;jason@confluent.io
ReplicationControlManagerTest.java;MODIFY;1976;0.0;Equal;True;2022-10-13 16:56:19+00:00;False;107;69;19033;dac81161dbf743b9e0c31ab5ffa7bb8c757feb3d;40;noreply@github.com;cmccabe@apache.org
ReplicationControlManagerTest.java;MODIFY;2000;24.0;Grew;True;2022-10-29 01:50:08+00:00;False;109;71;19359;cbe50d95a980529c84698d0d2be476ff178c2c29;2;noreply@github.com;jason@confluent.io
ReplicationControlManagerTest.java;MODIFY;1989;-11.0;Decreased;True;2022-12-16 00:53:07+00:00;False;109;71;19197;29c09e2ca199386efbcb05cdfb10b7376b956233;42;noreply@github.com;cmccabe@apache.org
ReplicationControlManagerTest.java;MODIFY;1890;-99.0;Decreased;True;2022-12-20 18:55:14+00:00;False;106;68;18052;44b3177a087ff809a9d95a27b63b10e00aa4da7d;16;noreply@github.com;jsancio@users.noreply.github.com
ReplicationControlManagerTest.java;MODIFY;1935;45.0;Grew;True;2023-01-13 00:23:57+00:00;False;106;68;18658;0d9a7022a4486e08dc4bd71e2fd7632ecdd3b76f;4;noreply@github.com;97484553+andymg3@users.noreply.github.com
ReplicationControlManagerTest.java;MODIFY;1935;0.0;Equal;True;2023-02-16 15:13:31+00:00;False;106;68;18658;ba0c5b0902d4b259505cf4a7c2a45e98182a372b;35;noreply@github.com;lolovc@amazon.com
ReplicationControlManagerTest.java;MODIFY;2042;107.0;Grew;True;2023-03-07 19:25:34+00:00;False;111;71;19733;e3817cac894140e0b26c09050b10ce653f7c3d97;15;noreply@github.com;rndgstn@gmail.com
ReplicationControlManagerTest.java;MODIFY;2043;1.0;Grew;True;2023-03-20 20:44:54+00:00;False;111;71;19778;df5850274d3f9186cdb4a2288193c8977a4552bf;5;noreply@github.com;97484553+andymg3@users.noreply.github.com
ReplicationControlManagerTest.java;MODIFY;2038;-5.0;Decreased;True;2023-03-30 02:10:03+00:00;False;111;71;19731;887d05559f36fee94389988405724b509a84c46c;1;noreply@github.com;97484553+andymg3@users.noreply.github.com
ReplicationControlManagerTest.java;MODIFY;2111;73.0;Grew;True;2023-03-31 09:27:42+00:00;False;120;75;20468;8c88cdb7186b1d594f991eb324356dcfcabdf18a;14;noreply@github.com;83986057+CalvinConfluent@users.noreply.github.com
ReplicationControlManagerTest.java;MODIFY;2231;120.0;Grew;True;2023-04-12 19:00:35+00:00;False;121;76;21663;c4ad09e47d79a4ca89769caa496a7ba58a0c7fbb;2;noreply@github.com;97484553+andymg3@users.noreply.github.com
ReplicationControlManagerTest.java;MODIFY;2276;45.0;Grew;True;2023-05-31 17:49:05+00:00;False;123;78;22145;9b3db6d50a9bb892032fa0c09692241fe070103a;9;noreply@github.com;cmccabe@apache.org
ReplicationControlManagerTest.java;MODIFY;2276;0.0;Equal;True;2023-06-02 19:51:15+00:00;False;123;78;22201;146a6976aed0d9f90c70b6f21dca8b887cc34e71;8;noreply@github.com;cmccabe@apache.org
ReplicationControlManagerTest.java;MODIFY;2271;-5.0;Decreased;True;2023-06-06 14:58:23+00:00;False;123;78;22356;db9d8457027c1dfb72a33290d18e227d4a02f16d;12;noreply@github.com;97484553+andymg3@users.noreply.github.com
ReplicationControlManagerTest.java;MODIFY;2271;0.0;Equal;True;2023-06-07 14:20:40+00:00;False;123;78;22356;8ad0ed3e618ed6c101907484d6cdbaee90d3d99c;12;noreply@github.com;jsancio@users.noreply.github.com
ReplicationControlManagerTest.java;MODIFY;2292;21.0;Grew;True;2023-07-13 20:27:15+00:00;False;124;79;22495;959f9ca4c02817cce85f0375d431ed72f22699e2;14;noreply@github.com;cmccabe@apache.org
ReplicationControlManagerTest.java;MODIFY;2292;0.0;Equal;True;2023-07-14 03:46:13+00:00;False;124;79;22501;c84ac00609c09caafc47764de26f11958c615a43;1;noreply@github.com;mumrah@gmail.com
ReplicationControlManagerTest.java;MODIFY;2291;-1.0;Decreased;True;2023-09-07 22:21:52+00:00;False;124;79;22485;41b695b6e30baa4243d9ca4f359b833e17ed0e77;68;noreply@github.com;cmccabe@apache.org
ReplicationControlManagerTest.java;MODIFY;2292;1.0;Grew;True;2023-09-28 20:55:44+00:00;False;124;79;22498;bcfc9543d141db9cf5b40f54dc971d7812f94319;6;noreply@github.com;98577846+rreddy-22@users.noreply.github.com
ReplicationControlManagerTest.java;MODIFY;2377;85.0;Grew;True;2023-10-19 18:05:15+00:00;False;129;84;23560;af747fbfed7e81617c3b3ad0e4dc8c857aa9502b;22;noreply@github.com;83986057+CalvinConfluent@users.noreply.github.com
ReplicationControlManagerTest.java;MODIFY;2402;25.0;Grew;True;2023-11-06 22:21:51+00:00;False;130;85;23923;505e5b3eaa62696c038e53104d568d23512559a6;7;noreply@github.com;83986057+CalvinConfluent@users.noreply.github.com
ReplicationControlManagerTest.java;MODIFY;2401;-1.0;Decreased;True;2023-11-14 08:25:09+00:00;False;130;85;23838;832627fc78484fdc7c8d6da8a2d20e7691dbf882;36;noreply@github.com;mimaison@users.noreply.github.com
ReplicationControlManagerTest.java;MODIFY;2404;3.0;Grew;True;2023-11-30 18:35:13+00:00;False;130;85;23880;a94bc8d6d52ac4cf0bfd85b04271681f2081a31e;30;noreply@github.com;cmccabe@apache.org
ReplicationControlManagerTest.java;MODIFY;2447;43.0;Grew;True;2023-11-30 22:10:47+00:00;False;133;86;24249;6b87c8529113939f3a3709603b6f37d733daf49a;31;cmccabe@apache.org;i@soarez.me
ReplicationControlManagerTest.java;MODIFY;2511;64.0;Grew;True;2023-12-06 21:40:43+00:00;False;133;86;24644;f467f6bb4f91a773a04106da7430798be9926fd6;18;noreply@github.com;i@soarez.me
ReplicationControlManagerTest.java;MODIFY;2606;95.0;Grew;True;2023-12-07 19:44:45+00:00;False;137;90;25787;c515bf51f820f26ff6be6b0fde03b47b69a10b00;14;cmccabe@apache.org;i@soarez.me
ReplicationControlManagerTest.java;MODIFY;2657;51.0;Grew;True;2023-12-08 22:44:14+00:00;False;139;92;26392;93b6df6173da98a1f41f21bd90a3bada662f3e93;4;noreply@github.com;soarez@apple.com
ReplicationControlManagerTest.java;MODIFY;2659;2.0;Grew;True;2023-12-18 20:43:28+00:00;False;139;92;26422;f385ef468b57b02b064451306ebed3c11e37889d;5;noreply@github.com;soarez@apple.com
ReplicationControlManagerTest.java;MODIFY;2659;0.0;Equal;True;2024-01-17 22:59:22+00:00;False;139;92;26422;7bf7fd99a50ba2dd71c41cd4c3623a3adce092b6;72;noreply@github.com;mumrah@gmail.com
ReplicationControlManagerTest.java;MODIFY;2659;0.0;Equal;True;2024-02-16 18:27:43+00:00;False;139;92;26424;756f44a3e582902827ae45daf382556c7fba99a0;3;noreply@github.com;83986057+CalvinConfluent@users.noreply.github.com
ReplicationControlManagerTest.java;MODIFY;2659;0.0;Equal;True;2024-03-05 20:02:19+00:00;False;139;92;26419;2c1943d836d828755af382b9d7996ff092854fe2;8;noreply@github.com;cmccabe@apache.org
ReplicationControlManagerTest.java;MODIFY;2660;1.0;Grew;True;2024-03-20 02:36:25+00:00;False;139;92;26437;12a1d85362bfc200714bb2d76e6da7f5af1f82dd;82;noreply@github.com;brandboat@gmail.com
ReplicationControlManagerTest.java;MODIFY;2726;66.0;Grew;True;2024-04-04 13:12:05+00:00;False;144;96;27257;376e9e20dbf7c7aeb6f6f666d47932c445eb6bd1;11;noreply@github.com;83986057+CalvinConfluent@users.noreply.github.com
ReplicationControlManagerTest.java;MODIFY;2738;12.0;Grew;True;2024-04-10 09:57:05+00:00;False;144;96;27398;f6c9feea76d01a46319b0ca602d70aa855057b07;3;noreply@github.com;soarez@apple.com
ReplicationControlManagerTest.java;MODIFY;2741;3.0;Grew;True;2024-04-25 00:52:24+00:00;False;144;96;27390;864744ffd4ddc3b0d216a3049ee0c61e9c0d3ad1;12;noreply@github.com;51072200+frankvicky@users.noreply.github.com
ReplicationControlManagerTest.java;MODIFY;2740;-1.0;Decreased;True;2024-04-25 21:50:40+00:00;False;142;96;27198;df4ef5a6210c01661a068123d52af7bf8ba6769d;31;noreply@github.com;mimaison@users.noreply.github.com
ReplicationControlManagerTest.java;MODIFY;2740;0.0;Equal;True;2024-06-06 13:18:23+00:00;False;142;96;27176;226f3c57e3a19de227d6b34828fd5e3a535e6778;43;noreply@github.com;122860866+sjhajharia@users.noreply.github.com
ReplicationControlManagerTest.java;MODIFY;2740;0.0;Equal;True;2024-06-13 07:39:32+00:00;False;142;96;27176;596b94507244114fdf9e44711fe56505885188ab;372;noreply@github.com;gongxuanzhang@foxmail.com
ReplicationControlManagerTest.java;MODIFY;2740;0.0;Equal;True;2024-06-15 21:28:50+00:00;False;142;96;27176;4e846038a6313e28d3b3ee3d3c3163d1f26356bf;242;noreply@github.com;gongxuanzhang@foxmail.com
ReplicationControlManagerTest.java;MODIFY;2740;0.0;Equal;True;2024-07-19 03:09:08+00:00;False;142;96;27176;66655ab49a9401a62e1e99e637e0c5bd5a1ba550;8;noreply@github.com;mingyen066@gmail.com
ReplicationControlManagerTest.java;MODIFY;2829;89.0;Grew;True;2024-08-28 21:13:20+00:00;False;155;99;28255;ca0cc355f6457286f4d986aec0a2ee2eb368813e;33;noreply@github.com;cmccabe@apache.org
ReplicationControlManagerTest.java;MODIFY;2823;-6.0;Decreased;True;2024-10-11 09:14:12+00:00;False;153;97;28203;b2380d7bf6b06a0105086a79a5ed6270ed4309b5;1;noreply@github.com;yujuan476@gmail.com
ReplicationControlManagerTest.java;MODIFY;2823;0.0;Equal;True;2024-10-11 13:20:43+00:00;False;153;97;28203;b03fe66cfe3b0457c856b12772ac4a95c6eedbbb;157;noreply@github.com;gaurav_narula2@apple.com
ReplicationControlManagerTest.java;MODIFY;2822;-1.0;Decreased;True;2024-10-28 15:36:07+00:00;False;153;97;28184;14a9130f6fa31c10cb65cc500c101148d0410306;18;noreply@github.com;cmccabe@apache.org
ReplicationControlManagerTest.java;MODIFY;2857;35.0;Grew;True;2024-10-31 20:54:03+00:00;False;155;99;28521;18b8b992f9baa91d9785d491f7cce2867ecb6ba9;3;noreply@github.com;jhooper@confluent.io
ReplicationControlManagerTest.java;MODIFY;2864;7.0;Grew;True;2024-11-18 19:15:38+00:00;False;156;100;28564;130bf1054b037d3fbc941dbf9e6d1276a8edfbad;4;noreply@github.com;cmccabe@apache.org
ReplicationControlManagerTest.java;MODIFY;2875;11.0;Grew;True;2024-11-26 22:40:23+00:00;False;157;100;28647;2b2b3cd355c2bb226a869988a6b1a59a7f2db055;19;noreply@github.com;83986057+CalvinConfluent@users.noreply.github.com
ReplicationControlManagerTest.java;MODIFY;2869;-6.0;Decreased;True;2024-12-05 02:59:18+00:00;False;157;100;28643;2b43c49f51d8f8bdac5125ea20d41967d1f830cf;43;noreply@github.com;s7133700@gmail.com
ReplicationControlManagerTest.java;MODIFY;2869;0.0;Equal;True;2024-12-21 22:01:54+00:00;False;157;100;28643;8bd3746e0cbdf6af1eabe074f12095a98a3c66cb;14;noreply@github.com;jolshan@confluent.io
