file_name;change_type;n_loc;lines_balance;size_change;is_large;date;swapped_classification;complexity;methods;tokens;hash;files_on_commit;committer_email;author_email
TopologyTestDriverTest.java;ADD;547;0.0;Equal;False;2018-01-30 01:21:48+00:00;False;55;38;4406;a78f66a5ae7865418ee482c535e883598e1ec51f;19;wangguoz@gmail.com;mjsax@apache.org
TopologyTestDriverTest.java;MODIFY;547;0.0;Equal;False;2018-01-31 02:18:55+00:00;False;55;38;4411;15568fdbe753ea1c2e5fef571daf45e435999c07;6;mjsax@apache.org;fredericarno@gmail.com
TopologyTestDriverTest.java;MODIFY;548;1.0;Grew;False;2018-02-08 21:21:56+00:00;False;55;38;4416;a1352f8c5a96c8e861c17c8105557428a47f4334;11;noreply@github.com;mjsax@apache.org
TopologyTestDriverTest.java;MODIFY;675;127.0;Grew;False;2018-02-09 23:29:21+00:00;False;72;51;5554;dc54c0e24b3f7ca27990b1d576b8b8fd6d740ca1;2;noreply@github.com;mjsax@apache.org
TopologyTestDriverTest.java;MODIFY;725;50.0;Grew;False;2018-03-08 23:43:45+00:00;False;73;52;5937;6a383d8bc4555665fad502bb9b6e6c97657d996a;2;mjsax@apache.org;vvcephei@users.noreply.github.com
TopologyTestDriverTest.java;MODIFY;744;19.0;Grew;False;2018-04-17 16:40:58+00:00;False;74;53;6174;01eddce01f94887d5f15d32d8050e8a526599fcc;2;wangguoz@gmail.com;valentino.proietti@kydea.com
TopologyTestDriverTest.java;MODIFY;818;74.0;Grew;False;2018-04-20 13:22:28+00:00;False;80;57;6769;b510737e761e21e63e6ed15e5111358d7515fdd2;5;mjsax@apache.org;adireddijagadesh@gmail.com
TopologyTestDriverTest.java;MODIFY;808;-10.0;Decreased;False;2018-05-04 15:42:01+00:00;False;77;54;6712;af983267be7a2d0f81527f5a348af377f30caee4;66;noreply@github.com;wangguoz@gmail.com
TopologyTestDriverTest.java;MODIFY;809;1.0;Grew;False;2018-05-17 18:56:07+00:00;False;77;54;6725;6b8e79b13780d4e91d79325e0bf9f1c8df191176;62;noreply@github.com;wangguoz@gmail.com
TopologyTestDriverTest.java;MODIFY;819;10.0;Grew;False;2018-05-22 22:44:37+00:00;False;78;54;6851;133108cdacf7ee1cc4569e797f2cdf9ec60f7fdd;56;mjsax@apache.org;quilcate.jorge@gmail.com
TopologyTestDriverTest.java;MODIFY;831;12.0;Grew;False;2018-06-06 22:16:21+00:00;False;80;55;7012;0eddddb82be563bee9e4b65030e27efd5148ff4b;8;noreply@github.com;mjsax@apache.org
TopologyTestDriverTest.java;MODIFY;851;20.0;Grew;False;2018-06-13 21:31:51+00:00;False;84;57;7160;c903d5767e7432db04ac93c4db8712ff08d9b93b;2;mjsax@apache.org;adireddijagadesh@gmail.com
TopologyTestDriverTest.java;MODIFY;851;0.0;Equal;False;2018-06-15 03:26:01+00:00;False;84;57;7162;339fc2379dd0d01bc039518f70b017b7520dcc9f;7;mjsax@apache.org;nikki.thean@gmail.com
TopologyTestDriverTest.java;MODIFY;852;1.0;Grew;False;2018-06-23 00:08:00+00:00;False;83;56;7207;954be11bf2d3dc9fa11a69830d2ef5ff580ff533;19;wangguoz@gmail.com;vvcephei@users.noreply.github.com
TopologyTestDriverTest.java;MODIFY;853;1.0;Grew;False;2018-10-04 20:51:39+00:00;False;83;56;7229;ca641b3e2e48c14ff308181c775775408f5f35f7;100;mjsax@apache.org;nizhikov@apache.org
TopologyTestDriverTest.java;MODIFY;854;1.0;Grew;False;2018-11-13 06:18:59+00:00;False;83;56;7234;12f310d50e7f5b1c18c4f61a119a6cd830da3bc0;197;noreply@github.com;ismael@juma.me.uk
TopologyTestDriverTest.java;MODIFY;868;14.0;Grew;False;2018-11-20 22:39:12+00:00;False;84;57;7338;46e7b136e22430340337d3540627a1d685dfa31e;3;noreply@github.com;wangguoz@gmail.com
TopologyTestDriverTest.java;MODIFY;892;24.0;Grew;False;2018-11-27 21:09:44+00:00;False;87;60;7550;de24d4a459ccfac623e71722f8df8b1e99f2ad43;17;mjsax@apache.org;kamal.chandraprakash@gmail.com
TopologyTestDriverTest.java;MODIFY;890;-2.0;Decreased;False;2019-01-14 21:36:36+00:00;False;87;60;7539;82d1db635826246570287cfb4c0b3572e3b011b4;24;noreply@github.com;mjsax@apache.org
TopologyTestDriverTest.java;MODIFY;890;0.0;Equal;False;2019-02-12 06:06:14+00:00;False;87;60;7533;c7f99bc2bd9af5eb6ca9e20a02d5806c52d434b3;42;noreply@github.com;ismael@juma.me.uk
TopologyTestDriverTest.java;MODIFY;882;-8.0;Decreased;False;2019-02-21 17:05:13+00:00;False;87;60;7483;35a0de32ee3823dfb548a1cd5d5faf4f7c99e4e0;37;wangguoz@gmail.com;chia7712@gmail.com
TopologyTestDriverTest.java;MODIFY;880;-2.0;Decreased;False;2019-04-16 23:44:17+00:00;False;87;60;7485;5919e73e5d2ebdf3d3fcefcb691b0718bcce34bb;1;mjsax@apache.org;44436474+pkleindl@users.noreply.github.com
TopologyTestDriverTest.java;MODIFY;1011;131.0;Grew;False;2019-05-16 15:16:00+00:00;False;97;63;8357;16b408898e75b00ddf6b607246833cdbcd56f507;3;noreply@github.com;matthias@confluent.io
TopologyTestDriverTest.java;MODIFY;1124;113.0;Grew;True;2019-05-17 22:50:45+00:00;True;101;67;8836;e018bfe2b050b55b479bbabb9fc26ebcc211b177;2;bbejeck@gmail.com;matthias@confluent.io
TopologyTestDriverTest.java;MODIFY;1229;105.0;Grew;True;2019-10-07 08:01:58+00:00;False;110;74;10041;a5a6938c69f4310f7ec519036f0df77d8022326a;59;matthias@confluent.io;48978068+jukkakarvanen@users.noreply.github.com
TopologyTestDriverTest.java;MODIFY;1236;7.0;Grew;True;2019-10-08 02:32:40+00:00;False;111;75;10148;7e3f8895d69da13df574701e6a3fd9d74d092053;4;matthias@confluent.io;48978068+jukkakarvanen@users.noreply.github.com
TopologyTestDriverTest.java;MODIFY;1264;28.0;Grew;True;2019-10-15 18:49:45+00:00;False;111;75;10006;e66ed2dbea80230b6eeb7dbf5c27ce5cf4ff9fc0;7;noreply@github.com;matthias@confluent.io
TopologyTestDriverTest.java;MODIFY;1401;137.0;Grew;True;2020-02-12 03:00:17+00:00;False;116;78;11327;998f1520f9af2dddfec9a9ac072f8dcf9d9004fd;4;noreply@github.com;vvcephei@users.noreply.github.com
TopologyTestDriverTest.java;MODIFY;1400;-1.0;Decreased;True;2020-03-19 21:29:15+00:00;False;116;78;11307;21cfd0b453c878780236f623249b3b5ddec52e6e;33;noreply@github.com;matthias@confluent.io
TopologyTestDriverTest.java;MODIFY;1400;0.0;Equal;True;2020-04-07 18:11:02+00:00;False;116;78;11327;29e08fd2c2d3349ba5cbd8fe5a9d35a0cea02b85;70;noreply@github.com;vvcephei@users.noreply.github.com
TopologyTestDriverTest.java;MODIFY;1400;0.0;Equal;True;2020-05-01 19:26:36+00:00;False;116;78;11307;fd095aaafdd207162cddf293b17f249875b9a532;78;noreply@github.com;vvcephei@users.noreply.github.com
TopologyTestDriverTest.java;MODIFY;1427;27.0;Grew;True;2020-05-07 14:57:55+00:00;False;119;81;11488;33bfdacd7ab5afefbc8d494aeab6957b33b1354c;2;noreply@github.com;8012398+big-andy-coates@users.noreply.github.com
TopologyTestDriverTest.java;MODIFY;1464;37.0;Grew;True;2020-05-12 22:10:22+00:00;False;120;82;11811;c9dc0cd9cf474794ceee1977542740bcb64e4439;2;noreply@github.com;matthias@confluent.io
TopologyTestDriverTest.java;MODIFY;1512;48.0;Grew;True;2020-06-04 23:00:59+00:00;False;121;83;12259;6383a22fafdf09219145edaff8c3e0adf3455832;2;noreply@github.com;matthias@confluent.io
TopologyTestDriverTest.java;MODIFY;1525;13.0;Grew;True;2020-08-18 14:39:40+00:00;False;122;84;12336;077984690132c6ecfe2514359450342101437032;3;noreply@github.com;sophie@confluent.io
TopologyTestDriverTest.java;MODIFY;1534;9.0;Grew;True;2020-09-09 17:37:21+00:00;False;121;83;12527;09d1498e3065eccc26a2d396ea13e7c8b553b974;45;noreply@github.com;vvcephei@users.noreply.github.com
TopologyTestDriverTest.java;MODIFY;1544;10.0;Grew;True;2020-10-02 23:49:12+00:00;False;121;83;12624;69790a1463bafc1f63e3c288a6636b3f4586c1b4;80;noreply@github.com;vvcephei@users.noreply.github.com
TopologyTestDriverTest.java;MODIFY;1544;0.0;Equal;True;2020-10-22 13:19:01+00:00;False;122;84;12585;58bd0a6ee383b54ad8f1f9c7213d0978108150b8;15;noreply@github.com;vvcephei@users.noreply.github.com
TopologyTestDriverTest.java;MODIFY;1556;12.0;Grew;True;2020-11-04 01:30:15+00:00;False;126;86;12626;b3e77dfad93b9e4d2798ecf84e777c99905d380f;29;noreply@github.com;soarez@apple.com
TopologyTestDriverTest.java;MODIFY;1551;-5.0;Decreased;True;2020-11-19 03:23:41+00:00;False;126;86;12591;179ecdf49e947a30d1bf5a277470cc2147cc35e4;23;noreply@github.com;43372967+showuon@users.noreply.github.com
TopologyTestDriverTest.java;MODIFY;1551;0.0;Equal;True;2020-12-04 18:51:12+00:00;False;126;86;12533;4e9c7fc8a5db6e59e43a67586867c3b1c9fbe567;8;noreply@github.com;rohitmdeshpande@gmail.com
TopologyTestDriverTest.java;MODIFY;1535;-16.0;Decreased;True;2021-01-14 05:23:48+00:00;False;123;85;12445;04827dad51583390a3b718a52a5d6f5931e8020c;15;noreply@github.com;chia7712@gmail.com
TopologyTestDriverTest.java;MODIFY;1535;0.0;Equal;True;2021-03-10 22:26:24+00:00;False;123;85;12445;029f5a136ae2c74f7f93e716bcc30ce90d8241ad;24;noreply@github.com;rohitmdeshpande@gmail.com
TopologyTestDriverTest.java;MODIFY;1535;0.0;Equal;True;2021-03-23 02:44:55+00:00;False;123;85;12445;e0cbd0fa664feddd412b23d75e12fa5862b24696;14;noreply@github.com;oliver.shen999@gmail.com
TopologyTestDriverTest.java;MODIFY;1407;-128.0;Decreased;True;2021-04-18 17:46:01+00:00;False;116;80;11299;035449eb5576bf97df888a85edaaf4428b9a19e5;7;noreply@github.com;wangguoz@gmail.com
TopologyTestDriverTest.java;MODIFY;1410;3.0;Grew;True;2021-07-02 18:02:20+00:00;False;116;80;11360;08757d0d19f95ad6a911cb164ca4b146a23ef3f4;3;noreply@github.com;swzmdeng@163.com
TopologyTestDriverTest.java;MODIFY;1410;0.0;Equal;True;2021-11-03 17:55:24+00:00;False;116;80;11360;01e6a6ebf2af87e12b60fb7cf55d261ded72ed3e;8;noreply@github.com;victoria.f.xia281@gmail.com
TopologyTestDriverTest.java;MODIFY;1411;1.0;Grew;True;2023-02-16 15:13:31+00:00;False;116;80;11374;ba0c5b0902d4b259505cf4a7c2a45e98182a372b;35;noreply@github.com;lolovc@amazon.com
TopologyTestDriverTest.java;MODIFY;1485;74.0;Grew;True;2023-04-05 16:27:53+00:00;False;122;80;11824;df59cc1a0151accb82082baaa56543ea157830d2;8;noreply@github.com;victoria.xia@confluent.io
TopologyTestDriverTest.java;MODIFY;1485;0.0;Equal;True;2024-06-13 07:39:32+00:00;False;122;80;11824;596b94507244114fdf9e44711fe56505885188ab;372;noreply@github.com;gongxuanzhang@foxmail.com
TopologyTestDriverTest.java;MODIFY;1485;0.0;Equal;True;2024-06-14 00:49:19+00:00;False;122;80;11820;133f2b0f311ba1fd5a999f477bad38370c1772ca;27;noreply@github.com;1426703092@qq.com
TopologyTestDriverTest.java;MODIFY;1485;0.0;Equal;True;2024-06-17 11:48:44+00:00;False;122;80;11820;09b4ef416aa54a4e65b297f7e6b47a04e88556f5;19;noreply@github.com;gongxuanzhang@foxmail.com
TopologyTestDriverTest.java;MODIFY;1484;-1.0;Decreased;True;2024-10-11 13:20:43+00:00;False;122;80;11808;b03fe66cfe3b0457c856b12772ac4a95c6eedbbb;157;noreply@github.com;gaurav_narula2@apple.com
