file_name;change_type;n_loc;lines_balance;size_change;is_large;date;swapped_classification;complexity;methods;tokens;hash;files_on_commit;committer_email;author_email
WorkerSinkTaskTest.java;RENAME;162.0;0.0;Equal;False;2015-11-09 06:11:03+00:00;False;7;5;1515;f2031d40639ef34c1591c22971394ef41c87652c;154;cshapi@gmail.com;me@ewencp.org
WorkerSinkTaskTest.java;MODIFY;162.0;0.0;Equal;False;2015-12-15 21:46:57+00:00;False;7;5;1515;3f3358b6d4374662f5ca57c6e93e009b58a6b2a2;25;cshapi@gmail.com;vahidhashemian@us.ibm.com
WorkerSinkTaskTest.java;MODIFY;239.0;77.0;Grew;False;2016-02-03 19:28:58+00:00;False;14;10;2130;1d80f563bcd043cd464003782802906b60a0ade8;10;me@ewencp.org;jason@confluent.io
WorkerSinkTaskTest.java;MODIFY;240.0;1.0;Grew;False;2016-02-19 15:56:40+00:00;False;14;10;2149;45c8195fa14c766b200c720f316836dbb84e9d8b;106;junrao@gmail.com;becket.qin@gmail.com
WorkerSinkTaskTest.java;MODIFY;242.0;2.0;Grew;False;2016-02-24 06:47:31+00:00;False;14;10;2159;f7d019ed408fa988129be9af3689bfa4878bc627;46;me@ewencp.org;jason@confluent.io
WorkerSinkTaskTest.java;MODIFY;242.0;0.0;Equal;False;2016-03-02 17:40:34+00:00;False;14;10;2165;002b377dad9c956cd0ae0597981f29698883b6d5;32;junrao@gmail.com;anna@confluent.io
WorkerSinkTaskTest.java;MODIFY;243.0;1.0;Grew;False;2016-03-03 16:54:37+00:00;False;14;10;2174;079c88178dff4b3a4c9de55629e7d15b60e5f562;21;me@ewencp.org;jinxing@fenbi.com
WorkerSinkTaskTest.java;MODIFY;243.0;0.0;Equal;False;2016-03-18 23:07:20+00:00;False;14;10;2172;4332175c11dda5deb491f27a6ecf66661676ca47;23;cshapi@gmail.com;pyr@spootnik.org
WorkerSinkTaskTest.java;MODIFY;315.0;72.0;Grew;False;2016-04-20 21:09:59+00:00;False;17;13;2762;c9485b78a6e43747daf1314ae9532839fb7bc810;37;me@ewencp.org;jason@confluent.io
WorkerSinkTaskTest.java;MODIFY;533.0;218.0;Grew;False;2017-01-13 00:14:53+00:00;False;24;20;4788;2f904883237c476fd82a202f7ddda93fe56eef36;35;me@ewencp.org;shikhar@confluent.io
WorkerSinkTaskTest.java;MODIFY;533.0;0.0;Decreased;False;2017-02-28 20:35:04+00:00;False;24;20;4788;d0e436c471ba4122ddcc0f7a1624546f97c4a517;1100;me@ewencp.org;matthias@confluent.io
WorkerSinkTaskTest.java;MODIFY;533.0;0.0;Equal;False;2017-03-24 19:38:43+00:00;False;24;20;4788;5bd06f1d542e6b588a1d402d059bc24690017d32;143;ismael@juma.me.uk;jason@confluent.io
WorkerSinkTaskTest.java;MODIFY;537.0;4.0;Grew;False;2017-05-18 17:39:15+00:00;False;24;20;4824;45f2261763eac5caaebf860daab32ef5337c9293;41;me@ewencp.org;konstantine@confluent.io
WorkerSinkTaskTest.java;MODIFY;812.0;275.0;Grew;False;2017-09-27 05:23:37+00:00;False;34;26;7384;73cc416664dbc8e1442f70cb3c4cd8f4d365ea50;22;me@ewencp.org;rhauch@gmail.com
WorkerSinkTaskTest.java;MODIFY;1043.0;231.0;Decreased;False;2017-10-05 18:23:11+00:00;False;41;33;9283;a47bfbcae050659d32f777ed2f4b26dda5fbdbbd;13;me@ewencp.org;rhauch@gmail.com
WorkerSinkTaskTest.java;MODIFY;1071.0;28.0;Grew;True;2017-11-22 00:01:16+00:00;True;42;34;9524;049342e440a5ca045771f3eb5b4c72d3e52ffac6;11;me@ewencp.org;jeff@klukas.net
WorkerSinkTaskTest.java;MODIFY;1071.0;0.0;Equal;True;2017-12-14 22:50:34+00:00;False;42;34;9524;616321bcb618b57d063273df7764058dbd2b7a9c;9;jason@confluent.io;cmccabe@confluent.io
WorkerSinkTaskTest.java;MODIFY;1074.0;3.0;Grew;True;2018-01-31 18:40:24+00:00;False;42;34;9545;4c48942f9d9e1428e21f934746cb7ce22b3df746;43;me@ewencp.org;rhauch@gmail.com
WorkerSinkTaskTest.java;MODIFY;1134.0;60.0;Grew;True;2018-05-30 18:39:45+00:00;False;46;35;10286;f8dfbb067caa797c19494e12da6b4c6786980f73;24;me@ewencp.org;arjun@confluent.io
WorkerSinkTaskTest.java;MODIFY;1135.0;1.0;Equal;True;2018-05-30 21:43:11+00:00;False;46;35;10305;08e8facdc9fce3a9195f5f646b49f55ffa043c73;42;me@ewencp.org;rayokota@gmail.com
WorkerSinkTaskTest.java;MODIFY;1135.0;0.0;Equal;True;2018-06-05 20:59:15+00:00;False;46;35;10305;faa15b8b758ed4e3f93aaa4d49a941562bdc86bb;17;me@ewencp.org;arjun@confluent.io
WorkerSinkTaskTest.java;MODIFY;1136.0;1.0;Equal;True;2018-11-07 16:23:19+00:00;False;46;35;10346;8abbf33b5978b93354ae35c5e21c474816c9cc76;17;me@ewencp.org;mrsrinivas@users.noreply.github.com
WorkerSinkTaskTest.java;MODIFY;1136.0;0.0;Equal;True;2018-11-20 23:54:24+00:00;False;46;35;10346;068ab9cefae301f3187ea885d645c425955e77d2;12;wangguoz@gmail.com;stanislav_kozlovski@outlook.com
WorkerSinkTaskTest.java;MODIFY;1133.0;-3.0;Decreased;True;2018-11-30 07:38:50+00:00;False;46;35;10307;ace4dd00566afb7d04235bbbcc50097191af0fec;6;me@ewencp.org;magesh.n.kumar@gmail.com
WorkerSinkTaskTest.java;MODIFY;1280.0;147.0;Grew;True;2020-01-30 05:54:21+00:00;False;61;45;11574;7746301c2643e0037bff3bcb84c41d512937e4c9;20;noreply@github.com;konstantine@confluent.io
WorkerSinkTaskTest.java;MODIFY;1346.0;66.0;Equal;True;2020-05-28 06:49:57+00:00;False;65;47;12049;38c1e96d2c2084c7f3c3f9e5309ca91953e7c88f;25;noreply@github.com;ashah@confluent.io
WorkerSinkTaskTest.java;MODIFY;1421.0;75.0;Equal;True;2021-01-10 19:06:37+00:00;False;67;49;12621;119a2d9127b8e0cbc2979eab42e837c2a43b8542;29;noreply@github.com;dengziming1993@gmail.com
WorkerSinkTaskTest.java;MODIFY;1364.0;-57.0;Decreased;True;2021-02-04 17:15:49+00:00;False;67;49;12208;c19a35d1b740c85559a7ff4e882fc95b4737808d;50;noreply@github.com;lzemlyan@purdue.edu
WorkerSinkTaskTest.java;MODIFY;1364.0;0.0;Equal;True;2021-02-05 01:08:56+00:00;False;67;49;12024;07843cfbf4e3e7a2d26d63904bbf0da0fcd07ca2;41;noreply@github.com;lzemlyan@purdue.edu
WorkerSinkTaskTest.java;MODIFY;1368.0;4.0;Grew;True;2021-04-14 21:38:37+00:00;False;67;49;12061;89933f21f204abf75336464d3ac24a4fdd254628;52;noreply@github.com;ismael@juma.me.uk
WorkerSinkTaskTest.java;MODIFY;1364.0;-4.0;Decreased;True;2021-07-02 02:02:24+00:00;False;67;49;12025;cad2f5e1208230f52e77f14759bdaba2d6da9781;19;noreply@github.com;chrise@confluent.io
WorkerSinkTaskTest.java;MODIFY;1367.0;3.0;Grew;True;2021-07-20 22:39:26+00:00;False;67;49;12043;0314801a8e67a96f8cdea85bf55cb5bed808fc34;10;noreply@github.com;53591940+michael-carter-instaclustr@users.noreply.github.com
WorkerSinkTaskTest.java;MODIFY;1616.0;249.0;Equal;True;2022-02-16 19:02:25+00:00;False;74;55;14370;8047ba3800436d6162d0f8eb707e28857ab9eb68;76;noreply@github.com;mimaison@users.noreply.github.com
WorkerSinkTaskTest.java;MODIFY;1616.0;0.0;Equal;True;2022-03-03 13:28:50+00:00;False;74;55;14370;029a14b530dcaab980faee4fa18c925b95db3122;27;noreply@github.com;mimaison@users.noreply.github.com
WorkerSinkTaskTest.java;MODIFY;1616.0;0.0;Equal;True;2022-06-07 07:16:48+00:00;False;74;55;14368;603502bf5fb78983434a1a44ccc15a49ef6942b0;30;noreply@github.com;chrise@confluent.io
WorkerSinkTaskTest.java;MODIFY;1639.0;23.0;Grew;True;2022-10-12 13:59:52+00:00;False;74;55;14607;a6b60e7cf3860be7a19708a2b762e6bd507885d7;14;noreply@github.com;ramesh.154089@gmail.com
WorkerSinkTaskTest.java;MODIFY;1733.0;94.0;Grew;True;2023-07-25 13:03:29+00:00;False;79;60;15340;08b3820d5e3994e137fa5ab917adc37a30910144;11;noreply@github.com;yash.mayya@gmail.com
WorkerSinkTaskTest.java;MODIFY;1724.0;-9.0;Decreased;True;2024-01-23 00:56:52+00:00;False;78;59;15357;d1d6b5096f2fc91621192d88a98703d7d9c278fc;26;noreply@github.com;greg.harris@aiven.io
WorkerSinkTaskTest.java;MODIFY;1330.0;-394.0;Decreased;True;2024-02-05 18:55:57+00:00;False;56;43;12086;24a79c2613e32b1d1615f6f34d63225259740d0e;2;noreply@github.com;hgeraldino@gmail.com
WorkerSinkTaskTest.java;MODIFY;983.0;-347.0;Decreased;False;2024-02-12 19:15:27+00:00;True;42;30;9149;794c52802c0bcc2676d750613fefe14006d03a44;3;noreply@github.com;hgeraldino@gmail.com
WorkerSinkTaskTest.java;DELETE;not calculated;0.0;Decreased;False;2024-03-06 18:31:33+00:00;False;not calculated;0;not calculated;62998b72642109ac455564d26c08e37eb0e9f0ea;4;noreply@github.com;hgeraldino@gmail.com
WorkerSinkTaskTest.java;RENAME;1419.0;0.0;Decreased;True;2024-03-14 19:50:57+00:00;True;58;49;13279;178761eb36a3d0e82526a9694378fc2c9bdc7dd6;3;noreply@github.com;hgeraldino@gmail.com
WorkerSinkTaskTest.java;MODIFY;1419.0;0.0;Equal;True;2024-05-30 20:55:00+00:00;False;58;49;13286;e974914ca52509a2396e3939a6db6a4e9f9c7dfa;32;noreply@github.com;122860866+sjhajharia@users.noreply.github.com
WorkerSinkTaskTest.java;MODIFY;1416.0;-3.0;Decreased;True;2024-06-18 10:09:40+00:00;False;58;49;13301;3a3f9ce48e59fafefd8b3fae50e5d8428b6bb4f0;28;noreply@github.com;gongxuanzhang@foxmail.com
WorkerSinkTaskTest.java;MODIFY;1424.0;8.0;Grew;True;2024-10-23 14:25:50+00:00;False;58;49;13461;14a098b289b9b25edddd483e1b088c4c6b7848ad;22;noreply@github.com;107070585+aliehsaeedii@users.noreply.github.com
WorkerSinkTaskTest.java;MODIFY;1424.0;0.0;Equal;True;2024-11-19 07:55:54+00:00;False;58;49;13458;624cd4f7d0bd17218b2c70c87ba89dc4312ad900;29;noreply@github.com;mimaison@users.noreply.github.com
WorkerSinkTaskTest.java;MODIFY;1424.0;0.0;Equal;True;2024-11-25 13:41:12+00:00;False;58;49;13464;3268435fd666e7dbfd3d50ad56008d177ec650bf;54;noreply@github.com;manikumar.reddy@gmail.com
