file_name;change_type;n_loc;lines_balance;size_change;is_large;date;swapped_classification;complexity;methods;tokens;hash;files_on_commit;committer_email;author_email
hash_syntax_spec.rb;RENAME;54;0.0;Equal;False;2013-08-10 10:11:27+00:00;False;not calculated;0;not calculated;5e72bc80160b755675bacb97c2f2e1f52ab18bab;112;bozhidar@batsov.com;bozhidar@batsov.com
hash_syntax_spec.rb;MODIFY;54;0.0;Equal;False;2013-08-29 21:32:27+00:00;False;10;10;314;8e9bbab8fa467367b4ddd07f423d37941632299b;3;chastell@chastell.net;chastell@chastell.net
hash_syntax_spec.rb;MODIFY;54;0.0;Equal;False;2013-09-02 11:18:29+00:00;False;10;10;254;d79ac4a476a41530ae632abc32b48b865b486e7c;41;bozhidar@tradeo.com;bozhidar@tradeo.com
hash_syntax_spec.rb;MODIFY;54;0.0;Equal;False;2013-09-03 15:26:41+00:00;False;10;10;254;12834fc332f50a73be975b4cf26d26b5faea3910;116;bozhidar@tradeo.com;bozhidar@tradeo.com
hash_syntax_spec.rb;MODIFY;58;4.0;Grew;False;2013-09-18 12:10:15+00:00;False;11;11;276;8a53c47892e7f28196c7c701e2149223c6aae1db;3;bozhidar@tradeo.com;bozhidar@tradeo.com
hash_syntax_spec.rb;MODIFY;84;26.0;Grew;False;2013-09-29 09:58:15+00:00;False;17;17;460;d56b5b06ca09536ad44f76e0efb613be228f284c;4;bozhidar@tradeo.com;bozhidar@tradeo.com
hash_syntax_spec.rb;MODIFY;84;0.0;Equal;False;2013-09-30 20:16:00+00:00;False;17;17;453;b81f8c68ede9aea71674dffaa7153802b6806620;19;bquorning@zendesk.com;bquorning@zendesk.com
hash_syntax_spec.rb;MODIFY;78;-6.0;Decreased;False;2013-09-30 20:16:06+00:00;False;17;17;448;e5f751c280182ba60df6587de37643c63682ffb7;141;bquorning@zendesk.com;bquorning@zendesk.com
hash_syntax_spec.rb;MODIFY;78;0.0;Equal;False;2013-10-11 15:57:19+00:00;False;17;17;448;9dee5168451eb39da360a51e630bb9af0fa976a7;1;bozhidar@tradeo.com;bozhidar@tradeo.com
hash_syntax_spec.rb;MODIFY;95;17.0;Grew;False;2013-10-20 19:45:08+00:00;False;19;19;539;1e4e32216dfb7594c4b656791f210c1e650c930b;7;jonas054@gmail.com;jonas054@gmail.com
hash_syntax_spec.rb;MODIFY;101;6.0;Grew;False;2013-12-22 16:55:07+00:00;False;19;19;547;bc8e26b9a57ed11455ead2a0bb49aa6a5bdd2131;36;jonas054@gmail.com;jonas054@gmail.com
hash_syntax_spec.rb;MODIFY;106;5.0;Grew;False;2013-12-28 17:08:55+00:00;False;19;19;603;9b064ebc586cafa3536d69d84aed5718b92ea83d;18;jonas054@gmail.com;jonas054@gmail.com
hash_syntax_spec.rb;MODIFY;106;0.0;Equal;False;2014-02-11 13:48:51+00:00;False;19;19;603;c7ecb857f23ac09e69c0478a5f4464b240bf45bc;335;bozhidar@tradeo.com;bozhidar@tradeo.com
hash_syntax_spec.rb;MODIFY;106;0.0;Equal;False;2014-03-25 20:39:20+00:00;False;19;19;603;623a886862f15083672057e4fe7a0665a9f7c912;5;jonas054@gmail.com;jonas054@gmail.com
hash_syntax_spec.rb;MODIFY;110;4.0;Grew;False;2014-05-21 20:35:01+00:00;False;19;19;603;b74fe03a46b62a017b34b591da332ccc1261bf36;46;jonas054@gmail.com;jonas054@gmail.com
hash_syntax_spec.rb;MODIFY;110;0.0;Equal;False;2014-05-30 07:49:59+00:00;False;19;19;603;ff167d8f202baf7a68955db0aaf0dc29afb7e7ee;470;bozhidar@batsov.com;bozhidar@batsov.com
hash_syntax_spec.rb;MODIFY;110;0.0;Equal;False;2014-12-20 09:23:23+00:00;False;19;19;573;cdb600053f0fcb455d353619e725c0425d3c7ea2;107;jonas054@gmail.com;jonas054@gmail.com
hash_syntax_spec.rb;MODIFY;180;70.0;Grew;False;2015-02-15 15:27:42+00:00;False;34;34;998;760ce1ed2cf10beda5e163f934c03a6fb6daa38e;4;iain.beeston@gmail.com;iain.beeston@gmail.com
hash_syntax_spec.rb;MODIFY;370;190.0;Grew;False;2015-03-04 15:58:28+00:00;False;65;65;1907;487850714568a29224de26a82ea9bd6bea41c5b5;4;ryan.rosenblum@gmail.com;ryan.rosenblum@gmail.com
hash_syntax_spec.rb;MODIFY;370;0.0;Equal;False;2015-03-06 08:06:47+00:00;False;65;65;1907;2ecbed3a5e509724afb11ae3690547fba6ffc4f3;4;bquorning@zendesk.com;bquorning@zendesk.com
hash_syntax_spec.rb;MODIFY;362;-8.0;Decreased;False;2015-03-07 12:31:37+00:00;False;63;63;1869;89e5eb317eb97ea6ff2a06bc797e8a7f6e52b234;3;bozhidar@batsov.com;bozhidar@batsov.com
hash_syntax_spec.rb;MODIFY;366;4.0;Grew;False;2015-03-10 07:54:39+00:00;False;64;64;1888;6d3c0ca012da4b3c3af726ee4ec41b6a87fcd924;2;bquorning@zendesk.com;bquorning@zendesk.com
hash_syntax_spec.rb;MODIFY;370;4.0;Grew;False;2015-04-14 20:52:31+00:00;False;65;65;1907;caad1b28abea36c5a0ae6768c9e22f233b635844;3;jhenrich@constantcontact.com;jhenrich@constantcontact.com
hash_syntax_spec.rb;MODIFY;412;42.0;Grew;False;2015-04-14 20:52:31+00:00;False;72;72;2133;b7721f7be4d664ba997d12b38dc33e64d486b6a8;3;jhenrich@constantcontact.com;jhenrich@constantcontact.com
hash_syntax_spec.rb;MODIFY;412;0.0;Equal;False;2015-05-11 19:02:26+00:00;False;72;72;2133;f13c40c1122da7e56ee8a4516093c585299cab2b;1;teemu@aikais.in;teemu@aikais.in
hash_syntax_spec.rb;MODIFY;412;0.0;Equal;False;2015-12-31 10:55:36+00:00;False;72;72;2133;ad6ebaca48da0e7e194d1658880ef870856ca56b;21;jonas054@gmail.com;jonas054@gmail.com
hash_syntax_spec.rb;MODIFY;412;0.0;Equal;False;2016-01-03 18:34:12+00:00;False;72;72;2115;553d84acbf012ef6e966673ac52e10766c6bb7d4;28;alexinbeijing@gmail.com;alexinbeijing@gmail.com
hash_syntax_spec.rb;MODIFY;418;6.0;Grew;False;2016-01-05 06:12:53+00:00;False;72;72;2115;12c6efc9fd00be255bb9f9b4180cf35c10e59a96;13;alexinbeijing@gmail.com;alexinbeijing@gmail.com
hash_syntax_spec.rb;MODIFY;418;0.0;Equal;False;2016-01-11 18:12:03+00:00;False;72;72;2115;09c4276c749b7e28e72c0970a0c590e7b115ea7b;703;ryan.rosenblum@gmail.com;ryan.rosenblum@gmail.com
hash_syntax_spec.rb;MODIFY;448;30.0;Grew;False;2016-05-27 08:29:27+00:00;False;76;76;2244;2ae99412d08cfd27f2a9e3d8f7800d9a72622e3c;4;bozhidar.batsov@gmail.com;owen@owenstephens.co.uk
hash_syntax_spec.rb;MODIFY;530;82.0;Grew;False;2016-08-31 19:02:51+00:00;False;93;93;2693;ebfa481b64df924bf530e152eef9ba542b003d07;4;bozhidar.batsov@gmail.com;daviddavis@users.noreply.github.com
hash_syntax_spec.rb;MODIFY;530;0.0;Equal;False;2016-09-29 15:03:25+00:00;False;93;93;2693;ec3123fc3454b080e1100e35480c6466d1240fff;781;bozhidar.batsov@gmail.com;deivid.rodriguez@gmail.com
hash_syntax_spec.rb;MODIFY;554;24.0;Grew;False;2016-12-06 17:13:14+00:00;False;99;99;2807;181f9cff5e5bfbfca9f1e7560d8cd556016d5645;5;bozhidar.batsov@gmail.com;p.ck.t22@gmail.com
hash_syntax_spec.rb;MODIFY;553;-1.0;Decreased;False;2017-03-01 09:38:31+00:00;False;99;99;2805;9a4bfa6e786c0994e9fce919cbcfca654a4180e7;411;bozhidar.batsov@gmail.com;koic.ito@gmail.com
hash_syntax_spec.rb;MODIFY;553;0.0;Equal;False;2017-04-02 10:23:07+00:00;False;99;99;2805;022e7322b731b06bd31ce5ef1bac378b27551ed0;193;bozhidar.batsov@gmail.com;drenmi@gmail.com
hash_syntax_spec.rb;MODIFY;553;0.0;Equal;False;2017-04-15 19:54:54+00:00;False;99;99;2805;54166bf76ba76b14f1bbc8a34165f175dbc3f227;169;jonas054@gmail.com;jonas054@gmail.com
hash_syntax_spec.rb;MODIFY;588;35.0;Grew;False;2017-05-09 09:14:41+00:00;False;99;99;3039;760c4112d2126007b7275697e36e12fb3f51e5cf;57;bozhidar.batsov@gmail.com;johncbackus@gmail.com
hash_syntax_spec.rb;MODIFY;549;-39.0;Decreased;False;2017-05-14 05:44:10+00:00;False;99;99;2610;ad251361d170fe63e27467b2c59e4682c856fbee;48;bozhidar.batsov@gmail.com;johncbackus@gmail.com
hash_syntax_spec.rb;MODIFY;549;0.0;Equal;False;2017-06-14 06:07:50+00:00;False;99;99;2524;3f91852b1b37833d6a645a935afc5af435e3fdc9;237;bozhidar.batsov@gmail.com;ryan.rosenblum@gmail.com
hash_syntax_spec.rb;MODIFY;549;0.0;Equal;False;2017-06-14 06:07:50+00:00;False;99;99;2560;932821556c90100186e357fac4754e6fe16e159f;241;bozhidar.batsov@gmail.com;ryan.rosenblum@gmail.com
hash_syntax_spec.rb;MODIFY;549;0.0;Equal;False;2017-10-19 07:17:12+00:00;False;99;99;2529;be2555a5d629d81ff865dd700d3d48b537330d00;194;johncbackus@gmail.com;johncbackus@gmail.com
hash_syntax_spec.rb;MODIFY;553;4.0;Grew;False;2017-11-11 21:58:26+00:00;False;100;100;2549;e7dc3067ca415a36cf8631965b8376a5d67d0f30;3;bozhidar.batsov@gmail.com;drenmi@gmail.com
hash_syntax_spec.rb;MODIFY;553;0.0;Equal;False;2017-12-26 07:40:11+00:00;False;100;100;2551;f6d46a281188b2e46af588b7efa215a3688918dc;484;bozhidar.batsov@gmail.com;kuwabara@pocke.me
hash_syntax_spec.rb;MODIFY;557;4.0;Grew;False;2017-12-26 19:37:14+00:00;False;101;101;2571;27b4cf214f668162583ff790581c20473b9b2332;3;bozhidar.batsov@gmail.com;garettarrowood@gmail.com
hash_syntax_spec.rb;MODIFY;557;0.0;Equal;False;2018-05-24 09:22:35+00:00;False;100;100;2561;26e0eb4fe7ce2614b1fb1f6dd0b4f0d89808770e;5;bozhidar.batsov@gmail.com;darhazer@gmail.com
hash_syntax_spec.rb;MODIFY;557;0.0;Equal;False;2018-05-31 09:09:24+00:00;False;100;100;2561;6e800241db0751a9aabad7e48ac5d319734f4d62;44;bozhidar.batsov@gmail.com;koic.ito@gmail.com
hash_syntax_spec.rb;MODIFY;492;-65.0;Decreased;False;2018-06-18 09:29:57+00:00;False;87;87;2249;a707c23f9bb8e432a15e757eae4fd7366ecff2bd;23;bozhidar.batsov@gmail.com;drenmi@gmail.com
hash_syntax_spec.rb;MODIFY;497;5.0;Grew;False;2018-06-18 14:24:49+00:00;False;87;87;2272;a073d9af17ccca7e8d483b787a13611c8511b373;87;bozhidar.batsov@gmail.com;drenmi@gmail.com
hash_syntax_spec.rb;MODIFY;544;47.0;Grew;False;2018-08-14 11:01:14+00:00;False;81;57;2039;9b7e480d99723b7ab17039bb3e280637cc3a7fb6;19;bozhidar.batsov@gmail.com;ryan.rosenblum@gmail.com
hash_syntax_spec.rb;MODIFY;544;0.0;Equal;False;2018-10-08 18:32:40+00:00;False;81;57;2039;da8c541aec9cb8dd6cfc4808b78727fca9c8ff6c;24;bozhidar.batsov@gmail.com;annie.kiley@viget.com
hash_syntax_spec.rb;MODIFY;550;6.0;Grew;False;2018-12-16 12:19:27+00:00;False;82;58;2066;f2ec4a6ce020b8874593f658c71fb11e17e53edc;3;22333+bquorning@users.noreply.github.com;zazubrik@gmail.com
hash_syntax_spec.rb;MODIFY;557;7.0;Grew;False;2019-04-19 10:38:35+00:00;False;84;59;2105;fc5acdeaa671e7504eb90304bff3bb16818ac8d2;3;bozhidar.batsov@gmail.com;tatsuya7.hoshino7@gmail.com
hash_syntax_spec.rb;MODIFY;557;0.0;Equal;False;2019-05-08 10:45:39+00:00;False;84;59;2059;5ffddbb92926122a4f3fc1bf8ae29d5be31d481f;458;bozhidar.batsov@gmail.com;koic.ito@gmail.com
hash_syntax_spec.rb;MODIFY;557;0.0;Equal;False;2019-08-21 07:07:27+00:00;False;84;59;2057;d49b608ceff0230f6347d5906289f753ac53f3cf;27;bozhidar.batsov@gmail.com;koic.ito@gmail.com
hash_syntax_spec.rb;MODIFY;577;20.0;Grew;False;2020-05-15 04:00:56+00:00;False;86;61;2155;fa3dcaf3786232906cf58ad2849b45bb271c87cb;3;noreply@github.com;koic.ito@gmail.com
hash_syntax_spec.rb;MODIFY;576;-1.0;Decreased;False;2020-05-21 05:41:40+00:00;False;86;61;2143;c7fe5da8d95418c5f2a0655b9dafb5b00ed868e6;163;bozhidar.batsov@gmail.com;github@marc-andre.ca
hash_syntax_spec.rb;MODIFY;674;98.0;Grew;True;2020-08-03 01:03:26+00:00;True;79;57;2594;82f6be10e88cf8684516160ea7fbdbc072b52445;23;github@marc-andre.ca;bill.ruddock@gmail.com
hash_syntax_spec.rb;MODIFY;681;7.0;Grew;True;2021-01-26 10:03:49+00:00;False;79;57;2594;1de3a9f4e3ebea17adb60f9857c5144c745d8e1d;55;bozhidar.batsov@gmail.com;koic.ito@gmail.com
hash_syntax_spec.rb;MODIFY;681;0.0;Equal;True;2021-02-25 19:26:45+00:00;False;79;57;2594;cf0dd9d06d6ceb1d67c9fd167953bee4c54b85cf;189;daniel.vandersluis@gmail.com;daniel.vandersluis@gmail.com
hash_syntax_spec.rb;MODIFY;665;-16.0;Decreased;True;2021-04-06 20:45:53+00:00;False;79;57;2583;2fe4b1a6faca23adff13e1bbff6ecf5b66c6447b;664;bozhidar.batsov@gmail.com;jonas054@gmail.com
hash_syntax_spec.rb;MODIFY;838;173.0;Grew;True;2021-12-21 12:14:56+00:00;False;98;76;3257;d85a3c496e0077b2fafa4862937ff472015e094e;7;bozhidar@batsov.dev;koic.ito@gmail.com
hash_syntax_spec.rb;MODIFY;876;38.0;Grew;True;2022-01-09 05:51:14+00:00;False;103;81;3387;1078425278e6b6045951d7efd17356c7a628dcc9;6;bozhidar@batsov.dev;koic.ito@gmail.com
hash_syntax_spec.rb;MODIFY;904;28.0;Grew;True;2022-01-15 18:00:27+00:00;False;107;84;3467;017c0b69c2e713d72028d467505242cf2c58f972;3;aberkakis@gmail.com;aberkakis@gmail.com
hash_syntax_spec.rb;MODIFY;952;48.0;Grew;True;2022-01-19 07:02:19+00:00;False;121;93;3635;e6b56075bb2423e9cc3ff0d5501104851d1636ca;3;bozhidar@batsov.dev;koic.ito@gmail.com
hash_syntax_spec.rb;MODIFY;958;6.0;Grew;True;2022-01-20 08:45:07+00:00;False;122;94;3656;4256eda223a385bb97596b12227f0758cd23003a;2;bozhidar@batsov.dev;koic.ito@gmail.com
hash_syntax_spec.rb;MODIFY;1000;42.0;Grew;True;2022-01-21 08:58:45+00:00;False;127;99;3778;77b54824b74db4d36268fdadd6aed9b925ff9f11;3;bozhidar@batsov.dev;koic.ito@gmail.com
hash_syntax_spec.rb;MODIFY;1011;11.0;Grew;True;2022-02-05 15:58:09+00:00;False;129;101;3815;ecdf9f1250433fc2a9524ad8d7563737927f2d96;3;koic.ito@gmail.com;koic.ito@gmail.com
hash_syntax_spec.rb;MODIFY;1016;5.0;Grew;True;2022-03-31 14:25:48+00:00;False;131;102;3833;e7dc7d342c802ae0e182ac4c6742409e6c6c8d3b;3;koic.ito@gmail.com;koic.ito@gmail.com
hash_syntax_spec.rb;MODIFY;1016;0.0;Equal;True;2022-05-12 11:24:42+00:00;False;131;102;3829;aabdf0acf5ed729daf20506475d5629bfffb1890;150;bozhidar@batsov.dev;chris.hewitt@pennmedicine.upenn.edu
hash_syntax_spec.rb;MODIFY;1070;54.0;Grew;True;2022-05-25 07:13:30+00:00;False;147;122;4490;2319c31326bb6111b6e8fd5ee1a179e518d41e70;9;bozhidar@batsov.dev;koic.ito@gmail.com
hash_syntax_spec.rb;MODIFY;1070;0.0;Equal;True;2022-08-09 21:08:23+00:00;False;147;122;4490;c34b4f63b3b5c36478f0319c8c06e6bac55355e2;2;muz@h-lame.com;muz@h-lame.com
hash_syntax_spec.rb;MODIFY;1131;61.0;Grew;True;2022-08-09 21:08:23+00:00;False;156;129;4745;edb5399bc0d51204c7198d20830b09b6a30e99db;6;muz@h-lame.com;muz@h-lame.com
hash_syntax_spec.rb;MODIFY;1137;6.0;Grew;True;2022-09-24 11:55:14+00:00;False;157;130;4762;c1786a538b92ce36a5038f5c57e7e11352d96548;3;koic.ito@gmail.com;koic.ito@gmail.com
hash_syntax_spec.rb;MODIFY;1193;56.0;Grew;True;2022-11-22 20:40:48+00:00;False;159;132;5016;3a18028bda50bb5abd184fe8bf680f5cc1dd4f8a;4;bozhidar@batsov.dev;koic.ito@gmail.com
hash_syntax_spec.rb;MODIFY;1193;0.0;Equal;True;2022-11-22 22:53:00+00:00;False;159;132;5016;6361d1dea251dfe44a8fd774642f5a2e0d74f519;1;koic.ito@gmail.com;koic.ito@gmail.com
hash_syntax_spec.rb;MODIFY;1205;12.0;Grew;True;2022-12-09 04:21:26+00:00;False;160;133;5066;2f83133444059ab2efc574b9f07ddfbd77252c1c;5;koic.ito@gmail.com;koic.ito@gmail.com
hash_syntax_spec.rb;MODIFY;1216;11.0;Grew;True;2023-01-05 07:31:59+00:00;False;163;136;5123;ae623b636fe97d226f1652dafff85901e981a85d;4;koic.ito@gmail.com;koic.ito@gmail.com
hash_syntax_spec.rb;MODIFY;1227;11.0;Grew;True;2023-01-09 12:50:48+00:00;False;164;137;5170;de30af85724a1d860976b5010e0b6adbf1bdb294;3;bozhidar@batsov.dev;fatkodima123@gmail.com
hash_syntax_spec.rb;MODIFY;1345;118.0;Grew;True;2023-01-10 10:15:10+00:00;False;203;82;4328;46963bdd49c1808f33fe70da714ec401028efc0a;3;bozhidar@batsov.dev;koic.ito@gmail.com
hash_syntax_spec.rb;MODIFY;1370;25.0;Grew;True;2023-01-11 16:09:49+00:00;False;209;82;4384;11b75d4f6352a2f2ac89c7115964ef10ff5c2183;3;gsamokovarov@gmail.com;gsamokovarov@gmail.com
hash_syntax_spec.rb;MODIFY;1382;12.0;Grew;True;2023-01-13 08:56:48+00:00;False;209;82;4393;6efe011fd6b61976dccba6b70b369705a7d5cbac;3;bozhidar@batsov.dev;gsamokovarov@gmail.com
hash_syntax_spec.rb;MODIFY;1421;39.0;Grew;True;2023-01-16 09:00:26+00:00;False;211;82;4435;5d2b0144bd71763819d3dbcd3f608327b50815e0;3;gsamokovarov@gmail.com;gsamokovarov@gmail.com
hash_syntax_spec.rb;MODIFY;1449;28.0;Grew;True;2023-01-20 15:34:52+00:00;False;211;82;4460;a0ac2fe418edbc38b8c510b08b51613513c34ad9;2;bozhidar@batsov.dev;gsamokovarov@gmail.com
hash_syntax_spec.rb;MODIFY;1464;15.0;Grew;True;2023-01-30 09:08:00+00:00;False;211;82;4498;767b1f6b73bf4c1f2c636332e03224bb9205dcec;3;bozhidar@batsov.dev;gsamokovarov@gmail.com
hash_syntax_spec.rb;MODIFY;1486;22.0;Grew;True;2023-02-13 13:18:53+00:00;False;211;82;4515;f5f2cb1833f9abdbad30d95bc7d6ee45cea6705f;3;gsamokovarov@gmail.com;gsamokovarov@gmail.com
hash_syntax_spec.rb;MODIFY;1502;16.0;Grew;True;2023-02-22 08:59:02+00:00;False;212;82;4524;48b2a326ed0cc9309a975382f5b5e5464d4eec4c;3;bozhidar@batsov.dev;gsamokovarov@gmail.com
hash_syntax_spec.rb;MODIFY;1517;15.0;Grew;True;2023-03-01 13:49:00+00:00;False;212;82;4535;3d19dd46fa83312215de2bda35a29726584c2775;4;gsamokovarov@gmail.com;gsamokovarov@gmail.com
hash_syntax_spec.rb;MODIFY;1530;13.0;Grew;True;2023-03-07 12:05:03+00:00;False;213;82;4544;693796ebf680bcca3a5cab00383828d6df6cc6c2;3;gsamokovarov@gmail.com;gsamokovarov@gmail.com
hash_syntax_spec.rb;MODIFY;1530;0.0;Equal;True;2023-03-18 08:17:58+00:00;False;213;82;4544;8b7afcde4e0e416f3d37ac6c4e216ed03dc70984;60;bozhidar@batsov.dev;nschonni@gmail.com
hash_syntax_spec.rb;MODIFY;1530;0.0;Equal;True;2023-05-01 05:48:42+00:00;False;213;82;4544;db22e0c833812d5811dc9bac3b91937bddc6fa23;8;koic.ito@gmail.com;koic.ito@gmail.com
hash_syntax_spec.rb;MODIFY;1549;19.0;Grew;True;2023-10-26 09:37:56+00:00;False;218;82;4571;d79ee4b3eefeabcef2de0894abe03bab69ab7ec5;3;bozhidar@batsov.dev;koic.ito@gmail.com
hash_syntax_spec.rb;MODIFY;1549;0.0;Equal;True;2024-02-06 13:48:30+00:00;False;218;82;4573;1488e1ff7b499664596040ce8a6d15e41aa97e53;2;bozhidar@batsov.dev;koic.ito@gmail.com
hash_syntax_spec.rb;MODIFY;1549;0.0;Equal;True;2024-03-01 18:47:43+00:00;False;218;82;4576;c123b9622a1eacf711bbc7cf6372f75e281fe780;97;bozhidar@batsov.dev;koic.ito@gmail.com
hash_syntax_spec.rb;MODIFY;1551;2.0;Grew;True;2024-04-08 06:30:16+00:00;False;218;82;4582;c1f28f2e2f07fd1eba136ec4d95c170262c65736;54;bozhidar@batsov.dev;koic.ito@gmail.com
hash_syntax_spec.rb;MODIFY;1617;66.0;Grew;True;2024-05-21 20:18:27+00:00;False;227;82;4739;71abb5d99df517b3ab9f8823880ab6d7f6b09d34;5;bozhidar@batsov.dev;pawel.madejski@simplybusiness.co.uk
hash_syntax_spec.rb;MODIFY;1617;0.0;Equal;True;2024-05-21 20:18:27+00:00;False;227;82;4739;aee64e2d5d6615ef64803af52c1b82bf95b566ef;6;bozhidar@batsov.dev;pawel.madejski@simplybusiness.co.uk
hash_syntax_spec.rb;MODIFY;1644;27.0;Grew;True;2024-12-13 20:57:09+00:00;False;230;85;4896;1851e1bb328afac9988259b4c198042897af316a;3;iaroslav2k@gmail.com;iaroslav2k@gmail.com
