file_name;change_type;n_loc;lines_balance;size_change;is_large;date;swapped_classification;complexity;methods;tokens;hash;files_on_commit;committer_email;author_email
indentation_width_spec.rb;RENAME;not calculated;0.0;Equal;False;2017-04-15 19:56:21+00:00;False;not calculated;0;not calculated;d778a57b850e2fb8dfb58461033cec5037ca9b15;141;jonas054@gmail.com;jonas054@gmail.com
indentation_width_spec.rb;MODIFY;1103.0;0.0;Decreased;True;2017-05-07 10:39:05+00:00;True;216;123;4032;c5f810a34eda7757b0d2cff0246d0d065dd84ae3;140;bozhidar.batsov@gmail.com;johncbackus@gmail.com
indentation_width_spec.rb;MODIFY;1061.0;-42.0;Decreased;True;2017-05-07 10:39:05+00:00;False;216;123;3570;0fda94fd24e201a4b369e28780d4a3400e27b2ac;131;bozhidar.batsov@gmail.com;johncbackus@gmail.com
indentation_width_spec.rb;MODIFY;1047.0;-14.0;Decreased;True;2017-05-08 05:05:46+00:00;False;247;123;3558;59799fe62f0da5ed5d7c68303fd45f5c8ac17c39;37;bozhidar.batsov@gmail.com;johncbackus@gmail.com
indentation_width_spec.rb;MODIFY;1042.0;-5.0;Decreased;True;2017-05-09 19:50:25+00:00;False;251;123;3486;4d251213ab09ceb8e39c3ebb0b9a194e869f1a34;120;bozhidar.batsov@gmail.com;johncbackus@gmail.com
indentation_width_spec.rb;MODIFY;1042.0;0.0;Equal;True;2017-06-05 14:33:13+00:00;False;251;123;3486;8f37b7f2f0f4b01c2afa83fffdf531dfb4dce057;270;bozhidar.batsov@gmail.com;drenmi@gmail.com
indentation_width_spec.rb;MODIFY;1042.0;0.0;Equal;True;2017-06-14 06:07:50+00:00;False;251;123;3454;3f91852b1b37833d6a645a935afc5af435e3fdc9;237;bozhidar.batsov@gmail.com;ryan.rosenblum@gmail.com
indentation_width_spec.rb;MODIFY;1042.0;0.0;Equal;True;2017-06-14 06:07:50+00:00;False;251;123;3472;932821556c90100186e357fac4754e6fe16e159f;241;bozhidar.batsov@gmail.com;ryan.rosenblum@gmail.com
indentation_width_spec.rb;MODIFY;1038.0;-4.0;Decreased;True;2017-10-02 10:37:20+00:00;False;251;123;3444;753227914c1ad311e6116311fc1ef76d9b0904dc;28;bozhidar.batsov@gmail.com;deivid.rodriguez@riseup.net
indentation_width_spec.rb;MODIFY;1038.0;0.0;Grew;True;2017-10-19 07:15:34+00:00;False;251;123;3444;ac69f609911a72cdda62d2b12c23ec48bd8cfc2e;104;johncbackus@gmail.com;johncbackus@gmail.com
indentation_width_spec.rb;MODIFY;1038.0;0.0;Equal;True;2017-12-26 07:40:11+00:00;False;251;123;3446;f6d46a281188b2e46af588b7efa215a3688918dc;484;bozhidar.batsov@gmail.com;kuwabara@pocke.me
indentation_width_spec.rb;MODIFY;1038.0;0.0;Equal;True;2018-01-06 20:58:38+00:00;False;251;123;3446;bbb10237fadc758ba2f15538f8d1ee64d4fe2710;19;bozhidar.batsov@gmail.com;benjamin@quorning.net
indentation_width_spec.rb;MODIFY;1038.0;0.0;Equal;True;2018-01-06 20:58:38+00:00;False;251;123;3446;7e1599d4ef000a23c015d8a2fd4fdf4811ce056a;13;bozhidar.batsov@gmail.com;benjamin@quorning.net
indentation_width_spec.rb;MODIFY;1047.0;9.0;Grew;True;2018-01-17 20:01:30+00:00;False;251;123;3482;5058976c56ae1500736caa96a5ee5f149a83c51b;3;bozhidar.batsov@gmail.com;brandon@anti-pattern.com
indentation_width_spec.rb;MODIFY;1079.0;32.0;Grew;True;2018-06-06 22:53:56+00:00;False;260;130;3604;8fb4166decf9e2ba099161e27380b21dbdcb84dc;4;bozhidar.batsov@gmail.com;tatsuya7.hoshino7@gmail.com
indentation_width_spec.rb;MODIFY;1104.0;25.0;Grew;True;2018-06-19 10:13:22+00:00;False;268;136;3702;f3500b29ce231fbc18950e1a2a8dcd42e420f628;3;bozhidar.batsov@gmail.com;tatsuya7.hoshino7@gmail.com
indentation_width_spec.rb;MODIFY;1135.0;31.0;Grew;True;2018-07-18 04:59:11+00:00;False;276;142;3819;57d9316adeb92c6415e57b331cca110476aedcaa;3;bozhidar.batsov@gmail.com;koic.ito@gmail.com
indentation_width_spec.rb;MODIFY;1135.0;0.0;Equal;True;2018-08-09 14:58:17+00:00;False;276;142;3824;82a005d4f2244bf987e2bde8823b6986b29be53b;48;bozhidar.batsov@gmail.com;ryan.rosenblum@gmail.com
indentation_width_spec.rb;MODIFY;1132.0;-3.0;Decreased;True;2018-08-14 11:01:14+00:00;False;282;142;3809;9b7e480d99723b7ab17039bb3e280637cc3a7fb6;19;bozhidar.batsov@gmail.com;ryan.rosenblum@gmail.com
indentation_width_spec.rb;MODIFY;1151.0;19.0;Grew;True;2018-11-15 07:15:25+00:00;False;286;146;3880;f32816476a7b3e6a18c07a40b7f6546bc46099e8;3;bozhidar.batsov@gmail.com;koic.ito@gmail.com
indentation_width_spec.rb;MODIFY;1172.0;21.0;Grew;True;2018-12-05 12:09:21+00:00;False;293;148;3946;dfe924302c24c3e0195572a35dfadf7e96ad6312;3;bozhidar.batsov@gmail.com;benjamin@quorning.net
indentation_width_spec.rb;MODIFY;1182.0;10.0;Grew;True;2019-01-24 17:26:25+00:00;False;295;149;3968;722a7d88aa10234ed9897c759f7ecfe780b9db4d;3;katarina.n.rossi@gmail.com;katarina.n.rossi@gmail.com
indentation_width_spec.rb;MODIFY;1192.0;10.0;Grew;True;2019-02-09 08:47:30+00:00;False;297;150;4008;de1dc7f623666dc9c1fe5e9b1e2ae03288eeeafc;3;guitarpopnot330@gmail.com;guitarpopnot330@gmail.com
indentation_width_spec.rb;MODIFY;1200.0;8.0;Grew;True;2019-02-09 14:52:22+00:00;False;300;151;4054;48415e2f14b2b2515d372265dfa76136edd4c238;1;guitarpopnot330@gmail.com;guitarpopnot330@gmail.com
indentation_width_spec.rb;MODIFY;1218.0;18.0;Grew;True;2019-02-26 13:00:20+00:00;False;304;154;4110;f5b62445715962f232e027bf2b485355b78601e4;4;koic.ito@gmail.com;koic.ito@gmail.com
indentation_width_spec.rb;MODIFY;1227.0;9.0;Grew;True;2019-03-01 17:57:05+00:00;False;306;155;4132;9d6f4f625bf0d3272b0c7d8bdba9cf02c78db2e8;9;kuwabara@pocke.me;kuwabara@pocke.me
indentation_width_spec.rb;MODIFY;1227.0;0.0;Equal;True;2019-05-08 10:45:39+00:00;False;306;155;4130;4910d514e12bfa0711d3fbd8a7f9e46e8fb320a4;527;bozhidar.batsov@gmail.com;koic.ito@gmail.com
indentation_width_spec.rb;MODIFY;1227.0;0.0;Equal;True;2019-05-08 10:45:39+00:00;False;306;155;3914;5ffddbb92926122a4f3fc1bf8ae29d5be31d481f;458;bozhidar.batsov@gmail.com;koic.ito@gmail.com
indentation_width_spec.rb;MODIFY;1238.0;11.0;Grew;True;2019-06-12 08:17:56+00:00;False;306;155;3925;4242c4b26171b830158982e937d1b0755dbe7213;9;bozhidar.batsov@gmail.com;koic.ito@gmail.com
indentation_width_spec.rb;MODIFY;1238.0;0.0;Equal;True;2019-06-22 20:08:19+00:00;False;306;155;3925;936f40bcf73b3ad49d8485aaac60ce9c3f346888;10;bozhidar.batsov@gmail.com;koic.ito@gmail.com
indentation_width_spec.rb;MODIFY;1254.0;16.0;Grew;True;2019-07-26 05:42:19+00:00;False;308;157;3974;20d76ec96a76673855a89e4e802a1924659c6041;4;koic.ito@gmail.com;koic.ito@gmail.com
indentation_width_spec.rb;MODIFY;1254.0;0.0;Equal;True;2019-08-21 07:07:27+00:00;False;308;157;3968;d49b608ceff0230f6347d5906289f753ac53f3cf;27;bozhidar.batsov@gmail.com;koic.ito@gmail.com
indentation_width_spec.rb;MODIFY;1248.0;-6.0;Decreased;True;2020-10-28 01:34:06+00:00;False;318;157;3981;5e03bf514cf9ba0eaf87fad081ac440415a312ec;5;noreply@github.com;gorgolevsky@gmail.com
indentation_width_spec.rb;MODIFY;1253.0;5.0;Grew;True;2020-12-17 13:23:48+00:00;False;334;159;4056;7a34bc697d60faec75ed4478afabb6c4598e464d;11;bozhidar.batsov@gmail.com;andrei.eres@ya.ru
indentation_width_spec.rb;MODIFY;1252.0;-1.0;Decreased;True;2021-01-27 05:56:42+00:00;False;334;159;4046;e3ca0e3f728b025551a8eab37532ce026e0e68c1;270;bozhidar.batsov@gmail.com;koic.ito@gmail.com
indentation_width_spec.rb;MODIFY;1297.0;45.0;Grew;True;2021-03-19 19:03:21+00:00;False;350;167;4137;455cf0a2b3b9803af9474357d9d4f2614694e728;5;daniel.vandersluis@gmail.com;daniel.vandersluis@gmail.com
indentation_width_spec.rb;MODIFY;1286.0;-11.0;Decreased;True;2021-04-06 20:45:53+00:00;False;350;167;4131;2fe4b1a6faca23adff13e1bbff6ecf5b66c6447b;664;bozhidar.batsov@gmail.com;jonas054@gmail.com
indentation_width_spec.rb;MODIFY;1305.0;19.0;Grew;True;2021-05-11 00:12:22+00:00;False;355;169;4181;b37720da8b437f3de62eab9ee3ad415cc7aee217;3;koic.ito@gmail.com;koic.ito@gmail.com
indentation_width_spec.rb;MODIFY;1382.0;77.0;Grew;True;2021-06-09 10:50:07+00:00;False;364;176;4412;78a9a4f2121b810fcddaeb5a4b1d83c61564bb36;3;bozhidar.batsov@gmail.com;koic.ito@gmail.com
indentation_width_spec.rb;MODIFY;1382.0;0.0;Equal;True;2022-04-20 21:56:55+00:00;False;364;176;4412;e4911660627e120b5cd2ae3c570a7b478792b431;17;bozhidar@batsov.dev;daniel.vandersluis@gmail.com
indentation_width_spec.rb;MODIFY;1412.0;30.0;Grew;True;2022-05-26 05:57:42+00:00;False;373;185;4481;8396e08eea32786aa9e0d5ba0947e44865eb7144;3;bozhidar@batsov.dev;i.takuma.miyake@globis.co.jp
indentation_width_spec.rb;MODIFY;1430.0;18.0;Grew;True;2022-08-12 12:47:31+00:00;False;377;187;4551;3624305683eca518b0dcdc7ae18a6349bc60235f;2;bozhidar@batsov.dev;gsamokovarov@gmail.com
indentation_width_spec.rb;MODIFY;1430.0;0.0;Equal;True;2022-08-19 05:16:15+00:00;False;377;187;4551;fd5eee461a59ea2c0d0243e1139729a4869e1be4;45;bozhidar@batsov.dev;13041216+ydah@users.noreply.github.com
indentation_width_spec.rb;MODIFY;1439.0;9.0;Grew;True;2022-08-25 16:31:01+00:00;False;378;188;4570;10cf6101274497d7eca0079f99abf026d9c01bde;3;koic.ito@gmail.com;koic.ito@gmail.com
indentation_width_spec.rb;MODIFY;1439.0;0.0;Equal;True;2023-02-01 09:07:10+00:00;False;378;188;4570;1b6aa9425da955d4ef964b8247f4e244a0044829;35;bozhidar@batsov.dev;koic.ito@gmail.com
indentation_width_spec.rb;MODIFY;1444.0;5.0;Grew;True;2023-02-22 18:30:48+00:00;False;379;189;4584;52e8e4f11f358db25f3b7dd2bec8f2a1252c548c;3;bozhidar@batsov.dev;fatkodima123@gmail.com
