file_name;change_type;n_loc;lines_balance;size_change;is_large;date;swapped_classification;complexity;methods;tokens;hash;files_on_commit;committer_email;author_email
server_spec.rb;ADD;490;0.0;Grew;False;2023-06-12 09:36:50+00:00;False;15;15;1680;c3c9b42b876d08d83738d57203c0baf9b4b0b865;20;bozhidar@batsov.dev;koic.ito@gmail.com
server_spec.rb;MODIFY;507;17.0;Grew;False;2023-06-28 14:45:35+00:00;False;16;16;1755;a51af25ae61c58c82b4c672cb66334bfab6f326f;3;bozhidar@batsov.dev;koic.ito@gmail.com
server_spec.rb;MODIFY;629;122.0;Grew;False;2023-06-30 04:45:51+00:00;False;18;18;2109;7e8c47d0e943ee6bce839f7ae5159f1b50b25607;6;bozhidar@batsov.dev;koic.ito@gmail.com
server_spec.rb;MODIFY;848;219.0;Grew;True;2023-07-13 17:08:48+00:00;True;21;21;2706;f8f8ffcda1d2ad5c0134a5c6ab66cafca43563e9;6;bozhidar@batsov.dev;koic.ito@gmail.com
server_spec.rb;MODIFY;1142;294.0;Grew;True;2023-07-24 04:37:11+00:00;False;25;25;3575;7989e7d8cc3a924bc65b63a5b0efdc56f5c57e3f;6;bozhidar@batsov.dev;koic.ito@gmail.com
server_spec.rb;MODIFY;1142;0.0;Equal;True;2023-07-29 06:42:29+00:00;False;25;25;3575;2e1d3f9d2c745823572b66a25c6023068f7391bb;1;koic.ito@gmail.com;koic.ito@gmail.com
server_spec.rb;MODIFY;1191;49.0;Grew;True;2023-08-03 04:54:35+00:00;False;26;26;3719;f94f42657fac7e6ecb0ef8fc6c96cc62ee262536;6;bozhidar@batsov.dev;koic.ito@gmail.com
server_spec.rb;MODIFY;1191;0.0;Equal;True;2023-08-28 04:20:24+00:00;False;26;26;3725;c4cb471a506a0c6b60aeb6b5c8a90e6378200bb2;3;bozhidar@batsov.dev;koic.ito@gmail.com
server_spec.rb;MODIFY;1194;3.0;Grew;True;2024-01-24 14:03:14+00:00;False;26;26;3734;b4080d8efc42466f31c63a443157363b11a467f7;5;bozhidar@batsov.dev;koic.ito@gmail.com
server_spec.rb;MODIFY;1166;-28.0;Decreased;True;2024-02-02 14:52:32+00:00;False;26;26;3614;48b8620610f681a718872b58aafcda7aa56bb7e9;3;storm.bg@gmail.com;storm.bg@gmail.com
server_spec.rb;MODIFY;1194;28.0;Equal;True;2024-02-09 08:15:25+00:00;False;26;26;3732;3f9a75aebcc28f11d8e3a93ae3e14c3f64a75136;18;bozhidar@batsov.dev;koic.ito@gmail.com
server_spec.rb;MODIFY;1236;42.0;Grew;True;2024-02-11 09:31:34+00:00;False;27;27;3874;772054e2d3dc3f9a55e0de9bb0d1262be71019f8;13;bozhidar@batsov.dev;koic.ito@gmail.com
server_spec.rb;MODIFY;1255;19.0;Grew;True;2024-05-12 16:05:36+00:00;False;28;28;3887;bbb177a92008fb987869798e45f2c9bf3bf63024;7;koic.ito@gmail.com;koic.ito@gmail.com
server_spec.rb;MODIFY;1190;-65.0;Decreased;True;2024-05-16 05:18:40+00:00;False;26;26;3693;47ee67cee523164e47e63d3d74b29b6ea24c2ed6;2;bozhidar@batsov.dev;koic.ito@gmail.com
server_spec.rb;MODIFY;1237;47.0;Equal;True;2024-05-28 03:52:48+00:00;False;27;27;3826;12c21e6b4d95cb743ce8ff4d6e3298af3a21049f;3;co000ri@gmail.com;co000ri@gmail.com
server_spec.rb;MODIFY;1237;0.0;Equal;True;2024-06-19 05:11:25+00:00;False;27;27;3821;eeb60423483ea995bd796fe22f59fba7c36f9f42;51;bozhidar@batsov.dev;14981592+Earlopain@users.noreply.github.com
