file_name;change_type;n_loc;lines_balance;size_change;is_large;date;swapped_classification;complexity;methods;tokens;hash;files_on_commit;committer_email;author_email
const_eval.rs;RENAME;262;0.0;Grew;False;2022-06-15 05:51:48+00:00;False;27;8;1820;3d0ab42c966d0fe3f8b7932a45b6f2a6c692922d;11;noreply@github.com;toby@grusly.com
const_eval.rs;MODIFY;262;0.0;Equal;False;2022-06-21 00:06:08+00:00;False;27;8;1823;1e72bab68bbed7038085e79400e3177309479aa5;22;noreply@github.com;17410721+emilyaherbert@users.noreply.github.com
const_eval.rs;MODIFY;273;11.0;Grew;False;2022-06-27 02:18:34+00:00;False;29;9;1869;8421507fde6094cc4a29eee19a70bf8991eb6113;59;noreply@github.com;mohammadfawaz89@gmail.com
const_eval.rs;MODIFY;332;59.0;Grew;False;2022-07-01 20:39:04+00:00;False;29;9;2140;cf7caf43ca56177c04251e757974b105e6e80491;8;noreply@github.com;vaivaswatha@users.noreply.github.com
const_eval.rs;MODIFY;325;-7.0;Decreased;False;2022-07-06 10:45:59+00:00;False;29;9;2114;4ba140a4fb9abac6bca1a9ec6de62b9167e9f827;9;noreply@github.com;mohammadfawaz89@gmail.com
const_eval.rs;MODIFY;325;0.0;Equal;False;2022-07-19 07:06:18+00:00;False;29;9;2120;6444f2227a9c2052497d9a9e09104d863ea2e64d;11;noreply@github.com;joao@tritao.eu
const_eval.rs;MODIFY;326;1.0;Grew;False;2022-07-27 20:22:54+00:00;False;35;10;2197;dcaee960df9b3466c6897d0a86ea806c9abf7edd;33;noreply@github.com;toby@grusly.com
const_eval.rs;MODIFY;326;0.0;Equal;False;2022-08-09 04:41:28+00:00;False;35;10;2197;a23accd2051d70674f8d0a097b83d1216ad8b0c1;79;noreply@github.com;17410721+emilyaherbert@users.noreply.github.com
const_eval.rs;MODIFY;327;1.0;Grew;False;2022-08-11 05:20:28+00:00;False;35;10;2199;d235073cdb76fac3211861991b91b1ce31aeadf8;13;noreply@github.com;joshpbatty@gmail.com
const_eval.rs;MODIFY;327;0.0;Equal;False;2022-08-11 19:13:33+00:00;False;35;10;2193;87e0a488cfb0797c432cb0acd980ad60cb07c492;14;noreply@github.com;kayagokalp@sabanciuniv.edu
const_eval.rs;MODIFY;328;1.0;Grew;False;2022-08-13 00:38:19+00:00;False;35;10;2194;d038ffc9c18ed8eac6d45efd29d4929f49085a60;20;noreply@github.com;joao@tritao.eu
const_eval.rs;MODIFY;328;0.0;Equal;False;2022-08-16 09:06:16+00:00;False;35;10;2197;84badb653578c82a34aa58db837b0251a77cb4f8;10;noreply@github.com;joshpbatty@gmail.com
const_eval.rs;MODIFY;330;2.0;Grew;False;2022-08-23 04:42:46+00:00;False;35;10;2205;d384c2b38cd938a5b7c2adb60411d811916a19f7;21;noreply@github.com;shum@canndrew.org
const_eval.rs;MODIFY;332;2.0;Grew;False;2022-08-24 13:28:21+00:00;False;35;10;2219;ff43fb88cd482ba6852a4280456e0392c05784a5;21;noreply@github.com;shum@canndrew.org
const_eval.rs;MODIFY;333;1.0;Grew;False;2022-09-08 18:58:04+00:00;False;36;10;2247;d1700adf212f99d88881015007f6a15fd019d910;20;noreply@github.com;17410721+emilyaherbert@users.noreply.github.com
const_eval.rs;MODIFY;333;0.0;Equal;False;2022-09-14 21:45:36+00:00;False;36;10;2247;0b69f4d4920febbbe3149efe2aa520d57b0ffdbc;16;noreply@github.com;shum@canndrew.org
const_eval.rs;MODIFY;330;-3.0;Decreased;False;2022-09-22 18:54:35+00:00;False;36;10;2242;22ba988707ea17938ee9817fa21e5349e566dd01;4;noreply@github.com;kaya.gokalp@fuel.sh
const_eval.rs;MODIFY;328;-2.0;Decreased;False;2022-10-05 11:43:18+00:00;False;36;10;2215;3a063c649b912638dedf49a0eed540ee31a00486;99;noreply@github.com;toby@grusly.com
const_eval.rs;MODIFY;327;-1.0;Decreased;False;2022-10-06 22:50:03+00:00;False;36;10;2215;4740fb2f9b9c4c4d6e8ba2110831604b40ccc645;69;noreply@github.com;17410721+emilyaherbert@users.noreply.github.com
const_eval.rs;MODIFY;327;0.0;Decreased;False;2022-10-10 10:10:54+00:00;False;36;10;2218;2c448d95afeacf5b933100da288ac0a31a80ec01;128;noreply@github.com;twingoow@gmail.com
const_eval.rs;MODIFY;328;1.0;Grew;False;2022-10-11 03:52:23+00:00;False;36;10;2280;c096c4a640319ac020e4f20baa898e081f6825fb;41;noreply@github.com;17410721+emilyaherbert@users.noreply.github.com
const_eval.rs;MODIFY;332;4.0;Grew;False;2022-10-12 00:32:55+00:00;False;36;10;2292;2ec825cdd4d4050f0bbfafc3179776093b8c8e7b;5;noreply@github.com;mohammadfawaz89@gmail.com
const_eval.rs;MODIFY;330;-2.0;Decreased;False;2022-10-12 01:19:29+00:00;False;36;10;2288;2c3418bf6590a39ab1334344b76cb75a31cb290c;12;noreply@github.com;17410721+emilyaherbert@users.noreply.github.com
const_eval.rs;MODIFY;330;0.0;Equal;False;2022-10-12 03:45:43+00:00;False;36;10;2288;081791f455fe49f9a85703b1fbb75de2f9923964;35;noreply@github.com;17410721+emilyaherbert@users.noreply.github.com
const_eval.rs;MODIFY;325;-5.0;Decreased;False;2022-10-13 15:28:53+00:00;False;36;10;2289;0bb2b50237dbc78635c669e60372880024c39065;89;noreply@github.com;17410721+emilyaherbert@users.noreply.github.com
const_eval.rs;MODIFY;338;13.0;Grew;False;2022-10-17 14:19:28+00:00;False;57;10;2445;58c8e47675af836f76f21bf00fea31eb9cf57c87;7;noreply@github.com;joao@tritao.eu
const_eval.rs;MODIFY;302;-36.0;Decreased;False;2022-10-26 16:30:08+00:00;False;49;5;2157;74e6377c500014affc45277dd2284491d0afe5d2;26;noreply@github.com;vaivaswatha@users.noreply.github.com
const_eval.rs;MODIFY;357;55.0;Grew;False;2022-11-21 15:58:48+00:00;False;42;4;2433;6582ece5ae16eba60ecc948d9e42f3ffdd7e6194;14;noreply@github.com;marcoshenrich@gmail.com
const_eval.rs;MODIFY;377;20.0;Grew;False;2022-11-22 18:06:39+00:00;False;42;4;2495;fe6b76e2c4206857a86cd7a4cc0196d52fd46896;107;noreply@github.com;twingoow@gmail.com
const_eval.rs;MODIFY;374;-3.0;Decreased;False;2022-12-05 08:01:46+00:00;False;42;4;2491;79c0a5e4bb52b04f791e7413853a1c9337ab0c27;9;noreply@github.com;kaya.gokalp@fuel.sh
const_eval.rs;MODIFY;379;5.0;Grew;False;2022-12-22 01:43:03+00:00;False;59;4;2471;978de4dd803dc6ef30ba9543354cef50d35e5fa9;111;noreply@github.com;17410721+emilyaherbert@users.noreply.github.com
const_eval.rs;MODIFY;375;-4.0;Decreased;False;2023-01-02 14:11:44+00:00;False;58;4;2454;76f56534825ef6ff609684f274c5160d30911ec7;67;noreply@github.com;toby@grusly.com
const_eval.rs;MODIFY;375;0.0;Equal;False;2023-01-11 20:02:22+00:00;False;58;4;2454;b44d8ba1a1fded9b2432da4b72eb40dbf2a6ccb5;95;noreply@github.com;17410721+emilyaherbert@users.noreply.github.com
const_eval.rs;MODIFY;375;0.0;Equal;False;2023-01-13 00:41:47+00:00;False;58;4;2454;c6be33690cb74a4a126eab1656a7960a5c160c46;74;noreply@github.com;17410721+emilyaherbert@users.noreply.github.com
const_eval.rs;MODIFY;395;20.0;Grew;False;2023-01-14 20:18:15+00:00;False;58;4;2515;0c402c3d8bec648cc68fc8ea4363d9a1353da487;23;noreply@github.com;vaivaswatha@users.noreply.github.com
const_eval.rs;MODIFY;429;34.0;Grew;False;2023-01-16 11:13:24+00:00;False;59;4;2610;50b102a0ff0f42a26ab69d7f9610a9df703312e8;253;noreply@github.com;mohammadfawaz89@gmail.com
const_eval.rs;MODIFY;429;0.0;Equal;False;2023-02-06 23:54:00+00:00;False;59;4;2613;5c02668e3f14732338eab82614ed67311bb0fad2;21;noreply@github.com;igi-111@protonmail.com
const_eval.rs;MODIFY;432;3.0;Grew;False;2023-02-10 12:57:04+00:00;False;60;4;2636;c6e35fbb7b75b6a1d9da5f07cfdadb8dda1bfb7d;24;noreply@github.com;igi-111@protonmail.com
const_eval.rs;MODIFY;430;-2.0;Decreased;False;2023-02-14 03:24:47+00:00;False;60;4;2631;30cdb10b6ad24d6afdcea23a90c405254ce8721a;62;noreply@github.com;17410721+emilyaherbert@users.noreply.github.com
const_eval.rs;MODIFY;430;0.0;Equal;False;2023-02-22 09:50:47+00:00;False;60;4;2634;1e3a734ea18fc70b70083b5ed07126b290af3de0;60;noreply@github.com;joao@tritao.eu
const_eval.rs;MODIFY;428;-2.0;Decreased;False;2023-03-01 15:21:51+00:00;False;58;4;2620;d0cf0ddead3c913e17487276fcb2f00abc15d001;76;noreply@github.com;igi-111@protonmail.com
const_eval.rs;MODIFY;440;12.0;Grew;False;2023-03-03 16:11:21+00:00;False;58;4;2641;8be626aa949d56634d52e3e6c27b5e4af2b1ba19;61;noreply@github.com;igi-111@protonmail.com
const_eval.rs;MODIFY;440;0.0;Equal;False;2023-03-09 16:19:51+00:00;False;58;4;2638;a0ce83cc52312163a937a8dd93c85eb2a14f9bf4;28;noreply@github.com;joshpbatty@gmail.com
const_eval.rs;MODIFY;440;0.0;Equal;False;2023-03-09 20:37:46+00:00;False;58;4;2641;a666f0a9bf733751c22bd2597d4dece5463f9dbd;28;noreply@github.com;17410721+emilyaherbert@users.noreply.github.com
const_eval.rs;MODIFY;450;10.0;Grew;False;2023-03-09 23:38:54+00:00;False;59;4;2684;d735e99f281c3464712b1075cf27d5db2ca0e352;32;noreply@github.com;mohammadfawaz89@gmail.com
const_eval.rs;MODIFY;580;130.0;Grew;False;2023-03-10 16:12:54+00:00;False;70;5;3648;b48cabd14e80afaf09186f7fd53b36a2993076d9;22;noreply@github.com;vaivaswatha@users.noreply.github.com
const_eval.rs;MODIFY;579;-1.0;Decreased;False;2023-03-14 20:46:00+00:00;False;70;5;3660;259e5dacc343c3c02756195f99397a2be3bf6e55;22;noreply@github.com;17410721+emilyaherbert@users.noreply.github.com
const_eval.rs;MODIFY;579;0.0;Equal;False;2023-03-23 22:46:01+00:00;False;70;5;3660;31dc809fe041e5909b45f0452c320bd3cd984f8e;87;noreply@github.com;17410721+emilyaherbert@users.noreply.github.com
const_eval.rs;MODIFY;581;2.0;Grew;False;2023-04-02 21:30:34+00:00;False;70;5;3652;d6238aef53b1f34540d3d1498daee0f137bc911d;126;noreply@github.com;toby@grusly.com
const_eval.rs;MODIFY;594;13.0;Grew;False;2023-04-05 13:20:17+00:00;False;71;5;3746;92ecf7f4a324bdfb18a57f90d2e84eee2fcc1409;52;noreply@github.com;joao@tritao.eu
const_eval.rs;MODIFY;594;0.0;Equal;False;2023-04-11 15:39:22+00:00;False;71;5;3746;b85c35623c7638dd77bc6fc05d17733a13db2cdf;8;noreply@github.com;marcoshenrich@gmail.com
const_eval.rs;MODIFY;594;0.0;Equal;False;2023-04-18 13:13:48+00:00;False;71;5;3751;7011edd02e87f600b702c511581088e89e182e26;37;noreply@github.com;joshpbatty@gmail.com
const_eval.rs;MODIFY;611;17.0;Grew;False;2023-04-20 22:25:10+00:00;False;73;5;3833;e77749e9807a792017f860beeb41a2a30ce08d30;42;noreply@github.com;joao@tritao.eu
const_eval.rs;MODIFY;609;-2.0;Decreased;False;2023-04-21 11:36:40+00:00;False;73;5;3818;1db8385158c5ae0ef0793966d575880868188505;223;noreply@github.com;mohammadfawaz89@gmail.com
const_eval.rs;MODIFY;640;31.0;Grew;False;2023-05-16 17:16:14+00:00;False;77;5;4043;29b1d0c47bfad4573449451ba520ded9e0a26a8a;19;noreply@github.com;igi-111@protonmail.com
const_eval.rs;MODIFY;645;5.0;Grew;False;2023-05-23 12:17:11+00:00;False;57;4;3997;dc67807a22f6903b927180e7cf925655d6a49f1c;66;noreply@github.com;joao@tritao.eu
const_eval.rs;MODIFY;636;-9.0;Decreased;False;2023-06-05 13:03:59+00:00;False;60;5;4199;d5464e07a8b15ab146b02f76ba48580dfb8c1455;129;noreply@github.com;igi-111@protonmail.com
const_eval.rs;MODIFY;636;0.0;Equal;False;2023-06-08 09:34:00+00:00;False;60;5;4204;0e547a622f2da4fcd6412d9bb9d86211ccfc18de;54;noreply@github.com;joao@tritao.eu
const_eval.rs;MODIFY;651;15.0;Grew;False;2023-06-13 03:57:52+00:00;False;61;5;4308;c1186dff7a44fc9c9045f20676b6cb45c5861b55;16;noreply@github.com;marcoshenrich@gmail.com
const_eval.rs;MODIFY;692;41.0;Grew;False;2023-06-29 02:49:25+00:00;False;72;5;4562;0263c0d638183f243dc2528bac0e5195b7492255;103;noreply@github.com;anton.a.trunov@gmail.com
const_eval.rs;MODIFY;712;20.0;Grew;False;2023-07-05 16:00:29+00:00;False;74;5;4741;bbb89d1dec4d1f7b613a6665cbc7e1eaac2f997b;25;noreply@github.com;xunilrj@hotmail.com
const_eval.rs;MODIFY;946;234.0;Grew;False;2023-07-10 10:57:32+00:00;False;79;7;6145;2c6d410151b04f95be937faf5100ef98daf50a87;7;noreply@github.com;xunilrj@hotmail.com
const_eval.rs;MODIFY;943;-3.0;Decreased;False;2023-07-21 02:37:13+00:00;False;79;7;6133;303a7a3acf13af41347f0602f328e94278dee8ba;56;noreply@github.com;igi-111@protonmail.com
const_eval.rs;MODIFY;947;4.0;Grew;False;2023-07-25 01:42:25+00:00;False;79;7;6133;f744dbb1bbc16e184f445cea250dbd123b4ddaaf;34;noreply@github.com;hannes.karppila@gmail.com
const_eval.rs;MODIFY;951;4.0;Grew;False;2023-07-29 15:19:59+00:00;False;79;7;6159;f5f8566e8c6e5b19f5d2d58b983150304c81771d;93;noreply@github.com;igi-111@protonmail.com
const_eval.rs;MODIFY;954;3.0;Grew;False;2023-08-15 20:22:55+00:00;False;79;7;6178;be086407f9b11a1cc1ef4b32dd8fec940e6789df;32;noreply@github.com;xunilrj@hotmail.com
const_eval.rs;MODIFY;976;22.0;Grew;False;2023-08-21 09:15:29+00:00;False;81;7;6316;4f760014e785e6bb5c7c4d8d197b9b7282264a25;85;noreply@github.com;marcoshenrich@gmail.com
const_eval.rs;MODIFY;1064;88.0;Grew;False;2023-08-23 08:03:46+00:00;False;86;7;6774;f225c0cafce7d03066d0065647e63a3870308bc2;7;noreply@github.com;xunilrj@hotmail.com
const_eval.rs;MODIFY;1062;-2.0;Decreased;False;2023-08-25 15:24:58+00:00;False;86;7;6758;255350ec5018a4a5cea9f0a2280a62830262201a;11;noreply@github.com;joao@tritao.eu
const_eval.rs;MODIFY;1073;11.0;Grew;False;2023-09-11 13:24:41+00:00;False;87;7;6828;f88bbf42d9734336fd4dc893dbea3f6646ab688e;140;noreply@github.com;xunilrj@hotmail.com
const_eval.rs;MODIFY;1141;68.0;Grew;False;2023-09-25 12:26:49+00:00;False;99;7;7365;9c302196780884ff89f4aecfbde869db477544ad;25;noreply@github.com;xunilrj@hotmail.com
const_eval.rs;MODIFY;1147;6.0;Grew;False;2023-10-24 13:44:32+00:00;False;99;7;7383;9d21152df8789dc2a7bd9f56034ea33433a49edb;30;noreply@github.com;vaivaswatha@users.noreply.github.com
const_eval.rs;MODIFY;1154;7.0;Grew;False;2023-11-08 14:28:19+00:00;False;100;7;7469;95481fc8c165eea954edd1c043ece60306ba227a;89;noreply@github.com;igi-111@protonmail.com
const_eval.rs;MODIFY;1155;1.0;Grew;False;2023-11-24 19:01:30+00:00;False;100;7;7469;4fa2fdfe4e93671c2a037a809819203006ee075b;21;noreply@github.com;ironcev@hotmail.com
const_eval.rs;MODIFY;1156;1.0;Grew;False;2023-12-02 19:08:32+00:00;False;100;7;7490;1e12d5d13fd8edb493d8c84fc57b2d3348c7deb1;69;noreply@github.com;marcoshenrich@gmail.com
const_eval.rs;MODIFY;1162;6.0;Grew;False;2024-01-04 22:08:36+00:00;False;100;7;7535;bae4be893fef73f704ec9b207464f9233d3dd4c9;128;noreply@github.com;ironcev@hotmail.com
const_eval.rs;MODIFY;1163;1.0;Grew;False;2024-01-08 23:53:38+00:00;False;100;7;7537;a164fe17696075da0c235922866fe0e5be2252e5;32;noreply@github.com;joshpbatty@gmail.com
const_eval.rs;MODIFY;1163;0.0;Equal;False;2024-01-15 11:26:01+00:00;False;100;7;7545;cab2db3c37b92e0bfbc4a1b1fedc972acdde0f85;65;noreply@github.com;xunilrj@hotmail.com
const_eval.rs;MODIFY;1197;34.0;Grew;False;2024-01-21 02:01:45+00:00;False;101;7;7632;def5f67860765e7ad1fb6feaf682b23275830af3;7;noreply@github.com;igi-111@protonmail.com
const_eval.rs;MODIFY;1200;3.0;Grew;False;2024-01-30 13:15:24+00:00;False;101;7;7654;8320c1ba1288676f45c1aa267ada442529a2ef75;174;noreply@github.com;ironcev@hotmail.com
const_eval.rs;MODIFY;1214;14.0;Grew;False;2024-02-02 17:48:53+00:00;False;103;7;7723;71e9ea903e291f02c72c75c69cd078440bc9e4a0;24;noreply@github.com;joao@tritao.eu
const_eval.rs;MODIFY;1214;0.0;Equal;False;2024-02-08 11:32:35+00:00;False;103;7;7727;51e8c9d678249caa14196b19f130a21031e5b15d;29;noreply@github.com;38888011+jjcnn@users.noreply.github.com
const_eval.rs;MODIFY;1215;1.0;Grew;False;2024-02-08 18:26:24+00:00;False;103;7;7737;80be6085171cd5cb05a655e42f45331379e546c0;42;noreply@github.com;marcoshenrich@gmail.com
const_eval.rs;MODIFY;1217;2.0;Grew;False;2024-02-14 14:59:18+00:00;False;103;7;7739;65c19271070ade67d989e8d220f44f00bfa49e87;21;noreply@github.com;joao@tritao.eu
const_eval.rs;MODIFY;1218;1.0;Grew;False;2024-02-23 21:53:56+00:00;False;103;7;7743;a8fd24f08db2d5acd33c9f5f96ecfbb0e362b602;18;noreply@github.com;vaivaswatha@users.noreply.github.com
const_eval.rs;MODIFY;1218;0.0;Equal;False;2024-03-03 06:20:09+00:00;False;103;7;7743;0c03ce06ef750dfd504e6413f5aa6ea87026d752;20;noreply@github.com;vaivaswatha@users.noreply.github.com
const_eval.rs;MODIFY;1223;5.0;Grew;False;2024-03-06 21:33:35+00:00;False;103;7;7771;c24d7319ab4b983a3abe59b6a6d99e09450a45ba;142;noreply@github.com;xunilrj@hotmail.com
const_eval.rs;MODIFY;1223;0.0;Equal;False;2024-03-08 10:36:57+00:00;False;103;7;7778;13731d98b364f53c29b3bb1463c3895cae605868;13;noreply@github.com;38888011+jjcnn@users.noreply.github.com
const_eval.rs;MODIFY;1228;5.0;Grew;False;2024-03-20 08:54:34+00:00;False;103;7;7781;98cdaac74481aa378fb7d208344670f782ae8a61;43;noreply@github.com;xunilrj@hotmail.com
const_eval.rs;MODIFY;1228;0.0;Equal;False;2024-04-03 22:08:46+00:00;False;103;7;7786;2eb6f2a40dd2ef8fb9236ddb3ced5a6f6a54c7e9;29;noreply@github.com;joao@tritao.eu
const_eval.rs;MODIFY;1215;-13.0;Decreased;False;2024-04-09 13:24:12+00:00;False;103;7;7738;89e5708402108fa383b6f7a7351f5ae5f357bbe1;14;noreply@github.com;xunilrj@hotmail.com
const_eval.rs;MODIFY;1219;4.0;Grew;False;2024-04-25 16:37:50+00:00;False;104;7;7765;1aec319e3177861235ff86b3f39e76d28f151c22;961;noreply@github.com;xunilrj@hotmail.com
const_eval.rs;MODIFY;1219;0.0;Equal;False;2024-05-04 21:00:56+00:00;False;104;7;7766;297de57a67be4cb09c1344fa91223e5030a2bb8a;105;noreply@github.com;joshpbatty@gmail.com
const_eval.rs;MODIFY;1225;6.0;Grew;False;2024-05-06 03:23:39+00:00;False;104;7;7794;1fd9e4772a8cff531f70d4dcc4f6c3b16743260e;40;noreply@github.com;joao@tritao.eu
const_eval.rs;MODIFY;1456;231.0;Grew;True;2024-05-12 17:22:46+00:00;True;125;9;9357;a7d35d3f09aef84ffa85a650d88bc52d6f593d77;77;noreply@github.com;xunilrj@hotmail.com
const_eval.rs;MODIFY;1461;5.0;Grew;True;2024-05-17 07:16:19+00:00;False;126;9;9404;76860b8e24d14a1c17e1d3878e338cd9ff37d2a8;5;noreply@github.com;xunilrj@hotmail.com
const_eval.rs;MODIFY;1343;-118.0;Decreased;False;2024-06-11 09:28:47+00:00;True;124;9;8830;ba0d2d7e90babde9f2e495a4432bde71b24ba71a;111;noreply@github.com;xunilrj@hotmail.com
const_eval.rs;MODIFY;1343;0.0;Equal;False;2024-07-09 22:16:06+00:00;False;124;9;8833;5456e62ddf3dfd1d02377b2ba1ac1eda03d285bc;8;noreply@github.com;38888011+jjcnn@users.noreply.github.com
const_eval.rs;MODIFY;1342;-1.0;Decreased;False;2024-07-19 22:51:13+00:00;False;124;9;8830;de853614a25ea96f569a340a5eb47653c5d150b6;16;noreply@github.com;38888011+jjcnn@users.noreply.github.com
const_eval.rs;MODIFY;1418;76.0;Grew;True;2024-08-07 09:00:09+00:00;True;131;9;9359;afd6a6709e7cb11c676059a5004012cc466e653b;68;noreply@github.com;xunilrj@hotmail.com
const_eval.rs;MODIFY;1418;0.0;Equal;True;2024-08-26 12:37:31+00:00;False;131;9;9370;df5d19481f26e58e47d7413d059f7b03fa1eadf1;6;noreply@github.com;38888011+jjcnn@users.noreply.github.com
const_eval.rs;MODIFY;1415;-3.0;Decreased;True;2024-10-28 10:34:03+00:00;False;131;9;9376;ddb505d263f81a49cc8f788519ec003949f944d9;81;noreply@github.com;xunilrj@hotmail.com
const_eval.rs;MODIFY;1415;0.0;Equal;True;2024-11-06 09:03:21+00:00;False;131;9;9374;73e1a7a80301d341864ea75de4124bf98d52a3ce;72;noreply@github.com;ironcev@hotmail.com
const_eval.rs;MODIFY;1543;128.0;Grew;True;2024-11-14 16:02:04+00:00;False;136;10;9943;9951c1da7165b18ceccb281c335129b363fa2105;21;noreply@github.com;xunilrj@hotmail.com
