file_name;change_type;n_loc;lines_balance;size_change;is_large;date;swapped_classification;complexity;methods;tokens;hash;files_on_commit;committer_email;author_email
lib.rs;MODIFY;783;0.0;Grew;False;2023-02-09 23:24:08+00:00;False;29;25;5563;9a00b5ab67ce67c5f525bdc332f15d6b6e06eb38;4;noreply@github.com;joshpbatty@gmail.com
lib.rs;MODIFY;895;112.0;Grew;False;2023-02-10 12:57:04+00:00;False;30;26;6592;c6e35fbb7b75b6a1d9da5f07cfdadb8dda1bfb7d;24;noreply@github.com;igi-111@protonmail.com
lib.rs;MODIFY;914;19.0;Grew;False;2023-02-12 16:26:44+00:00;False;30;26;6841;77cbe63cadbbe647298f37312030af86ca181961;39;noreply@github.com;igi-111@protonmail.com
lib.rs;MODIFY;972;58.0;Grew;False;2023-02-13 09:50:42+00:00;False;30;26;7451;5944d31032d0319d7c18692063a1bcfb951b1d33;8;noreply@github.com;igi-111@protonmail.com
lib.rs;MODIFY;1000;28.0;Grew;False;2023-02-13 10:34:17+00:00;False;31;27;7720;3f3fe47b214551e5b3b76a75de85dbe697782342;41;noreply@github.com;igi-111@protonmail.com
lib.rs;MODIFY;1150;150.0;Grew;False;2023-02-13 11:21:37+00:00;False;35;31;8927;1d31ff6c854cbf7533f151b74fd4acdd937b0682;9;noreply@github.com;joshpbatty@gmail.com
lib.rs;MODIFY;1185;35.0;Grew;False;2023-02-14 15:41:45+00:00;False;35;31;9108;f7cbf83bd5869a6f059c90a904d310d3f830c729;17;noreply@github.com;igi-111@protonmail.com
lib.rs;MODIFY;1192;7.0;Grew;False;2023-02-15 09:17:57+00:00;False;35;31;9199;74bf48c8b81eaf4868992fd1f1916d6b022da3d3;4;noreply@github.com;igi-111@protonmail.com
lib.rs;MODIFY;1225;33.0;Grew;False;2023-02-16 10:17:46+00:00;False;36;32;9440;64fe01c53fae97425f722f7af452533cbbe55464;15;noreply@github.com;igi-111@protonmail.com
lib.rs;MODIFY;1241;16.0;Grew;False;2023-02-17 10:59:33+00:00;False;36;32;9517;7031e6073da07f4c1b4b8d66efc70a18ccda1d61;1;noreply@github.com;joshpbatty@gmail.com
lib.rs;MODIFY;1243;2.0;Grew;False;2023-02-20 08:44:26+00:00;False;36;32;9559;d2f4e67f3d5b0fd6b49f453f45b9ffdc9a2a9af7;4;noreply@github.com;igi-111@protonmail.com
lib.rs;MODIFY;1294;51.0;Grew;False;2023-02-22 09:33:32+00:00;False;37;33;9880;92b6b0d5347759b4c3fcc279954550008947190e;15;noreply@github.com;igi-111@protonmail.com
lib.rs;MODIFY;1336;42.0;Grew;False;2023-02-23 08:49:45+00:00;False;39;35;10157;91feedc9c75193c8415fb5f566929626a4479a96;9;noreply@github.com;joshpbatty@gmail.com
lib.rs;MODIFY;1336;0.0;Equal;False;2023-02-23 12:18:46+00:00;False;39;35;10157;a1cacd6e19d06692e067ba171c04a26de0cf8ad8;11;noreply@github.com;camirgarzon@gmail.com
lib.rs;MODIFY;1336;0.0;Equal;False;2023-02-28 07:39:06+00:00;False;39;35;10157;21ebd94c74f1fb31294ad12c970a62f77df35193;6;noreply@github.com;joshpbatty@gmail.com
lib.rs;MODIFY;1336;0.0;Equal;False;2023-02-28 23:15:35+00:00;False;39;35;10157;ed15a08a1b7c3332dc3129d7788936f29314e79e;3;noreply@github.com;57543709+eureka-cpu@users.noreply.github.com
lib.rs;MODIFY;1337;1.0;Grew;False;2023-03-07 02:20:13+00:00;False;39;35;10158;2b26e196a8338d4354685895d9c4bf7fce5ae064;2;noreply@github.com;47993817+sdankel@users.noreply.github.com
lib.rs;MODIFY;1327;-10.0;Grew;False;2023-03-07 02:47:49+00:00;False;39;35;10101;04ff51354d04fd54772a1a78ec0e8c03e2a24e70;1;noreply@github.com;47993817+sdankel@users.noreply.github.com
lib.rs;MODIFY;1414;87.0;Grew;True;2023-03-10 18:46:33+00:00;True;40;36;10660;7ffd21431ce87ab2d428d65cbfa4b999a9a27623;18;noreply@github.com;igi-111@protonmail.com
lib.rs;MODIFY;1431;17.0;Grew;True;2023-04-03 16:13:50+00:00;False;41;37;10760;c16c8503a80b17968cb75056361704682dff615f;19;noreply@github.com;47993817+sdankel@users.noreply.github.com
lib.rs;MODIFY;1670;239.0;Equal;True;2023-04-19 21:13:30+00:00;False;18;18;5654;532dc44587f65b992678258647d0c0655a622316;29;noreply@github.com;58856580+sarahschwartz@users.noreply.github.com
lib.rs;MODIFY;1711;41.0;Grew;True;2023-04-19 22:37:54+00:00;False;20;20;5928;49ec0bcc6525659626689e6d37ea0d698a15540a;2;noreply@github.com;47993817+sdankel@users.noreply.github.com
lib.rs;MODIFY;1636;-75.0;Decreased;True;2023-04-21 11:36:40+00:00;False;19;19;5436;1db8385158c5ae0ef0793966d575880868188505;223;noreply@github.com;mohammadfawaz89@gmail.com
lib.rs;MODIFY;1636;0.0;Equal;True;2023-05-06 14:53:33+00:00;False;19;19;5499;85040f57b30d4818083e616eb4903f51c983db7e;15;noreply@github.com;47993817+sdankel@users.noreply.github.com
lib.rs;MODIFY;1636;0.0;Equal;True;2023-05-10 10:24:02+00:00;False;19;19;5503;3e84cc9063724228ed315383aafc8736e3dd1de5;14;noreply@github.com;47993817+sdankel@users.noreply.github.com
lib.rs;MODIFY;1641;5.0;Grew;True;2023-06-12 12:32:06+00:00;False;19;19;5522;733d9b58865b71cbfdd3f50e0d88e57487856833;23;noreply@github.com;47993817+sdankel@users.noreply.github.com
lib.rs;MODIFY;1646;5.0;Grew;True;2023-06-15 17:30:38+00:00;False;19;19;5541;38a2b5599145bb8dadd22d44e8dcbd9fc3fc5259;30;noreply@github.com;47993817+sdankel@users.noreply.github.com
lib.rs;MODIFY;1646;0.0;Equal;True;2023-06-19 22:37:17+00:00;False;19;19;5541;fd2b56d320b955019ee608cdb42d1dc265c28373;9;noreply@github.com;joshpbatty@gmail.com
lib.rs;MODIFY;1646;0.0;Equal;True;2023-06-21 14:20:08+00:00;False;19;19;5541;7f5bac59e54c3dfae720d570312c6cd1df87e5f9;2;noreply@github.com;46050679+SwayStar123@users.noreply.github.com
lib.rs;MODIFY;1721;75.0;Grew;True;2023-07-18 15:39:16+00:00;False;20;20;6033;62f9857eea1e662a04dec021a7ad11829652a282;11;noreply@github.com;joshpbatty@gmail.com
lib.rs;MODIFY;1721;0.0;Equal;True;2023-08-14 09:19:40+00:00;False;20;20;6033;e6f8925f989773ed0dea584abefad01cde6e26df;69;noreply@github.com;XgreenX9999@gmail.com
lib.rs;MODIFY;1778;57.0;Equal;True;2023-08-22 04:31:50+00:00;False;not calculated;0;507;149b65726298b008b612612368e2b3e0e9b5997c;51;noreply@github.com;46050679+SwayStar123@users.noreply.github.com
lib.rs;MODIFY;1800;22.0;Grew;True;2023-08-25 03:24:55+00:00;False;not calculated;0;540;bca210e41cc39395619ed48bb8cc8805a4c4f54e;11;noreply@github.com;47993817+sdankel@users.noreply.github.com
lib.rs;MODIFY;1811;11.0;Grew;True;2023-09-14 00:59:47+00:00;False;not calculated;0;542;af30647c1c0711906fdf99f8981d7e6c80846baf;4;noreply@github.com;47993817+sdankel@users.noreply.github.com
lib.rs;MODIFY;1811;0.0;Equal;True;2023-10-19 22:53:42+00:00;False;not calculated;0;542;dfa3fe544771f7f86b7748f6827d53dd1a4a2f1a;106;noreply@github.com;igi-111@protonmail.com
lib.rs;MODIFY;1841;30.0;Grew;True;2023-10-20 21:18:26+00:00;False;not calculated;0;590;4a09a4be85d72a5849b91fcecd7609717a8a9f46;66;noreply@github.com;47993817+sdankel@users.noreply.github.com
lib.rs;MODIFY;1842;1.0;Grew;True;2023-10-24 15:41:22+00:00;False;not calculated;0;590;1cc07404ec52ae56d9505c145f8a1878b2084d1c;10;noreply@github.com;ironcev@hotmail.com
lib.rs;MODIFY;1850;8.0;Grew;True;2023-11-01 18:05:26+00:00;False;not calculated;0;590;f3900418658b6c4c285f35640cadc38c239df658;11;noreply@github.com;47993817+sdankel@users.noreply.github.com
lib.rs;MODIFY;1887;37.0;Equal;True;2023-11-14 06:22:41+00:00;False;not calculated;0;590;194b5943dfc13e1b4fba7ea27678b4c3ab37ac84;106;noreply@github.com;joshpbatty@gmail.com
lib.rs;MODIFY;1887;0.0;Equal;True;2023-12-12 22:13:39+00:00;False;not calculated;0;590;d95e313ea906a1a1602ba093f6b929e72eb36f95;17;noreply@github.com;joshpbatty@gmail.com
lib.rs;MODIFY;1890;3.0;Grew;True;2024-01-08 23:53:38+00:00;False;not calculated;0;592;a164fe17696075da0c235922866fe0e5be2252e5;32;noreply@github.com;joshpbatty@gmail.com
lib.rs;MODIFY;1929;39.0;Grew;True;2024-02-06 23:47:12+00:00;False;not calculated;0;592;f702c41a17478480969c5514e0d4d75dca51ce0c;15;noreply@github.com;joshpbatty@gmail.com
lib.rs;MODIFY;1929;0.0;Equal;True;2024-03-10 13:17:15+00:00;False;not calculated;0;592;421caefe6c8241b75488f8e515ec41544a35d888;4;noreply@github.com;joshpbatty@gmail.com
lib.rs;MODIFY;1940;11.0;Grew;True;2024-03-14 10:04:59+00:00;False;not calculated;0;592;63cee464d2782eb20e0f9c298239244a7f04026b;1;noreply@github.com;joshpbatty@gmail.com
lib.rs;MODIFY;2044;104.0;Grew;True;2024-03-25 16:57:09+00:00;False;not calculated;0;592;c02d50cff80def86ab14ba6781a13c9969596a2d;2;noreply@github.com;joshpbatty@gmail.com
lib.rs;MODIFY;1989;-55.0;Grew;True;2024-03-26 10:30:15+00:00;False;16;11;3958;2eb4ecc9fc87290f7aac1c5f89f843b7160585b3;358;noreply@github.com;ironcev@hotmail.com
lib.rs;MODIFY;1989;0.0;Equal;True;2024-03-26 12:45:18+00:00;False;16;11;3958;1190d955edffd61b032109e66de43a4fba92ecba;3;noreply@github.com;joshpbatty@gmail.com
lib.rs;MODIFY;2069;80.0;Grew;True;2024-04-18 05:24:18+00:00;False;16;11;3962;3df4ee70e8e49dac5ccc2bba2e044a9578a62964;6;noreply@github.com;joshpbatty@gmail.com
lib.rs;MODIFY;2069;0.0;Equal;True;2024-05-01 11:56:11+00:00;False;16;11;3942;5a0bbed0889f5c43651ad08c2f336df1c3e18f73;43;noreply@github.com;joshpbatty@gmail.com
lib.rs;MODIFY;2087;18.0;Grew;True;2024-06-26 19:30:22+00:00;False;17;12;4053;014e1815de192aedc8c61f5fbbd74bbdfbd7c92a;6;noreply@github.com;47993817+sdankel@users.noreply.github.com
lib.rs;MODIFY;2093;6.0;Grew;True;2024-07-15 11:17:58+00:00;False;17;12;4053;701af2008088fe2629f18cf92afcf677bd4d5212;257;noreply@github.com;38888011+jjcnn@users.noreply.github.com
lib.rs;MODIFY;2097;4.0;Grew;True;2024-07-31 02:09:40+00:00;False;17;12;4079;a727d1f123dec67ebd3cf1bc1b1f5e48bd4ba319;13;noreply@github.com;joshpbatty@gmail.com
lib.rs;MODIFY;2098;1.0;Grew;True;2024-08-15 22:05:57+00:00;False;18;13;4224;886c0b8c1bed62f17d64246013724d0ec6a77177;17;noreply@github.com;joshpbatty@gmail.com
lib.rs;MODIFY;2099;1.0;Grew;True;2024-08-28 18:24:41+00:00;False;18;13;4225;4fc554c69e0072a956539e5201049329e418accf;5;noreply@github.com;marcoshenrich@gmail.com
lib.rs;MODIFY;2104;5.0;Grew;True;2024-09-09 17:45:24+00:00;False;18;13;4244;050ee9dbe2deb525cd203f1c070b8044c5524e25;8;noreply@github.com;joshpbatty@gmail.com
lib.rs;MODIFY;2103;-1.0;Decreased;True;2024-09-11 04:21:08+00:00;False;18;13;4244;2f4fa65dcf2287720982ecf6c5eef6d0d7a0c86e;3;noreply@github.com;joshpbatty@gmail.com
lib.rs;MODIFY;2104;1.0;Grew;True;2024-09-18 08:18:02+00:00;False;18;13;4244;1305b242c5ed090a061cb6b0a735f813bd5bc535;9;noreply@github.com;joshpbatty@gmail.com
lib.rs;MODIFY;2109;5.0;Grew;True;2024-09-23 07:04:40+00:00;False;18;13;4263;99f11c05dd22309662842228b7c7e1c99eba367b;7;noreply@github.com;joshpbatty@gmail.com
lib.rs;MODIFY;2240;131.0;Equal;True;2024-11-29 21:11:17+00:00;False;34;22;5375;2bc469ad8ca323aea29fede836805d51db1c0a18;6;noreply@github.com;joshpbatty@gmail.com
