file_name;change_type;n_loc;lines_balance;size_change;is_large;date;swapped_classification;complexity;methods;tokens;hash;files_on_commit;committer_email;author_email
object.rs;ADD;351;0.0;Equal;False;2022-10-09 04:51:49+00:00;False;50;12;1552;b82db3a254ad0661892af5dc73b455212f1a5c78;945;keith@zed.dev;keith@zed.dev
object.rs;MODIFY;359;8.0;Grew;False;2022-10-09 04:52:07+00:00;False;48;12;1570;515c1ea1236764ab7b2c8f0ee6958e45c63ef971;971;keith@zed.dev;keith@zed.dev
object.rs;MODIFY;359;0.0;Equal;False;2022-10-10 21:46:07+00:00;False;48;12;1570;d2494822b006278d3c94c4cd63b676412deff232;41;keith@zed.dev;keith@zed.dev
object.rs;MODIFY;370;11.0;Grew;False;2022-10-10 22:32:12+00:00;False;50;13;1618;6a237deb213355a9ff10cca37064bfa87ce91c01;14;keith@zed.dev;keith@zed.dev
object.rs;MODIFY;532;162.0;Grew;False;2022-10-11 22:17:29+00:00;False;72;15;2578;673041d1f54577bc68e9229bbc9d6310096e175b;7;keith@zed.dev;keith@zed.dev
object.rs;MODIFY;532;0.0;Equal;False;2022-10-11 23:27:54+00:00;False;72;15;2580;d1f1eb9a2900b290a13df0deaac40b8a76e4a224;7;keith@zed.dev;keith@zed.dev
object.rs;MODIFY;615;83.0;Grew;False;2022-10-25 01:27:56+00:00;False;84;15;2879;21ad375b422236d1b1e19ec5fb8b7b33a1ee7769;34;keith@zed.dev;keith@zed.dev
object.rs;MODIFY;615;0.0;Equal;False;2023-04-06 21:49:03+00:00;False;84;15;2879;de9bf6dfbdf3bf5d7f80772ff91e03afb900c914;112;nathan@zed.dev;nathan@zed.dev
object.rs;MODIFY;615;0.0;Equal;False;2023-04-20 20:02:40+00:00;False;84;15;2881;137d9384b5fbe2b4087643d43c3d3d6c787ea11f;11;nathan@zed.dev;me@as-cii.com
object.rs;MODIFY;616;1.0;Grew;False;2023-04-20 21:25:11+00:00;False;84;15;2881;0bce80b6f86f62ce120f813f89803b26996a237d;10;nathan@zed.dev;nathan@zed.dev
object.rs;MODIFY;622;6.0;Grew;False;2023-07-28 21:26:40+00:00;False;84;15;2881;b53fb8633ef4cfa352bdb7970e59b8824a5a10a6;21;conrad.irwin@gmail.com;conrad.irwin@gmail.com
object.rs;MODIFY;684;62.0;Grew;False;2023-07-28 21:26:40+00:00;False;91;16;3088;5edcb747609222f602138798d1a80e50f1160dae;21;conrad.irwin@gmail.com;conrad.irwin@gmail.com
object.rs;MODIFY;684;0.0;Equal;False;2023-08-15 16:00:45+00:00;False;91;16;3092;1cc0798aea36f0587ac93bf96857d495501a3761;16;conrad.irwin@gmail.com;conrad.irwin@gmail.com
object.rs;MODIFY;710;26.0;Grew;False;2023-08-15 22:00:50+00:00;False;93;17;3186;1b4dd49b1d8618e8149db3a28dbb398bdef1a52c;9;conrad.irwin@gmail.com;conrad.irwin@gmail.com
object.rs;MODIFY;710;0.0;Equal;False;2023-08-17 20:09:47+00:00;False;93;17;3188;3514816ecedd0bedcaa81f6f52296034d01d0f02;12;conrad.irwin@gmail.com;conrad.irwin@gmail.com
object.rs;MODIFY;736;26.0;Grew;False;2023-08-17 23:13:23+00:00;False;98;19;3328;b0ba0f885175b466ee8cf1db88e569b00d64800e;4;conrad.irwin@gmail.com;conrad.irwin@gmail.com
object.rs;MODIFY;687;-49.0;Decreased;False;2023-08-21 15:39:38+00:00;False;91;16;3157;ab5bd0ac5a0260d9616cb99450330c2315dae00e;9;24362066+osiewicz@users.noreply.github.com;24362066+osiewicz@users.noreply.github.com
object.rs;MODIFY;739;52.0;Grew;False;2023-08-22 08:35:20+00:00;False;98;19;3397;d27cebd97718783df3e940391f70b2c7eaf06d11;12;noreply@github.com;24362066+osiewicz@users.noreply.github.com
object.rs;MODIFY;687;-52.0;Decreased;False;2023-08-22 09:23:30+00:00;False;91;16;3157;007d1b09ac970cfc27736dd3d798a96041d84387;12;kirill@zed.dev;24362066+osiewicz@users.noreply.github.com
object.rs;MODIFY;693;6.0;Grew;False;2023-08-25 22:46:30+00:00;False;91;16;3166;fc457d45f5f529fa4d0ade52c48b62516baa388c;13;floc@unpromptedtirade.com;floc@unpromptedtirade.com
object.rs;MODIFY;753;60.0;Grew;False;2023-08-30 01:03:29+00:00;False;98;19;3422;d3650594c386e2b96958a0fb552e5ad322a6df30;10;conrad.irwin@gmail.com;conrad.irwin@gmail.com
object.rs;MODIFY;855;102.0;Grew;False;2023-10-23 03:44:34+00:00;False;108;20;3880;9589f5573d4629667b8464f05571619b26800805;12;conrad.irwin@gmail.com;conrad.irwin@gmail.com
object.rs;MODIFY;907;52.0;Grew;False;2023-10-23 04:17:34+00:00;False;109;21;4093;3cf98c4fae820b5c609d8498fa0726d27b8a8350;4;conrad.irwin@gmail.com;conrad.irwin@gmail.com
object.rs;MODIFY;901;-6.0;Decreased;False;2023-10-23 04:24:35+00:00;False;105;21;4057;b495669c86317966a6ae303e354478e2af687d9c;9;conrad.irwin@gmail.com;conrad.irwin@gmail.com
object.rs;MODIFY;912;11.0;Grew;False;2024-01-17 23:48:37+00:00;False;105;21;4078;6cbc49e5f016f25223d1567d84f7f8c99bfada8f;49;noreply@github.com;24362066+osiewicz@users.noreply.github.com
object.rs;MODIFY;912;0.0;Equal;False;2024-01-19 16:18:50+00:00;False;105;21;4078;01f06f96a15887703a06e5953c564005c308a9c9;19;noreply@github.com;elliott.codes@gmail.com
object.rs;MODIFY;915;3.0;Grew;False;2024-02-15 23:15:31+00:00;False;105;21;4083;96dcc385dddbe2dfb6a02784b43b07c368b2dfde;5;noreply@github.com;vbhavsar@gmail.com
object.rs;MODIFY;1078;163.0;Grew;False;2024-02-24 02:37:13+00:00;False;137;24;5243;2e616f8388de30ce015fadff1eb99baf325c9c2a;5;noreply@github.com;mraidangrant@gmail.com
object.rs;MODIFY;1083;5.0;Grew;False;2024-02-27 03:15:27+00:00;False;137;24;5242;8cf36ae603f23cece494453e291543256568970a;6;noreply@github.com;conrad.irwin@gmail.com
object.rs;MODIFY;1172;89.0;Grew;False;2024-02-27 05:48:19+00:00;False;159;29;5945;f3fa3b910a119610f1eed83cd6291fddd560422f;5;noreply@github.com;weartistt@gmail.com
object.rs;MODIFY;1143;-29.0;Decreased;False;2024-03-02 05:40:49+00:00;False;171;35;6649;ca2cda8d2a550549e46048e4a06d74e60287f835;32;noreply@github.com;elliott.codes@gmail.com
object.rs;MODIFY;1143;0.0;Equal;False;2024-03-03 03:57:37+00:00;False;171;35;6648;191fcf67d1f07de76c1a2cd3a2751e34f5aeb8c5;6;noreply@github.com;elliott.codes@gmail.com
object.rs;MODIFY;1370;227.0;Grew;False;2024-03-04 23:39:02+00:00;False;185;39;7298;d223fe446d83a8070722911f0da483b333a804a1;8;noreply@github.com;noritada.kobayashi@gmail.com
object.rs;MODIFY;1370;0.0;Equal;False;2024-03-15 02:31:53+00:00;False;185;39;7302;e836a979a244132981f10acc83ea3480d1bbe439;12;noreply@github.com;weartistt@gmail.com
object.rs;MODIFY;1428;58.0;Grew;True;2024-03-28 09:16:54+00:00;True;187;39;7596;eaec04632a1b3ee973a80251353018059f624e96;2;noreply@github.com;weartistt@gmail.com
object.rs;MODIFY;1425;-3.0;Decreased;True;2024-04-03 04:16:52+00:00;False;187;39;7611;5a2a85a7db29d79c406be015ff2b287e20b02548;9;noreply@github.com;conrad.irwin@gmail.com
object.rs;MODIFY;1425;0.0;Equal;True;2024-04-08 17:41:06+00:00;False;187;39;7611;44aed4a0cbbce7e144dc8316d4e61872f59f565f;8;noreply@github.com;weartistt@gmail.com
object.rs;MODIFY;1468;43.0;Grew;True;2024-04-25 03:19:15+00:00;False;195;40;7857;1a27016123524dcd0e3d8c9f2c316f17223f4422;3;noreply@github.com;weartistt@gmail.com
object.rs;MODIFY;1472;4.0;Grew;True;2024-05-10 21:06:51+00:00;False;195;40;7891;df41435d1a85c7263799367817ba5629149e9f60;46;noreply@github.com;kirill@zed.dev
object.rs;MODIFY;1305;-167.0;Decreased;False;2024-05-11 18:04:05+00:00;True;185;36;7079;f550f23b97bcb0d900d7c321af7d91d52d97160e;38;noreply@github.com;conrad.irwin@gmail.com
object.rs;MODIFY;1308;3.0;Grew;False;2024-06-14 02:32:58+00:00;False;185;36;7079;a5af5b2883130bb4ff5c2c180bd0e67e07f05442;17;noreply@github.com;conrad.irwin@gmail.com
object.rs;MODIFY;1327;19.0;Grew;False;2024-07-18 17:53:51+00:00;False;186;36;7182;d0446857069293c45555b0102ea9d9ebe657cfb7;2;noreply@github.com;weartistt@gmail.com
object.rs;MODIFY;1334;7.0;Grew;False;2024-08-21 02:48:50+00:00;False;186;36;7185;36d51fe4a565a104d32e5db4fa5b57808c533dc7;32;noreply@github.com;conrad.irwin@gmail.com
object.rs;MODIFY;1328;-6.0;Decreased;False;2024-08-30 18:34:23+00:00;False;186;36;7137;ee6ec50b158b378b613a8cb49bc3ef76bd16ee4f;12;noreply@github.com;conrad.irwin@gmail.com
object.rs;MODIFY;1314;-14.0;Decreased;False;2024-09-06 09:58:39+00:00;False;192;39;7314;e6c1c51b37a14ac6789d5ae42c2ac7d982c8ef6f;361;noreply@github.com;24362066+osiewicz@users.noreply.github.com
object.rs;MODIFY;1310;-4.0;Decreased;False;2024-09-07 00:36:55+00:00;False;194;39;7298;095a08d9c80cc5edfaf044c32b9533ec9746feb3;33;noreply@github.com;24362066+osiewicz@users.noreply.github.com
object.rs;MODIFY;1310;0.0;Equal;False;2024-11-04 16:03:27+00:00;False;194;39;7298;f0aeab7d00cf130fb146ce874b13723904b67354;3;noreply@github.com;49411532+mike-lloyd03@users.noreply.github.com
object.rs;MODIFY;1310;0.0;Equal;False;2024-11-05 22:32:44+00:00;False;194;39;7284;86ff6e2c8ec2501b31e09d3658b9aa86e2b184c2;2;noreply@github.com;conrad.irwin@gmail.com
object.rs;MODIFY;1315;5.0;Grew;False;2024-11-14 19:41:53+00:00;False;194;39;7306;f0882f44a7e67340bca86659647a789fb53a50ff;8;noreply@github.com;54772688+hrou0003@users.noreply.github.com
object.rs;MODIFY;1315;0.0;Equal;False;2024-11-20 20:46:44+00:00;False;194;39;7306;e0761db62dda8f4ed3ceb78a496ca9a6f3eaed6f;2;noreply@github.com;conrad.irwin@gmail.com
object.rs;MODIFY;1460;145.0;Grew;True;2024-11-26 20:54:36+00:00;True;207;41;7844;597e5f8304ee3ffc74c7a312edf70108e93d59e2;2;noreply@github.com;mraidangrant@gmail.com
object.rs;MODIFY;1559;99.0;Grew;True;2024-12-03 17:37:01+00:00;False;222;42;8552;75c9dc179bb3db89915666baf56e5362761cd97c;28;noreply@github.com;conrad.irwin@gmail.com
object.rs;MODIFY;1559;0.0;Equal;True;2024-12-04 06:19:52+00:00;False;222;42;8556;8f08787cf0ce40521845bbf9a43d0945c8113ca4;11;noreply@github.com;58462210+wmstack@users.noreply.github.com
object.rs;MODIFY;1559;0.0;Equal;True;2024-12-04 07:01:32+00:00;False;222;42;8562;196fd65601af0b22cba3f6f0fbbda821b0403427;10;noreply@github.com;conrad.irwin@gmail.com
