file_name;change_type;n_loc;lines_balance;size_change;is_large;date;swapped_classification;complexity;methods;tokens;hash;files_on_commit;committer_email;author_email
apiOptions.spec.ts;ADD;10;0.0;Equal;False;2019-09-04 15:37:00+00:00;False;9;9;90;02de984f1faec2504e6decb9c58c335fc5dbf9be;8;yyx990803@gmail.com;yyx990803@gmail.com
apiOptions.spec.ts;MODIFY;318;308.0;Grew;False;2019-09-04 22:16:11+00:00;False;49;49;1522;13298bc4fa27bcf8466244a3da3e61b0583dee56;3;yyx990803@gmail.com;yyx990803@gmail.com
apiOptions.spec.ts;MODIFY;470;152.0;Grew;False;2019-09-05 14:20:40+00:00;False;79;79;2156;81a31f79dc69dae1eac1b958af3f3a18bd1f67ac;2;yyx990803@gmail.com;yyx990803@gmail.com
apiOptions.spec.ts;MODIFY;471;1.0;Grew;False;2019-09-05 22:48:49+00:00;False;76;76;2214;94a05561f8253840b00a31f4be5d2d8455836a93;9;yyx990803@gmail.com;yyx990803@gmail.com
apiOptions.spec.ts;MODIFY;497;26.0;Grew;False;2019-10-09 18:03:21+00:00;False;81;81;2337;0177355242ae598d345f8f659847aa70f8343034;4;yyx990803@gmail.com;TimvdEijnden@users.noreply.github.com
apiOptions.spec.ts;MODIFY;530;33.0;Grew;False;2019-10-14 06:15:31+00:00;False;88;88;2475;d2bcedb213876b3f8ec030c4c826c70cb344b936;2;yyx990803@gmail.com;631807682@qq.com
apiOptions.spec.ts;MODIFY;766;236.0;Grew;False;2019-10-22 03:47:16+00:00;False;133;133;3506;a23e03f01ee5877b8d6a94c03b6fe6f750296cc5;2;yyx990803@gmail.com;631807682@qq.com
apiOptions.spec.ts;MODIFY;825;59.0;Grew;False;2019-10-25 14:25:52+00:00;False;138;138;3860;532b5eebd7b30d628972a89f16287ca25b9bf7e5;2;yyx990803@gmail.com;2218301630@qq.com
apiOptions.spec.ts;MODIFY;825;0.0;Equal;False;2019-12-22 15:58:12+00:00;False;138;138;3860;1c4cdd841daa2ba9c1ec35068c92f1ae776cacea;18;yyx990803@gmail.com;chrisvfritz@gmail.com
apiOptions.spec.ts;MODIFY;825;0.0;Equal;False;2020-01-22 14:29:45+00:00;False;138;138;3864;2569890e31c84146b3fa1e7503e3f5e9ca466c3a;20;yyx990803@gmail.com;yyx990803@gmail.com
apiOptions.spec.ts;MODIFY;815;-10.0;Decreased;False;2020-02-18 04:16:58+00:00;False;138;138;3748;9571ede84bb6949e13c25807cc8f016ace29dc8a;7;yyx990803@gmail.com;yyx990803@gmail.com
apiOptions.spec.ts;MODIFY;813;-2.0;Decreased;False;2020-02-18 04:22:25+00:00;False;139;139;3748;2fb7a63943d9d995248cb6d2d4fb5f22ff2ac000;3;yyx990803@gmail.com;yyx990803@gmail.com
apiOptions.spec.ts;MODIFY;813;0.0;Equal;False;2020-02-26 21:32:06+00:00;False;139;139;3738;11d2fb2594e234bf7f2277194dbd47f5776f9335;19;yyx990803@gmail.com;yyx990803@gmail.com
apiOptions.spec.ts;MODIFY;813;0.0;Equal;False;2020-03-12 20:13:12+00:00;False;139;139;3753;bb7fa3dabce73de63d016c75f1477e7d8bed8858;3;yyx990803@gmail.com;yyx990803@gmail.com
apiOptions.spec.ts;MODIFY;833;20.0;Grew;False;2020-03-24 15:59:00+00:00;False;144;143;3886;528621ba41b1d7113940077574217d01d182b35f;5;yyx990803@gmail.com;yyx990803@gmail.com
apiOptions.spec.ts;MODIFY;833;0.0;Equal;False;2020-03-24 16:03:21+00:00;False;144;143;3886;4cb3c5c49ab7519d54ba16b4cc7b8abb6368c83c;1;yyx990803@gmail.com;yyx990803@gmail.com
apiOptions.spec.ts;MODIFY;814;-19.0;Decreased;False;2020-03-25 13:28:43+00:00;False;139;139;3755;27873dbe1c09ac6a058d815949a4e13831513fd0;4;yyx990803@gmail.com;yyx990803@gmail.com
apiOptions.spec.ts;MODIFY;813;-1.0;Decreased;False;2020-03-25 13:48:24+00:00;False;139;139;3753;c5beb9fb4cde308aee539d0fda5c7951c91d0cf7;1;yyx990803@gmail.com;yyx990803@gmail.com
apiOptions.spec.ts;MODIFY;813;0.0;Equal;False;2020-04-16 14:39:51+00:00;False;139;139;3753;bfd6744fb1db36a02914ef48da7116636343f313;2;yyx990803@gmail.com;yyx990803@gmail.com
apiOptions.spec.ts;MODIFY;847;34.0;Grew;False;2020-04-22 20:36:18+00:00;False;143;143;3903;ff4d1fcd81d96f3ddb0e34f04e70e3539dc7a96f;2;yyx990803@gmail.com;yyx990803@gmail.com
apiOptions.spec.ts;MODIFY;932;85.0;Grew;True;2020-06-09 14:37:00+00:00;True;156;156;4354;d3c436ae2e66b75b7f2ed574dadda3f0e1fdce73;11;noreply@github.com;dolymood@gmail.com
apiOptions.spec.ts;MODIFY;942;10.0;Grew;True;2020-07-27 21:44:17+00:00;False;158;158;4396;354d79c42bf152643b77d83520757818d913de4f;3;yyx990803@gmail.com;yyx990803@gmail.com
apiOptions.spec.ts;MODIFY;940;-2.0;Decreased;True;2020-07-28 02:58:51+00:00;False;158;158;4387;5c74243211495e33319218584993177c9d2e2c80;35;yyx990803@gmail.com;yyx990803@gmail.com
apiOptions.spec.ts;MODIFY;956;16.0;Grew;True;2020-08-04 16:42:47+00:00;False;158;158;4457;b5f91ff570244436aa8f579ec3a6fec781d198a7;2;noreply@github.com;posva@users.noreply.github.com
apiOptions.spec.ts;MODIFY;960;4.0;Grew;True;2020-08-25 01:30:04+00:00;False;158;158;4479;c15311cfe879aa98c06585d731d996fca7633421;2;yyx990803@gmail.com;yyx990803@gmail.com
apiOptions.spec.ts;MODIFY;1021;61.0;Grew;True;2020-08-26 14:31:23+00:00;False;170;170;4700;6df0e738cb9ae6db0c0e9c3c70d81147521bfe7f;2;noreply@github.com;HcySunYang@outlook.com
apiOptions.spec.ts;MODIFY;1061;40.0;Grew;True;2020-09-01 01:04:06+00:00;False;174;174;4912;706b52aadd3f06e644070c9e21f161a806bc38ab;3;noreply@github.com;i@shangyes.net
apiOptions.spec.ts;MODIFY;1054;-7.0;Decreased;True;2020-09-04 16:07:30+00:00;False;173;173;4923;d4724619fc3d005311f27c1ac7cab0a0e735c4d2;3;yyx990803@gmail.com;yyx990803@gmail.com
apiOptions.spec.ts;MODIFY;1081;27.0;Grew;True;2020-09-14 16:52:19+00:00;False;175;175;4991;313dd06065b1782d67f6881fbd42ae92a7f9cade;2;noreply@github.com;stasvarenkin@gmail.com
apiOptions.spec.ts;MODIFY;1090;9.0;Grew;True;2020-09-18 04:00:39+00:00;False;175;175;5043;1c9a0b3e195d144ac90d22d2cc2cef6a3fd8276d;2;yyx990803@gmail.com;yyx990803@gmail.com
apiOptions.spec.ts;MODIFY;1117;27.0;Grew;True;2020-10-08 01:47:01+00:00;False;180;180;5149;f06518a8c9201b4fa2a956595aa9d89a192fcd20;2;yyx990803@gmail.com;yyx990803@gmail.com
apiOptions.spec.ts;MODIFY;1160;43.0;Grew;True;2020-10-13 20:31:13+00:00;False;186;186;5315;962af852207b56239fcb0d2f8e68549ad59fb8d4;1;noreply@github.com;kltan69@gmail.com
apiOptions.spec.ts;MODIFY;1172;12.0;Grew;True;2020-11-30 21:36:02+00:00;False;186;186;5363;7a1a782642a13d5fcc6b8c738a5ce8f8c657e1b5;3;noreply@github.com;hiroki.osame@gmail.com
apiOptions.spec.ts;MODIFY;1189;17.0;Grew;True;2021-02-05 18:52:40+00:00;False;190;190;5448;2587f36fe311359e2e34f40e8e47d2eebfab7f42;2;noreply@github.com;HcySunYang@outlook.com
apiOptions.spec.ts;MODIFY;1197;8.0;Grew;True;2021-02-25 14:07:49+00:00;False;191;191;5520;75964aba0301b44df833fc8e43cadc24169eff6b;1;yyx990803@gmail.com;yyx990803@gmail.com
apiOptions.spec.ts;MODIFY;1275;78.0;Grew;True;2021-03-25 20:39:57+00:00;False;207;207;5836;b58bb169590297daf9df0433b413fab118f18486;2;noreply@github.com;HcySunYang@outlook.com
apiOptions.spec.ts;MODIFY;1445;170.0;Grew;True;2021-06-02 19:19:56+00:00;False;244;243;6836;e2ca67b59a4de57a9bce8d3394263ba493a35a39;9;yyx990803@gmail.com;yyx990803@gmail.com
apiOptions.spec.ts;MODIFY;1500;55.0;Grew;True;2021-06-22 17:54:43+00:00;False;252;251;7065;9b607fe409d70e991ba458e7c994e008a4b621e8;2;yyx990803@gmail.com;yyx990803@gmail.com
apiOptions.spec.ts;MODIFY;1556;56.0;Grew;True;2021-07-27 21:52:37+00:00;False;260;259;7410;561e210157874b216efc1c17be701a6a81c4383b;4;yyx990803@gmail.com;yyx990803@gmail.com
apiOptions.spec.ts;MODIFY;1564;8.0;Grew;True;2021-09-01 20:41:57+00:00;False;264;263;7494;741d3b36f21582e682009114961b5cd3146e8dad;2;noreply@github.com;lainen000@gmail.com
apiOptions.spec.ts;MODIFY;1564;0.0;Equal;True;2022-05-12 00:40:59+00:00;False;264;263;7494;b5b103a736b9d7ba59daaf5f8924def67f3877f4;8;noreply@github.com;i.heyunfei@gmail.com
apiOptions.spec.ts;MODIFY;1575;11.0;Grew;True;2022-08-31 05:44:21+00:00;False;265;264;7573;9875ecd762155732008e397d450edb0f8c01b05c;2;noreply@github.com;daiwei521@126.com
apiOptions.spec.ts;MODIFY;1575;0.0;Equal;True;2022-10-03 07:30:43+00:00;False;265;264;7573;534593cfa8ae1f85558737104f139555b493870c;7;anthonyfu117@hotmail.com;anthonyfu117@hotmail.com
apiOptions.spec.ts;MODIFY;1576;1.0;Grew;True;2023-01-26 07:25:55+00:00;False;265;264;7579;8867bb259a993297776f3c5e190bbce1b7d92ce2;83;yyx990803@gmail.com;yyx990803@gmail.com
apiOptions.spec.ts;MODIFY;1576;0.0;Equal;True;2023-01-26 12:48:47+00:00;False;265;264;7596;7e8f175db7dbd78b4582417a8b52797614216a04;12;yyx990803@gmail.com;yyx990803@gmail.com
apiOptions.spec.ts;MODIFY;1576;0.0;Equal;True;2023-02-02 21:47:40+00:00;False;265;264;7598;53e3533b75adc32f979adde34bde3b581e48084b;15;yyx990803@gmail.com;yyx990803@gmail.com
apiOptions.spec.ts;MODIFY;1588;12.0;Grew;True;2023-03-27 10:28:43+00:00;False;269;268;7652;d77557c4038f88a676903b379505b280a88cc774;4;noreply@github.com;yyx990803@gmail.com
apiOptions.spec.ts;MODIFY;1559;-29.0;Decreased;True;2023-04-21 07:54:03+00:00;False;265;264;7460;526fa3b2ccf038375e76f8af2f1ddf79a7388878;3;yyx990803@gmail.com;yyx990803@gmail.com
apiOptions.spec.ts;MODIFY;1559;0.0;Equal;True;2023-08-11 09:30:04+00:00;False;265;264;7460;623ba514ec0f5adc897db90c0f986b1b6905e014;8;sxzz@sxzz.moe;sxzz@sxzz.moe
apiOptions.spec.ts;MODIFY;1559;0.0;Equal;True;2023-10-26 08:34:14+00:00;False;265;264;7458;f32ec17131ac01bd52712c4ba7d615963d724f37;5;noreply@github.com;yangpanteng@gmail.com
apiOptions.spec.ts;MODIFY;1559;0.0;Equal;True;2023-12-26 11:39:47+00:00;False;265;264;7705;bfe6b459d3a0ce6168611ee1ac7e6e789709df9d;464;noreply@github.com;sxzz@sxzz.moe
apiOptions.spec.ts;MODIFY;1559;0.0;Equal;True;2024-02-25 13:50:35+00:00;False;265;264;7705;c6defc8df12d2ac17d89a4309f893ffdca6a2bdf;1;yyx990803@gmail.com;yyx990803@gmail.com
