file_name;change_type;n_loc;lines_balance;size_change;is_large;date;swapped_classification;complexity;methods;tokens;hash;files_on_commit;committer_email;author_email
computed.spec.ts;RENAME;103;0.0;Equal;False;2019-06-11 15:50:28+00:00;False;23;23;767;471899af8b71a3814475915518163fd29e90814b;31;yyx990803@gmail.com;yyx990803@gmail.com
computed.spec.ts;MODIFY;103;0.0;Equal;False;2019-08-16 13:42:46+00:00;False;23;23;767;caba6d5c9e2ad9607b7755a00452be9ff7a7dc8b;17;yyx990803@gmail.com;yyx990803@gmail.com
computed.spec.ts;MODIFY;103;0.0;Equal;False;2019-08-20 13:58:10+00:00;False;23;23;767;aacad850589a4ae0ab8c6e0abc3ce956ee094aa4;14;yyx990803@gmail.com;yyx990803@gmail.com
computed.spec.ts;MODIFY;131;28.0;Grew;False;2019-08-21 16:01:05+00:00;False;29;29;939;0aff144f93e2d0245b6bbb05af6621d98eb8f7a9;6;yyx990803@gmail.com;yyx990803@gmail.com
computed.spec.ts;MODIFY;131;0.0;Equal;False;2019-10-05 14:39:40+00:00;False;29;29;953;600ec5de421b58ed5673b36c3e62d7e1cfb9f2d9;6;yyx990803@gmail.com;david-181@hotmail.com
computed.spec.ts;MODIFY;148;17.0;Grew;False;2019-10-09 16:20:53+00:00;False;31;31;1015;530be302fc8ea4fc7246246096077660fb3ee6a3;2;yyx990803@gmail.com;d3dx12.xx@gmail.com
computed.spec.ts;MODIFY;148;0.0;Equal;False;2020-01-22 14:29:45+00:00;False;31;31;1015;2569890e31c84146b3fa1e7503e3f5e9ca466c3a;20;yyx990803@gmail.com;yyx990803@gmail.com
computed.spec.ts;MODIFY;166;18.0;Grew;False;2020-07-20 21:35:31+00:00;False;35;35;1144;dabdc5e115514f98b5f8559a3819e96416939f43;2;noreply@github.com;david-181@hotmail.com
computed.spec.ts;MODIFY;164;-2.0;Decreased;False;2020-07-28 02:58:51+00:00;False;35;35;1135;5c74243211495e33319218584993177c9d2e2c80;35;yyx990803@gmail.com;yyx990803@gmail.com
computed.spec.ts;MODIFY;169;5.0;Grew;False;2021-05-28 00:53:21+00:00;False;37;37;1172;03a7a73148a9e210a7889c7a2ecf925338735c70;5;yyx990803@gmail.com;yyx990803@gmail.com
computed.spec.ts;MODIFY;168;-1.0;Decreased;False;2021-07-16 18:30:49+00:00;False;37;37;1172;87f69fd0bb67508337fb95cb98135fd5d6ebca7d;12;yyx990803@gmail.com;yyx990803@gmail.com
computed.spec.ts;MODIFY;325;157.0;Grew;False;2021-07-16 18:30:49+00:00;False;66;64;2117;2dd4739089fdd568008b98b1b074c619dadcb67a;3;yyx990803@gmail.com;yyx990803@gmail.com
computed.spec.ts;MODIFY;213;-112.0;Grew;False;2021-07-16 18:30:49+00:00;False;48;47;1460;bde855e017f31ea4ae5eb5ee10a8549272ea0e77;2;yyx990803@gmail.com;yyx990803@gmail.com
computed.spec.ts;MODIFY;268;55.0;Grew;False;2021-07-16 18:30:49+00:00;False;54;52;1793;1fe22392709710461108218f2cfb6342bd07a445;4;yyx990803@gmail.com;yyx990803@gmail.com
computed.spec.ts;MODIFY;392;124.0;Grew;False;2021-07-16 18:30:49+00:00;False;72;70;2520;5cea9a1d4e846f60515ef76ebab4800228645601;4;yyx990803@gmail.com;yyx990803@gmail.com
computed.spec.ts;MODIFY;408;16.0;Grew;False;2021-07-19 17:37:03+00:00;False;76;74;2614;6eb47f000a1b54b2419c031979502d2793c5189d;2;yyx990803@gmail.com;yyx990803@gmail.com
computed.spec.ts;MODIFY;235;-173.0;Decreased;False;2021-07-20 20:45:29+00:00;False;43;43;1575;33c2fbfdc80c6f17c7e8435b7a152a4d9ed5c6ed;5;yyx990803@gmail.com;yyx990803@gmail.com
computed.spec.ts;MODIFY;247;12.0;Grew;False;2022-04-15 08:43:17+00:00;False;46;46;1656;82bdf8625475e81c44f0d4db4061b882d2fe7612;2;yyx990803@gmail.com;yyx990803@gmail.com
computed.spec.ts;MODIFY;248;1.0;Grew;False;2023-01-26 07:25:55+00:00;False;46;46;1662;8867bb259a993297776f3c5e190bbce1b7d92ce2;83;yyx990803@gmail.com;yyx990803@gmail.com
computed.spec.ts;MODIFY;247;-1.0;Decreased;False;2023-05-18 23:54:12+00:00;False;46;46;1656;b01fc7ea848eea5f0e3a7aee3c0e31a79cd9a58d;70;noreply@github.com;yangpanteng@gmail.com
computed.spec.ts;MODIFY;247;0.0;Decreased;False;2023-07-10 10:00:32+00:00;False;46;46;1664;b4012438553700f96ef6fddb26bcab97998991d7;2;noreply@github.com;2553241022@qq.com
computed.spec.ts;MODIFY;383;136.0;Grew;False;2023-10-27 14:28:40+00:00;False;76;70;2474;16e06ca08f5a1e2af3fc7fb35de153dbe0c3087d;23;sxzz@sxzz.moe;johnsoncodehk@gmail.com
computed.spec.ts;MODIFY;383;0.0;Equal;False;2023-12-26 11:39:47+00:00;False;76;70;2489;bfe6b459d3a0ce6168611ee1ac7e6e789709df9d;464;noreply@github.com;sxzz@sxzz.moe
computed.spec.ts;MODIFY;409;26.0;Grew;False;2024-01-13 07:53:06+00:00;False;82;76;2684;e45a8d24b46c174deb46ed952bdaf54c81ad5a85;5;noreply@github.com;johnsoncodehk@gmail.com
computed.spec.ts;MODIFY;419;10.0;Grew;False;2024-01-15 15:38:57+00:00;False;85;78;2739;20f62afaafd422e42b99dde9c16f9a4ebfb9c5f7;2;noreply@github.com;44631608+Doctor-wu@users.noreply.github.com
computed.spec.ts;MODIFY;464;45.0;Grew;False;2024-01-18 02:46:57+00:00;False;99;89;3080;c2b274a887f61deb7e0185d1bef3b77d31e991cc;3;noreply@github.com;johnsoncodehk@gmail.com
computed.spec.ts;MODIFY;463;-1.0;Decreased;False;2024-01-18 03:23:50+00:00;False;99;89;3078;492a720fd00750d6d4eef6db1cda5d3c911dafe0;1;yyx990803@gmail.com;yyx990803@gmail.com
computed.spec.ts;MODIFY;497;34.0;Grew;False;2024-02-06 10:23:56+00:00;False;106;93;3347;6c7e0bd88f021b0b6365370e97b0c7e243d7d70b;4;noreply@github.com;johnsoncodehk@gmail.com
computed.spec.ts;MODIFY;524;27.0;Grew;False;2024-02-06 10:44:09+00:00;False;110;97;3464;0bced13ee5c53a02d5f10e5db76fe38b6e131440;5;noreply@github.com;johnsoncodehk@gmail.com
computed.spec.ts;MODIFY;531;7.0;Grew;False;2024-02-13 09:38:26+00:00;False;110;97;3518;f7ba97f9754a9882c1f6b1c07ca1a4040479dd13;2;noreply@github.com;44631608+Doctor-wu@users.noreply.github.com
computed.spec.ts;MODIFY;705;174.0;Grew;False;2024-02-25 08:51:49+00:00;False;151;136;4485;05eb4e0fefd585125dd60b7f8fe9c36928d921aa;38;noreply@github.com;yyx990803@gmail.com
computed.spec.ts;MODIFY;551;-154.0;Grew;False;2024-06-04 15:25:37+00:00;False;113;100;3653;3b0a56a9c4d162ec3bd725a4f2dfd776b045e727;2;noreply@github.com;fanpei920@gmail.com
computed.spec.ts;MODIFY;634;83.0;Grew;False;2024-06-14 15:51:19+00:00;False;124;111;4091;8296e19855e369a7826f5ea26540a6da01dc7093;4;noreply@github.com;doctorwu@moego.pet
computed.spec.ts;MODIFY;684;50.0;Grew;False;2024-06-22 08:27:28+00:00;False;135;122;4414;3bd79e3e5ed960fc42cbf77bc61a97d2c03557c0;3;noreply@github.com;doctorwu@moego.pet
computed.spec.ts;MODIFY;634;-50.0;Decreased;False;2024-06-28 01:28:51+00:00;False;124;111;4091;6c303eacd14b7b0de0accc228f6abeb43d706f63;3;evan@vuejs.org;evan@vuejs.org
computed.spec.ts;MODIFY;551;-83.0;Decreased;False;2024-06-28 01:31:14+00:00;False;113;100;3653;e0df985f0317fb65c5b461bf224375c7763f0269;4;evan@vuejs.org;evan@vuejs.org
computed.spec.ts;MODIFY;565;14.0;Grew;False;2024-06-28 01:45:34+00:00;False;116;103;3744;ad22879dd258b6af5a80e4a0cc6f80fafb85463d;1;noreply@github.com;johnsoncodehk@gmail.com
computed.spec.ts;MODIFY;795;230.0;Grew;False;2024-09-05 08:10:37+00:00;False;171;156;5073;98864a7ef5c8080c407166c8221488a4eacbbc81;2;noreply@github.com;79584569+yangxiuxiu1115@users.noreply.github.com
computed.spec.ts;MODIFY;837;42.0;Grew;False;2024-09-05 10:54:30+00:00;False;176;160;5283;716275d1b1d2383d8ef0306fcd94558d4d9170f2;2;noreply@github.com;juerg@scratchdisk.com
computed.spec.ts;MODIFY;837;0.0;Grew;False;2024-09-05 11:04:17+00:00;False;176;160;5292;e84c4a608e9dc96fb2a4a29d538bcc64f26103a2;3;evan@vuejs.org;evan@vuejs.org
computed.spec.ts;MODIFY;837;0.0;Decreased;False;2024-09-06 00:47:12+00:00;False;176;160;5283;35c760f82f749f7c6e3f9bfead8221ce498e892f;3;evan@vuejs.org;evan@vuejs.org
computed.spec.ts;MODIFY;837;0.0;Grew;False;2024-09-10 08:01:20+00:00;False;176;160;5292;e596378e0be728dad7d60938449f3fa557ca2ec9;3;evan@vuejs.org;evan@vuejs.org
computed.spec.ts;MODIFY;843;6.0;Grew;False;2024-09-16 02:28:46+00:00;False;178;162;5329;aa5dafd2b55d42d6a29316a3bc91aea85c676a0b;2;noreply@github.com;jh.leong@outlook.com
computed.spec.ts;MODIFY;858;15.0;Grew;False;2024-09-20 15:39:59+00:00;False;183;166;5440;960706eebf73f08ebc9d5dd853a05def05e2c153;2;evan@vuejs.org;evan@vuejs.org
computed.spec.ts;MODIFY;852;-6.0;Decreased;False;2024-09-22 03:24:10+00:00;False;181;165;5411;d1764a142abada80283ec1134bad193c5622557a;1;evan@vuejs.org;evan@vuejs.org
computed.spec.ts;MODIFY;865;13.0;Grew;False;2024-09-22 03:49:35+00:00;False;186;169;5512;0267a588017eee4951ac2a877fe1ccae84cad905;2;noreply@github.com;juerg@scratchdisk.com
computed.spec.ts;MODIFY;879;14.0;Grew;False;2024-09-26 08:58:38+00:00;False;190;172;5618;6001e5c81a05c894586f9287fbd991677bdd0455;4;evan@vuejs.org;evan@vuejs.org
computed.spec.ts;MODIFY;920;41.0;Grew;True;2024-09-27 03:06:34+00:00;True;200;181;5936;60c2029f777e0db801c66fceee5c367c9d2e34a3;1;evan@vuejs.org;evan@vuejs.org
computed.spec.ts;MODIFY;945;25.0;Grew;True;2024-10-11 02:48:54+00:00;False;208;185;6157;ec917cfdb9d0169cd0835d3a0e28244242657dc9;2;noreply@github.com;65301168+skirtles-code@users.noreply.github.com
