file_name;change_type;n_loc;lines_balance;size_change;is_large;date;swapped_classification;complexity;methods;tokens;hash;files_on_commit;committer_email;author_email
vSlot.spec.ts;ADD;307;0.0;Grew;False;2019-09-28 00:29:20+00:00;False;15;14;1524;ee66ce78b7f29e901ca7d25f0bd0ef889ef7b070;10;yyx990803@gmail.com;yyx990803@gmail.com
vSlot.spec.ts;MODIFY;313;6.0;Grew;False;2019-09-28 02:25:32+00:00;False;16;15;1570;32666c77086d4eee29c436d456e2ec6d925efe72;6;yyx990803@gmail.com;yyx990803@gmail.com
vSlot.spec.ts;MODIFY;39;-274.0;Decreased;False;2019-09-28 04:19:24+00:00;False;4;3;190;6461b3853e8027931782d71b0d9ea5314e8a8770;13;yyx990803@gmail.com;yyx990803@gmail.com
vSlot.spec.ts;MODIFY;425;386.0;Grew;False;2019-09-28 18:05:10+00:00;False;13;13;1949;1c410205de60a34b7a3964c0ecaa6c3e2e11e74d;8;yyx990803@gmail.com;yyx990803@gmail.com
vSlot.spec.ts;MODIFY;423;-2.0;Decreased;False;2019-09-28 20:02:08+00:00;False;13;13;1965;389a07835c716f1009d44b347e3519dd1f0a9f2f;9;yyx990803@gmail.com;yyx990803@gmail.com
vSlot.spec.ts;MODIFY;423;0.0;Equal;False;2019-10-01 01:17:12+00:00;False;13;13;1965;d67418002fbbff358e8761b07607f71e5df06c24;19;yyx990803@gmail.com;yyx990803@gmail.com
vSlot.spec.ts;MODIFY;423;0.0;Equal;False;2019-10-01 20:48:20+00:00;False;13;13;1965;e5bc17967d4770402fa0e8d54c78ae4d89bb8014;9;yyx990803@gmail.com;yyx990803@gmail.com
vSlot.spec.ts;MODIFY;418;-5.0;Decreased;False;2019-10-02 04:19:23+00:00;False;13;13;2005;fe36555d9e843d1b71be796e77e735edf0face0f;5;yyx990803@gmail.com;yyx990803@gmail.com
vSlot.spec.ts;MODIFY;613;195.0;Grew;False;2019-10-03 03:10:41+00:00;False;18;18;2984;fc47029ed3849833a773a9f0d816228f8366a9bb;18;yyx990803@gmail.com;yyx990803@gmail.com
vSlot.spec.ts;MODIFY;626;13.0;Grew;False;2019-10-03 18:08:14+00:00;False;18;18;3039;306c22efe1dbc3e98a8fe31277bc5025715b37e1;4;yyx990803@gmail.com;yyx990803@gmail.com
vSlot.spec.ts;MODIFY;648;22.0;Grew;False;2019-10-03 20:27:46+00:00;False;22;19;3182;c2fc7e334711de5a2cdf71aaaacd131f5af2e5d1;6;yyx990803@gmail.com;yyx990803@gmail.com
vSlot.spec.ts;MODIFY;649;1.0;Grew;False;2019-10-04 03:30:25+00:00;False;20;19;3187;095f5edf8dad8a44adaba6d1d1556168e8eec108;11;yyx990803@gmail.com;yyx990803@gmail.com
vSlot.spec.ts;MODIFY;649;0.0;Equal;False;2019-10-06 02:48:13+00:00;False;20;19;3175;bfecf2cdce10ac36682e28ad9a81553ac81fa6da;26;yyx990803@gmail.com;yyx990803@gmail.com
vSlot.spec.ts;MODIFY;648;-1.0;Decreased;False;2019-10-07 21:12:22+00:00;False;20;19;3173;57a5c61320b6b6584a535122c3946a5f7a1ee068;9;yyx990803@gmail.com;yyx990803@gmail.com
vSlot.spec.ts;MODIFY;648;0.0;Equal;False;2019-10-09 14:27:24+00:00;False;20;19;3173;19c65a61ea5459ce02997b01fd1139bc156e2327;10;yyx990803@gmail.com;hi@znck.me
vSlot.spec.ts;MODIFY;696;48.0;Grew;False;2019-10-16 19:35:04+00:00;False;26;21;3484;d69db0b2fd8388cceb87b207292e28753395d323;4;yyx990803@gmail.com;yyx990803@gmail.com
vSlot.spec.ts;MODIFY;696;0.0;Equal;False;2019-10-23 21:57:40+00:00;False;26;21;3487;af5a8e11544ce836d1aa07457a51b59a29101ac4;21;yyx990803@gmail.com;yyx990803@gmail.com
vSlot.spec.ts;MODIFY;700;4.0;Grew;False;2019-10-24 20:22:48+00:00;False;26;21;3500;9298f46f929fff18cf5e2d93b523fd27782225ba;10;yyx990803@gmail.com;yyx990803@gmail.com
vSlot.spec.ts;MODIFY;700;0.0;Equal;False;2019-12-23 00:44:21+00:00;False;26;21;3502;90ddb7c26001ecfdd5cb8cd70d55708cd0aa391b;33;yyx990803@gmail.com;yyx990803@gmail.com
vSlot.spec.ts;MODIFY;736;36.0;Grew;False;2020-01-06 20:31:21+00:00;False;27;22;3637;2ac4b723e010082488b5be64af73e41c9677a28d;4;yyx990803@gmail.com;yyx990803@gmail.com
vSlot.spec.ts;MODIFY;736;0.0;Equal;False;2020-02-11 23:40:42+00:00;False;27;22;3615;e861c6da9031bf53522d84d472482088a8a048cc;37;yyx990803@gmail.com;yyx990803@gmail.com
vSlot.spec.ts;MODIFY;736;0.0;Equal;False;2020-02-12 18:45:35+00:00;False;27;22;3619;1389d7b88c654e9a4a667bb6619d2e6e34603c58;11;yyx990803@gmail.com;yyx990803@gmail.com
vSlot.spec.ts;MODIFY;778;42.0;Grew;False;2020-04-02 00:44:53+00:00;False;28;23;3821;a022b63605820c97923413ee457ba1fb69a5221e;4;yyx990803@gmail.com;yyx990803@gmail.com
vSlot.spec.ts;MODIFY;787;9.0;Grew;False;2020-07-13 16:36:41+00:00;False;28;23;3837;65beba98fe5793133d3218945218b9e3f8d136eb;7;yyx990803@gmail.com;yyx990803@gmail.com
vSlot.spec.ts;MODIFY;803;16.0;Grew;False;2020-07-16 00:12:49+00:00;False;29;24;3931;aab99abd28a5d17f2d1966678b0d334975d21877;7;yyx990803@gmail.com;yyx990803@gmail.com
vSlot.spec.ts;MODIFY;818;15.0;Grew;False;2020-11-30 20:19:32+00:00;False;31;24;4003;9db70959621c7df44807324a3b1a41caa2b261eb;2;yyx990803@gmail.com;yyx990803@gmail.com
vSlot.spec.ts;MODIFY;806;-12.0;Grew;False;2020-11-30 20:19:32+00:00;False;29;24;3931;e41b46c396f61f42dcf9abd68f0c5ede793f3400;11;yyx990803@gmail.com;yyx990803@gmail.com
vSlot.spec.ts;MODIFY;831;25.0;Grew;False;2021-03-22 20:34:46+00:00;False;36;27;4109;602b58ebd1923dd48669755d5f5b67c5478cc625;2;noreply@github.com;HcySunYang@outlook.com
vSlot.spec.ts;MODIFY;885;54.0;Grew;False;2021-05-13 22:24:43+00:00;False;41;32;4430;47da92146c9fb3fa6b1e250e064ca49b74d815e4;3;noreply@github.com;HcySunYang@outlook.com
vSlot.spec.ts;MODIFY;891;6.0;Grew;False;2021-07-15 15:37:11+00:00;False;42;33;4464;c23153d82eb2aa57d254dd362a78383defec3968;2;noreply@github.com;daiwei521@126.com
vSlot.spec.ts;MODIFY;897;6.0;Grew;False;2021-08-07 02:37:55+00:00;False;43;34;4511;abb3a81e871e271db8dd882f9323551e753cc00f;2;noreply@github.com;40156382+Bigfish8@users.noreply.github.com
vSlot.spec.ts;MODIFY;895;-2.0;Decreased;False;2021-10-08 16:00:05+00:00;False;43;34;4511;c9613ebe0972f7fe7a9c6820d8258d75d83c463d;3;noreply@github.com;2356281422@qq.com
vSlot.spec.ts;MODIFY;900;5.0;Grew;False;2022-08-30 07:55:09+00:00;False;43;34;4541;00036bb52c4e641b2be7fa55c39ced9448163b0f;8;yyx990803@gmail.com;yyx990803@gmail.com
vSlot.spec.ts;MODIFY;948;48.0;Grew;True;2022-11-09 02:58:22+00:00;True;44;35;4775;5bfe438ef391522bddbe43cd2669061c6a88b03a;2;noreply@github.com;32354856+baiwusanyu-c@users.noreply.github.com
vSlot.spec.ts;MODIFY;949;1.0;Grew;True;2023-01-26 07:25:55+00:00;False;44;35;4781;8867bb259a993297776f3c5e190bbce1b7d92ce2;83;yyx990803@gmail.com;yyx990803@gmail.com
vSlot.spec.ts;MODIFY;948;-1.0;Decreased;True;2023-05-18 23:54:12+00:00;False;44;35;4775;b01fc7ea848eea5f0e3a7aee3c0e31a79cd9a58d;70;noreply@github.com;yangpanteng@gmail.com
vSlot.spec.ts;MODIFY;944;-4.0;Decreased;True;2023-11-25 08:18:29+00:00;False;44;35;4753;c4e50e46bbf11576351fa48d167fb8e6acc8191c;11;yyx990803@gmail.com;yyx990803@gmail.com
vSlot.spec.ts;MODIFY;944;0.0;Equal;True;2023-12-26 11:39:47+00:00;False;44;35;4981;bfe6b459d3a0ce6168611ee1ac7e6e789709df9d;464;noreply@github.com;sxzz@sxzz.moe
vSlot.spec.ts;MODIFY;945;1.0;Grew;True;2024-06-22 09:08:39+00:00;False;44;35;5003;e102670bde00417c3a5b0262c855b297c0e4169e;2;noreply@github.com;kermanx@qq.com
vSlot.spec.ts;MODIFY;943;-2.0;Decreased;True;2024-07-13 11:40:04+00:00;False;44;35;4983;aef807746a178b3ce187bb30b60ff965f01569df;18;evan@vuejs.org;evan@vuejs.org
