file_name;change_type;n_loc;lines_balance;size_change;is_large;date;swapped_classification;complexity;methods;tokens;hash;files_on_commit;committer_email;author_email
AttachmentTableTest_deduping.kt;MODIFY;562;0.0;Equal;True;2024-03-19 18:47:58+00:00;True;28;28;3726;1d29b0166d11f112d438d5641f4db2a1adf3e533;7;cody@signal.org;greyson@signal.org
AttachmentTableTest_deduping.kt;ADD;440;-122.0;Decreased;False;2024-03-19 18:47:58+00:00;True;24;24;3015;6df1a682139f2bbfa711d78d24991cb8a89f075e;16;cody@signal.org;greyson@signal.org
AttachmentTableTest_deduping.kt;MODIFY;591;151.0;Grew;True;2024-03-19 18:47:58+00:00;True;29;29;3876;011f1d592e4b306ddd9a141d853d4ad306b5fa8a;2;cody@signal.org;greyson@signal.org
AttachmentTableTest_deduping.kt;MODIFY;592;1.0;Grew;True;2024-03-19 18:49:56+00:00;False;29;29;3884;d7ee9639fd154ecee70ebb88f37e489a1b7f2a85;2;cody@signal.org;greyson@signal.org
AttachmentTableTest_deduping.kt;MODIFY;593;1.0;Grew;True;2024-04-18 20:24:13+00:00;False;29;29;3902;689eacd61893b2cdff68c5ef106898e45a59767e;71;greyson@signal.org;clark@signal.org
AttachmentTableTest_deduping.kt;MODIFY;622;29.0;Grew;True;2024-06-05 19:46:00+00:00;False;30;30;4146;5ad38c7960fd14293d1275109f4d5cd7a5f65e92;2;cody@signal.org;greyson@signal.org
AttachmentTableTest_deduping.kt;MODIFY;623;1.0;Grew;True;2024-06-24 19:04:02+00:00;False;30;30;4150;a2fc7102610644425dd48c3ae733437c3870d549;35;greyson@signal.org;cody@signal.org
AttachmentTableTest_deduping.kt;MODIFY;623;0.0;Equal;True;2024-06-24 19:04:03+00:00;False;30;30;4144;863b44331703d04b17aed9858b6cb3bcf2a9de31;382;greyson@signal.org;greyson@signal.org
AttachmentTableTest_deduping.kt;MODIFY;603;-20.0;Decreased;True;2024-09-11 19:14:04+00:00;False;32;30;4116;7eac9ce1f400be3b76d3c77778c755759b4b215b;4;cody@signal.org;greyson@signal.org
AttachmentTableTest_deduping.kt;MODIFY;609;6.0;Grew;True;2024-09-11 19:14:04+00:00;False;32;30;4159;4b47d38d78425e2f5b7075302db6d012faa3e707;26;cody@signal.org;greyson@signal.org
AttachmentTableTest_deduping.kt;MODIFY;611;2.0;Grew;True;2024-09-24 16:41:27+00:00;False;32;30;4164;ff4364586b146aadb66e59b0111b375fb4aee637;6;noreply@github.com;greyson@signal.org
AttachmentTableTest_deduping.kt;MODIFY;684;73.0;Grew;True;2024-09-26 04:00:18+00:00;False;36;33;4580;bf338a68357d062226146ee981bf2f0d04b9f825;2;greyson@signal.org;greyson@signal.org
AttachmentTableTest_deduping.kt;MODIFY;685;1.0;Grew;True;2024-11-06 20:44:37+00:00;False;36;33;4588;39e91ffb6e8e3f2e9901cc3abbecdddf03be7e2b;5;greyson@signal.org;mtang@signal.org
