file_name;change_type;n_loc;lines_balance;size_change;is_large;date;swapped_classification;complexity;methods;tokens;hash;files_on_commit;committer_email;author_email
GroupsV2StateProcessorTest.kt;ADD;335;0.0;Equal;False;2022-02-09 19:52:01+00:00;False;3;3;2278;bb1e6ffae069e96b903499da47eaf707086a89d0;9;noreply@github.com;cody@signal.org
GroupsV2StateProcessorTest.kt;MODIFY;395;60.0;Grew;False;2022-02-16 19:01:42+00:00;False;3;3;2691;e01574c6b46ffdeff521b4e3a42589011c279b12;3;noreply@github.com;cody@signal.org
GroupsV2StateProcessorTest.kt;MODIFY;402;7.0;Grew;False;2022-02-17 22:09:26+00:00;False;5;5;2742;6f788ee3df04d61dec8be3d036cf7c6148ff2d74;6;greyson@signal.org;cody@signal.org
GroupsV2StateProcessorTest.kt;MODIFY;403;1.0;Grew;False;2022-03-08 14:41:36+00:00;False;5;5;2754;935dd7de45f7b496f184a5015073088c86c31c08;50;alex@signal.org;greyson@signal.org
GroupsV2StateProcessorTest.kt;MODIFY;403;0.0;Equal;False;2022-03-17 16:12:56+00:00;False;5;5;2762;9d1f46da9fcb7555d0c63b03166dddb6a65de389;25;cody@signal.org;cody@signal.org
GroupsV2StateProcessorTest.kt;MODIFY;403;0.0;Equal;False;2022-03-28 23:07:20+00:00;False;5;5;2766;1e316ea19f1d2a80e514face9a32df9f982facd4;284;greyson@signal.org;jrose@signal.org
GroupsV2StateProcessorTest.kt;MODIFY;403;0.0;Equal;False;2022-03-28 23:07:20+00:00;False;5;5;2766;8d4419705bbb3ab6b2bec5c85a9e3de806723dd6;285;greyson@signal.org;greyson@signal.org
GroupsV2StateProcessorTest.kt;MODIFY;403;0.0;Equal;False;2022-03-28 23:07:20+00:00;False;5;5;2762;2b5d65ae04e6e31822025a188352c37e5b4fc010;284;greyson@signal.org;greyson@signal.org
GroupsV2StateProcessorTest.kt;MODIFY;403;0.0;Equal;False;2022-03-28 23:07:20+00:00;False;5;5;2762;135fde68c169746985bf4fc81a58dccccc2abed5;114;greyson@signal.org;greyson@signal.org
GroupsV2StateProcessorTest.kt;MODIFY;407;4.0;Grew;False;2022-04-26 16:16:58+00:00;False;5;5;2797;657a9c7b0a24bc06fd2f936e94597f987d8385ef;41;cody@signal.org;cody@signal.org
GroupsV2StateProcessorTest.kt;MODIFY;410;3.0;Grew;False;2022-07-21 17:18:19+00:00;False;5;5;2842;c4bef8099f23481162f9039867325fc62dd6a8b6;71;cody@signal.org;cody@signal.org
GroupsV2StateProcessorTest.kt;MODIFY;512;102.0;Grew;True;2022-10-05 22:15:10+00:00;True;8;8;3516;26709177d2d534409f0ed34001db0b0793b0e61a;13;greyson@signal.org;cody@signal.org
GroupsV2StateProcessorTest.kt;MODIFY;512;0.0;Equal;True;2022-11-30 22:10:36+00:00;False;8;8;3516;7949996c5cd437199e8c43840fc23c7c1554fada;382;cody@signal.org;greyson@signal.org
GroupsV2StateProcessorTest.kt;MODIFY;506;-6.0;Decreased;True;2023-01-02 04:05:02+00:00;False;11;11;3391;92b9fda6c7a6d2aa768ab9589980958bc0d949f0;55;greyson@signal.org;greyson@signal.org
GroupsV2StateProcessorTest.kt;MODIFY;506;0.0;Equal;True;2023-05-17 19:29:31+00:00;False;11;11;3397;e9f1f781e1b5cb6dc708f508c6e4a557948a3cce;14;greyson@signal.org;clark@signal.org
GroupsV2StateProcessorTest.kt;MODIFY;505;-1.0;Decreased;True;2023-08-01 19:51:31+00:00;False;11;11;3389;82906aee58843f8cb3a1804b2c0875bd5a522153;146;greyson@signal.org;greyson@signal.org
GroupsV2StateProcessorTest.kt;MODIFY;505;0.0;Equal;True;2023-08-10 18:05:18+00:00;False;11;11;3389;c5d9346370d0832b59031b9dae04e01238ce3ab3;50;alex@signal.org;greyson@signal.org
GroupsV2StateProcessorTest.kt;MODIFY;496;-9.0;Decreased;True;2023-09-21 16:59:52+00:00;False;11;11;3310;efbd5cab85c589057602c402d53407b6abde3217;267;alex@signal.org;cody@signal.org
GroupsV2StateProcessorTest.kt;MODIFY;496;0.0;Equal;True;2024-02-09 23:41:26+00:00;False;11;11;3326;aa76cefb1c5c6eaaeadcae362de072ad4f602177;66;clark@signal.org;cody@signal.org
GroupsV2StateProcessorTest.kt;MODIFY;743;247.0;Grew;True;2024-06-05 19:46:00+00:00;False;24;19;4752;6362da7a5098bc0db41e252ec752ba9a3763b861;39;cody@signal.org;cody@signal.org
GroupsV2StateProcessorTest.kt;MODIFY;743;0.0;Equal;True;2024-06-05 19:46:00+00:00;False;24;19;4746;b6a4e1f145f984a25aa469a27ad5d2ded623f7c0;560;cody@signal.org;greyson@signal.org
GroupsV2StateProcessorTest.kt;MODIFY;750;7.0;Grew;True;2024-07-09 17:40:41+00:00;False;24;19;4869;f5abd7acdfd7f36f41405e76fc5da6972795dc91;86;cody@signal.org;cody@signal.org
GroupsV2StateProcessorTest.kt;MODIFY;752;2.0;Grew;True;2024-07-16 19:45:22+00:00;False;24;19;4917;0e1df94b54a1987973a9a0876946d5eb218af541;3;noreply@github.com;cody@signal.org
GroupsV2StateProcessorTest.kt;MODIFY;761;9.0;Grew;True;2024-07-26 21:43:53+00:00;False;24;19;4994;4fb335de28cdbddfdc90ee3d559ca2016b88e451;2;nicholas@signal.org;cody@signal.org
GroupsV2StateProcessorTest.kt;MODIFY;761;0.0;Equal;True;2024-08-22 20:04:59+00:00;False;23;18;5014;71b5a9f865198dd65f62e464c5db01c7df5fd9ed;22;mtang@signal.org;cody@signal.org
GroupsV2StateProcessorTest.kt;MODIFY;761;0.0;Equal;True;2024-11-21 15:36:09+00:00;False;23;18;5012;ae370019495b1dfa053e0e55ef420b68769c6acb;25;greyson@signal.org;greyson@signal.org
GroupsV2StateProcessorTest.kt;MODIFY;760;-1.0;Decreased;True;2024-11-22 18:35:01+00:00;False;24;19;4995;7d24bff134dad03ad985e2cfd8c55ec93580f8fc;16;greyson@signal.org;cody@signal.org
