file_name;change_type;n_loc;lines_balance;size_change;is_large;date;swapped_classification;complexity;methods;tokens;hash;files_on_commit;committer_email;author_email
InternalBackupPlaygroundViewModel.kt;ADD;48;0.0;Equal;False;2023-12-04 21:18:56+00:00;False;1;1;366;b540b5813ea8c758961c84f0259967250f73a3c5;47;cody@signal.org;greyson@signal.org
InternalBackupPlaygroundViewModel.kt;MODIFY;73;25.0;Grew;False;2023-12-04 21:18:56+00:00;False;4;4;668;befa396e82709913bc7b28bb0b58030171daefa6;42;cody@signal.org;greyson@signal.org
InternalBackupPlaygroundViewModel.kt;MODIFY;79;6.0;Grew;False;2023-12-19 16:12:56+00:00;False;5;5;699;6230a7553dc273b6217a02d7bc551fc28efe8569;20;cody@signal.org;greyson@signal.org
InternalBackupPlaygroundViewModel.kt;MODIFY;114;35.0;Grew;False;2024-01-03 20:12:45+00:00;False;11;9;994;f4bcfca323168950f074b53c986113be9a2ec832;5;clark@signal.org;greyson@signal.org
InternalBackupPlaygroundViewModel.kt;MODIFY;114;0.0;Equal;False;2024-01-23 16:52:04+00:00;False;11;9;994;2194fbd535e9071b7cfad996c61f7d4c4614b684;6;greyson@signal.org;greyson@signal.org
InternalBackupPlaygroundViewModel.kt;MODIFY;125;11.0;Grew;False;2024-03-07 00:42:00+00:00;False;12;10;1116;0f6ff3c10103ea65c36be107bda15a7fb58c364e;18;alex@signal.org;clark@signal.org
InternalBackupPlaygroundViewModel.kt;MODIFY;281;156.0;Grew;False;2024-03-07 00:42:01+00:00;False;45;37;2320;218964cbda66c7decd98637aec02a80b581543fc;18;alex@signal.org;cody@signal.org
InternalBackupPlaygroundViewModel.kt;MODIFY;373;92.0;Grew;False;2024-04-18 20:24:13+00:00;False;58;47;2847;689eacd61893b2cdff68c5ef106898e45a59767e;71;greyson@signal.org;clark@signal.org
InternalBackupPlaygroundViewModel.kt;MODIFY;375;2.0;Grew;False;2024-04-18 20:24:13+00:00;False;58;47;2864;d8bbfe26783f98d5669fbee4cbddb282df0a01b1;10;greyson@signal.org;clark@signal.org
InternalBackupPlaygroundViewModel.kt;MODIFY;382;7.0;Grew;False;2024-05-17 13:33:22+00:00;False;58;47;2864;cfb4377de3f9d6d0897e21199ca5d76a967ece6b;39;clark@signal.org;nicholas@signal.org
InternalBackupPlaygroundViewModel.kt;MODIFY;382;0.0;Equal;False;2024-06-05 19:46:00+00:00;False;58;47;2856;b6a4e1f145f984a25aa469a27ad5d2ded623f7c0;560;cody@signal.org;greyson@signal.org
InternalBackupPlaygroundViewModel.kt;MODIFY;385;3.0;Grew;False;2024-06-24 19:04:01+00:00;False;58;47;2861;6adddf4a0ca7666ebc42342c902c9e10418d9ce8;7;greyson@signal.org;clark@signal.org
InternalBackupPlaygroundViewModel.kt;MODIFY;385;0.0;Equal;False;2024-06-24 19:04:03+00:00;False;58;47;2857;863b44331703d04b17aed9858b6cb3bcf2a9de31;382;greyson@signal.org;greyson@signal.org
InternalBackupPlaygroundViewModel.kt;MODIFY;385;0.0;Equal;False;2024-07-26 21:43:53+00:00;False;58;47;2857;7b0badef1933e1f7562fd32a8603f3f4974c19c1;30;nicholas@signal.org;greyson@signal.org
InternalBackupPlaygroundViewModel.kt;MODIFY;408;23.0;Grew;False;2024-08-22 19:58:33+00:00;False;61;49;3114;8eb0b2f9601318883ed432dcbaa8ae1d782fe77d;31;mtang@signal.org;cody@signal.org
InternalBackupPlaygroundViewModel.kt;MODIFY;423;15.0;Grew;False;2024-09-11 19:14:04+00:00;False;61;49;3204;a8bf03af893007b212b5907fc320ae4f61955e32;41;cody@signal.org;cody@signal.org
InternalBackupPlaygroundViewModel.kt;MODIFY;408;-15.0;Decreased;False;2024-09-11 19:14:04+00:00;False;61;49;3121;00d20a19178e3489934284b2e9d50b8ec96b2806;18;cody@signal.org;greyson@signal.org
InternalBackupPlaygroundViewModel.kt;MODIFY;433;25.0;Grew;False;2024-09-13 14:51:30+00:00;False;62;49;3252;816006c67e1cfaf7d6b910974f1316a54c7600b1;25;cody@signal.org;cody@signal.org
InternalBackupPlaygroundViewModel.kt;MODIFY;433;0.0;Equal;False;2024-09-13 14:51:30+00:00;False;62;49;3256;e80ebd87fe0faa53a137042dd747f25ec382c564;23;cody@signal.org;greyson@signal.org
InternalBackupPlaygroundViewModel.kt;MODIFY;433;0.0;Equal;False;2024-09-20 14:52:18+00:00;False;62;49;3256;1ac19e84c2d2683416bb17798948c5b51dde11d5;13;greyson@signal.org;greyson@signal.org
InternalBackupPlaygroundViewModel.kt;MODIFY;433;0.0;Equal;False;2024-09-20 20:47:18+00:00;False;62;49;3258;a10958ee13d72c22c4b184940a726ed7e4c889d3;16;noreply@github.com;cody@signal.org
InternalBackupPlaygroundViewModel.kt;MODIFY;441;8.0;Grew;False;2024-10-03 15:20:22+00:00;False;63;50;3304;754dc63f7008704f1b45f3b8ae06b68561710e35;2;greyson@signal.org;greyson@signal.org
InternalBackupPlaygroundViewModel.kt;MODIFY;448;7.0;Grew;False;2024-10-10 19:56:23+00:00;False;64;51;3361;229a78305fb0e45cf143673c969acbfa6f091b65;7;greyson@signal.org;greyson@signal.org
InternalBackupPlaygroundViewModel.kt;MODIFY;455;7.0;Grew;False;2024-10-10 19:56:24+00:00;False;65;52;3411;dcb50152902108f41426dfa90d8b318b6ba87fe5;8;greyson@signal.org;greyson@signal.org
InternalBackupPlaygroundViewModel.kt;MODIFY;453;-2.0;Decreased;False;2024-10-10 19:56:24+00:00;False;65;52;3394;497cec4c1797fa5a69451a9a742a468d11969eb0;5;greyson@signal.org;greyson@signal.org
InternalBackupPlaygroundViewModel.kt;MODIFY;499;46.0;Grew;True;2024-10-16 19:07:18+00:00;True;67;53;3729;e5c122d9729fe9fe80414f3f867e063d7bd882ce;2;greyson@signal.org;greyson@signal.org
InternalBackupPlaygroundViewModel.kt;MODIFY;500;1.0;Grew;True;2024-10-16 19:07:19+00:00;False;67;53;3737;a90df1e262b596bb30923fea6016274988185eff;27;greyson@signal.org;greyson@signal.org
InternalBackupPlaygroundViewModel.kt;MODIFY;501;1.0;Grew;True;2024-11-01 20:07:25+00:00;False;67;53;3735;26b9cea88ef456d765c9b952f7f0fa76b57d6e4a;36;greyson@signal.org;greyson@signal.org
InternalBackupPlaygroundViewModel.kt;MODIFY;506;5.0;Grew;True;2024-11-06 20:44:37+00:00;False;67;53;3787;743e2aaa82e31593463ed87d8f8424fd520fc462;7;greyson@signal.org;cody@signal.org
InternalBackupPlaygroundViewModel.kt;MODIFY;503;-3.0;Decreased;True;2024-11-06 20:44:37+00:00;False;67;53;3757;50af0b08383bf1d4c8915a1cf07e8e792d90fc11;20;greyson@signal.org;greyson@signal.org
InternalBackupPlaygroundViewModel.kt;MODIFY;502;-1.0;Decreased;True;2024-11-06 20:44:37+00:00;False;67;53;3749;f848a783659f369c64177e87cc6822412082f861;11;greyson@signal.org;cody@signal.org
InternalBackupPlaygroundViewModel.kt;MODIFY;506;4.0;Grew;True;2024-12-09 13:58:14+00:00;False;67;53;3787;9389f373c66a5101421c399082e33e2861febeb5;5;greyson@signal.org;alex@signal.org
InternalBackupPlaygroundViewModel.kt;MODIFY;500;-6.0;Decreased;True;2024-12-12 17:16:09+00:00;False;64;52;3609;3ea9dd5e1d1652393939e87ad541d9c5455c418a;4;greyson@signal.org;greyson@signal.org
