file_name;change_type;n_loc;lines_balance;size_change;is_large;date;swapped_classification;complexity;methods;tokens;hash;files_on_commit;committer_email;author_email
MediaReviewFragment.kt;ADD;351;0.0;Grew;False;2021-09-03 01:24:54+00:00;False;49;24;2236;664d6475d950612d754bd5767ec53ede86f63dc5;195;greyson@signal.org;alex@signal.org
MediaReviewFragment.kt;MODIFY;363;12.0;Grew;False;2021-09-08 02:58:17+00:00;False;52;25;2298;1514f91687fdd71e37097109806c946bf46ebe19;18;greyson@signal.org;alex@signal.org
MediaReviewFragment.kt;MODIFY;365;2.0;Grew;False;2021-09-08 03:13:19+00:00;False;52;25;2317;a805f9b6b423a4f96e9eb784ca7e58e9ecca2a97;8;greyson@signal.org;alex@signal.org
MediaReviewFragment.kt;MODIFY;383;18.0;Grew;False;2021-09-08 03:13:19+00:00;False;52;25;2462;ddad9acef10d1a35576896eb4173c1d610337cee;7;greyson@signal.org;greyson@signal.org
MediaReviewFragment.kt;MODIFY;381;-2.0;Grew;False;2021-09-08 03:13:19+00:00;False;52;25;2442;82e9c620e8e6f3a079f1a2dbf24e423e9c475c06;2;greyson@signal.org;alex@signal.org
MediaReviewFragment.kt;MODIFY;383;2.0;Equal;False;2021-09-10 16:24:26+00:00;False;53;25;2483;6880dfeb62a250646f402eb606aba1a36b4e91b3;1;greyson@signal.org;greyson@signal.org
MediaReviewFragment.kt;MODIFY;383;0.0;Equal;False;2021-09-29 17:17:57+00:00;False;53;25;2490;4b3580d98af24b528aec76598b22fc11244fe778;3;cody@signal.org;alex@signal.org
MediaReviewFragment.kt;MODIFY;399;16.0;Grew;False;2021-10-11 20:17:11+00:00;False;55;27;2663;6cbc2f684d24c85b0fb25f82650dab1a8e75b974;5;greyson@signal.org;greyson@signal.org
MediaReviewFragment.kt;MODIFY;399;0.0;Equal;False;2021-12-20 18:31:18+00:00;False;55;27;2667;dbce4be31d5725063bd24f6fa379d7aaeb51a79e;125;greyson@signal.org;cody@signal.org
MediaReviewFragment.kt;MODIFY;398;-1.0;Decreased;False;2021-12-20 18:31:18+00:00;False;55;27;2659;e0e25da6a924b93381b1dc0efcd616888599d06d;3;greyson@signal.org;cody@signal.org
MediaReviewFragment.kt;MODIFY;400;2.0;Grew;False;2022-01-07 18:41:41+00:00;False;55;27;2671;bbadda56560658ec18c386da0cc7acd0f80e0a00;4;alex@signal.org;cody@signal.org
MediaReviewFragment.kt;MODIFY;400;0.0;Equal;False;2022-02-11 15:08:59+00:00;False;55;27;2670;b56207d9773880580c23c5ee39b68a7ee2cea6da;16;noreply@github.com;alex@signal.org
MediaReviewFragment.kt;MODIFY;402;2.0;Grew;False;2022-03-08 14:41:36+00:00;False;59;28;2707;174cd860a04d0c7706af67ba76bae084432732cb;416;alex@signal.org;alex@signal.org
MediaReviewFragment.kt;MODIFY;407;5.0;Grew;False;2022-03-08 14:41:37+00:00;False;62;27;2733;4b23e60dd6c59f5fd954480ce37c6466e1bf45d1;4;alex@signal.org;alex@signal.org
MediaReviewFragment.kt;MODIFY;407;0.0;Equal;False;2022-03-18 15:03:38+00:00;False;62;27;2735;e10c40d2b80566b409c57b1936dc660ab8d58777;1;cody@signal.org;alex@signal.org
MediaReviewFragment.kt;MODIFY;407;0.0;Equal;False;2022-04-06 16:36:32+00:00;False;63;27;2740;ae28df901fff18bcbcf21be00f564f627d937068;4;cody@signal.org;alex@signal.org
MediaReviewFragment.kt;MODIFY;420;13.0;Grew;False;2022-04-06 16:37:43+00:00;False;65;28;2840;d865b5d7b5433d78e1116cec70aa3c5aebd258ae;1;cody@signal.org;alex@signal.org
MediaReviewFragment.kt;MODIFY;420;0.0;Equal;False;2022-04-15 20:07:14+00:00;False;65;28;2840;03e8fe9f279d38eb4c9dadbb4b99ebe4df5eed92;10;greyson@signal.org;alex@signal.org
MediaReviewFragment.kt;MODIFY;419;-1.0;Decreased;False;2022-04-15 20:07:14+00:00;False;65;28;2830;523537cf05bf1d70f6c8595dd7a1ddcd4dafca3c;62;greyson@signal.org;alex@signal.org
MediaReviewFragment.kt;MODIFY;419;0.0;Equal;False;2022-05-02 19:25:55+00:00;False;65;28;2830;a4a4665aaa1a9c4ab1eb566cd249709a112aec69;164;greyson@signal.org;alex@signal.org
MediaReviewFragment.kt;MODIFY;419;0.0;Equal;False;2022-06-03 22:07:29+00:00;False;65;28;2826;4da422fd3c06b5c66909b144e6c864284848ccf9;29;noreply@github.com;greyson@signal.org
MediaReviewFragment.kt;MODIFY;419;0.0;Equal;False;2022-07-21 17:18:19+00:00;False;66;28;2831;b18542a839dab54b68fbf38c354fa4208c70ad57;20;cody@signal.org;alex@signal.org
MediaReviewFragment.kt;MODIFY;419;0.0;Equal;False;2022-07-21 17:18:20+00:00;False;66;28;2831;359a39ddaf9347ac6eb219ce758567646c269930;56;cody@signal.org;alex@signal.org
MediaReviewFragment.kt;MODIFY;419;0.0;Equal;False;2022-07-26 13:33:44+00:00;False;66;28;2831;c77718f4c70ad995c75c241cf20b608458406923;6;cody@signal.org;alex@signal.org
MediaReviewFragment.kt;MODIFY;422;3.0;Grew;False;2022-07-26 13:33:45+00:00;False;67;28;2809;b20658c829a820eb707e068099822ce78ae1f6aa;11;cody@signal.org;alex@signal.org
MediaReviewFragment.kt;MODIFY;422;0.0;Equal;False;2022-07-27 17:12:58+00:00;False;67;28;2809;8cb4034c808aef2d2dcfb11f621f3a727d61cea3;6;cody@signal.org;alex@signal.org
MediaReviewFragment.kt;MODIFY;436;14.0;Grew;False;2022-07-27 17:26:28+00:00;False;71;29;2922;87cb2d6bf8b0905dd94566a63ede22e58328dd2d;18;cody@signal.org;alex@signal.org
MediaReviewFragment.kt;MODIFY;430;-6.0;Decreased;False;2022-08-02 18:36:29+00:00;False;70;28;2905;2674fd2df4b67878a9952a9689b2e1642803560c;5;greyson@signal.org;alex@signal.org
MediaReviewFragment.kt;MODIFY;441;11.0;Grew;False;2022-08-03 21:17:35+00:00;False;73;28;3033;5f7b07147f0d36d097233c7ae4ffd4821da8c189;1;greyson@signal.org;alex@signal.org
MediaReviewFragment.kt;MODIFY;448;7.0;Grew;False;2022-09-13 17:07:42+00:00;False;73;28;3065;24b75931788ea838086f82dd3b2a82abc90eaeed;20;greyson@signal.org;alex@signal.org
MediaReviewFragment.kt;MODIFY;452;4.0;Grew;False;2022-09-14 19:30:43+00:00;False;73;28;3092;26bebb98110e56152688b9eaaac3cc87fde52f20;86;greyson@signal.org;alex@signal.org
MediaReviewFragment.kt;MODIFY;447;-5.0;Decreased;False;2022-09-29 14:17:07+00:00;False;73;28;3078;0d8ff0ead09c7a1ce77b10e60f21a0e7462fb56a;4;noreply@github.com;alex@signal.org
MediaReviewFragment.kt;MODIFY;471;24.0;Grew;False;2022-10-06 16:45:17+00:00;False;76;29;3217;9ad55e2360511433f79455bd1c5c50ed653dceb2;2;alex@signal.org;alex@signal.org
MediaReviewFragment.kt;MODIFY;473;2.0;Grew;False;2022-10-07 22:45:11+00:00;False;76;29;3239;9aa7543f2f51d7152401807558ad20bbc1d06524;5;greyson@signal.org;alex@signal.org
MediaReviewFragment.kt;MODIFY;480;7.0;Grew;False;2022-11-30 22:10:36+00:00;False;78;31;3334;7b13550086d55d67d5ca1c7151ddbd863a9ce2d0;19;cody@signal.org;alex@signal.org
MediaReviewFragment.kt;MODIFY;480;0.0;Equal;False;2022-12-16 20:22:04+00:00;False;78;31;3335;0e08b4ee269ac84ba6e6e873ed747177dc91d2a4;2;cody@signal.org;nicholas@signal.org
MediaReviewFragment.kt;MODIFY;505;25.0;Grew;True;2023-01-27 01:25:27+00:00;True;81;33;3473;f3e715e06950b69d2dd92ee07b68fc62823d22fa;59;greyson@signal.org;clark@signal.org
MediaReviewFragment.kt;MODIFY;505;0.0;Equal;True;2023-02-01 22:41:28+00:00;False;81;33;3480;dae69744c2144a69b5ccdb233bb04747691ea3a0;1;greyson@signal.org;cody@signal.org
MediaReviewFragment.kt;MODIFY;504;-1.0;Decreased;True;2023-02-14 19:01:40+00:00;False;81;33;3464;ca8755c6ad72602b9eebfdf3c2e15f614459c513;3;greyson@signal.org;greyson@signal.org
MediaReviewFragment.kt;MODIFY;504;0.0;Decreased;True;2023-02-14 19:02:22+00:00;False;81;33;3460;605289aca490beb122e47d34d1e62d69368e93f3;174;greyson@signal.org;alex@signal.org
MediaReviewFragment.kt;MODIFY;504;0.0;Equal;True;2023-04-13 21:18:59+00:00;False;81;33;3462;3451ac4504ca2c68712ba0d4c838ebddedafaefa;87;greyson@signal.org;alex@signal.org
MediaReviewFragment.kt;MODIFY;506;2.0;Grew;True;2023-09-13 16:28:43+00:00;False;82;33;3474;2f53c1a860993b62542ddff927f1cdf0455d8ff6;4;alex@signal.org;nicholas@signal.org
MediaReviewFragment.kt;MODIFY;677;171.0;Equal;True;2024-03-07 00:42:01+00:00;False;116;42;4762;83cc7d5181e8187b78723323abd9679b803e37f2;2;alex@signal.org;nicholas@signal.org
MediaReviewFragment.kt;MODIFY;677;0.0;Grew;True;2024-03-07 00:42:01+00:00;False;116;42;4794;ccc9752485d0be1bd5e5f20f592621b0a12f39ff;7;alex@signal.org;nicholas@signal.org
MediaReviewFragment.kt;MODIFY;677;0.0;Equal;True;2024-03-07 00:42:01+00:00;False;116;42;4762;83c16a46dec6dac4037f6edc1881f11a385a3fb6;56;alex@signal.org;nicholas@signal.org
MediaReviewFragment.kt;MODIFY;671;-6.0;Grew;True;2024-03-07 00:42:01+00:00;False;117;41;4746;c53abe09416e189396484a248f717a269d880c6f;65;alex@signal.org;nicholas@signal.org
MediaReviewFragment.kt;MODIFY;687;16.0;Grew;True;2024-03-07 13:38:13+00:00;False;117;42;4824;ea64425456b1d6e7336b027dc732f24e2a9a9b35;18;alex@signal.org;nicholas@signal.org
MediaReviewFragment.kt;MODIFY;687;0.0;Equal;True;2024-03-08 19:39:28+00:00;False;117;42;4836;9897ba4b28dd8abeba7d4b80fa27497fbf53dbbc;2;greyson@signal.org;greyson@signal.org
MediaReviewFragment.kt;MODIFY;691;4.0;Grew;True;2024-03-11 14:46:52+00:00;False;117;42;4863;5cda5db7f7e731d74667bd9ee4bb0fb116b7a043;1;alex@signal.org;alex@signal.org
MediaReviewFragment.kt;MODIFY;690;-1.0;Decreased;True;2024-03-18 23:21:08+00:00;False;117;42;4861;825ca0d737fc5aa2a000e0501cc71f98a19f28ef;94;greyson@signal.org;greyson@signal.org
MediaReviewFragment.kt;MODIFY;690;0.0;Equal;True;2024-03-19 18:24:26+00:00;False;117;42;4866;68363c5b823fc5b10db53528bbb565aaf40e028a;1;cody@signal.org;nicholas@signal.org
MediaReviewFragment.kt;MODIFY;692;2.0;Grew;True;2024-03-19 18:47:58+00:00;False;118;42;4875;c0cb2b5e1237287e7b04dd4de806c0476744a3fd;5;cody@signal.org;nicholas@signal.org
MediaReviewFragment.kt;MODIFY;689;-3.0;Decreased;True;2024-06-05 19:46:00+00:00;False;118;42;4856;1ae2464df1a91cc1797977a14d48e4e6f027b481;5;cody@signal.org;mtang@signal.org
MediaReviewFragment.kt;MODIFY;689;0.0;Equal;True;2024-06-24 19:04:03+00:00;False;118;42;4850;863b44331703d04b17aed9858b6cb3bcf2a9de31;382;greyson@signal.org;greyson@signal.org
MediaReviewFragment.kt;MODIFY;689;0.0;Equal;True;2024-07-09 17:40:41+00:00;False;122;42;4897;a966812bfc69d45b6425c3c785258bcfb90aecea;29;cody@signal.org;mtang@signal.org
MediaReviewFragment.kt;MODIFY;695;6.0;Grew;True;2024-07-16 21:31:45+00:00;False;122;42;4929;e9c2f96bb94e9fc5ce32771000c8f7198a7cf2db;5;nicholas@signal.org;nicholas@signal.org
MediaReviewFragment.kt;MODIFY;693;-2.0;Decreased;True;2024-07-22 15:59:12+00:00;False;121;42;4911;e17cf37799ed94a59c4685ead0145c262ecf2073;6;greyson@signal.org;greyson@signal.org
MediaReviewFragment.kt;MODIFY;693;0.0;Equal;True;2024-08-08 19:19:01+00:00;False;121;42;4911;8932eef991d4a1c6181a1d44e2afdcb80aaf9f2b;40;mtang@signal.org;greyson@signal.org
MediaReviewFragment.kt;MODIFY;721;28.0;Grew;True;2024-08-30 16:55:23+00:00;False;123;42;5007;d683b8a3213c95dc68539f381d5abcb1bc8e5820;13;nicholas@signal.org;nicholas@signal.org
MediaReviewFragment.kt;MODIFY;725;4.0;Grew;True;2024-11-08 19:01:16+00:00;False;123;42;5019;aa99a456d21ee23390e98022e3184f9904c5c1ce;1;mtang@signal.org;mtang@signal.org
