file_name;change_type;n_loc;lines_balance;size_change;is_large;date;swapped_classification;complexity;methods;tokens;hash;files_on_commit;committer_email;author_email
ThreadTable.kt;RENAME;1563;0.0;Equal;True;2022-11-30 22:10:36+00:00;True;263;120;9490;7949996c5cd437199e8c43840fc23c7c1554fada;382;cody@signal.org;greyson@signal.org
ThreadTable.kt;MODIFY;1563;0.0;Equal;True;2022-12-02 17:38:23+00:00;False;263;120;9499;21592ca5c0d4beeb945417b4ddebd3d839cfb44d;1;greyson@signal.org;greyson@signal.org
ThreadTable.kt;MODIFY;1560;-3.0;Decreased;True;2022-12-07 18:03:02+00:00;False;263;120;9492;95eba78d9cac58319f6553df2334af67b9fab886;29;cody@signal.org;greyson@signal.org
ThreadTable.kt;MODIFY;1563;3.0;Grew;True;2022-12-13 14:54:53+00:00;False;264;120;9512;4990778a97865ed61fe94b913e38bee8a5a5b488;5;greyson@signal.org;greyson@signal.org
ThreadTable.kt;MODIFY;1561;-2.0;Decreased;True;2022-12-13 15:59:27+00:00;False;264;120;9493;21a8434e4d877b311610482e7e88d7bed7d2626a;3;greyson@signal.org;greyson@signal.org
ThreadTable.kt;MODIFY;1556;-5.0;Decreased;True;2022-12-16 20:22:04+00:00;False;262;119;9481;c5b4f44ab858c1cfde3e3c0c246d92e8711cdbfd;26;cody@signal.org;cody@signal.org
ThreadTable.kt;MODIFY;1547;-9.0;Decreased;True;2022-12-30 20:11:56+00:00;False;262;119;9402;60ae883df66c9aae7e5a0a859e6deea518856004;109;greyson@signal.org;greyson@signal.org
ThreadTable.kt;MODIFY;1558;11.0;Grew;True;2022-12-30 21:54:49+00:00;False;264;120;9453;f149c0adb9685241a4e8ef96750a3f3a75e6fb57;32;greyson@signal.org;greyson@signal.org
ThreadTable.kt;MODIFY;1558;0.0;Equal;True;2022-12-30 21:54:49+00:00;False;264;120;9467;3708cc558337a06cc94370121d1e122f4f75757e;3;greyson@signal.org;greyson@signal.org
ThreadTable.kt;MODIFY;1558;0.0;Equal;True;2022-12-30 23:24:00+00:00;False;264;120;9453;6cd6073bc7a594af3de6e7bbdbe4759aeb0ffbd1;33;greyson@signal.org;greyson@signal.org
ThreadTable.kt;MODIFY;1557;-1.0;Decreased;True;2022-12-31 18:43:12+00:00;False;264;120;9439;fecfd7cd78d014becd0f64e61f0ead949ab4e206;20;greyson@signal.org;greyson@signal.org
ThreadTable.kt;MODIFY;1557;0.0;Equal;True;2023-01-02 04:05:02+00:00;False;264;120;9442;92b9fda6c7a6d2aa768ab9589980958bc0d949f0;55;greyson@signal.org;greyson@signal.org
ThreadTable.kt;MODIFY;1562;5.0;Grew;True;2023-01-04 21:40:36+00:00;False;265;120;9458;6a1a6574510a3f6f32bca4ae3f8e522a71eaef83;4;greyson@signal.org;greyson@signal.org
ThreadTable.kt;MODIFY;1562;0.0;Equal;True;2023-01-04 21:40:36+00:00;False;265;120;9459;296a113c65dbacc114d474f28babf3b11ab3d22c;20;greyson@signal.org;alex@signal.org
ThreadTable.kt;MODIFY;1562;0.0;Equal;True;2023-01-11 18:18:25+00:00;False;265;120;9458;df86d1b4ba87e1ec87fbd40f1417fe7a7f608520;3;alex@signal.org;greyson@signal.org
ThreadTable.kt;MODIFY;1562;0.0;Equal;True;2023-01-17 19:30:48+00:00;False;265;120;9458;f36efc562ef182b6753f69c9cab7fdb89acdbcae;1;cody@signal.org;alex@signal.org
ThreadTable.kt;MODIFY;1566;4.0;Grew;True;2023-01-24 19:18:28+00:00;False;265;120;9458;1b7e4e047cdede30447d01247dcbf050f65f5b23;11;greyson@signal.org;alex@signal.org
ThreadTable.kt;MODIFY;1580;14.0;Grew;True;2023-01-25 22:02:41+00:00;False;268;121;9423;cc490f4b731eb6675e27439829dcfd8c1a68ce13;73;greyson@signal.org;cody@signal.org
ThreadTable.kt;MODIFY;1583;3.0;Grew;True;2023-01-27 22:42:22+00:00;False;268;121;9443;7348224dc204b44ec4da8f5af9159020c3bc2699;3;greyson@signal.org;greyson@signal.org
ThreadTable.kt;MODIFY;1596;13.0;Grew;True;2023-02-06 20:53:08+00:00;False;271;122;9549;418b4867762d8f1bbfe21a7e5c1e204397e124fa;6;alex@signal.org;cody@signal.org
ThreadTable.kt;MODIFY;1599;3.0;Grew;True;2023-02-10 18:08:51+00:00;False;271;122;9579;c741e32824504d71a0164b339a0a3b6652fc7728;3;noreply@github.com;cody@signal.org
ThreadTable.kt;MODIFY;1623;24.0;Grew;True;2023-02-14 19:02:22+00:00;False;271;122;9581;605289aca490beb122e47d34d1e62d69368e93f3;174;greyson@signal.org;alex@signal.org
ThreadTable.kt;MODIFY;1630;7.0;Grew;True;2023-02-22 18:14:44+00:00;False;276;123;9641;17aa0365d614639518e8f15fa0b84d10a3cbdfd8;6;greyson@signal.org;greyson@signal.org
ThreadTable.kt;MODIFY;1632;2.0;Grew;True;2023-02-23 17:24:39+00:00;False;276;123;9660;583f7db55455dc1cb54b32cef5c714076abd09b7;3;cody@signal.org;cody@signal.org
ThreadTable.kt;MODIFY;1646;14.0;Grew;True;2023-03-04 15:51:41+00:00;False;276;123;9771;f3693c966afe1030fcfaf74714c3a3d7e2faed20;7;greyson@signal.org;clark@signal.org
ThreadTable.kt;MODIFY;1652;6.0;Grew;True;2023-03-20 21:39:09+00:00;False;277;123;9804;59141bc6a45e6a309f483d5ea6a828ce4e590f1d;1;greyson@signal.org;cody@signal.org
ThreadTable.kt;MODIFY;1654;2.0;Grew;True;2023-04-05 19:40:23+00:00;False;277;123;9816;f9548dcffeabad71a6791a8dcffb1bc1efccd6cc;40;alex@signal.org;alex@signal.org
ThreadTable.kt;MODIFY;1660;6.0;Grew;True;2023-04-11 14:02:00+00:00;False;278;124;9845;c5af204de3402eb8ee6a6df40064ac2051a9a5d9;3;greyson@signal.org;greyson@signal.org
ThreadTable.kt;MODIFY;1665;5.0;Grew;True;2023-04-11 14:34:18+00:00;False;279;124;9892;48360d08d48863b5f64560b0848e8cdd32549f60;15;greyson@signal.org;clark@signal.org
ThreadTable.kt;MODIFY;1669;4.0;Grew;True;2023-04-20 17:50:11+00:00;False;279;124;9901;279ad7945e9f75c14de973374a7d7a80aff395f8;86;cody@signal.org;greyson@signal.org
ThreadTable.kt;MODIFY;1668;-1.0;Decreased;True;2023-04-20 17:50:12+00:00;False;279;124;9875;4f06a0d27c775c91236c8d5ffbd2a1f1cf375bfb;39;cody@signal.org;cody@signal.org
ThreadTable.kt;MODIFY;1693;25.0;Grew;True;2023-05-09 17:41:28+00:00;False;287;128;9985;77751c1d28a76b47fbe14157de4fb2e4554dec07;1;cody@signal.org;clark@signal.org
ThreadTable.kt;MODIFY;1694;1.0;Grew;True;2023-05-17 19:29:31+00:00;False;287;128;9989;e9f1f781e1b5cb6dc708f508c6e4a557948a3cce;14;greyson@signal.org;clark@signal.org
ThreadTable.kt;MODIFY;1694;0.0;Equal;True;2023-05-17 19:30:08+00:00;False;287;128;9995;fe8b2cb761dab3ac2167c76ab4b555ba2cd201d4;3;greyson@signal.org;clark@signal.org
ThreadTable.kt;MODIFY;1698;4.0;Grew;True;2023-05-24 15:29:59+00:00;False;289;129;10036;836cd0456479a170d9a4a245a304520ed4612367;4;nicholas@signal.org;clark@signal.org
ThreadTable.kt;MODIFY;1706;8.0;Grew;True;2023-05-30 14:44:52+00:00;False;289;129;10073;05edc715ef051e42920d925501018ed857fbe416;1;noreply@github.com;clark@signal.org
ThreadTable.kt;MODIFY;1699;-7.0;Decreased;True;2023-05-31 18:46:25+00:00;False;289;129;10053;63c6581d148d45c2374f75df46e48d47388b5974;1;noreply@github.com;clark@signal.org
ThreadTable.kt;MODIFY;1706;7.0;Grew;True;2023-06-06 16:47:16+00:00;False;292;130;10089;63d854986562c8d2619b04069db370d780c0d46c;1;cody@signal.org;clark@signal.org
ThreadTable.kt;MODIFY;1707;1.0;Grew;True;2023-06-15 19:36:08+00:00;False;292;130;10091;51222738df8bf4634bdcf614e53dac16815df1fd;22;cody@signal.org;alex@signal.org
ThreadTable.kt;MODIFY;1755;48.0;Grew;True;2023-07-18 13:55:01+00:00;False;293;131;10311;b0ca66cc1a77a6ba82c4ce8e900e099d09339008;9;nicholas@signal.org;alex@signal.org
ThreadTable.kt;MODIFY;1755;0.0;Equal;True;2023-07-18 13:55:01+00:00;False;292;130;10318;5731bf023abf5ff188cdd4e045a37c4319e33b05;10;nicholas@signal.org;cody@signal.org
ThreadTable.kt;MODIFY;1762;7.0;Grew;True;2023-07-20 17:50:32+00:00;False;293;131;10351;ec25831a37a519517c4892794ae2489d1bbf6ecf;21;noreply@github.com;cody@signal.org
ThreadTable.kt;MODIFY;1763;1.0;Grew;True;2023-07-27 20:07:38+00:00;False;293;131;10358;39f96bb12c922a6bd2e9bdcc9787ec65d516d8c2;15;noreply@github.com;cody@signal.org
ThreadTable.kt;MODIFY;1762;-1.0;Decreased;True;2023-08-01 19:51:31+00:00;False;293;131;10341;82906aee58843f8cb3a1804b2c0875bd5a522153;146;greyson@signal.org;greyson@signal.org
ThreadTable.kt;MODIFY;1761;-1.0;Decreased;True;2023-08-02 21:49:53+00:00;False;293;131;10338;5f289fa40045efda6beff5d82a115b708606e3c5;19;greyson@signal.org;greyson@signal.org
ThreadTable.kt;MODIFY;1751;-10.0;Decreased;True;2023-08-10 18:29:02+00:00;False;292;131;10292;c7dabe1b6f26c7e0124e55e2b9f3121691e6fb50;5;alex@signal.org;greyson@signal.org
ThreadTable.kt;MODIFY;1756;5.0;Grew;True;2023-08-14 19:59:50+00:00;False;290;130;10311;13d9b6cc5a1ac6d373bcef85f328304c90136784;4;clark@signal.org;cody@signal.org
ThreadTable.kt;MODIFY;1757;1.0;Grew;True;2023-08-17 17:38:45+00:00;False;289;130;10305;51602ed23196b73a2188b4873ca4e918bef8b2f2;1;alex@signal.org;alex@signal.org
ThreadTable.kt;MODIFY;1782;25.0;Grew;True;2023-11-15 22:02:21+00:00;False;291;131;10485;e80b7cf0a27fb607aa3b3e77ce1ff30beedf2722;24;greyson@signal.org;greyson@signal.org
ThreadTable.kt;MODIFY;1779;-3.0;Decreased;True;2023-11-15 22:02:21+00:00;False;291;131;10443;a81e5c4e6b76e1aaa5959a0ad74498fd34aa97fe;2;greyson@signal.org;greyson@signal.org
ThreadTable.kt;MODIFY;1778;-1.0;Decreased;True;2023-11-15 22:02:21+00:00;False;291;131;10431;2f526648204f4441f612fcbd850f52133b7e83e6;41;greyson@signal.org;greyson@signal.org
ThreadTable.kt;MODIFY;1785;7.0;Grew;True;2023-12-04 21:18:56+00:00;False;292;132;10496;b540b5813ea8c758961c84f0259967250f73a3c5;47;cody@signal.org;greyson@signal.org
ThreadTable.kt;MODIFY;1784;-1.0;Decreased;True;2024-01-23 16:52:03+00:00;False;291;131;10489;750fd4efe16ed7431f7c6a43b51d702cf9565bac;22;greyson@signal.org;greyson@signal.org
ThreadTable.kt;MODIFY;1794;10.0;Grew;True;2024-02-01 03:12:17+00:00;False;291;131;10550;98865d61dd39c548de249f46036869b6628c64ae;15;nicholas@signal.org;clark@signal.org
ThreadTable.kt;MODIFY;1800;6.0;Grew;True;2024-02-09 18:32:05+00:00;False;292;132;10579;976e146248a84a5830e740d0e831b500d0dd12f4;2;greyson@signal.org;greyson@signal.org
ThreadTable.kt;MODIFY;1812;12.0;Grew;True;2024-02-14 16:15:49+00:00;False;293;133;10604;ba41df19bbf80dd8b33ff1e7efa2142234eaf8f7;2;greyson@signal.org;greyson@signal.org
ThreadTable.kt;MODIFY;1814;2.0;Grew;True;2024-03-07 00:42:00+00:00;False;293;133;10628;1ade8b502f49616511c5f4200726e8baf46b75f2;17;alex@signal.org;clark@signal.org
ThreadTable.kt;MODIFY;1831;17.0;Grew;True;2024-03-07 00:42:01+00:00;False;294;134;10704;58b11f3c4772fc0f2249a08b5a2a9beec09e7c4d;5;alex@signal.org;greyson@signal.org
ThreadTable.kt;MODIFY;1830;-1.0;Decreased;True;2024-04-03 18:02:55+00:00;False;294;134;10686;3ba2b46bb0412264a21ba8ab7039b225e692a6f0;100;greyson@signal.org;greyson@signal.org
ThreadTable.kt;MODIFY;1838;8.0;Grew;True;2024-04-18 20:24:13+00:00;False;294;135;10723;9762899272deb9b92ac0dc87a26acce35b3866f1;4;greyson@signal.org;greyson@signal.org
ThreadTable.kt;MODIFY;1841;3.0;Grew;True;2024-05-08 19:30:52+00:00;False;294;135;10737;cc98eced270950e8f53e0d52986711802afd607a;1;alex@signal.org;greyson@signal.org
ThreadTable.kt;MODIFY;1843;2.0;Grew;True;2024-05-17 13:33:22+00:00;False;294;135;10737;cfb4377de3f9d6d0897e21199ca5d76a967ece6b;39;clark@signal.org;nicholas@signal.org
ThreadTable.kt;MODIFY;1907;64.0;Grew;True;2024-06-05 19:46:00+00:00;False;311;136;11138;a81a675d599fba1e37a6bff55381efcfb5a5609f;40;cody@signal.org;cody@signal.org
ThreadTable.kt;MODIFY;1907;0.0;Equal;True;2024-06-05 19:46:00+00:00;False;311;136;11134;b6a4e1f145f984a25aa469a27ad5d2ded623f7c0;560;cody@signal.org;greyson@signal.org
ThreadTable.kt;MODIFY;1907;0.0;Equal;True;2024-06-24 19:04:02+00:00;False;311;136;11128;d698f74d0bdbbb7c2c1b0d65928f4fa857cfd76d;136;greyson@signal.org;greyson@signal.org
ThreadTable.kt;MODIFY;1907;0.0;Equal;True;2024-06-24 19:04:02+00:00;False;311;136;11128;13f7a64139736c49c58e332bcad1499c8d97554e;76;greyson@signal.org;greyson@signal.org
ThreadTable.kt;MODIFY;1911;4.0;Grew;True;2024-06-24 19:04:02+00:00;False;314;135;11186;6659700a1c97ad6531ce31fad3a874fc6b202640;13;greyson@signal.org;cody@signal.org
ThreadTable.kt;MODIFY;1895;-16.0;Decreased;True;2024-06-24 19:04:02+00:00;False;309;135;11076;c80ccd70ec01f35de4f4468a4ba8b93e89e65a0b;37;greyson@signal.org;cody@signal.org
ThreadTable.kt;MODIFY;1911;16.0;Grew;True;2024-06-24 19:04:03+00:00;False;314;135;11180;863b44331703d04b17aed9858b6cb3bcf2a9de31;382;greyson@signal.org;greyson@signal.org
ThreadTable.kt;MODIFY;1911;0.0;Equal;True;2024-07-09 17:40:41+00:00;False;314;135;11188;24bba981227136c3a32a3f0020a7ab87cf12619b;1;cody@signal.org;cody@signal.org
ThreadTable.kt;MODIFY;1908;-3.0;Decreased;True;2024-07-26 21:43:53+00:00;False;314;135;11160;7b0badef1933e1f7562fd32a8603f3f4974c19c1;30;nicholas@signal.org;greyson@signal.org
ThreadTable.kt;MODIFY;1904;-4.0;Decreased;True;2024-08-30 16:55:22+00:00;False;314;135;11135;1aaa8331272c4a28725dfdf0d0a286adda79a49e;9;nicholas@signal.org;greyson@signal.org
ThreadTable.kt;MODIFY;1908;4.0;Grew;True;2024-08-30 16:55:23+00:00;False;314;135;11160;011a36c8f3f5394d21a92fee7e7987487decab7e;9;nicholas@signal.org;greyson@signal.org
ThreadTable.kt;MODIFY;1908;0.0;Equal;True;2024-09-11 19:14:04+00:00;False;314;135;11168;a8bf03af893007b212b5907fc320ae4f61955e32;41;cody@signal.org;cody@signal.org
ThreadTable.kt;MODIFY;1902;-6.0;Decreased;True;2024-10-03 14:26:19+00:00;False;312;135;11124;66e6b5506e2a6598f5175e6890128dd4c943a249;6;greyson@signal.org;cody@signal.org
ThreadTable.kt;MODIFY;1978;76.0;Grew;True;2024-10-16 19:07:18+00:00;False;313;134;11465;c4fc32988c950fbb6df7f4e39bb2073ed7bb3172;64;greyson@signal.org;mtang@signal.org
ThreadTable.kt;MODIFY;2017;39.0;Grew;True;2024-10-16 19:07:19+00:00;False;313;134;11622;bfa5703aaaa0687b40da8b53811de07244539a18;16;greyson@signal.org;mtang@signal.org
ThreadTable.kt;MODIFY;2032;15.0;Grew;True;2024-10-23 19:51:54+00:00;False;314;135;11670;dd4fcffec4aa9c5fc6c9a20d7ba7c6f54a58f5c1;18;greyson@signal.org;mtang@signal.org
ThreadTable.kt;MODIFY;2034;2.0;Grew;True;2024-10-30 17:56:44+00:00;False;314;135;11670;fe40324599b856b437afa9bdb0c1ca93c64335d6;5;noreply@github.com;mtang@signal.org
ThreadTable.kt;MODIFY;2034;0.0;Equal;True;2024-11-04 14:18:47+00:00;False;314;135;11668;cafbf487837ba99f0cd1206e8ad4bb058a5c03b3;60;greyson@signal.org;g.bobryk@gmail.com
ThreadTable.kt;MODIFY;2035;1.0;Grew;True;2024-11-14 02:46:55+00:00;False;315;134;11700;7dd1fc09c0a54dbb6c0e4a73d86471fc65ebc470;33;greyson@signal.org;greyson@signal.org
ThreadTable.kt;MODIFY;2035;0.0;Equal;True;2024-11-14 02:46:55+00:00;False;315;134;11688;ae37c4019fb15640d8618b25659429e6f5ac5d35;30;greyson@signal.org;greyson@signal.org
ThreadTable.kt;MODIFY;2035;0.0;Equal;True;2024-12-04 19:19:41+00:00;False;313;134;11680;a3af2373972aeed158072d8985751f3c320a53ad;20;greyson@signal.org;greyson@signal.org
ThreadTable.kt;MODIFY;2048;13.0;Grew;True;2024-12-09 15:17:02+00:00;False;313;134;11779;c91123e8e8d583345bf434c52957a1e9c7cadafe;2;cody@signal.org;cody@signal.org
