file_name;change_type;n_loc;lines_balance;size_change;is_large;date;swapped_classification;complexity;methods;tokens;hash;files_on_commit;committer_email;author_email
defaultTheme.ts;ADD;1403.0;0.0;Grew;True;2022-09-14 09:52:10+00:00;True;not calculated;0;7929;d1b55da7d2603c1080e12c653ad5ac02e6e00646;818;MildTomato@users.noreply.github.com;MildTomato@users.noreply.github.com
defaultTheme.ts;RENAME;not calculated;0.0;Equal;False;2022-09-19 12:00:05+00:00;True;not calculated;0;not calculated;55329d540e45f54deaffebc223e87003a3d855f2;1124;MildTomato@users.noreply.github.com;MildTomato@users.noreply.github.com
defaultTheme.ts;MODIFY;1403.0;0.0;Equal;True;2022-10-16 23:24:06+00:00;True;not calculated;0;7929;a9dd533fb9377fa3c4eab7b03914272c35d30769;77;noreply@github.com;41898282+github-actions[bot]@users.noreply.github.com
defaultTheme.ts;MODIFY;1395.0;-8.0;Decreased;True;2022-10-25 09:51:01+00:00;False;not calculated;0;7927;795a514b9490294b38e752fb4c34dac11fb69bf1;2;MildTomato@users.noreply.github.com;MildTomato@users.noreply.github.com
defaultTheme.ts;MODIFY;1395.0;0.0;Equal;True;2022-10-28 02:32:02+00:00;False;not calculated;0;7927;80d06242622ec8e2ec4459f8da85815d4e5fab69;83;noreply@github.com;29093946+stavares843@users.noreply.github.com
defaultTheme.ts;MODIFY;1395.0;0.0;Equal;True;2022-11-10 11:04:35+00:00;False;not calculated;0;7927;f52276c17213c6d739ebda79deea8514b3f0fb26;8;joshenlimek@gmail.com;joshenlimek@gmail.com
defaultTheme.ts;MODIFY;1396.0;1.0;Grew;True;2022-11-14 09:18:19+00:00;False;not calculated;0;7943;1c6495add16b7095ee7f01e8585b26fd7f0a9c40;16;joshenlimek@gmail.com;joshenlimek@gmail.com
defaultTheme.ts;MODIFY;1396.0;0.0;Equal;True;2022-11-30 09:30:44+00:00;False;not calculated;0;7943;87f492810dd48876c466f58a93e5bdf8781be8c5;4;joshenlimek@gmail.com;joshenlimek@gmail.com
defaultTheme.ts;MODIFY;1395.0;-1.0;Equal;True;2022-12-05 09:53:08+00:00;False;not calculated;0;7919;756b932eb72d0bfd8ad02c74200c90abe0c7da19;15;MildTomato@users.noreply.github.com;MildTomato@users.noreply.github.com
defaultTheme.ts;MODIFY;1423.0;28.0;Grew;True;2022-12-06 12:15:24+00:00;False;not calculated;0;8043;f417388c6f07f3382b63b502dfb19dfdc6a7fb2c;8;MildTomato@users.noreply.github.com;MildTomato@users.noreply.github.com
defaultTheme.ts;MODIFY;1425.0;2.0;Equal;True;2022-12-13 15:22:04+00:00;False;not calculated;0;8075;89ea3e3385a56e7ba82356a0eb5178bfc11a34af;4;joshenlimek@gmail.com;joshenlimek@gmail.com
defaultTheme.ts;MODIFY;1424.0;-1.0;Equal;True;2022-12-13 18:08:12+00:00;False;not calculated;0;8059;f02ce10e8a1166f9fcc87688707c8834757cc195;1;a.smith@silentworks.co.uk;a.smith@silentworks.co.uk
defaultTheme.ts;MODIFY;1424.0;0.0;Decreased;True;2023-01-12 03:13:39+00:00;False;not calculated;0;8054;87ba96573a9c714ec9d16c650ecbf94548beb8ec;11;saltcod@gmail.com;saltcod@gmail.com
defaultTheme.ts;MODIFY;1425.0;1.0;Equal;True;2023-01-20 13:06:15+00:00;False;not calculated;0;8095;73885ae7fd38531b3dcfb50ac19b7f61bc667639;1;MildTomato@users.noreply.github.com;MildTomato@users.noreply.github.com
defaultTheme.ts;MODIFY;1425.0;0.0;Equal;True;2023-01-26 13:57:19+00:00;False;not calculated;0;8095;02fb0cdc356010634ad17ad0a6505334cc0a85d4;1;22655069+Hallidayo@users.noreply.github.com;22655069+Hallidayo@users.noreply.github.com
defaultTheme.ts;MODIFY;1425.0;0.0;Equal;True;2023-01-30 17:18:33+00:00;False;not calculated;0;8095;552bde0302ff5e8be175d260b4ef3e1ca74b86b2;2;saltcod@gmail.com;saltcod@gmail.com
defaultTheme.ts;MODIFY;1426.0;1.0;Grew;True;2023-02-10 20:12:25+00:00;False;not calculated;0;8111;fae9a272759051079f8270921757fe66ba6a0aea;7;saltcod@gmail.com;saltcod@gmail.com
defaultTheme.ts;MODIFY;1426.0;0.0;Grew;True;2023-02-15 13:10:11+00:00;False;not calculated;0;8098;02d6b1263ae3bb6ca8f1f721a603a4ad32664d10;1;saltcod@gmail.com;saltcod@gmail.com
defaultTheme.ts;MODIFY;1426.0;0.0;Equal;True;2023-02-16 07:21:20+00:00;False;not calculated;0;8098;c5be23964c1eaed4742bf28e17be93e8d2e902bd;12;joshenlimek@gmail.com;joshenlimek@gmail.com
defaultTheme.ts;MODIFY;1431.0;5.0;Grew;True;2023-02-24 21:01:27+00:00;False;not calculated;0;8153;b0611565048ffa1d7d524cee7b139185e2121995;2;Ziinc@users.noreply.github.com;saltcod@gmail.com
defaultTheme.ts;MODIFY;1432.0;1.0;Grew;True;2023-03-23 18:34:24+00:00;False;not calculated;0;8156;5d8074e3078eba52dc8dd9b7032d1ad999b410f6;1;MildTomato@users.noreply.github.com;MildTomato@users.noreply.github.com
defaultTheme.ts;MODIFY;1430.0;-2.0;Decreased;True;2023-03-27 16:07:57+00:00;False;not calculated;0;8150;cbd573b77dc426b6c750f24150a15425ae7db358;1;MildTomato@users.noreply.github.com;MildTomato@users.noreply.github.com
defaultTheme.ts;MODIFY;1436.0;6.0;Grew;True;2023-03-29 06:40:07+00:00;False;not calculated;0;8168;e8a72206dd447fab84283bcc9203894c01d44bee;2;MildTomato@users.noreply.github.com;MildTomato@users.noreply.github.com
defaultTheme.ts;MODIFY;1436.0;0.0;Equal;True;2023-03-29 10:53:04+00:00;False;not calculated;0;8168;7c1f9dd18e9aa6e128f329f00c732de2da86ef90;1;MildTomato@users.noreply.github.com;MildTomato@users.noreply.github.com
defaultTheme.ts;MODIFY;1437.0;1.0;Grew;True;2023-04-03 09:24:58+00:00;False;not calculated;0;8168;0aa89ebf5e6956e19313971b2c206284c82c6ceb;8;joshenlimek@gmail.com;joshenlimek@gmail.com
defaultTheme.ts;MODIFY;1436.0;-1.0;Decreased;True;2023-04-04 07:16:50+00:00;False;not calculated;0;8163;b4f763f8ea137b6cdf5c16623a6a5ecfee386ae3;1;joshenlimek@gmail.com;joshenlimek@gmail.com
defaultTheme.ts;MODIFY;1436.0;0.0;Equal;True;2023-04-05 07:13:20+00:00;False;not calculated;0;8165;c4766351576b7168ff5cee354b821d8f183c11c1;2;MildTomato@users.noreply.github.com;MildTomato@users.noreply.github.com
defaultTheme.ts;MODIFY;1436.0;0.0;Equal;True;2023-04-06 02:53:43+00:00;False;not calculated;0;8166;7137726dc03b970e48937e02d6e8eef7c581b5e5;1;MildTomato@users.noreply.github.com;MildTomato@users.noreply.github.com
defaultTheme.ts;MODIFY;1437.0;1.0;Grew;True;2023-04-14 09:00:14+00:00;False;not calculated;0;8179;a5809c9f233441f5eba1ada33917b110be5bf17d;6;MildTomato@users.noreply.github.com;MildTomato@users.noreply.github.com
defaultTheme.ts;MODIFY;1437.0;0.0;Equal;True;2023-04-14 10:46:21+00:00;False;not calculated;0;8186;733984c85be66002bfeede9f23ecae51cfa5ad78;1;MildTomato@users.noreply.github.com;MildTomato@users.noreply.github.com
defaultTheme.ts;MODIFY;1436.0;-1.0;Decreased;True;2023-04-17 16:54:19+00:00;False;not calculated;0;8165;4afd16a79ff820396b2582d34e9540c57eb6d8f6;1;saltcod@gmail.com;saltcod@gmail.com
defaultTheme.ts;MODIFY;1425.0;-11.0;Decreased;True;2023-04-18 12:20:19+00:00;False;not calculated;0;7934;fcc21ca97218f6f8fa4df5da811c31e8a0275895;8;saltcod@gmail.com;saltcod@gmail.com
defaultTheme.ts;MODIFY;1424.0;-1.0;Decreased;True;2023-05-08 14:18:11+00:00;False;not calculated;0;7890;4742fe15b38bdb0cc9492bbc3493d5b5461c209f;21;MildTomato@users.noreply.github.com;MildTomato@users.noreply.github.com
defaultTheme.ts;MODIFY;1424.0;0.0;Equal;True;2023-05-24 09:25:27+00:00;False;not calculated;0;7892;1d49ba10a41cf5e254f15f8bb2205372ad681b16;67;k.grueneberg1994@gmail.com;joshenlimek@gmail.com
defaultTheme.ts;MODIFY;1325.0;-99.0;Decreased;True;2023-06-13 12:18:16+00:00;False;not calculated;0;7276;b89ec2edb44635c4a6129297ca3182a4bd823bae;3;MildTomato@users.noreply.github.com;MildTomato@users.noreply.github.com
defaultTheme.ts;MODIFY;1328.0;3.0;Grew;True;2023-07-05 17:43:29+00:00;False;not calculated;0;7248;c3ee1778680bbe71486985a345348a7b9a95f66a;12;f.sansalvadore@gmail.com;f.sansalvadore@gmail.com
defaultTheme.ts;MODIFY;1325.0;-3.0;Decreased;True;2023-07-05 18:06:27+00:00;False;not calculated;0;7276;c48e29c8696349c6fa5bf05409887e988bbd8866;7;f.sansalvadore@gmail.com;f.sansalvadore@gmail.com
defaultTheme.ts;MODIFY;1325.0;0.0;Equal;True;2023-07-13 06:34:27+00:00;False;not calculated;0;7278;bffa996a506eea8dfae8c567fd071741697c8577;1;MildTomato@users.noreply.github.com;MildTomato@users.noreply.github.com
defaultTheme.ts;MODIFY;1325.0;0.0;Equal;True;2023-07-30 08:39:43+00:00;False;not calculated;0;7282;2833f21d96ad5bef0eeaf46137460d59d6b0a06d;4;MildTomato@users.noreply.github.com;MildTomato@users.noreply.github.com
defaultTheme.ts;MODIFY;1325.0;0.0;Equal;True;2023-07-30 08:58:54+00:00;False;not calculated;0;7262;ab46d23d588c08f6a1a72c91da4afd5197905c2e;132;MildTomato@users.noreply.github.com;MildTomato@users.noreply.github.com
defaultTheme.ts;MODIFY;1325.0;0.0;Equal;True;2023-07-30 09:03:30+00:00;False;not calculated;0;7262;2b3d49af3b3619b12196ee16f1eef380ed1d77f7;19;MildTomato@users.noreply.github.com;MildTomato@users.noreply.github.com
defaultTheme.ts;MODIFY;1325.0;0.0;Equal;True;2023-07-30 09:15:54+00:00;False;not calculated;0;7262;8b8e491627435ba9408526cd5f7a119b129abe98;25;MildTomato@users.noreply.github.com;MildTomato@users.noreply.github.com
defaultTheme.ts;MODIFY;1325.0;0.0;Equal;True;2023-07-30 09:50:33+00:00;False;not calculated;0;7262;568e76dcdf2314911c47c1f6e76a56e491a3a864;15;MildTomato@users.noreply.github.com;MildTomato@users.noreply.github.com
defaultTheme.ts;MODIFY;1326.0;1.0;Grew;True;2023-08-25 09:28:55+00:00;False;not calculated;0;7266;5c2440a2d2d5496ca9e9fbd8a68a10b90aa7a132;3;f.sansalvadore@gmail.com;f.sansalvadore@gmail.com
defaultTheme.ts;MODIFY;1325.0;-1.0;Decreased;True;2023-08-30 09:50:09+00:00;False;not calculated;0;7262;0816d976e90b6db4d94f9533b2c90cc7dec12760;2;f.sansalvadore@gmail.com;f.sansalvadore@gmail.com
defaultTheme.ts;MODIFY;1238.0;-87.0;Decreased;True;2023-09-29 11:39:43+00:00;False;not calculated;0;6832;82206f828e1dacd74ab8237ca6c00254f640a0a9;10;noreply@github.com;vasilov.ivan@gmail.com
defaultTheme.ts;MODIFY;1239.0;1.0;Grew;True;2023-10-09 09:23:48+00:00;False;not calculated;0;6836;44b30fe671f7fef15a9aadf080ed4a45abb98f90;5;noreply@github.com;f.sansalvadore@gmail.com
defaultTheme.ts;MODIFY;1240.0;1.0;Grew;True;2023-10-09 16:49:52+00:00;False;not calculated;0;6841;655893e5014b44842a54bd9b0cdc4718ea4cf503;30;noreply@github.com;f.sansalvadore@gmail.com
defaultTheme.ts;MODIFY;1236.0;-4.0;Decreased;True;2023-11-07 03:40:53+00:00;False;not calculated;0;6326;b91532f6c7598f3b6127deae323e2991658faaa3;540;noreply@github.com;f.sansalvadore@gmail.com
defaultTheme.ts;MODIFY;1237.0;1.0;Grew;True;2023-11-13 05:56:09+00:00;False;not calculated;0;6333;30375c55a0bdbedb3e630a0ddae1ce38bf12b1b5;41;noreply@github.com;joshenlimek@gmail.com
defaultTheme.ts;MODIFY;1238.0;1.0;Grew;True;2023-11-15 21:09:58+00:00;False;not calculated;0;6341;e11717493f8b4222e5acfe759a766f6f1c591566;4;noreply@github.com;26616127+charislam@users.noreply.github.com
defaultTheme.ts;MODIFY;1237.0;-1.0;Decreased;True;2023-11-16 16:41:53+00:00;False;not calculated;0;6325;be9590c890190dd5fd8b8fd7be409653e17425a1;249;noreply@github.com;f.sansalvadore@gmail.com
defaultTheme.ts;MODIFY;1237.0;0.0;Equal;True;2023-11-20 08:49:13+00:00;False;not calculated;0;6317;03086284a151ddcec5931d199754a7a97d60636e;1;noreply@github.com;f.sansalvadore@gmail.com
defaultTheme.ts;MODIFY;1239.0;2.0;Grew;True;2023-11-29 09:12:50+00:00;False;not calculated;0;6349;1f38fe20121219150d1e62fe075be5b2b703266a;35;noreply@github.com;vasilov.ivan@gmail.com
defaultTheme.ts;MODIFY;1239.0;0.0;Equal;True;2023-12-14 14:08:56+00:00;False;not calculated;0;6349;e5cd2686f7af2d86069dff9f0dbf0e3c1acd14ea;6;noreply@github.com;vasilov.ivan@gmail.com
defaultTheme.ts;MODIFY;1239.0;0.0;Equal;True;2023-12-14 19:14:59+00:00;False;not calculated;0;6354;b29676d390a5d36b8d6df1839fe1f582363e01e3;1;noreply@github.com;tranhoangvu.it1990@gmail.com
defaultTheme.ts;MODIFY;1250.0;11.0;Grew;True;2024-03-12 04:14:59+00:00;False;not calculated;0;6400;8bf07150b8353958176f3be8c3a848cc7ca3eeb6;454;noreply@github.com;MildTomato@users.noreply.github.com
defaultTheme.ts;MODIFY;1250.0;0.0;Equal;True;2024-06-06 10:53:30+00:00;False;not calculated;0;6400;36dcd0b63e9408544bf6ce8bb9418cd51104faab;2;noreply@github.com;MildTomato@users.noreply.github.com
defaultTheme.ts;MODIFY;1250.0;0.0;Equal;True;2024-07-30 13:34:28+00:00;False;not calculated;0;6393;6d760a1a995a042ae7b8b8e809da20228b65b70a;71;noreply@github.com;MildTomato@users.noreply.github.com
defaultTheme.ts;MODIFY;1250.0;0.0;Equal;True;2024-07-31 17:04:53+00:00;False;not calculated;0;6393;0f2f7b99a5b567b6489458e14056a4c0bd3da396;2;noreply@github.com;saltcod@gmail.com
