file_name;change_type;n_loc;lines_balance;size_change;is_large;date;swapped_classification;complexity;methods;tokens;hash;files_on_commit;committer_email;author_email
MessageList.kt;RENAME;1217;0.0;Equal;True;2024-07-02 12:27:23+00:00;True;not calculated;0;not calculated;9541a79cfe8c94f4616d3f4396b739ebd7334d9d;1193;wolf@thunderbird.net;wolf@thunderbird.net
MessageList.kt;MODIFY;1217;0.0;Equal;True;2024-08-05 09:05:52+00:00;False;249;94;6798;b7a64f23885fa73f2a29cf82a2f5c9cefed4fc34;202;wolf@thunderbird.net;wolf@thunderbird.net
MessageList.kt;MODIFY;1254;37.0;Grew;True;2024-08-06 15:21:03+00:00;False;249;94;6806;af030655a7ac9d18581bd1f49a1899230f712b1e;16;wolf@thunderbird.net;wolf@thunderbird.net
MessageList.kt;MODIFY;1254;0.0;Equal;True;2024-08-06 15:21:03+00:00;False;249;94;6808;99f03db17223dddd321ab2327f216d755c18b6ed;25;wolf@thunderbird.net;wolf@thunderbird.net
MessageList.kt;MODIFY;1277;23.0;Grew;True;2024-08-06 15:21:22+00:00;False;250;95;6893;957d85e86702df0c6eaffe0a963514dbc3c4d579;10;wolf@thunderbird.net;wolf@thunderbird.net
MessageList.kt;MODIFY;1277;0.0;Equal;True;2024-08-06 15:21:23+00:00;False;250;95;6893;a98b3b967bbe8a14ab7a10d1c3433848cc3e5ade;32;wolf@thunderbird.net;wolf@thunderbird.net
MessageList.kt;MODIFY;1277;0.0;Equal;True;2024-08-06 15:21:23+00:00;False;250;95;6893;327247a1f16adb4ca3232023f085b24e2cf9d232;14;wolf@thunderbird.net;wolf@thunderbird.net
MessageList.kt;MODIFY;1277;0.0;Equal;True;2024-08-07 12:47:14+00:00;False;250;95;6895;97dbd9b37a39d2279141f4120f6d95bb2700b6d3;18;wolf@thunderbird.net;wolf@thunderbird.net
MessageList.kt;MODIFY;1277;0.0;Equal;True;2024-08-07 12:47:14+00:00;False;250;95;6895;19ee10e0115dda392732b6967000ea62ea113cfc;53;wolf@thunderbird.net;wolf@thunderbird.net
MessageList.kt;MODIFY;1278;1.0;Grew;True;2024-08-07 15:54:13+00:00;False;250;95;6909;db3cabec9c9ff353729305174915f6601251288d;129;wolf@thunderbird.net;wolf@thunderbird.net
MessageList.kt;MODIFY;1288;10.0;Grew;True;2024-08-07 15:55:04+00:00;False;250;96;6986;e6bcd573a6d4f156ca4556aa9fd9ae276251140e;4;wolf@thunderbird.net;wolf@thunderbird.net
MessageList.kt;MODIFY;1288;0.0;Equal;True;2024-08-07 15:55:04+00:00;False;250;96;6988;9633fdd140733fc13709c941afefe765bf9f34df;5;wolf@thunderbird.net;wolf@thunderbird.net
MessageList.kt;MODIFY;1278;-10.0;Decreased;True;2024-08-07 15:55:04+00:00;False;250;95;6909;d0b1cacb18779f4655821b2f6f780d3eab0c1152;2;wolf@thunderbird.net;wolf@thunderbird.net
MessageList.kt;MODIFY;1288;10.0;Grew;True;2024-08-07 15:55:04+00:00;False;250;96;6988;36330788f516ab2a741447700624ab33da825845;2;wolf@thunderbird.net;wolf@thunderbird.net
MessageList.kt;MODIFY;1289;1.0;Grew;True;2024-08-07 15:55:05+00:00;False;250;96;7000;ba8b457ec697c4fb01af994a90f6ee6711c6f80b;3;wolf@thunderbird.net;wolf@thunderbird.net
MessageList.kt;MODIFY;1301;12.0;Grew;True;2024-08-08 13:40:42+00:00;False;252;97;7063;1727dd2a2d7b20b7b4191b0a74ed942d88193db5;3;wolf@thunderbird.net;wolf@thunderbird.net
MessageList.kt;MODIFY;1307;6.0;Grew;True;2024-09-06 13:57:21+00:00;False;253;98;7091;bf4deaf79ee904a85f338ac73584f6078ec1ba30;4;wolf@thunderbird.net;wolf@thunderbird.net
MessageList.kt;MODIFY;1309;2.0;Grew;True;2024-09-13 15:12:54+00:00;False;253;98;7110;937bb3da225c1f0e9670a67a924b80ae9a06d264;10;wolf@thunderbird.net;wolf@thunderbird.net
MessageList.kt;MODIFY;1310;1.0;Grew;True;2024-09-13 15:21:14+00:00;False;254;99;7122;b8c745720849479772b96f26b1e6aa607a5baaff;7;wolf@thunderbird.net;wolf@thunderbird.net
MessageList.kt;MODIFY;1312;2.0;Grew;True;2024-09-18 13:46:54+00:00;False;254;99;7141;2a6193721e9f296df6551792a42615c3fb5edc82;19;wolf@thunderbird.net;wolf@thunderbird.net
MessageList.kt;MODIFY;1313;1.0;Grew;True;2024-09-23 12:35:49+00:00;False;254;99;7149;7bfd1f3d78feccde361df8ecafa5bfb6da4df2a4;12;wolf@thunderbird.net;wolf@thunderbird.net
MessageList.kt;MODIFY;1313;0.0;Equal;True;2024-09-27 15:55:07+00:00;False;254;99;7156;6d6059d4982d957be10e2dbc53dcfbe30440ef00;17;wolf@thunderbird.net;wolf@thunderbird.net
MessageList.kt;MODIFY;1314;1.0;Grew;True;2024-10-01 13:01:54+00:00;False;254;99;7170;ecb8b019f582f49cf3ed0fd9108697f53282f00f;7;wolf@thunderbird.net;wolf@thunderbird.net
MessageList.kt;MODIFY;1288;-26.0;Decreased;True;2024-10-16 10:29:10+00:00;False;252;97;6976;1657c91df9e4143255bb2cab83bcbfca6c493d70;35;wolf@thunderbird.net;wolf@thunderbird.net
MessageList.kt;MODIFY;1299;11.0;Grew;True;2024-10-28 20:55:31+00:00;False;253;98;7030;2e75a7a645766311d81658a5c83dd45bc9a26793;26;cketti@thunderbird.net;wolf@thunderbird.net
MessageList.kt;MODIFY;1298;-1.0;Decreased;True;2024-11-11 15:40:42+00:00;False;254;98;7029;2177b2a954514df660c9d3cb4bc0433d51acce0d;6;wolf@thunderbird.net;wolf@thunderbird.net
