file_name;change_type;n_loc;lines_balance;size_change;is_large;date;swapped_classification;complexity;methods;tokens;hash;files_on_commit;committer_email;author_email
config.rs;RENAME;2117;0.0;Grew;True;2024-08-27 21:42:30+00:00;True;28;22;8109;36eee37220cff34a1fab35791dcd0775ae86ec7c;859;noreply@github.com;amr.bashir2015@gmail.com
config.rs;MODIFY;2117;0.0;Grew;True;2024-08-29 18:41:40+00:00;False;28;22;8109;5ec74456b9ae45eaa63e225856de1b7eb83abe6f;7;noreply@github.com;lucas@tauri.app
config.rs;MODIFY;2116;-1.0;Decreased;True;2024-09-10 13:08:04+00:00;False;28;22;8108;0a47bf04302ca8502d3da21b3bc27818720fe34a;5;noreply@github.com;fabianlars@fabianlars.de
config.rs;MODIFY;2116;0.0;Equal;True;2024-09-12 17:36:48+00:00;False;28;22;8108;9d468774a94b5f5210a3012db2e58dbfab4755f4;7;noreply@github.com;fabianlars@fabianlars.de
config.rs;MODIFY;2116;0.0;Equal;True;2024-09-12 20:39:08+00:00;False;28;22;8108;c901d9fdf932bf7c3c77e9d3097fabb1fe0712af;1;noreply@github.com;lucas@tauri.app
config.rs;MODIFY;2116;0.0;Equal;True;2024-09-13 11:58:26+00:00;False;28;22;8108;63649d82d20b8f69d973b41bd0c157997770d6a0;18;noreply@github.com;amr.bashir2015@gmail.com
config.rs;MODIFY;2120;4.0;Grew;True;2024-09-15 10:51:01+00:00;False;28;22;8133;35bd9dd3dc3d8972bbc4aa5f4a6c6fa14354e9bf;32;noreply@github.com;amr.bashir2015@gmail.com
config.rs;MODIFY;2125;5.0;Grew;True;2024-09-16 20:03:25+00:00;False;28;22;8153;ad294d274dd81d2ef91ed73af9163b6e9b8eb964;6;noreply@github.com;amr.bashir2015@gmail.com
config.rs;MODIFY;2125;0.0;Equal;True;2024-09-18 14:00:27+00:00;False;28;22;8153;fbff6388ad6e3fcc450f262125823bdc3861ed6a;39;noreply@github.com;amr.bashir2015@gmail.com
config.rs;MODIFY;2130;5.0;Grew;True;2024-09-19 15:46:23+00:00;False;28;22;8172;a247170e1f620a9b012274b11cfe51e90327d6e9;10;noreply@github.com;25207995+SpikeHD@users.noreply.github.com
config.rs;MODIFY;2132;2.0;Grew;True;2024-09-20 11:44:41+00:00;False;28;22;8183;f57a729cd8f7e10d8daf0b9d5b85f9c7ad530496;14;noreply@github.com;amr.bashir2015@gmail.com
config.rs;MODIFY;2132;0.0;Equal;True;2024-09-24 11:09:00+00:00;False;28;22;8183;e08c4e6888a4dc087297526e90b34ca1e338f6cc;21;noreply@github.com;112912081+tillmann-crabnebula@users.noreply.github.com
config.rs;MODIFY;2133;1.0;Grew;True;2024-10-17 15:37:15+00:00;False;28;22;8191;c8f55b615d2d98ade5c0f1896139dc283382a176;7;noreply@github.com;amr.bashir2015@gmail.com
config.rs;MODIFY;2136;3.0;Grew;True;2024-10-21 18:38:14+00:00;False;28;22;8217;6dea12a0677a905cb1f14969fe05c53e7cd717c6;8;noreply@github.com;amr.bashir2015@gmail.com
config.rs;MODIFY;2157;21.0;Grew;True;2024-11-05 12:08:08+00:00;False;28;22;8272;058c0db72f43fbe1574d0db654560e693755cd7e;8;noreply@github.com;amr.bashir2015@gmail.com
config.rs;MODIFY;2162;5.0;Grew;True;2024-11-05 12:48:59+00:00;False;28;22;8291;f37e97d410c4a219e99f97692da05ca9d8e0ba3a;22;noreply@github.com;amr.bashir2015@gmail.com
config.rs;MODIFY;2166;4.0;Grew;True;2024-11-05 18:18:47+00:00;False;28;22;8319;2a75c64b5431284e7340e8743d4ea56a62c75466;11;noreply@github.com;amr.bashir2015@gmail.com
config.rs;MODIFY;2170;4.0;Grew;True;2024-11-05 19:00:48+00:00;False;28;22;8347;cbc095ec5fe7de29b5c9265576d4e071ec159c1c;11;noreply@github.com;amr.bashir2015@gmail.com
config.rs;MODIFY;2325;155.0;Grew;True;2024-11-06 14:16:46+00:00;False;28;22;9526;fabc2f283e38b62c721326e44645d47138418cbc;10;noreply@github.com;168634234+39zde@users.noreply.github.com
config.rs;MODIFY;2462;137.0;Grew;True;2024-11-06 16:21:47+00:00;False;28;22;10365;4d545ab3ca228c8a21b966b709f84a0da2864479;26;noreply@github.com;amr.bashir2015@gmail.com
config.rs;MODIFY;2468;6.0;Grew;True;2024-11-21 12:50:41+00:00;False;28;22;10382;fc30b20bea125f647db00ca824663f8e1da4d61f;19;noreply@github.com;amr.bashir2015@gmail.com
config.rs;MODIFY;2470;2.0;Equal;True;2024-12-02 23:36:06+00:00;False;28;22;10154;882b0aded16bb3dd44e3233d1ec56c33f1d830a7;13;noreply@github.com;github@fabianlars.de
