file_name;change_type;n_loc;lines_balance;size_change;is_large;date;swapped_classification;complexity;methods;tokens;hash;files_on_commit;committer_email;author_email
rust.rs;RENAME;1604;0.0;Equal;True;2024-08-27 21:42:30+00:00;True;14;6;2866;36eee37220cff34a1fab35791dcd0775ae86ec7c;859;noreply@github.com;amr.bashir2015@gmail.com
rust.rs;MODIFY;1602;-2.0;Decreased;True;2024-09-15 10:51:01+00:00;False;13;6;2883;35bd9dd3dc3d8972bbc4aa5f4a6c6fa14354e9bf;32;noreply@github.com;amr.bashir2015@gmail.com
rust.rs;MODIFY;1625;23.0;Grew;True;2024-09-15 14:21:31+00:00;False;13;6;2883;5a0e922d40dc3b7d9a8e3a65ccaf76d09f026cb8;2;noreply@github.com;lucas@tauri.app
rust.rs;MODIFY;1622;-3.0;Decreased;True;2024-09-15 19:30:47+00:00;False;13;6;2883;94e9d476ef506b1b8c09f55b81620c7839f98086;5;noreply@github.com;amr.bashir2015@gmail.com
rust.rs;MODIFY;1626;4.0;Grew;True;2024-09-20 10:31:51+00:00;False;16;6;2910;b88e22a5fe4e2e4376d6cad64d1e74d104ca8927;2;noreply@github.com;fabianlars@fabianlars.de
rust.rs;MODIFY;1626;0.0;Decreased;True;2024-09-24 13:51:36+00:00;False;15;6;2921;4078923f6b501f34eb880da014793bef533d5999;1;noreply@github.com;fabianlars@fabianlars.de
rust.rs;MODIFY;1614;-12.0;Decreased;True;2024-10-12 02:23:55+00:00;False;15;6;2921;069c05e44fd6f30083fdc00dd6c0001278898592;4;noreply@github.com;amr.bashir2015@gmail.com
rust.rs;MODIFY;1616;2.0;Grew;True;2024-10-21 18:38:14+00:00;False;15;6;2921;6dea12a0677a905cb1f14969fe05c53e7cd717c6;8;noreply@github.com;amr.bashir2015@gmail.com
rust.rs;MODIFY;1623;7.0;Grew;True;2024-10-27 20:55:23+00:00;False;15;6;2921;ac22950f39eb8bc0556823472c68bf250d3bd684;15;noreply@github.com;138017+regexident@users.noreply.github.com
rust.rs;MODIFY;1624;1.0;Grew;True;2024-11-05 12:08:08+00:00;False;15;6;2921;058c0db72f43fbe1574d0db654560e693755cd7e;8;noreply@github.com;amr.bashir2015@gmail.com
rust.rs;MODIFY;1654;30.0;Grew;True;2024-11-28 02:52:24+00:00;False;15;6;2921;d6bed20a0e326d7d4a7488a719fedfd89f11fb4e;6;noreply@github.com;github@fabianlars.de
rust.rs;MODIFY;1654;0.0;Equal;True;2024-12-02 23:36:06+00:00;False;15;6;2921;882b0aded16bb3dd44e3233d1ec56c33f1d830a7;13;noreply@github.com;github@fabianlars.de
rust.rs;MODIFY;1655;1.0;Grew;True;2024-12-05 10:38:06+00:00;False;15;6;2934;2b8a981050df94967fe5963fbdc77c07b52e02e7;6;noreply@github.com;github@fabianlars.de
