file_name;change_type;n_loc;lines_balance;size_change;is_large;date;swapped_classification;complexity;methods;tokens;hash;files_on_commit;committer_email;author_email
analyze_test.go;MODIFY;2772;0.0;Decreased;True;2023-11-02 10:00:39+00:00;True;182;110;26808;c3282e37fc4f39545402b4d0ca3654e4a1494130;30;noreply@github.com;mohangjie1995@gmail.com
analyze_test.go;MODIFY;2785;13.0;Grew;True;2023-11-06 15:02:11+00:00;False;184;112;26905;11695f26ef41e02a32f0114ac622f54f0bed3517;3;noreply@github.com;wangweizhen@pingcap.com
analyze_test.go;MODIFY;2772;-13.0;Decreased;True;2023-11-08 13:38:11+00:00;False;182;110;26808;92f071afeb7b0b0e8ddadb877464f106015455ab;6;noreply@github.com;wangweizhen@pingcap.com
analyze_test.go;MODIFY;2772;0.0;Equal;True;2023-12-28 04:11:06+00:00;False;182;110;26793;3b41717afc3bb732429545b7825b51ed09b7baff;8;noreply@github.com;rustin.liu@gmail.com
analyze_test.go;MODIFY;2773;1.0;Grew;True;2024-01-02 09:26:01+00:00;False;182;110;26793;2d7d83d297aab0e365298534d8835ad96bfbdffa;5;noreply@github.com;25057648+time-and-fate@users.noreply.github.com
analyze_test.go;MODIFY;2773;0.0;Equal;True;2024-01-05 06:51:34+00:00;False;182;110;26793;bf166d9c5d4b3162c29f204b33749da7e4230d8f;11;noreply@github.com;25057648+time-and-fate@users.noreply.github.com
analyze_test.go;MODIFY;2773;0.0;Equal;True;2024-01-11 03:31:55+00:00;False;182;110;26793;e3bd0df35d38d13c1e58609cff77f84237a00a7c;7;noreply@github.com;yangkeao@chunibyo.icu
analyze_test.go;MODIFY;2773;0.0;Equal;True;2024-01-29 07:21:29+00:00;False;182;110;26749;51e1e13494f5e547be10601a302d6cb9cf88ae64;503;noreply@github.com;wangweizhen@pingcap.com
analyze_test.go;MODIFY;2773;0.0;Equal;True;2024-02-22 07:21:27+00:00;False;182;110;26749;671e9803402a490f364e7a8f76610c9fc68459db;22;noreply@github.com;rustin.liu@gmail.com
analyze_test.go;MODIFY;2773;0.0;Equal;True;2024-03-11 08:06:38+00:00;False;182;110;26754;caf83ed93010bd5bb9c99e29d586ce5a81a478c0;18;noreply@github.com;winoros@gmail.com
analyze_test.go;MODIFY;2773;0.0;Equal;True;2024-03-11 11:26:11+00:00;False;182;110;26758;715399f321c011f863d71b49cd1acab7575b4fb5;1;noreply@github.com;wangweizhen@pingcap.com
analyze_test.go;MODIFY;2779;6.0;Grew;True;2024-03-14 14:09:41+00:00;False;182;110;26853;0ed511a84b00e1c2731ea199763861a268bd58df;54;noreply@github.com;winoros@gmail.com
analyze_test.go;MODIFY;2779;0.0;Equal;True;2024-05-23 12:07:17+00:00;False;182;110;26853;100aa0504204dd7b69147e49675afce86154ff9f;3;noreply@github.com;rustin.liu@gmail.com
analyze_test.go;MODIFY;2779;0.0;Equal;True;2024-06-19 05:37:17+00:00;False;182;110;26853;8ee4897b3926632be4ca8a96944c898530748dcf;9;noreply@github.com;146148086+terry1purcell@users.noreply.github.com
analyze_test.go;MODIFY;2769;-10.0;Decreased;True;2024-06-28 10:57:01+00:00;False;182;112;26783;0d0fb4d19d7a20c6947cba8a2d2773f7b9f58737;7;noreply@github.com;rustin.liu@gmail.com
analyze_test.go;MODIFY;2768;-1.0;Decreased;True;2024-07-02 01:59:56+00:00;False;182;112;26782;91bf3323d6d113701db52e83377ede9aa474544a;1;noreply@github.com;winoros@gmail.com
analyze_test.go;MODIFY;2768;0.0;Equal;True;2024-07-03 10:59:57+00:00;False;182;112;26782;aeea03d21c6e5f0c74c480c4cb150de1dcaf3e86;7;noreply@github.com;rustin.liu@gmail.com
analyze_test.go;MODIFY;2783;15.0;Equal;True;2024-07-15 09:26:59+00:00;False;181;111;27176;06e0e17d98abbe3f88f82cee7746c0940384364f;34;noreply@github.com;tiancaiamao@gmail.com
analyze_test.go;MODIFY;2782;-1.0;Decreased;True;2024-07-26 01:36:06+00:00;False;181;111;27175;7e73ddc91b5f9f089e84f0dc645cf71a27b2ad50;20;noreply@github.com;wangweizhen@pingcap.com
analyze_test.go;MODIFY;2781;-1.0;Decreased;True;2024-08-07 09:30:40+00:00;False;181;111;27157;686f8bc383b8828e8d4b8257acb7ccd7ac2ef2c7;10;noreply@github.com;rustin.liu@gmail.com
analyze_test.go;MODIFY;2789;8.0;Grew;True;2024-08-19 07:04:41+00:00;False;182;112;27210;db54a3bb273f36021f7dbc9aee5b6a3b3dace08a;3;noreply@github.com;wangweizhen@pingcap.com
analyze_test.go;MODIFY;2789;0.0;Equal;True;2024-09-30 02:14:39+00:00;False;182;112;27300;bb9f4d185eb964b97cae845dd607ea0bd42ff375;22;noreply@github.com;wangweizhen@pingcap.com
analyze_test.go;MODIFY;2790;1.0;Grew;True;2024-11-12 14:38:50+00:00;False;182;112;27302;5caa238b83c34736130d0b92c3a226e299e48880;17;noreply@github.com;winoros@gmail.com
analyze_test.go;MODIFY;2794;4.0;Grew;True;2024-12-13 10:44:06+00:00;False;182;112;27295;27b53925b292a351d5f17c6b1d1e6fab9ae8d934;58;noreply@github.com;tech@rustin.me
