file_name;change_type;n_loc;lines_balance;size_change;is_large;date;swapped_classification;complexity;methods;tokens;hash;files_on_commit;committer_email;author_email
ddl.go;MODIFY;4095;0.0;Equal;True;2023-10-30 07:59:06+00:00;True;1008;145;21695;f9f6bb35c2e43d4a0e0a86bf03946e0d92ddbb68;4;noreply@github.com;jiyfhust@163.com
ddl.go;MODIFY;4103;8.0;Grew;True;2023-11-17 12:17:18+00:00;False;1010;145;21732;6b3df662ca55342339513c12aaa084091a554789;9;noreply@github.com;97348524+BornChanger@users.noreply.github.com
ddl.go;MODIFY;4133;30.0;Grew;True;2023-12-07 13:43:21+00:00;False;1017;147;21898;d9b43dfcb1e831df590938fcd437749665e91c53;7;noreply@github.com;umarbatalov@gmail.com
ddl.go;MODIFY;4145;12.0;Grew;True;2024-04-28 08:34:27+00:00;False;1021;147;21955;66ba419636ce958e0e904a0c4c0fa228bd691cc2;10;noreply@github.com;1004626265@qq.com
ddl.go;MODIFY;4176;31.0;Grew;True;2024-07-25 04:58:34+00:00;False;1026;151;22105;98b785872c728591b492e3625e61750915acceaa;8;noreply@github.com;ghzpotato@gmail.com
ddl.go;MODIFY;4180;4.0;Grew;True;2024-07-26 09:17:26+00:00;False;1027;151;22120;0dff610398cc4f7e4bf1419813771833f37afeb1;13;noreply@github.com;jinhao.hu@pingcap.com
ddl.go;MODIFY;4225;45.0;Grew;True;2024-08-09 09:54:42+00:00;False;1043;153;22326;e1f2b77b72f07a900007f7556040d3b512a324c4;9;noreply@github.com;mjonss@users.noreply.github.com
ddl.go;MODIFY;4232;7.0;Grew;True;2024-09-04 16:59:43+00:00;False;1046;153;22403;c9baef45d40c1765203953ecb76c58f394c7b707;26;noreply@github.com;ghzpotato@gmail.com
ddl.go;MODIFY;4255;23.0;Grew;True;2024-09-24 07:31:41+00:00;False;1050;153;22491;19caf52fad6e90a1358ef976e7d1744f80e3c22f;35;noreply@github.com;jinhao.hu@pingcap.com
ddl.go;MODIFY;4261;6.0;Grew;True;2024-09-25 04:01:23+00:00;False;1051;153;22519;04608f499b41f5549ff6568222149cbe367b86fb;10;noreply@github.com;glorvs@163.com
ddl.go;MODIFY;4270;9.0;Grew;True;2024-09-30 03:06:28+00:00;False;1054;153;22551;6e8f27f9ce952cb402d2a4ecb9f5be6cd0aacf52;49;noreply@github.com;zimu_xia@126.com
ddl.go;MODIFY;4296;26.0;Grew;True;2024-12-18 05:01:39+00:00;False;1062;153;22711;177a03c8e51caf844491d8a93edda29295510e8d;18;noreply@github.com;tangenta@126.com
