file_name;change_type;n_loc;lines_balance;size_change;is_large;date;swapped_classification;complexity;methods;tokens;hash;files_on_commit;committer_email;author_email
expression_rewriter.go;RENAME;2187;0.0;Equal;True;2023-10-13 14:36:26+00:00;True;60;18;18199;318e82bbb791bfc2c74ecbb4f89666e072e9803b;4495;noreply@github.com;bb7133@gmail.com
expression_rewriter.go;MODIFY;2190;3.0;Grew;True;2023-11-08 16:41:12+00:00;False;60;18;18214;184aa7e3c35322eec3c8e645d661b657b1e59c4e;4;noreply@github.com;zhangyuanjia@pingcap.com
expression_rewriter.go;MODIFY;2190;0.0;Equal;True;2023-11-14 12:38:16+00:00;False;60;18;18216;625dc4e3cd5d7ebaba592e6a3b8a5697cb28194a;58;noreply@github.com;cclcwangchao@hotmail.com
expression_rewriter.go;MODIFY;2190;0.0;Equal;True;2023-11-22 05:29:40+00:00;False;60;18;18218;90628349860718bb84c94fe7dc1e1f9bd9da4348;70;noreply@github.com;cclcwangchao@hotmail.com
expression_rewriter.go;MODIFY;2184;-6.0;Decreased;True;2023-12-13 12:12:27+00:00;False;60;18;18195;e14f66f2860b583479a1f00df40d1fc7163c97bc;78;noreply@github.com;cclcwangchao@hotmail.com
expression_rewriter.go;MODIFY;2184;0.0;Equal;True;2023-12-14 08:13:50+00:00;False;60;18;18195;6aea95e2230d713437183a6c645c9bb1bdedcbb5;24;noreply@github.com;314806019@qq.com
expression_rewriter.go;MODIFY;2184;0.0;Equal;True;2023-12-21 10:42:50+00:00;False;60;18;18205;3a8b5ac2b02dbf2cb1b562b0555fda7227d7e453;19;noreply@github.com;zhangyuanjia@pingcap.com
expression_rewriter.go;MODIFY;2184;0.0;Equal;True;2023-12-22 06:18:45+00:00;False;60;18;18205;ebd259c6a7e19f1930373149ef53f37bc3f25d80;32;noreply@github.com;zhangyuanjia@pingcap.com
expression_rewriter.go;MODIFY;2184;0.0;Equal;True;2023-12-26 07:28:58+00:00;False;60;18;18205;bca554aa82f9571966f936eebb83077308cd3822;57;noreply@github.com;wangweizhen@pingcap.com
expression_rewriter.go;MODIFY;2220;36.0;Grew;True;2024-01-12 02:45:26+00:00;False;61;18;18405;1c4b27ccb482c4a86a1c2e12e7434adfb61ea26a;2;noreply@github.com;cclcwangchao@hotmail.com
expression_rewriter.go;MODIFY;2220;0.0;Equal;True;2024-01-19 05:34:47+00:00;False;61;18;18405;bfa10bdc18a81bbfcfaeb590952119a061ae175e;10;noreply@github.com;wangweizhen@pingcap.com
expression_rewriter.go;MODIFY;2362;142.0;Grew;True;2024-01-23 08:24:21+00:00;False;91;29;19412;bc451d9f2ebe0ba0b91ef7826b6b4d1d0d25b8d8;6;noreply@github.com;cclcwangchao@hotmail.com
expression_rewriter.go;MODIFY;2362;0.0;Equal;True;2024-01-24 11:27:21+00:00;False;91;29;19412;230e1d07b6a89c97e4be14c1755b02df6693fb5a;8;noreply@github.com;wangweizhen@pingcap.com
expression_rewriter.go;MODIFY;2362;0.0;Equal;True;2024-01-25 08:03:21+00:00;False;91;29;19412;f94e3314750e95d283b661704c58286885b3da13;11;noreply@github.com;zhangyuanjia@pingcap.com
expression_rewriter.go;MODIFY;2376;14.0;Grew;True;2024-01-26 04:16:50+00:00;False;94;30;19522;de177d85b19e949a07e9a974204fbab1f4ff75ee;7;noreply@github.com;cclcwangchao@hotmail.com
expression_rewriter.go;MODIFY;2377;1.0;Grew;True;2024-01-26 09:42:21+00:00;False;94;30;19536;9416934ea3fd99e02c7c383de277883f864c147e;111;noreply@github.com;wangweizhen@pingcap.com
expression_rewriter.go;MODIFY;2377;0.0;Equal;True;2024-01-26 10:24:20+00:00;False;94;30;19538;f72e1d966ce316f6f8b391d8f3e328210f04c56f;3;noreply@github.com;wangweizhen@pingcap.com
expression_rewriter.go;MODIFY;2380;3.0;Grew;True;2024-01-29 04:33:22+00:00;False;94;30;19559;1760a26d3015e8c5f069101b60d9bcfeeab025da;7;noreply@github.com;wangweizhen@pingcap.com
expression_rewriter.go;MODIFY;2380;0.0;Equal;True;2024-01-29 07:21:29+00:00;False;94;30;19543;51e1e13494f5e547be10601a302d6cb9cf88ae64;503;noreply@github.com;wangweizhen@pingcap.com
expression_rewriter.go;MODIFY;2380;0.0;Equal;True;2024-01-29 11:27:22+00:00;False;94;30;19543;ff050bb14313c7e954205c324ae9c57abd2cd835;34;noreply@github.com;cclcwangchao@hotmail.com
expression_rewriter.go;MODIFY;2403;23.0;Grew;True;2024-02-07 03:05:45+00:00;False;101;31;19680;526d7382071eea43bd2c3f44b8c675e96aae8f7b;32;noreply@github.com;cclcwangchao@hotmail.com
expression_rewriter.go;MODIFY;2403;0.0;Equal;True;2024-02-08 10:35:47+00:00;False;101;31;19678;ee1864460f78c4894e7c60567306b005fe8453a0;88;noreply@github.com;cclcwangchao@hotmail.com
expression_rewriter.go;MODIFY;2402;-1.0;Decreased;True;2024-02-21 10:49:57+00:00;False;101;31;19673;1ee58bf15bb4cbbadb740fff32612159577c4111;44;noreply@github.com;cclcwangchao@hotmail.com
expression_rewriter.go;MODIFY;2399;-3.0;Decreased;True;2024-02-22 11:48:26+00:00;False;101;31;19638;3d1708f80cc5f792fac3ac014786b84b578dfc8b;70;noreply@github.com;bb7133@gmail.com
expression_rewriter.go;MODIFY;2401;2.0;Grew;True;2024-02-28 11:03:31+00:00;False;101;31;19676;f1410bf2a8d2d462903de244409ac896f0f3056b;55;noreply@github.com;cclcwangchao@hotmail.com
expression_rewriter.go;MODIFY;2399;-2.0;Decreased;True;2024-03-25 10:24:47+00:00;False;101;31;19642;639fa0073f8cf753c240f131eb787ecaa94eb4ce;33;noreply@github.com;cclcwangchao@hotmail.com
expression_rewriter.go;MODIFY;2399;0.0;Equal;True;2024-03-26 10:20:17+00:00;False;101;31;19642;bd17acde8cc3684a349d208ff8f4ee2ac6fef1ba;22;noreply@github.com;cclcwangchao@hotmail.com
expression_rewriter.go;MODIFY;2399;0.0;Equal;True;2024-04-03 09:42:24+00:00;False;101;31;19654;482ce59bf6fa0e5a0e696bde7b391248cebd85da;105;noreply@github.com;cclcwangchao@hotmail.com
expression_rewriter.go;MODIFY;2400;1.0;Grew;True;2024-04-09 02:39:20+00:00;False;101;31;19637;1905e8973cd737c5fc4b9c91352519b8c584abf9;50;noreply@github.com;cclcwangchao@hotmail.com
expression_rewriter.go;MODIFY;2401;1.0;Grew;True;2024-04-15 10:51:06+00:00;False;101;31;19646;5aa48d828459b46b6576a988c390cc4d95de1253;113;noreply@github.com;314806019@qq.com
expression_rewriter.go;MODIFY;2401;0.0;Equal;True;2024-04-17 10:52:37+00:00;False;101;31;19650;4ab889cd6ae9f66ab8a1c10b5c6bb1e6e1989c6b;8;noreply@github.com;cclcwangchao@hotmail.com
expression_rewriter.go;MODIFY;2401;0.0;Equal;True;2024-04-23 07:36:10+00:00;False;101;31;19686;b1baf4d64272e9bfe4becff8bc84bb3c665932a3;79;noreply@github.com;314806019@qq.com
expression_rewriter.go;MODIFY;2402;1.0;Grew;True;2024-04-23 10:25:40+00:00;False;101;31;19687;a74d9a74c6a4b805937de1fb9ef4fcd5eff40e68;20;noreply@github.com;zhangyuanjia@pingcap.com
expression_rewriter.go;MODIFY;2405;3.0;Grew;True;2024-04-23 16:45:11+00:00;False;101;31;19697;cf5c68e55587c29d13957ea9db26073f2f7aaf53;4;noreply@github.com;huangwenjun1997@gmail.com
expression_rewriter.go;MODIFY;2405;0.0;Equal;True;2024-04-24 04:21:10+00:00;False;101;31;19699;6eac86171c7574c7fc8a8cbc9d674f1bc973b274;7;noreply@github.com;cclcwangchao@hotmail.com
expression_rewriter.go;MODIFY;2406;1.0;Grew;True;2024-04-25 08:10:43+00:00;False;101;31;19712;e8c397ff93ff55da30e553b77bd1a25f6b841510;50;noreply@github.com;314806019@qq.com
expression_rewriter.go;MODIFY;2403;-3.0;Decreased;True;2024-05-14 08:28:12+00:00;False;101;31;19690;98e5cfbd1c5e4c60b4ad2178c585dd031ca7153e;4;noreply@github.com;wangweizhen@pingcap.com
expression_rewriter.go;MODIFY;2403;0.0;Equal;True;2024-06-03 09:39:01+00:00;False;101;31;20124;5e6df4eeb18b8ca71e35ac980fab27ca6376da1d;146;noreply@github.com;yangkeao@chunibyo.icu
expression_rewriter.go;MODIFY;2403;0.0;Equal;True;2024-06-14 07:40:14+00:00;False;101;31;20129;29fc940ae4ea01482088994e14777c9765f913f7;11;noreply@github.com;glorvs@163.com
expression_rewriter.go;MODIFY;2405;2.0;Grew;True;2024-06-20 07:13:19+00:00;False;101;31;20171;998dd296f3a6e2bbb3692b1d411790f2fa1d2f39;35;noreply@github.com;314806019@qq.com
expression_rewriter.go;MODIFY;2410;5.0;Grew;True;2024-06-20 11:02:48+00:00;False;104;31;20140;805ea36cf7a9983bb97f9545d1c547e95a7c157f;6;noreply@github.com;111482174+elsa0520@users.noreply.github.com
expression_rewriter.go;MODIFY;2410;0.0;Equal;True;2024-06-20 15:19:18+00:00;False;104;31;20140;4f3aba8b1528d7fd57264f3172ad0927f251bda2;10;noreply@github.com;314806019@qq.com
expression_rewriter.go;MODIFY;2410;0.0;Equal;True;2024-07-03 07:44:58+00:00;False;104;31;20147;5909899601111d821a4f24697300270ea8c1d3b6;89;noreply@github.com;yangkeao@chunibyo.icu
expression_rewriter.go;MODIFY;2411;1.0;Grew;True;2024-07-03 07:45:05+00:00;False;104;31;20142;95edc2dfae52c76eb37efa646a1cca23f854eb62;3;noreply@github.com;wangweizhen@pingcap.com
expression_rewriter.go;MODIFY;2411;0.0;Equal;True;2024-07-09 16:04:33+00:00;False;104;31;20148;f490a984384b032fbc41d8125fcbdd2035f38fe3;160;noreply@github.com;tiancaiamao@gmail.com
expression_rewriter.go;MODIFY;2411;0.0;Equal;True;2024-07-17 10:31:36+00:00;False;104;31;20148;af5e16c56f4e562a746fbe95f057b70344426614;4;noreply@github.com;314806019@qq.com
expression_rewriter.go;MODIFY;2411;0.0;Equal;True;2024-07-23 08:45:04+00:00;False;104;31;20152;f5ac1c4a453f9983355404b70cc10a9610353c03;81;noreply@github.com;wangweizhen@pingcap.com
expression_rewriter.go;MODIFY;2412;1.0;Grew;True;2024-07-24 11:13:55+00:00;False;104;31;20155;d6723ab552e55bfad24694a2f8a73dbc9b4fd5f5;21;noreply@github.com;314806019@qq.com
expression_rewriter.go;MODIFY;2412;0.0;Equal;True;2024-07-31 11:56:50+00:00;False;104;31;20159;a690a7750c355668ccbb429a6caf058e34ea0414;22;noreply@github.com;314806019@qq.com
expression_rewriter.go;MODIFY;2412;0.0;Equal;True;2024-08-01 05:10:27+00:00;False;104;31;20167;c97ac4628f25b1231a87546d108ac57f9d4341cb;42;noreply@github.com;314806019@qq.com
expression_rewriter.go;MODIFY;2412;0.0;Equal;True;2024-08-01 12:50:49+00:00;False;104;31;20171;fdcb2e4afe5db1779065aad116a5420fa5544e39;38;noreply@github.com;314806019@qq.com
expression_rewriter.go;MODIFY;2412;0.0;Equal;True;2024-08-12 05:42:01+00:00;False;104;31;20183;2abd334934cd307012ae07b80849999155efd2e1;86;noreply@github.com;314806019@qq.com
expression_rewriter.go;MODIFY;2412;0.0;Equal;True;2024-08-13 04:34:39+00:00;False;104;31;20193;fcc2f729455a1c65804cdfb34898c8a33a12a0cc;31;noreply@github.com;314806019@qq.com
expression_rewriter.go;MODIFY;2412;0.0;Equal;True;2024-08-15 05:13:11+00:00;False;104;31;20195;c74a2330c03faceb14b0ba081a4a93716964c9af;22;noreply@github.com;314806019@qq.com
expression_rewriter.go;MODIFY;2412;0.0;Equal;True;2024-08-19 04:42:11+00:00;False;104;31;20197;061d865ba19e7e571a0a9840152e50b626759be3;11;noreply@github.com;314806019@qq.com
expression_rewriter.go;MODIFY;2422;10.0;Grew;True;2024-08-19 07:04:41+00:00;False;104;31;20326;db54a3bb273f36021f7dbc9aee5b6a3b3dace08a;3;noreply@github.com;wangweizhen@pingcap.com
expression_rewriter.go;MODIFY;2423;1.0;Grew;True;2024-08-19 11:09:11+00:00;False;104;31;20335;509d1bd93b13667b3ba5ba9f68c9966463e188ba;8;noreply@github.com;cclcwangchao@hotmail.com
expression_rewriter.go;MODIFY;2424;1.0;Grew;True;2024-08-21 05:12:12+00:00;False;104;31;20344;0b6e2e68a47fdb23dfb5b6403d04a27e97d79e2e;32;noreply@github.com;314806019@qq.com
expression_rewriter.go;MODIFY;2444;20.0;Grew;True;2024-09-02 04:55:18+00:00;False;105;31;20503;dd64d25266f1dbc967e31d5728ab836b490ed707;9;noreply@github.com;cclcwangchao@hotmail.com
expression_rewriter.go;MODIFY;2445;1.0;Grew;True;2024-09-04 04:49:45+00:00;False;105;31;20505;3176b9c2635ba982931a2cdf7e3ec85dde314361;776;noreply@github.com;jujj603@gmail.com
expression_rewriter.go;MODIFY;2220;-225.0;Decreased;True;2024-09-06 07:03:37+00:00;False;105;31;18905;5dae1a3135e9cfb2fbba82add592aabb86fb0210;13;noreply@github.com;tangenta@126.com
expression_rewriter.go;MODIFY;2220;0.0;Equal;True;2024-09-09 09:48:24+00:00;False;105;31;18909;7d75f23fed0184ef20a681058c14e043f1c009d4;14;noreply@github.com;cclcwangchao@hotmail.com
expression_rewriter.go;MODIFY;2220;0.0;Equal;True;2024-09-10 10:25:23+00:00;False;105;31;18913;e0864c6cf1d6e1693a07532582f0c264d7408d75;13;noreply@github.com;mohangjie1995@gmail.com
expression_rewriter.go;MODIFY;2220;0.0;Equal;True;2024-09-19 07:11:03+00:00;False;105;31;18912;68fdf55d943df8ac9b7eb5681f1b3eb995124b6f;157;noreply@github.com;cclcwangchao@hotmail.com
expression_rewriter.go;MODIFY;2221;1.0;Grew;True;2024-10-09 10:36:24+00:00;False;105;31;18917;31d75bd9454accee05ec7c157e272c4003029219;3;noreply@github.com;314806019@qq.com
expression_rewriter.go;MODIFY;2225;4.0;Grew;True;2024-10-10 07:16:40+00:00;False;105;31;18956;0eccf7957b4ae4c370d1e6cb3f9c14aa16c196a1;3;noreply@github.com;35824102+dash12653@users.noreply.github.com
expression_rewriter.go;MODIFY;2225;0.0;Equal;True;2024-11-13 09:18:38+00:00;False;105;31;18956;2d9f82975bdfa8d2825ea1ef80fe7be782e8f404;4;noreply@github.com;xufeixw@mail.ustc.edu.cn
