file_name;change_type;n_loc;lines_balance;size_change;is_large;date;swapped_classification;complexity;methods;tokens;hash;files_on_commit;committer_email;author_email
integration_test.go;MODIFY;2715;0.0;Equal;True;2023-10-26 00:57:34+00:00;True;98;43;32757;3a3a7d1c3c221e59542f18871851e6fb58703d56;14;noreply@github.com;89894288+bagechengzi@users.noreply.github.com
integration_test.go;MODIFY;2460;-255.0;Decreased;True;2023-11-10 03:26:13+00:00;False;94;39;30432;5b05c0dba8cc2ce8d8b3503a44394b5cbb3c4df6;80;noreply@github.com;mohangjie1995@gmail.com
integration_test.go;MODIFY;2460;0.0;Equal;True;2023-11-20 13:53:40+00:00;False;94;39;30440;3d176fcc2c46ce977b34fae87bc07b39ef77bf6d;86;noreply@github.com;yangkeao@chunibyo.icu
integration_test.go;MODIFY;2459;-1.0;Decreased;True;2023-11-23 11:02:43+00:00;False;94;39;30429;7985dc4b4647b2ad65a1400fe8a80d653b3d02df;28;noreply@github.com;cclcwangchao@hotmail.com
integration_test.go;MODIFY;2467;8.0;Grew;True;2023-12-12 10:27:19+00:00;False;94;39;30553;4b1cccb38568a45b6ff0db3e457c8d7d7152dc21;2;noreply@github.com;8039876+AmoebaProtozoa@users.noreply.github.com
integration_test.go;MODIFY;2467;0.0;Equal;True;2023-12-12 11:06:19+00:00;False;94;39;30553;724b88b7b681c321319fa28d9a8c6bdd238e9f19;9;noreply@github.com;cclcwangchao@hotmail.com
integration_test.go;MODIFY;2467;0.0;Equal;True;2023-12-20 10:53:00+00:00;False;94;39;30553;a09faccd9a53ec8f0b4fdcc80fabdaacfcf3741f;9;noreply@github.com;mohangjie1995@gmail.com
integration_test.go;MODIFY;2468;1.0;Grew;True;2024-01-05 09:05:41+00:00;False;94;39;30563;6eea739d4c6e4fdf7e548711036a197ca84a17f2;24;noreply@github.com;tiancaiamao@gmail.com
integration_test.go;MODIFY;2463;-5.0;Decreased;True;2024-01-23 07:42:26+00:00;False;93;38;30516;dd85ed718a57c83358ab57247d6e163c05399986;26;noreply@github.com;cclcwangchao@hotmail.com
integration_test.go;MODIFY;2480;17.0;Grew;True;2024-02-29 12:08:02+00:00;False;94;39;30436;38ab23ba513f43b802df914bd4ce97ad1a3b85ba;5;noreply@github.com;rustin.liu@gmail.com
integration_test.go;MODIFY;2482;2.0;Grew;True;2024-03-25 14:27:46+00:00;False;94;39;30460;99ba63abf11e3b549ea5d6223f07da136b642320;7;noreply@github.com;tiancaiamao@gmail.com
integration_test.go;MODIFY;2483;1.0;Grew;True;2024-04-23 07:36:10+00:00;False;94;39;30461;b1baf4d64272e9bfe4becff8bc84bb3c665932a3;79;noreply@github.com;314806019@qq.com
integration_test.go;MODIFY;2511;28.0;Grew;True;2024-04-23 12:28:41+00:00;False;94;39;30891;09313090225382b3756f54438ea7bc53ae6bd937;2;noreply@github.com;tongzhigao@pingcap.com
integration_test.go;MODIFY;2552;41.0;Grew;True;2024-05-11 03:20:39+00:00;False;96;41;31281;6d92e7af94a2fe1dde6029ac2dbe32a2ba7b5dd8;7;noreply@github.com;7138436+3AceShowHand@users.noreply.github.com
integration_test.go;MODIFY;2506;-46.0;Decreased;True;2024-05-17 08:17:44+00:00;False;93;40;30972;958144274716dd41219dd94dbadef5310945253f;4;noreply@github.com;henry.babaweiss@pingcap.com
integration_test.go;MODIFY;2523;17.0;Grew;True;2024-06-27 08:31:30+00:00;False;94;41;31109;14ed0c0123103db1d9dba123c4387f84aa842b72;12;noreply@github.com;breezewish@outlook.com
integration_test.go;MODIFY;2524;1.0;Grew;True;2024-07-03 07:44:58+00:00;False;94;41;31120;5909899601111d821a4f24697300270ea8c1d3b6;89;noreply@github.com;yangkeao@chunibyo.icu
integration_test.go;MODIFY;2515;-9.0;Decreased;True;2024-08-12 05:42:01+00:00;False;90;41;31119;2abd334934cd307012ae07b80849999155efd2e1;86;noreply@github.com;314806019@qq.com
integration_test.go;MODIFY;2515;0.0;Equal;True;2024-08-16 07:58:11+00:00;False;90;41;31114;02526988cbc0627f8eb7a0c07f9f17b4c22f6056;22;noreply@github.com;wangweizhen@pingcap.com
integration_test.go;MODIFY;2906;391.0;Grew;True;2024-08-22 07:01:51+00:00;False;104;55;35361;48989e726f34aeb215059c1d1454915ed754e1f8;78;noreply@github.com;breezewish@outlook.com
integration_test.go;MODIFY;2908;2.0;Grew;True;2024-08-29 13:39:01+00:00;False;104;55;35367;4c23efb10b32318de7dbec7c9bec80b43b396c78;97;noreply@github.com;jujj603@gmail.com
integration_test.go;MODIFY;2931;23.0;Grew;True;2024-08-29 14:43:27+00:00;False;105;56;35601;eaa75a81d56471b602efa3f4ee19bc5345f2cdff;3;noreply@github.com;xzhangxian@foxmail.com
integration_test.go;MODIFY;2967;36.0;Grew;True;2024-09-06 07:03:37+00:00;False;106;57;35930;5dae1a3135e9cfb2fbba82add592aabb86fb0210;13;noreply@github.com;tangenta@126.com
integration_test.go;MODIFY;2967;0.0;Equal;True;2024-09-13 07:28:59+00:00;False;106;57;35930;027f01b7ef88e41fd982996b675ba1cad94f715b;17;noreply@github.com;36503113+Leavrth@users.noreply.github.com
integration_test.go;MODIFY;2967;0.0;Equal;True;2024-09-23 17:29:17+00:00;False;106;57;35930;8106d9304a99f0efd35b8b0be1af6f1fff498dc3;15;noreply@github.com;zhangyuanjia@pingcap.com
integration_test.go;MODIFY;3663;696.0;Grew;True;2024-09-26 12:12:53+00:00;False;34;3;21374;569767527d197ffbec989d665c34fff19c3df495;4;noreply@github.com;breezewish@outlook.com
integration_test.go;MODIFY;3673;10.0;Grew;True;2024-09-29 02:21:06+00:00;False;34;3;21467;dffc0c94296009fd820165635de407b338170a5f;4;noreply@github.com;tuziemon@hotmail.co.jp
integration_test.go;MODIFY;3735;62.0;Grew;True;2024-09-29 11:51:19+00:00;False;34;3;21540;65d740f5f84a1e3db86bb59339fc4ed2ed07b00c;9;noreply@github.com;110292382+EricZequan@users.noreply.github.com
integration_test.go;MODIFY;3735;0.0;Equal;True;2024-10-10 14:30:15+00:00;False;34;3;21546;7aefb084f340126878aa3c2ce3a4ada89cd9aed1;46;noreply@github.com;winoros@gmail.com
integration_test.go;MODIFY;3742;7.0;Grew;True;2024-10-22 10:33:21+00:00;False;34;3;21614;bff2203f34f8e1481f7f6fc491a24ff7a0f556bc;2;noreply@github.com;xzhangxian@foxmail.com
integration_test.go;MODIFY;3789;47.0;Grew;True;2024-11-13 06:11:23+00:00;False;34;3;21745;65281ad3073d9b627d1ecf6cee0b5994d23d6fa9;11;noreply@github.com;xufeixw@mail.ustc.edu.cn
integration_test.go;MODIFY;3300;-489.0;Decreased;True;2024-11-18 14:20:26+00:00;False;108;59;36714;e731f1bc5fbe15b31cf64986519a43239bf93c0f;5;noreply@github.com;huyibin@pingcap.cn
integration_test.go;MODIFY;3311;11.0;Grew;True;2024-11-19 11:03:39+00:00;False;109;60;36777;35d57396574e0560121b8b780331924a98c6724a;12;noreply@github.com;xufeixw@mail.ustc.edu.cn
integration_test.go;MODIFY;3311;0.0;Equal;True;2024-11-20 16:53:32+00:00;False;109;60;36777;2ff351db2530183342b4364bfde632d42460107c;7;noreply@github.com;xzhangxian@foxmail.com
