|File Name|Change Type|Local File PATH Old|Local File PATH New|Complexity|Methods|Tokens|Lines Of Code (nloc)|Lines Added|Lines Deleted
0|filter.c|MODIFY|net/core/filter.c|net/core/filter.c|2146|294|52685|8588|2|2
