file_name;change_type;n_loc;lines_balance;size_change;is_large;date;swapped_classification;complexity;methods;tokens;hash;files_on_commit;committer_email;author_email
MainActivity.kt;ADD;753;0.0;Equal;True;2018-08-16 01:32:30+00:00;True;23;14;4398;8dc88b0095fe086fe0375b26cdfbc3d8f9fe0203;275;afollestad@squareup.com;afollestad@squareup.com
MainActivity.kt;MODIFY;778;25.0;Grew;True;2018-08-19 22:01:38+00:00;False;25;14;4505;8a19688d8fde4cd7283ba9609c6fd6e81bff67e0;11;afollestad@squareup.com;afollestad@squareup.com
MainActivity.kt;MODIFY;784;6.0;Grew;True;2018-08-20 21:05:46+00:00;False;28;14;4523;2b5ad46cde884467990c2f5ba1538f3e641432a7;1;afollestad@squareup.com;afollestad@squareup.com
MainActivity.kt;MODIFY;770;-14.0;Decreased;True;2018-08-20 21:34:39+00:00;False;26;13;4462;a93f64b6b593b8f5dda4631b3d32c28fcca48874;4;afollestad@squareup.com;afollestad@squareup.com
MainActivity.kt;MODIFY;770;0.0;Equal;True;2018-08-23 18:38:10+00:00;False;26;13;4462;cda20b44d435c8585eb99200b185a3fbd6d25222;52;afollestad@squareup.com;afollestad@squareup.com
MainActivity.kt;MODIFY;770;0.0;Equal;True;2018-08-23 18:59:58+00:00;False;26;13;4462;311384206514143993056c1bdcc261afa8460c41;52;afollestad@squareup.com;afollestad@squareup.com
MainActivity.kt;MODIFY;775;5.0;Grew;True;2018-09-09 21:42:06+00:00;False;26;13;4526;92df60fae967def889d00c00474521aabb0c5436;8;afollestad@squareup.com;afollestad@squareup.com
MainActivity.kt;MODIFY;770;-5.0;Decreased;True;2018-09-09 21:45:47+00:00;False;26;13;4462;b3b9e82222f75346f20e731ab9d527e34b4ecc91;1;afollestad@squareup.com;afollestad@squareup.com
MainActivity.kt;MODIFY;771;1.0;Grew;True;2018-09-15 01:32:19+00:00;False;26;13;4477;a0329d8ba00581560bab0f8c40fd55e66548aa7a;3;afollestad@squareup.com;afollestad@squareup.com
MainActivity.kt;MODIFY;772;1.0;Grew;True;2018-09-15 23:50:53+00:00;False;26;13;4495;00ab139f084918e394dabd6747279900af4d3881;11;afollestad@squareup.com;afollestad@squareup.com
MainActivity.kt;MODIFY;770;-2.0;Decreased;True;2018-09-21 19:44:18+00:00;False;26;13;4481;13b016628fee0e71e117989300f98a235ee4f7fb;5;afollestad@squareup.com;afollestad@squareup.com
MainActivity.kt;MODIFY;770;0.0;Equal;True;2018-09-22 03:00:17+00:00;False;26;13;4479;3c97e48fd37827c7db96d47c6a4d38eea7e604c3;46;afollestad@squareup.com;afollestad@squareup.com
MainActivity.kt;MODIFY;732;-38.0;Decreased;True;2018-09-25 01:01:46+00:00;False;15;7;4311;ded238d8f3a969706dde0ed10f46de3f89d32172;4;afollestad@squareup.com;afollestad@squareup.com
MainActivity.kt;MODIFY;736;4.0;Grew;True;2018-09-26 21:22:58+00:00;False;15;7;4335;ec816983a33030994b392c6a4190629eed12e10e;1;afollestad@squareup.com;afollestad@squareup.com
MainActivity.kt;MODIFY;747;11.0;Grew;True;2018-10-12 19:15:53+00:00;False;15;7;4406;9793b5ad5fa1f655a4c79c7dc414ed932d23d5bf;21;afollestad@users.noreply.github.com;mflisar.development@gmail.com
MainActivity.kt;MODIFY;747;0.0;Equal;True;2018-10-12 19:25:38+00:00;False;15;7;4406;6ae673b3cff49bed8a8309f19d36953afa3f8b74;2;afollestad@squareup.com;afollestad@squareup.com
MainActivity.kt;MODIFY;747;0.0;Equal;True;2018-10-13 04:37:01+00:00;False;15;7;4406;1c3b82ff53b7fca1b932392946f6dff402b47d7d;2;afollestad@squareup.com;afollestad@squareup.com
MainActivity.kt;MODIFY;767;20.0;Grew;True;2018-10-13 04:57:42+00:00;False;15;7;4481;acc0d1f4d27ce1d035d997c5364500af6b2a2473;4;afollestad@squareup.com;afollestad@squareup.com
MainActivity.kt;MODIFY;769;2.0;Grew;True;2018-10-14 21:22:12+00:00;False;15;7;4497;9ed9aec143498c408eec6d7b58ca873a1108d01f;13;afollestad@squareup.com;afollestad@squareup.com
MainActivity.kt;MODIFY;783;14.0;Grew;True;2018-11-09 21:52:21+00:00;False;15;7;4568;b9aef16a1e3e9e507af75422fa1b40f1bfa53e98;6;afollestad@squareup.com;afollestad@squareup.com
MainActivity.kt;MODIFY;796;13.0;Grew;True;2018-11-20 06:42:08+00:00;False;15;7;4649;3051718598841557a1841b85195c5aa21d80f185;6;afollestad@squareup.com;afollestad@squareup.com
MainActivity.kt;MODIFY;796;0.0;Equal;True;2018-11-21 19:52:23+00:00;False;16;7;4653;8b9e02963cd218d35a9ad919269e9d7519088321;19;afollestad@squareup.com;afollestad@squareup.com
MainActivity.kt;MODIFY;796;0.0;Equal;True;2018-12-03 20:54:13+00:00;False;16;7;4653;3331a9cd836c531c9c335d97087aca3938dc877b;55;afollestad@squareup.com;afollestad@squareup.com
MainActivity.kt;MODIFY;794;-2.0;Decreased;True;2019-01-09 20:15:00+00:00;False;15;7;4635;ec343db216b701808dd36dd0c6b12e2f17b623d8;6;afollestad@squareup.com;afollestad@squareup.com
MainActivity.kt;MODIFY;801;7.0;Grew;True;2019-02-25 01:52:56+00:00;False;15;7;4661;714c7a41166970034661350344aef2254c855c12;3;afollestad@squareup.com;afollestad@squareup.com
MainActivity.kt;MODIFY;810;9.0;Grew;True;2019-03-16 07:46:47+00:00;False;15;7;4710;eeb332099b1c41617f27ca2dd9e1dc4355a64bdb;12;afollestad@squareup.com;afollestad@squareup.com
MainActivity.kt;MODIFY;834;24.0;Grew;True;2019-03-18 19:59:34+00:00;False;15;7;4845;f37d3e5f241bccfd52d179798555fbac2467201f;16;afollestad@users.noreply.github.com;guger.daniel@gmail.com
MainActivity.kt;MODIFY;836;2.0;Grew;True;2019-03-18 20:45:57+00:00;False;15;7;4845;b7ce43efa34a52f3e4433c1768d0056c491e8d85;12;afollestad@squareup.com;afollestad@squareup.com
MainActivity.kt;MODIFY;842;6.0;Grew;True;2019-03-18 23:25:51+00:00;False;15;7;4871;05d60e270f9e297787eca22210a273d56bad5162;4;afollestad@squareup.com;afollestad@squareup.com
MainActivity.kt;MODIFY;842;0.0;Equal;True;2019-03-19 21:09:51+00:00;False;15;7;4871;f5b11a7eed61a75a5b3e17cf57aa61b2290dc5c5;5;afollestad@squareup.com;afollestad@squareup.com
MainActivity.kt;MODIFY;844;2.0;Grew;True;2019-03-20 19:14:47+00:00;False;15;7;4877;add60e5a0e1be534b0d37095f31f9c7cd59bcc37;3;afollestad@squareup.com;afollestad@squareup.com
MainActivity.kt;MODIFY;854;10.0;Grew;True;2019-03-21 19:42:14+00:00;False;15;7;4940;f3720d847669c133b1cbc8ce9e9404c450528361;5;afollestad@squareup.com;afollestad@squareup.com
MainActivity.kt;MODIFY;847;-7.0;Decreased;True;2019-05-08 00:46:51+00:00;False;17;9;4952;b04bb2ac58fcf4da392b255d000fc599a1af3d46;68;afollestad@squareup.com;afollestad@squareup.com
MainActivity.kt;MODIFY;846;-1.0;Decreased;True;2019-05-19 20:33:43+00:00;False;17;9;4957;4e3b3ec2e2ecceec7eb8a9c882fcb1c8027f4ce4;19;afollestad@squareup.com;afollestad@squareup.com
MainActivity.kt;MODIFY;847;1.0;Grew;True;2019-05-19 23:28:15+00:00;False;17;9;4973;bb30d46e777e2c400470eee007339218c3744e92;12;afollestad@squareup.com;afollestad@squareup.com
MainActivity.kt;MODIFY;847;0.0;Equal;True;2019-06-15 17:57:50+00:00;False;17;9;4973;a0b856a3e1c03c75f3643f1bcb9162a4389a75dc;5;drummer.aidan@gmail.com;drummer.aidan@gmail.com
MainActivity.kt;MODIFY;901;54.0;Grew;True;2019-07-02 01:11:22+00:00;False;17;9;5301;d4d1de1cdc66220de7dcf96bcb6421b8a7cce3e5;3;drummer.aidan@gmail.com;drummer.aidan@gmail.com
MainActivity.kt;MODIFY;901;0.0;Equal;True;2019-07-02 18:16:40+00:00;False;17;9;5305;b993754ce2264986b331b968fa1e30d8608a9963;4;drummer.aidan@gmail.com;drummer.aidan@gmail.com
MainActivity.kt;MODIFY;901;0.0;Equal;True;2019-11-01 20:47:52+00:00;False;17;9;5334;ccb32177a73f764fbea7c61147c9883788c0b44d;8;afollestad@users.noreply.github.com;devmobile@vmadalin.com
MainActivity.kt;MODIFY;849;-52.0;Decreased;True;2019-12-04 19:45:44+00:00;False;18;10;4913;43e4e3b9f94ac211ab27e83a0df9d88d64728f7b;26;drummer.aidan@gmail.com;drummer.aidan@gmail.com
MainActivity.kt;MODIFY;862;13.0;Grew;True;2021-02-20 01:15:39+00:00;False;18;10;4992;02459491f21de15fe1db6f891f0a0a0aead25c2b;4;afollestad@squareup.com;shayansabahi94@gmail.com
