|File Name|Change Type|Local File PATH Old|Local File PATH New|Complexity|Methods|Tokens|Lines Of Code (nloc)|Lines Added|Lines Deleted
0|ptdump.c|MODIFY|mm/ptdump.c|mm/ptdump.c|26|8|753|100|2|2
