file_name;change_type;n_loc;lines_balance;size_change;is_large;date;swapped_classification;complexity;methods;tokens;hash;files_on_commit;committer_email;author_email
mpdecimal.c;ADD;5660;0.0;Equal;True;2012-03-21 17:25:23+00:00;True;1294;265;38318;1919b7e72bc43315b32f38a6f5f01e8c717907f4;71;skrah@bytereef.org;skrah@bytereef.org
mpdecimal.c;MODIFY;5660;0.0;Equal;True;2012-03-21 19:21:20+00:00;False;1294;265;38318;7cc5521d402316cd4faaa9442f323b3a946ad44b;6;skrah@bytereef.org;skrah@bytereef.org
mpdecimal.c;MODIFY;5660;0.0;Equal;True;2012-03-23 15:22:05+00:00;False;1294;265;38318;cd9e1d02055cb963e9707fbdfe76fe884ccff94a;2;skrah@bytereef.org;skrah@bytereef.org
mpdecimal.c;MODIFY;5658;-2.0;Decreased;True;2012-04-07 13:57:59+00:00;False;1294;265;38324;dc36efa3680e9aaffcffb018c43359c9a75b6c61;1;skrah@bytereef.org;skrah@bytereef.org
mpdecimal.c;MODIFY;5663;5.0;Grew;True;2012-04-09 18:47:57+00:00;False;1294;265;38360;f69aef747a9a98eb130ed2e3b813ea4dfbfa1ae3;1;skrah@bytereef.org;skrah@bytereef.org
mpdecimal.c;MODIFY;5663;0.0;Equal;True;2012-04-10 21:08:29+00:00;False;1294;265;38360;7b544ca08d6daa4d0b30aee6fab9a5f71540adaa;1;skrah@bytereef.org;skrah@bytereef.org
mpdecimal.c;MODIFY;5663;0.0;Equal;True;2012-04-10 21:11:54+00:00;False;1294;265;38360;ec766a61795a21015ba5b95c106f1c2b089b3ff0;2;skrah@bytereef.org;skrah@bytereef.org
mpdecimal.c;MODIFY;5664;1.0;Grew;True;2012-04-18 15:48:34+00:00;False;1294;265;38366;140893cbaa086e0bcef9c47c11eaddd3015089c5;1;skrah@bytereef.org;skrah@bytereef.org
mpdecimal.c;MODIFY;5664;0.0;Equal;True;2012-04-18 15:57:56+00:00;False;1294;265;38370;6369f77d2006d878cd5e360d9b41c0a85fe74403;1;skrah@bytereef.org;skrah@bytereef.org
mpdecimal.c;MODIFY;5664;0.0;Equal;True;2012-04-18 16:08:20+00:00;False;1294;265;38370;aecaf0b663d53047f039cca2776cddee66df892e;1;skrah@bytereef.org;skrah@bytereef.org
mpdecimal.c;MODIFY;5663;-1.0;Decreased;True;2012-04-18 16:25:37+00:00;False;1294;265;38361;bc771e9b195da34ff52e38023396f70ab5a112d4;1;skrah@bytereef.org;skrah@bytereef.org
mpdecimal.c;MODIFY;5663;0.0;Equal;True;2012-04-18 16:45:22+00:00;False;1294;265;38361;ed4b21ff4f79dbd7461afa6739bfc1970ceee2d6;1;skrah@bytereef.org;skrah@bytereef.org
mpdecimal.c;MODIFY;5663;0.0;Equal;True;2012-04-18 16:59:56+00:00;False;1294;265;38361;5d0d2e2b04631e5ad9c7dad60e6be75c02f8e050;1;skrah@bytereef.org;skrah@bytereef.org
mpdecimal.c;MODIFY;5664;1.0;Grew;True;2012-04-18 17:27:32+00:00;False;1294;265;38363;c51b7fd65b8c7476180c965d48390431b2d558e6;1;skrah@bytereef.org;skrah@bytereef.org
mpdecimal.c;MODIFY;5701;37.0;Grew;True;2012-04-20 17:59:20+00:00;False;1300;268;38627;3c23a87e58ba5ba3161eaacae98a49a79e1f2786;1;skrah@bytereef.org;skrah@bytereef.org
mpdecimal.c;MODIFY;5702;1.0;Grew;True;2012-04-20 19:00:31+00:00;False;1300;268;38636;9d3a5aeabe79879c54675b1b929447160c9c4f1c;1;skrah@bytereef.org;skrah@bytereef.org
mpdecimal.c;MODIFY;5733;31.0;Grew;True;2012-05-16 18:10:21+00:00;False;1308;270;38817;696d10f1bbc353cefea8048d67502e6a1663073f;1;skrah@bytereef.org;skrah@bytereef.org
mpdecimal.c;MODIFY;5733;0.0;Equal;True;2012-05-16 18:20:03+00:00;False;1308;270;38822;e34a209584b1cb84f709c3c6129a51904d7a9d2c;1;skrah@bytereef.org;skrah@bytereef.org
mpdecimal.c;MODIFY;5733;0.0;Equal;True;2012-05-31 13:09:27+00:00;False;1308;270;38822;30c35e8154dca64dace48c25d2b0204108e6d0bb;1;skrah@bytereef.org;skrah@bytereef.org
mpdecimal.c;MODIFY;5732;-1.0;Decreased;True;2012-05-31 14:00:21+00:00;False;1308;270;38813;5ddbcfc53eb579d27157b539c271534ccabac26a;1;skrah@bytereef.org;skrah@bytereef.org
mpdecimal.c;MODIFY;5732;0.0;Equal;True;2012-05-31 14:21:34+00:00;False;1308;270;38813;9a5beece1beda4b1e9da4e61b3bc3499c12b9e38;1;skrah@bytereef.org;skrah@bytereef.org
mpdecimal.c;MODIFY;5739;7.0;Grew;True;2012-05-31 18:01:05+00:00;False;1309;270;38847;4d3e0a695aec69b6c3f6638a65bd7469cd4fd568;1;skrah@bytereef.org;skrah@bytereef.org
mpdecimal.c;MODIFY;5740;1.0;Grew;True;2012-05-31 18:49:24+00:00;False;1309;270;38858;0271766c8869f270ed80996e02df6c52b6972bb8;1;skrah@bytereef.org;skrah@bytereef.org
mpdecimal.c;MODIFY;5740;0.0;Equal;True;2012-06-01 08:58:16+00:00;False;1309;270;38858;67ee1d05dd3c524827bdaa62ff74f396af6b5e19;1;skrah@bytereef.org;skrah@bytereef.org
mpdecimal.c;MODIFY;5737;-3.0;Decreased;True;2012-06-06 13:57:18+00:00;False;1311;270;38837;a3394bce336372848921690dbac5e504d369f174;1;skrah@bytereef.org;skrah@bytereef.org
mpdecimal.c;MODIFY;5737;0.0;Equal;True;2012-06-07 15:48:47+00:00;False;1311;270;38835;7bda265662769ddffa8c08298ed11670e737ed46;1;skrah@bytereef.org;skrah@bytereef.org
mpdecimal.c;MODIFY;5740;3.0;Grew;True;2012-06-08 16:41:33+00:00;False;1312;270;38855;1cf6dfc8b2445ee1a7307bab83b23b4eab6d9f05;1;skrah@bytereef.org;skrah@bytereef.org
mpdecimal.c;MODIFY;5740;0.0;Equal;True;2012-06-08 22:01:28+00:00;False;1312;270;38855;5248a2d3c1969380c678e8d95f24a681fb772911;1;skrah@bytereef.org;skrah@bytereef.org
mpdecimal.c;MODIFY;5731;-9.0;Decreased;True;2012-06-09 13:28:36+00:00;False;1310;270;38806;afc0c77b421baf8ac2376e563dd9be25e1e1eb63;1;skrah@bytereef.org;skrah@bytereef.org
mpdecimal.c;MODIFY;5731;0.0;Equal;True;2012-06-10 14:50:55+00:00;False;1310;270;38806;9253862f45047f66460949e474cf97fa19d2629c;1;skrah@bytereef.org;skrah@bytereef.org
mpdecimal.c;MODIFY;5727;-4.0;Decreased;True;2012-06-11 06:57:17+00:00;False;1306;270;38783;88e19779ad010a60c4b13fe0197a9a7a79af7587;1;skrah@bytereef.org;skrah@bytereef.org
mpdecimal.c;MODIFY;5729;2.0;Grew;True;2012-06-12 19:06:06+00:00;False;1308;270;38795;b7832939c752038299ea2f6acbb9789a9aaff707;1;skrah@bytereef.org;skrah@bytereef.org
mpdecimal.c;MODIFY;5731;2.0;Grew;True;2012-06-16 17:45:35+00:00;False;1310;270;38811;c62bd13cb203f27bc11d36903554f20386b5b8c5;1;skrah@bytereef.org;skrah@bytereef.org
mpdecimal.c;MODIFY;5731;0.0;Equal;True;2012-06-18 17:57:23+00:00;False;1310;270;38811;9c1feb88f3511b35663ea4cc2a1f8cd2b21ee3d1;1;skrah@bytereef.org;skrah@bytereef.org
mpdecimal.c;MODIFY;5721;-10.0;Decreased;True;2012-06-20 21:34:58+00:00;False;1307;270;38710;22385011ed32d528d2d736e60f28d890f17ee122;1;skrah@bytereef.org;skrah@bytereef.org
mpdecimal.c;MODIFY;5721;0.0;Equal;True;2012-06-20 21:38:51+00:00;False;1307;270;38710;50b0a365ba8ea87e0a7155f7fd92de0c7dc2f941;1;skrah@bytereef.org;skrah@bytereef.org
mpdecimal.c;MODIFY;5721;0.0;Equal;True;2012-06-22 22:31:04+00:00;False;1307;270;38710;3077ab8237818a4bc5f063bb7a63d2a8f140f3d5;1;skrah@bytereef.org;skrah@bytereef.org
mpdecimal.c;MODIFY;5890;169.0;Grew;True;2012-06-30 16:05:33+00:00;False;1343;275;39531;c35a8e5c98c4ae43027c57e679da62fa9e132060;5;skrah@bytereef.org;skrah@bytereef.org
mpdecimal.c;MODIFY;5890;0.0;Equal;True;2012-06-30 19:57:49+00:00;False;1343;275;39531;5431e3085329bd6e78b1b72d74e8445f420a5f74;1;skrah@bytereef.org;skrah@bytereef.org
mpdecimal.c;MODIFY;5879;-11.0;Decreased;True;2012-07-12 19:17:59+00:00;False;1337;274;39298;e574402bd666b04dfd00ab47e42bc610c4c3a239;1;skrah@bytereef.org;skrah@bytereef.org
mpdecimal.c;MODIFY;5879;0.0;Equal;True;2012-07-20 10:34:18+00:00;False;1337;274;39301;26a1c7a905582d6b0b5fdb4070e7ad5d18ea8596;1;skrah@bytereef.org;skrah@bytereef.org
mpdecimal.c;MODIFY;5882;3.0;Grew;True;2012-08-22 16:54:37+00:00;False;1336;274;39319;2fd502f6a183fde7d8b4847d27e09884bf8006c7;1;skrah@bytereef.org;skrah@bytereef.org
mpdecimal.c;MODIFY;5884;2.0;Grew;True;2012-08-23 13:05:29+00:00;False;1336;274;39336;f21587e3a805f8ced02dc65c54195bb26740a0ad;2;skrah@bytereef.org;skrah@bytereef.org
mpdecimal.c;MODIFY;5884;0.0;Equal;True;2012-09-23 13:46:09+00:00;False;1336;274;39336;f817a7b178e945b4261f2ddee067ae849dfbc5ec;1;skrah@bytereef.org;skrah@bytereef.org
mpdecimal.c;MODIFY;5884;0.0;Equal;True;2012-09-23 13:46:09+00:00;False;1336;274;39336;7e6523fbd7641b61a795c303ec46cfc25b6098fc;1;skrah@bytereef.org;skrah@bytereef.org
mpdecimal.c;MODIFY;5884;0.0;Equal;True;2012-12-21 22:11:05+00:00;False;1336;274;39343;fb7f580e81ed048f374cb9d624960f695ba032ba;2;skrah@bytereef.org;skrah@bytereef.org
mpdecimal.c;MODIFY;5884;0.0;Equal;True;2013-01-16 14:16:10+00:00;False;1336;274;39343;752bfb71d8cdcdd355e8efcaf7c3eba434573f05;11;skrah@bytereef.org;skrah@bytereef.org
mpdecimal.c;MODIFY;5884;0.0;Equal;True;2013-01-27 04:20:14+00:00;False;1336;274;39343;3f5db3940ff71428d1eecb3d4eebe68d9c3d216d;10;ezio.melotti@gmail.com;ezio.melotti@gmail.com
mpdecimal.c;MODIFY;6082;198.0;Grew;True;2013-11-24 18:44:57+00:00;False;1371;289;40550;45059eb1d0788aa74ea383c89cf2f8c7a32fd2aa;6;skrah@bytereef.org;skrah@bytereef.org
mpdecimal.c;MODIFY;6082;0.0;Equal;True;2013-12-03 13:33:46+00:00;False;1371;289;40557;4b7f7acf30991a8e4bcf61eba36cc695036703ca;2;skrah@bytereef.org;skrah@bytereef.org
mpdecimal.c;MODIFY;6082;0.0;Equal;True;2013-12-03 13:33:46+00:00;False;1371;289;40557;b1e4c9d1046ede8e84c5185e9ab3ed486da22297;2;skrah@bytereef.org;skrah@bytereef.org
mpdecimal.c;MODIFY;6082;0.0;Equal;True;2013-12-08 18:54:05+00:00;False;1371;289;40557;ecff6554d3c3be05df7416c780ddec219da72a3d;33;skrah@bytereef.org;skrah@bytereef.org
mpdecimal.c;MODIFY;6082;0.0;Equal;True;2013-12-12 17:51:51+00:00;False;1371;289;40547;da12adac10761439a8a3828958e970db98d7ebc8;1;skrah@bytereef.org;skrah@bytereef.org
mpdecimal.c;MODIFY;6083;1.0;Grew;True;2013-12-15 19:45:08+00:00;False;1371;289;40544;1f1ec12db9eefa36bc7a2227c40ecdfcac945439;1;skrah@bytereef.org;skrah@bytereef.org
mpdecimal.c;MODIFY;6083;0.0;Equal;True;2015-09-03 16:52:15+00:00;False;1371;289;40544;fda673d59f80a52589fde119468bac8a0561e67c;1;zachary.ware@gmail.com;zachary.ware@gmail.com
mpdecimal.c;MODIFY;6083;0.0;Equal;True;2016-04-25 20:48:42+00:00;False;1371;289;40544;8e1da5823b4dabbc5e60f8ee27411070a37804ef;5;skrah@bytereef.org;skrah@bytereef.org
mpdecimal.c;MODIFY;6083;0.0;Equal;True;2018-02-09 15:31:26+00:00;False;1371;289;40544;bfe4fd5f2e96e72eecb5b8a0c7df0ac1689f3b7e;6;noreply@github.com;storchaka@gmail.com
mpdecimal.c;MODIFY;6117;34.0;Grew;True;2020-02-21 00:52:47+00:00;False;1378;290;40753;90930e65455f60216f09d175586139242dbba260;3;noreply@github.com;skrah@bytereef.org
mpdecimal.c;MODIFY;6247;130.0;Grew;True;2020-06-05 17:43:01+00:00;False;1401;294;41576;087d612efebe7c64e5f079b07e0454111859830e;38;noreply@github.com;skrah@bytereef.org
mpdecimal.c;MODIFY;6513;266.0;Grew;True;2020-07-22 19:54:42+00:00;False;1465;304;43369;9b9f1582753979f38d2fd927cddf0621a65e9ed6;2;noreply@github.com;skrah@bytereef.org
mpdecimal.c;MODIFY;6513;0.0;Equal;True;2020-08-15 14:06:21+00:00;False;1465;304;43369;40e700ad042089120456cc2ee79b8ca69479416b;1;noreply@github.com;skrah@bytereef.org
mpdecimal.c;MODIFY;6512;-1.0;Decreased;True;2021-03-30 16:11:06+00:00;False;1465;304;43358;73b20ae2fb7a5c1374aa5c3719f64c53d29fa0d2;26;noreply@github.com;antoine@python.org
mpdecimal.c;MODIFY;6512;0.0;Equal;True;2023-01-27 14:45:08+00:00;False;1465;304;43358;737d367b1f4bad76914173a64d6bbe19a984cd5f;7;noreply@github.com;steve.dower@python.org
