file_name;change_type;n_loc;lines_balance;size_change;is_large;date;swapped_classification;complexity;methods;tokens;hash;files_on_commit;committer_email;author_email
xmlparse.c;ADD;4066;0.0;Equal;False;2002-02-11 23:13:04+00:00;False;1001;116;22688;1dbb1caf86abe5f9920b1f4719daba1c86ce6770;17;martin@v.loewis.de;martin@v.loewis.de
xmlparse.c;MODIFY;4066;0.0;Equal;False;2002-02-11 23:16:32+00:00;False;1001;116;22688;481f68aaa6a7206ad47ff368f2abfa4ddeabaa86;3;martin@v.loewis.de;martin@v.loewis.de
xmlparse.c;MODIFY;4892;826.0;Grew;True;2003-01-25 22:41:29+00:00;True;1180;131;26345;fc03a94aaccc9ae606ee3438ca21d65a335d43e9;11;martin@v.loewis.de;martin@v.loewis.de
xmlparse.c;MODIFY;4891;-1.0;Decreased;True;2003-01-26 08:40:50+00:00;False;1180;131;26343;c35d199404d8a9c529c56f875f05d05b7b58ca6c;2;martin@v.loewis.de;martin@v.loewis.de
xmlparse.c;MODIFY;4865;-26.0;Decreased;True;2003-01-28 06:42:40+00:00;False;1165;131;26214;4faea015f73eb131b86e7523f9cb45854e523881;1;fdrake@acm.org;fdrake@acm.org
xmlparse.c;MODIFY;4921;56.0;Grew;True;2003-10-21 15:38:55+00:00;False;1170;131;26690;08317aefef89ca18ce12e53c0cdb3c8e132a6201;13;fdrake@acm.org;fdrake@acm.org
xmlparse.c;MODIFY;5252;331.0;Grew;True;2004-08-03 07:06:22+00:00;False;1242;135;28108;31d485c0f5e817d37dbbfb86fdea66027866ce84;7;fdrake@acm.org;fdrake@acm.org
xmlparse.c;MODIFY;5252;0.0;Equal;True;2006-01-07 21:21:16+00:00;False;1242;135;28108;52ca0dd71221cc3302c37048cc83b856f028dbc2;1;nnorwitz@gmail.com;nnorwitz@gmail.com
xmlparse.c;MODIFY;5252;0.0;Equal;True;2006-05-02 07:27:47+00:00;False;1242;135;28108;9652baaf448571ff382fdba868b9402fd3b58751;3;nnorwitz@gmail.com;nnorwitz@gmail.com
xmlparse.c;MODIFY;5252;0.0;Equal;True;2006-05-27 19:21:47+00:00;False;1242;135;28108;477c8d5e70240744d24631b18341ad892c8a8e1c;547;thomas@python.org;thomas@python.org
xmlparse.c;MODIFY;5308;56.0;Grew;True;2006-06-19 23:21:25+00:00;False;1261;135;28644;f08d663a2f9cbd8dd0ca868272f03ad115691df7;12;trentm@activestate.com;trentm@activestate.com
xmlparse.c;MODIFY;5310;2.0;Grew;True;2006-07-01 16:28:20+00:00;False;1263;135;28656;6ffe499397acfe916202e3e46adfa868e6a307b9;3;fdrake@acm.org;fdrake@acm.org
xmlparse.c;MODIFY;5308;-2.0;Decreased;True;2006-07-06 05:13:22+00:00;False;1261;135;28644;24a0f41d8380b3a13aef9c728394ba0c20b9cb90;2;fdrake@acm.org;fdrake@acm.org
xmlparse.c;MODIFY;5308;0.0;Equal;True;2006-08-11 14:57:12+00:00;False;1261;135;28644;0e3f591aeeef9ed715f8770320f4c4c7332a8794;538;thomas@python.org;thomas@python.org
xmlparse.c;MODIFY;5312;4.0;Grew;True;2006-08-13 18:12:26+00:00;False;1263;135;28662;26a8abf1f47ba14e9b965e351cef9cd238256f4c;1;nnorwitz@gmail.com;nnorwitz@gmail.com
xmlparse.c;MODIFY;5312;0.0;Equal;True;2006-08-21 19:07:27+00:00;False;1263;135;28662;00ee7baf49430d8a6eed355a5fd7a05179325747;133;thomas@python.org;thomas@python.org
xmlparse.c;MODIFY;5315;3.0;Grew;True;2010-01-21 17:41:47+00:00;False;1264;135;28673;166f80860e09697d49969fe88bcf0b598eb98ef4;2;doko@ubuntu.com;doko@ubuntu.com
xmlparse.c;MODIFY;5315;0.0;Equal;True;2010-01-22 00:39:04+00:00;False;1264;135;28673;0d948ac90cc92aa7724a20b47226bf2e512e30ab;2;doko@ubuntu.com;doko@ubuntu.com
xmlparse.c;MODIFY;5315;0.0;Equal;True;2010-01-22 01:05:13+00:00;False;1264;135;28673;690d13ab553f4921d44e419ccf939cccc939690a;2;doko@ubuntu.com;doko@ubuntu.com
xmlparse.c;MODIFY;5315;0.0;Equal;True;2010-01-22 01:10:19+00:00;False;1264;135;28673;a50ffe5389d5a0f98a35dec1ce1a35b616706199;2;doko@ubuntu.com;doko@ubuntu.com
xmlparse.c;MODIFY;5315;0.0;Equal;True;2010-01-22 01:13:15+00:00;False;1264;135;28673;865e33bb3df3376577db51a8c9392a9d385924fd;2;doko@ubuntu.com;doko@ubuntu.com
xmlparse.c;MODIFY;5361;46.0;Grew;True;2012-03-14 21:26:55+00:00;False;1274;138;28911;8e91cf6a5e5be8f84132498d5654d6ad2e4d54c2;5;greg@krypto.org;greg@krypto.org
xmlparse.c;MODIFY;5361;0.0;Equal;True;2012-03-14 22:28:10+00:00;False;1274;138;28911;c8ff46032f2290ef848aea9485d376dc156347bd;5;greg@krypto.org;greg@krypto.org
xmlparse.c;MODIFY;5361;0.0;Equal;True;2012-03-14 22:28:10+00:00;False;1274;138;28911;d0e1a5b24196208c38d57d4512a6181a0f5dddf7;5;greg@krypto.org;greg@krypto.org
xmlparse.c;MODIFY;5361;0.0;Equal;True;2012-03-15 00:10:41+00:00;False;1274;138;28911;e9bc2f773ff86780ca86a36a21d43f3ecfd61357;5;barry@python.org;barry@python.org
xmlparse.c;MODIFY;5361;0.0;Equal;True;2012-03-15 07:31:00+00:00;False;1274;138;28911;a5d729a7f7ad1886b34302e8c9f6034a3f3dd1d9;5;georg@python.org;georg@python.org
xmlparse.c;MODIFY;5406;45.0;Grew;True;2012-07-14 21:12:35+00:00;False;1284;139;29120;64359d203e95f243eec661baa4226509a8bb2909;12;greg@krypto.org;greg@krypto.org
xmlparse.c;MODIFY;5406;0.0;Equal;True;2012-07-14 21:12:35+00:00;False;1284;139;29120;7c6309c6afebecd9cefe7c547b87cf23abcbe2a3;12;greg@krypto.org;greg@krypto.org
xmlparse.c;MODIFY;5406;0.0;Equal;True;2012-07-14 21:12:35+00:00;False;1284;139;29120;a5df290e0668f9ba34c2f8d9b3fdaf650ec72024;13;greg@krypto.org;greg@krypto.org
xmlparse.c;MODIFY;5406;0.0;Equal;True;2013-12-06 22:43:50+00:00;False;1284;139;29120;aa15276ee9554922919df1eb1a78826a102fb321;3;christian@cheimes.de;christian@cheimes.de
xmlparse.c;MODIFY;5423;17.0;Grew;True;2016-06-11 20:28:56+00:00;False;1292;139;29194;196d7db3956f4c0b03e87b570771b3460a61bab5;4;benjamin@python.org;benjamin@python.org
xmlparse.c;MODIFY;5447;24.0;Grew;True;2017-06-14 22:54:36+00:00;False;1302;140;29406;23ec4b57e1359f9c539b8defc317542173ae087e;14;noreply@github.com;victor.stinner@gmail.com
xmlparse.c;MODIFY;5716;269.0;Grew;True;2017-06-21 12:39:22+00:00;False;1402;148;30833;5ff7132313eb651107b179d20218dfe5d4e47f13;9;noreply@github.com;victor.stinner@gmail.com
xmlparse.c;MODIFY;5716;0.0;Equal;True;2017-07-11 19:47:03+00:00;False;1402;148;30833;f52325598e7a9683787d76a42009fc16790a0089;1;victor.stinner@gmail.com;segev208@gmail.com
xmlparse.c;MODIFY;5788;72.0;Grew;True;2017-08-18 21:43:54+00:00;False;1416;151;31280;93d0cb58b4da2a88c56f472c6c19491cc7a390df;13;noreply@github.com;victor.stinner@gmail.com
xmlparse.c;MODIFY;5788;0.0;Equal;True;2017-09-04 23:58:08+00:00;False;1416;151;31280;759e30ec47048cb9835c62aaeac48748c8151390;20;noreply@github.com;victor.stinner@gmail.com
xmlparse.c;MODIFY;5831;43.0;Grew;True;2018-06-27 02:25:45+00:00;False;1459;151;34395;4e21100fa7bf66e0b32146d3f46ae16afc73fee1;9;noreply@github.com;benjamin@python.org
xmlparse.c;MODIFY;5845;14.0;Grew;True;2018-09-11 04:04:00+00:00;False;1461;151;34431;5033aa77aacaa5505636f150e8d54baac5bdca9c;5;noreply@github.com;benjamin@python.org
xmlparse.c;MODIFY;5846;1.0;Grew;True;2019-06-28 03:54:44+00:00;False;1461;151;34437;3b03b09fc94425915c5b1225e9200a3a95bc827b;7;noreply@github.com;benjamin@python.org
xmlparse.c;MODIFY;5846;0.0;Equal;True;2019-08-30 20:21:19+00:00;False;1461;151;34437;39d87b54715197ca9dcb6902bb43461c0ed701a2;46;tjreedy@udel.edu;minho42@gmail.com
xmlparse.c;MODIFY;5538;-308.0;Decreased;True;2019-09-26 04:33:58+00:00;False;1464;151;34488;52b940803860e37bcc3f6096b2d24e7c20a0e807;24;noreply@github.com;benjamin@python.org
xmlparse.c;MODIFY;6452;914.0;Grew;True;2021-08-29 14:08:24+00:00;False;1809;166;38367;3fc5d84046ddbd66abac5b598956ea34605a4e5d;22;noreply@github.com;vstinner@python.org
xmlparse.c;MODIFY;6452;0.0;Equal;True;2021-10-07 08:34:42+00:00;False;1809;166;38367;dd02a696e55b450413e765e698e653d781ca4205;19;noreply@github.com;cclauss@me.com
xmlparse.c;MODIFY;6541;89.0;Grew;True;2022-02-12 15:29:41+00:00;False;1848;166;38953;8aaaf7e182e22026c3487a3b86d4d7d4f0f5f778;6;noreply@github.com;jv.cyril@gmail.com
xmlparse.c;MODIFY;6543;2.0;Grew;True;2022-02-23 01:40:30+00:00;False;1851;165;38974;1935e1cc284942bec8006287c939e295e1a7bf13;6;noreply@github.com;donghee.na@python.org
xmlparse.c;MODIFY;6637;94.0;Grew;True;2022-03-07 21:46:18+00:00;False;1938;166;39261;176835c3d5c70f4c1b152cc2062b549144e37094;3;noreply@github.com;steve.dower@python.org
xmlparse.c;MODIFY;6642;5.0;Grew;True;2022-09-22 12:25:05+00:00;False;1940;166;39286;10e3d398c31cc1695752fc52bc6ca2ce9ef6237e;8;noreply@github.com;donghee.na@python.org
xmlparse.c;MODIFY;6647;5.0;Grew;True;2022-10-27 20:45:12+00:00;False;1943;166;39315;3e07f827b359617664ad0880f218f17ae4483299;4;noreply@github.com;46331011+scdub@users.noreply.github.com
xmlparse.c;MODIFY;6710;63.0;Grew;True;2024-02-14 16:29:06+00:00;False;1961;169;39733;4b2d1786ccf913bc80ff571c32b196be1543ca54;15;noreply@github.com;seth@python.org
xmlparse.c;MODIFY;6715;5.0;Grew;True;2024-04-23 01:15:08+00:00;False;1963;169;39769;c9829eec0883a8991ea4d319d965e123a3cf6c20;5;noreply@github.com;seth@python.org
xmlparse.c;MODIFY;6727;12.0;Grew;True;2024-09-04 19:57:16+00:00;False;1965;169;39846;40bdb0deee746e51c71c56329df21e5172fd8aa0;5;noreply@github.com;seth@python.org
xmlparse.c;MODIFY;6735;8.0;Grew;True;2024-11-13 18:31:20+00:00;False;1968;169;39877;3c9996909402fadc98e6ca2a64e75a71a7427352;7;noreply@github.com;seth@python.org
