file_name;change_type;n_loc;lines_balance;size_change;is_large;date;swapped_classification;complexity;methods;tokens;hash;files_on_commit;committer_email;author_email
Compiler.test.js;ADD;143;0.0;Grew;False;2013-01-30 17:49:25+00:00;False;18;15;1296;ee01837d66a44f1dd52fd1e174a6669e0d18dd55;155;tobias.koppers@googlemail.com;tobias.koppers@googlemail.com
Compiler.test.js;MODIFY;143;0.0;Equal;False;2013-10-15 20:33:11+00:00;False;18;15;1296;b264620be2f4385dde1b9f7d1284253973fbb595;8;tobias.koppers@googlemail.com;tobias.koppers@googlemail.com
Compiler.test.js;MODIFY;143;0.0;Equal;False;2013-10-16 06:57:37+00:00;False;18;15;1302;bc843d005c66ab675987132252436f3ca72182d0;3;tobias.koppers@googlemail.com;tobias.koppers@googlemail.com
Compiler.test.js;MODIFY;143;0.0;Equal;False;2014-03-03 13:56:17+00:00;False;18;15;1302;0fea43b4cbc9db844c8416e6b2804d142ff0d46a;28;tobias.koppers@googlemail.com;tobias.koppers@googlemail.com
Compiler.test.js;MODIFY;135;-8.0;Decreased;False;2014-06-03 06:45:26+00:00;False;16;14;1219;42c82f6b77b906639c0afc9aff3e449fc817649c;15;tobias.koppers@googlemail.com;tobias.koppers@googlemail.com
Compiler.test.js;MODIFY;135;0.0;Equal;False;2014-07-27 18:39:22+00:00;False;16;14;1219;543543e4bf83dade85e8a8208ff5e543e6ad8046;1;tobias.koppers@googlemail.com;tobias.koppers@googlemail.com
Compiler.test.js;MODIFY;157;22.0;Grew;False;2015-01-05 13:13:11+00:00;False;18;16;1339;65079e966c69858cdd57d0c34d69a5152c14d0bf;1;corporateanon@gmail.com;corporateanon@gmail.com
Compiler.test.js;MODIFY;157;0.0;Equal;False;2015-03-05 21:36:26+00:00;False;18;16;1339;9a2f74fd20491df9cdb89fe4896de830c832ed9e;2;tobias.koppers@googlemail.com;tobias.koppers@googlemail.com
Compiler.test.js;MODIFY;157;0.0;Equal;False;2015-05-16 14:10:25+00:00;False;18;16;1339;c92491ff309f85eb3371f5aa00a501a35fcb0ffc;9;tobias.koppers@googlemail.com;tobias.koppers@googlemail.com
Compiler.test.js;MODIFY;157;0.0;Equal;False;2015-06-13 09:45:28+00:00;False;18;16;1339;2245c4acca9c028b2b55c5cd7f1a933da605187a;37;tobias.koppers@googlemail.com;tobias.koppers@googlemail.com
Compiler.test.js;MODIFY;159;2.0;Grew;False;2016-01-14 20:21:12+00:00;False;20;16;1366;259c346062cd315571719a5cfddd33af343a5abb;11;tobias.koppers@googlemail.com;tobias.koppers@googlemail.com
Compiler.test.js;MODIFY;159;0.0;Equal;False;2016-12-14 15:22:54+00:00;False;20;16;1366;f4ab7fc7e2786b407778ecddaf0e93805ba3b439;21;tobias.koppers@googlemail.com;tobias.koppers@googlemail.com
Compiler.test.js;MODIFY;160;1.0;Grew;False;2016-12-16 18:12:47+00:00;False;20;16;1375;ea3b2303a87a33a0430a6ed2ff0d6ffb0a70afbd;8;tobias.koppers@googlemail.com;tobias.koppers@googlemail.com
Compiler.test.js;MODIFY;158;-2.0;Decreased;False;2016-12-21 22:39:39+00:00;False;20;16;1349;bd10fca49a258d7b8fb9a0415067717bb0fe8a1c;2;tobias.koppers@googlemail.com;tobias.koppers@googlemail.com
Compiler.test.js;MODIFY;158;0.0;Equal;False;2017-01-02 00:44:24+00:00;False;20;16;1351;7a43c0ef258f996ba02e3d8d6c2a2fd25b995ecf;13;github@alistairjcbrown.com;github@alistairjcbrown.com
Compiler.test.js;MODIFY;155;-3.0;Decreased;False;2017-01-18 08:03:37+00:00;False;20;16;1334;b995cd55d34821cc8290da1c3dc803ee4a9ee46f;1;jshubheksha@gmail.com;jshubheksha@gmail.com
Compiler.test.js;MODIFY;158;3.0;Equal;False;2017-02-01 13:19:16+00:00;False;20;16;1351;dca8e62b60bc5f946025c44070a154450e30cc92;3;tobias.koppers@googlemail.com;tobias.koppers@googlemail.com
Compiler.test.js;MODIFY;158;0.0;Grew;False;2017-02-02 11:36:15+00:00;False;20;16;1351;3ba9ed99c0952eb8241e9e2c3c6b357cf0c59d5b;4;tim.sebastian@gmail.com;tim.sebastian@gmail.com
Compiler.test.js;MODIFY;156;-2.0;Decreased;False;2017-02-02 11:56:41+00:00;False;20;16;1335;8ccf068c59fbcab3dae13da6127bcc4ad147507d;3;tim.sebastian@gmail.com;tim.sebastian@gmail.com
Compiler.test.js;MODIFY;157;1.0;Equal;False;2017-02-09 11:28:26+00:00;False;21;17;1338;fcb219d968fa410a6c8b8f1f45254b1ce97902a2;1;noreply@github.com;tobias.koppers@googlemail.com
Compiler.test.js;MODIFY;157;0.0;Equal;False;2017-02-09 11:57:09+00:00;False;21;17;1338;842b6ccc0e009b3c06b998ea8d69c4d2a0b31e2a;1;tim.sebastian@gmail.com;tim.sebastian@gmail.com
Compiler.test.js;MODIFY;156;-1.0;Decreased;False;2017-02-28 17:24:24+00:00;False;21;17;1337;918fd1d6ac1b52e0ee353f6159ba6ea763260e6b;1;noreply@github.com;tobias.koppers@googlemail.com
Compiler.test.js;MODIFY;156;0.0;Equal;False;2017-02-28 17:25:41+00:00;False;21;17;1337;fb47ec670d280c78256caadf429adbf4c46b637e;1;noreply@github.com;tobias.koppers@googlemail.com
Compiler.test.js;MODIFY;156;0.0;Grew;False;2017-02-28 17:26:49+00:00;False;21;17;1337;951d066b5170771e8a3cc2cc3961819ee1f2cd5a;1;noreply@github.com;tobias.koppers@googlemail.com
Compiler.test.js;MODIFY;156;0.0;Equal;False;2017-06-01 23:24:55+00:00;False;21;17;1337;890a507b08c0f7537ccf33ec823f67fbc5994422;28;tobias.koppers@googlemail.com;tobias.koppers@googlemail.com
Compiler.test.js;MODIFY;350;194.0;Equal;False;2017-07-07 13:11:15+00:00;False;59;55;2719;4266ab86cde6d2b5249216f42cb0519a00ffbbee;1;KTruong@cyphersystems.com;KTruong@cyphersystems.com
Compiler.test.js;MODIFY;350;0.0;Grew;False;2017-07-07 13:11:15+00:00;False;59;55;2718;4378c92c603f35b6e3a6160b2459173a9361ebfa;3;KTruong@cyphersystems.com;ktruong008@gmail.com
Compiler.test.js;MODIFY;293;-57.0;Grew;False;2017-07-07 13:11:15+00:00;False;47;43;2341;bfd5ed9bfd0727550181917c79d9d12de118d1fb;1;KTruong@cyphersystems.com;ktruong008@gmail.com
Compiler.test.js;MODIFY;287;-6.0;Grew;False;2017-07-07 13:11:15+00:00;False;47;43;2341;f080ebe0eec3d80830ef3865835ec9c3c6ef24cb;2;KTruong@cyphersystems.com;ktruong008@gmail.com
Compiler.test.js;MODIFY;342;55.0;Equal;False;2017-07-07 13:11:15+00:00;False;56;52;2647;13bc80b1a45cfea5b64d4e8c8985e21e9f5458a7;2;KTruong@cyphersystems.com;KTruong@cyphersystems.com
Compiler.test.js;MODIFY;325;-17.0;Decreased;False;2017-09-13 14:51:24+00:00;False;55;51;2550;460e6b68e1604f9931c47a090bf339233437b863;2;tobias.koppers@googlemail.com;tobias.koppers@googlemail.com
Compiler.test.js;MODIFY;325;0.0;Equal;False;2017-09-14 06:49:14+00:00;False;55;51;2550;7387c50c3a50d95756e6f92c36d2b0368e7adb56;47;tobias.koppers@googlemail.com;tobias.koppers@googlemail.com
Compiler.test.js;MODIFY;325;0.0;Equal;False;2017-09-22 13:03:30+00:00;False;55;51;2552;36544088b73666d624dd1d221f15d5efa1f25cc1;1;tobias.koppers@googlemail.com;tobias.koppers@googlemail.com
Compiler.test.js;MODIFY;333;8.0;Grew;False;2017-11-20 10:02:10+00:00;False;57;53;2610;f14c301dba9300cec03b32bae67261cc3cb70270;4;jhlushko@gmail.com;jhlushko@gmail.com
Compiler.test.js;MODIFY;334;1.0;Grew;False;2017-11-24 07:17:17+00:00;False;58;53;2625;2201b860a5ac860e5c36a1d58d3a79c98f79b285;160;tobias.koppers@googlemail.com;tobias.koppers@googlemail.com
Compiler.test.js;MODIFY;337;3.0;Grew;False;2017-12-13 23:06:56+00:00;False;58;53;2635;2148f556a485a8d52b6b5713b33f0ff50d3abda1;33;tobias.koppers@googlemail.com;tobias.koppers@googlemail.com
Compiler.test.js;MODIFY;337;0.0;Equal;False;2017-12-20 19:41:22+00:00;False;58;53;2635;878f2882ad794399e1d3b25adc1383788c336c40;4;tobias.koppers@googlemail.com;tobias.koppers@googlemail.com
Compiler.test.js;MODIFY;306;-31.0;Decreased;False;2017-12-21 06:17:27+00:00;False;51;46;2450;e58e1f9261fd26873573db10d066fa43d45ed956;12;florent.cailhol@gmail.com;florent.cailhol@gmail.com
Compiler.test.js;MODIFY;325;19.0;Grew;False;2017-12-30 18:34:14+00:00;False;55;48;2560;cf1d7b8949c5664baa08a305b8414655f8892ff3;9;tobias.koppers@googlemail.com;tobias.koppers@googlemail.com
Compiler.test.js;MODIFY;344;19.0;Grew;False;2017-12-31 08:59:12+00:00;False;59;50;2674;0abdc0aed0867d8f14a1a6afc45daa8ff5e8ccf7;1;tobias.koppers@googlemail.com;tobias.koppers@googlemail.com
Compiler.test.js;MODIFY;316;-28.0;Decreased;False;2017-12-31 17:16:03+00:00;False;52;45;2480;0014042c53eadd9682b61cd5b3d3f10a46b3efe7;3;florent.cailhol@gmail.com;florent.cailhol@gmail.com
Compiler.test.js;MODIFY;264;-52.0;Decreased;False;2018-01-03 17:07:40+00:00;False;38;29;2054;2b33f647b124af6bf5f12eb6a63c0b1a8d325606;1;tobias.koppers@googlemail.com;tobias.koppers@googlemail.com
Compiler.test.js;MODIFY;258;-6.0;Decreased;False;2018-01-24 16:29:57+00:00;False;38;29;1986;cd419d054622c40fd108a35f3c18defd53c36dbb;21;florent.cailhol@gmail.com;florent.cailhol@gmail.com
Compiler.test.js;MODIFY;268;10.0;Grew;False;2018-02-25 01:00:20+00:00;False;38;29;2033;5238159d211576bb313d99d487e415f3799af795;399;tobias.koppers@googlemail.com;tobias.koppers@googlemail.com
Compiler.test.js;MODIFY;262;-6.0;Grew;False;2018-02-25 10:46:17+00:00;False;38;29;1961;36e8e30875da67fa7fb708c58661692df2acc9bc;289;bazyli.brzoska@gmail.com;bazyli.brzoska@gmail.com
Compiler.test.js;MODIFY;415;153.0;Grew;False;2018-03-06 21:56:31+00:00;False;78;54;2861;07c1f6d86f5e701f7df201687f6e99dd16e449d6;3;acupofspirt@gmail.com;acupofspirt@gmail.com
Compiler.test.js;MODIFY;418;3.0;Grew;False;2018-03-06 22:31:14+00:00;False;78;54;2866;81a1cd8caad06f4c637dcbde7fa9d60609d8295c;1;acupofspirt@gmail.com;acupofspirt@gmail.com
Compiler.test.js;MODIFY;438;20.0;Grew;False;2018-03-07 09:16:40+00:00;False;84;58;2987;e225d1005cb17994f024a6cfcfc2c8b5ac6218c4;1;acupofspirt@gmail.com;acupofspirt@gmail.com
Compiler.test.js;MODIFY;431;-7.0;Decreased;False;2018-05-07 13:26:09+00:00;False;84;58;2915;f63d6fa4bbd5ade96f4da8ac5ebd9384da37f300;10;florent.cailhol@gmail.com;florent.cailhol@gmail.com
Compiler.test.js;MODIFY;453;22.0;Grew;False;2018-06-19 19:41:23+00:00;False;87;61;3017;064967128e22a619bd339a9af1234694e85eecad;2;tobias.koppers@googlemail.com;tobias.koppers@googlemail.com
Compiler.test.js;MODIFY;453;0.0;Equal;False;2018-06-20 08:23:26+00:00;False;87;61;3018;2fa0ea62e7fc96be06d18fbfbf77ff14abfc6324;1;tobias.koppers@googlemail.com;tobias.koppers@googlemail.com
Compiler.test.js;MODIFY;453;0.0;Equal;False;2018-07-13 14:15:01+00:00;False;87;61;3041;753dcce1885b3b61e8deb3a875687583d7ca7971;13;tobias.koppers@googlemail.com;tobias.koppers@googlemail.com
Compiler.test.js;MODIFY;470;17.0;Grew;False;2018-10-22 23:01:07+00:00;False;90;63;3134;b6dda49add2504cf3606c4573b279006e8343d82;1;renato_0603@hotmail.com;renato_0603@hotmail.com
Compiler.test.js;MODIFY;470;0.0;Equal;False;2018-10-22 23:12:42+00:00;False;90;63;3132;22553427d4bdba0f511d887bb05f00811ecc05bc;1;renato_0603@hotmail.com;renato_0603@hotmail.com
Compiler.test.js;MODIFY;473;3.0;Grew;False;2018-10-23 18:12:36+00:00;False;91;64;3157;5e112dbfbe043b9f7a43798b3ef1522155e7317f;1;renato_0603@hotmail.com;renato_0603@hotmail.com
Compiler.test.js;MODIFY;474;1.0;Grew;False;2018-10-24 13:56:50+00:00;False;91;64;3164;82562497035541e9f13fe54f7707782602c5777b;1;tobias.koppers@googlemail.com;tobias.koppers@googlemail.com
Compiler.test.js;MODIFY;474;0.0;Equal;False;2018-10-25 15:57:23+00:00;False;91;64;3165;c7e67b48caaafcfb5525aaae1dedf21562d66702;1;s.melukov@gmail.com;s.melukov@gmail.com
Compiler.test.js;MODIFY;541;67.0;Grew;False;2018-11-04 08:40:51+00:00;False;106;73;3495;84bc9bce482cf60e8d6333b1fc0e4dcf08e5c7e6;3;tobias.koppers@googlemail.com;l.alexander10@gmail.com
Compiler.test.js;MODIFY;495;-46.0;Grew;False;2018-11-21 16:16:25+00:00;False;93;66;3289;217b2ad7e2c4fa09715a05eaf4b2969a4c67e29d;2;shah@tumblr.com;skashani@gmail.com
Compiler.test.js;MODIFY;541;46.0;Equal;False;2018-12-07 15:37:22+00:00;False;106;73;3496;d544027af7891d5dac6a7a35129bc184fa7b0034;1;tobias.koppers@googlemail.com;tobias.koppers@googlemail.com
Compiler.test.js;MODIFY;541;0.0;Equal;False;2018-12-09 14:32:03+00:00;False;106;73;3496;9caaa664f7dbe5dc60e28b92ef3f288fd9636955;27;florent.cailhol@gmail.com;florent.cailhol@gmail.com
Compiler.test.js;MODIFY;584;43.0;Grew;False;2018-12-25 07:08:45+00:00;False;118;81;3755;351f19768543887621571d68dfd81bcb0b5fc201;1;mc@mc-zone.me;mc@mc-zone.me
Compiler.test.js;MODIFY;663;79.0;Grew;False;2018-12-26 13:56:19+00:00;False;128;89;4282;9877a677d8728e7e3082a86a9a60b5115f4c3ced;2;mc@mc-zone.me;mc@mc-zone.me
Compiler.test.js;MODIFY;495;-168.0;Equal;False;2019-02-18 08:23:08+00:00;False;93;66;3288;75a9a515fd676378b50b1d74f5cd2f38bf2e2bd7;9;tobias.koppers@googlemail.com;tobias.koppers@googlemail.com
Compiler.test.js;MODIFY;562;67.0;Equal;False;2019-02-20 21:41:07+00:00;False;108;75;3620;924daa105b39a2d8b10b703737e5f803fb0b28ca;22;tobias.koppers@googlemail.com;tobias.koppers@googlemail.com
Compiler.test.js;MODIFY;561;-1.0;Decreased;False;2019-06-11 15:32:58+00:00;False;107;74;3608;e9c0d068ddbb3213e7601138c5403598da6ac779;39;tobias.koppers@googlemail.com;tobias.koppers@googlemail.com
Compiler.test.js;MODIFY;686;125.0;Grew;False;2019-07-10 12:58:31+00:00;False;129;90;4394;b3e86a97e3659144c91eded04f7978e9ad986e7f;1;tobias.koppers@googlemail.com;tobias.koppers@googlemail.com
Compiler.test.js;MODIFY;689;3.0;Grew;False;2019-07-10 13:01:13+00:00;False;130;90;4410;8e3d61e9537146f30174206371da208b0204dabf;1;tobias.koppers@googlemail.com;tobias.koppers@googlemail.com
Compiler.test.js;MODIFY;576;-113.0;Grew;False;2019-07-22 07:22:51+00:00;False;102;72;3767;b6138c18a10318fb0834663ef081250505ca1485;1;tobias.koppers@googlemail.com;tobias.koppers@googlemail.com
Compiler.test.js;MODIFY;643;67.0;Grew;False;2019-07-22 08:35:26+00:00;False;106;76;4251;7b31890a2fc9219ef47fada620375adadf095786;5;tobias.koppers@googlemail.com;tobias.koppers@googlemail.com
Compiler.test.js;MODIFY;603;-40.0;Decreased;False;2019-08-01 12:04:22+00:00;False;103;76;3772;b89853ea12534c8ce8b74fa4ea3f89e01cfb4f9a;1;tobias.koppers@googlemail.com;tobias.koppers@googlemail.com
Compiler.test.js;MODIFY;797;194.0;Decreased;False;2019-08-06 08:57:37+00:00;False;140;100;4894;fe790eea6508d2676c39eb1f9d4db211c014e8a8;32;tobias.koppers@googlemail.com;tobias.koppers@googlemail.com
Compiler.test.js;MODIFY;800;3.0;Grew;False;2019-11-04 10:42:12+00:00;False;141;101;4912;019e35bf265412307c0a7f8e7f2b48642d5624c0;2;tobias.koppers@googlemail.com;tobias.koppers@googlemail.com
Compiler.test.js;MODIFY;818;18.0;Grew;False;2020-01-22 14:41:45+00:00;False;143;103;5084;aea4fd97b5c3ce0d4c58778493e5620c37716bf8;4;ngg@ngg.hu;ngg@ngg.hu
Compiler.test.js;MODIFY;621;-197.0;Grew;False;2020-01-23 08:55:10+00:00;False;105;78;3944;a7a07bcecb7d035af52e727f6c2d344f4ce767b3;4;ngg@ngg.hu;ngg@ngg.hu
Compiler.test.js;MODIFY;817;196.0;Decreased;False;2020-02-17 18:12:54+00:00;False;143;103;5075;6477ca56f8046e4642d983f68a68805b83982537;34;tobias.koppers@googlemail.com;tobias.koppers@googlemail.com
Compiler.test.js;MODIFY;818;1.0;Equal;False;2020-02-18 14:52:10+00:00;False;143;103;5180;e1ec9e6bea57a8649d552116d6c4e8a193b7ab2a;9;jamesgeorge998001@gmail.com;jamesgeorge998001@gmail.com
Compiler.test.js;MODIFY;818;0.0;Equal;False;2020-02-18 14:52:16+00:00;False;143;103;5180;65877d5d30d5a11394e62987d5413cf2546fc937;1;jamesgeorge998001@gmail.com;jamesgeorge998001@gmail.com
Compiler.test.js;MODIFY;818;0.0;Equal;False;2020-02-18 14:52:26+00:00;False;143;103;5157;19a551a671f8e95c5a450607b9d0f2fa57f03275;9;jamesgeorge998001@gmail.com;jamesgeorge998001@gmail.com
Compiler.test.js;MODIFY;817;-1.0;Equal;False;2020-03-28 22:20:24+00:00;False;143;103;5148;7b07a8db660b17386723a039358e3329829c12de;70;mohsen.azimi@airbnb.com;mohsen.azimi@airbnb.com
Compiler.test.js;MODIFY;817;0.0;Equal;False;2020-04-07 22:27:45+00:00;False;143;103;5164;a3b493a365d00f6f22f0e105c10ab246d48a7eef;8;varuncvarada@gmail.com;varuncvarada@gmail.com
Compiler.test.js;MODIFY;823;6.0;Grew;False;2020-07-15 17:34:23+00:00;False;143;103;5226;5a2fa99055d73a686322cf33a416d8f6e108601b;5;tobias.koppers@googlemail.com;tobias.koppers@googlemail.com
Compiler.test.js;MODIFY;823;0.0;Equal;False;2020-08-28 10:00:53+00:00;False;143;103;5226;0349dbcfe2fed5ce2db7ccf4c23c675bf7bf07b2;1;tobias.koppers@googlemail.com;tobias.koppers@googlemail.com
Compiler.test.js;MODIFY;840;17.0;Grew;False;2020-09-19 04:52:34+00:00;False;146;105;5328;ad91fc63b3b09297eb1b0a410a1f63c75db63fa0;1;rishabh31121999@gmail.com;rishabh31121999@gmail.com
Compiler.test.js;MODIFY;822;-18.0;Decreased;False;2020-09-28 09:39:50+00:00;False;143;103;5222;0e926a5fb74a1d744fa1d49c3c2440988f96c405;2;tobias.koppers@googlemail.com;tobias.koppers@googlemail.com
Compiler.test.js;MODIFY;852;30.0;Grew;False;2020-09-29 18:21:59+00:00;False;147;106;5389;10cad2a95e0c6f39f651dc0cd371664909efc487;2;tobias.koppers@googlemail.com;tobias.koppers@googlemail.com
Compiler.test.js;MODIFY;852;0.0;Equal;False;2021-01-19 11:26:14+00:00;False;147;106;5389;dc4320f72843341377ccda6c4d83ed78ba7080c0;1;jamesgeorge998001@gmail.com;jamesgeorge998001@gmail.com
Compiler.test.js;MODIFY;852;0.0;Equal;False;2021-01-19 11:49:33+00:00;False;147;106;5357;380a5c48ec69865c3357ad5a1a45a55c68cc75e3;1;jamesgeorge998001@gmail.com;jamesgeorge998001@gmail.com
Compiler.test.js;MODIFY;856;4.0;Grew;False;2021-02-13 20:02:47+00:00;False;149;108;5379;e7d945796312bae147c320e667aa2470e6f58b21;6;tobias.koppers@googlemail.com;tobias.koppers@googlemail.com
Compiler.test.js;MODIFY;856;0.0;Equal;False;2021-04-04 04:39:30+00:00;False;149;108;5379;f000617d9f92b7068b7dcdcf842eb478e9385299;3;hyeonmin.park@kennysoft.kr;hyeonmin.park@kennysoft.kr
Compiler.test.js;MODIFY;926;70.0;Grew;False;2021-04-04 05:28:31+00:00;False;154;113;5678;72ba68cc780cf0c54ccf7266a5f0d11d493600ff;9;hyeonmin.park@kennysoft.kr;hyeonmin.park@kennysoft.kr
Compiler.test.js;MODIFY;927;1.0;Grew;False;2021-05-18 14:54:16+00:00;False;154;113;5697;9e7062f5e6af5d2d708cb75ee2e3df8de6dda911;3;tobias.koppers@googlemail.com;tobias.koppers@googlemail.com
Compiler.test.js;MODIFY;920;-7.0;Decreased;False;2021-06-22 07:39:17+00:00;False;153;113;5673;c5763e1eb14fe7b0f4bfd70b303ec10d2129d5cf;3;tobias.koppers@googlemail.com;tobias.koppers@googlemail.com
Compiler.test.js;MODIFY;947;27.0;Grew;False;2021-07-06 19:08:54+00:00;False;160;116;5770;87846747df5de34f1a49abfe587d7a2daf9ecfea;1;tobias.koppers@googlemail.com;tobias.koppers@googlemail.com
Compiler.test.js;MODIFY;970;23.0;Grew;True;2021-07-15 14:37:54+00:00;True;159;116;5985;b29c44e2231157ce8d4f78fcc04d2367ad93403b;23;tobias.koppers@googlemail.com;tobias.koppers@googlemail.com
Compiler.test.js;MODIFY;970;0.0;Grew;True;2022-01-18 09:38:06+00:00;False;159;116;5985;05f2196d61acfbeaf3fe567455046b25576c6b96;13;tobias.koppers@googlemail.com;tobias.koppers@googlemail.com
Compiler.test.js;MODIFY;970;0.0;Equal;True;2024-02-01 02:02:32+00:00;False;159;116;5985;05f44125e59eab429353b08135463ee21865a650;15;dmichon-msft@users.noreply.github.com;dmichon-msft@users.noreply.github.com
Compiler.test.js;MODIFY;970;0.0;Equal;True;2024-02-01 19:23:05+00:00;False;159;116;5985;83aabe89b62c22ae2b84758ff2108a07c997ebcf;14;dmichon-msft@users.noreply.github.com;dmichon-msft@users.noreply.github.com
Compiler.test.js;MODIFY;997;27.0;Grew;True;2024-05-01 14:54:03+00:00;False;163;120;6162;8510a6d0d77f22c0ff08f40033feaebdb493b246;1;ivan.kopeykin@gmail.com;ivan.kopeykin@gmail.com
Compiler.test.js;MODIFY;997;0.0;Equal;True;2024-05-01 15:10:57+00:00;False;163;120;6158;3a498e7a39c88ccfb718748558b5d138a03e144e;5;ivan.kopeykin@gmail.com;ivan.kopeykin@gmail.com
Compiler.test.js;MODIFY;994;-3.0;Decreased;True;2024-08-02 16:32:14+00:00;False;163;120;6147;9943f3506a397a96e920c1a5bbd45815b05b7c67;132;sheo13666q@gmail.com;sheo13666q@gmail.com
Compiler.test.js;MODIFY;996;2.0;Decreased;True;2024-08-02 16:32:14+00:00;False;163;120;6155;c914fe202aee44cbe2548fa403bcbc03cc9187f8;63;sheo13666q@gmail.com;sheo13666q@gmail.com
Compiler.test.js;MODIFY;994;-2.0;Equal;True;2024-08-02 16:32:31+00:00;False;163;120;6149;93743d233ab4fa36738065ebf8df5f175323b906;140;sheo13666q@gmail.com;sheo13666q@gmail.com
Compiler.test.js;MODIFY;994;0.0;Equal;True;2024-10-14 03:02:08+00:00;False;163;120;6149;eba41c692cc97a3197390b9dc1c6c311e53b0e3c;12;nitin.kumar@razorpay.com;nitin.kumar@razorpay.com
