file_name;change_type;n_loc;lines_balance;size_change;is_large;date;swapped_classification;complexity;methods;tokens;hash;files_on_commit;committer_email;author_email
DefaultStatsPrinterPlugin.js;ADD;908;0.0;Equal;False;2018-12-18 21:07:14+00:00;False;298;155;5236;123b0a64e78d154e4c326c845239136e1129c7aa;35;tobias.koppers@googlemail.com;tobias.koppers@googlemail.com
DefaultStatsPrinterPlugin.js;MODIFY;908;0.0;Equal;False;2018-12-23 09:04:22+00:00;False;299;155;5242;a84de283b2012836a8512c54f927e34907e46c5a;1;tobias.koppers@googlemail.com;tobias.koppers@googlemail.com
DefaultStatsPrinterPlugin.js;MODIFY;919;11.0;Grew;False;2018-12-28 11:57:38+00:00;False;302;156;5296;3079886e47e781dcbdff71d7149b0ab37b5a2cb7;4;tobias.koppers@googlemail.com;tobias.koppers@googlemail.com
DefaultStatsPrinterPlugin.js;MODIFY;921;2.0;Grew;False;2019-01-10 19:07:04+00:00;False;303;157;5313;041e04a9dd14633f1b2c06ce4327e0b85c1fb473;1;mikula@gmail.com;mikula@gmail.com
DefaultStatsPrinterPlugin.js;MODIFY;926;5.0;Grew;False;2019-01-10 19:47:49+00:00;False;305;157;5331;07f8140201a56095fd6c2cd4d5d67a441a7aca0a;7;mikula@gmail.com;mikula@gmail.com
DefaultStatsPrinterPlugin.js;MODIFY;926;0.0;Equal;False;2019-01-11 17:44:51+00:00;False;305;157;5331;d649429a8f2fbd65c1ffcd9580433f41e5210504;2;mikula@gmail.com;mikula@gmail.com
DefaultStatsPrinterPlugin.js;MODIFY;924;-2.0;Decreased;False;2019-06-15 11:31:45+00:00;False;303;157;5320;bb944d3de658c16ec69788d5be96ff7f4f8e4d9f;3;daniel@daniel-ruf.de;daniel@daniel-ruf.de
DefaultStatsPrinterPlugin.js;MODIFY;922;-2.0;Decreased;False;2019-06-19 11:16:05+00:00;False;303;157;5310;b2e7837288d79d8671fbe316bc58aabe46775ac9;41;tobias.koppers@googlemail.com;tobias.koppers@googlemail.com
DefaultStatsPrinterPlugin.js;MODIFY;921;-1.0;Decreased;False;2019-07-04 22:45:41+00:00;False;302;156;5304;c94073b31cb446982f22a76c1cc91fcebcac8d4d;15;tobias.koppers@googlemail.com;tobias.koppers@googlemail.com
DefaultStatsPrinterPlugin.js;MODIFY;924;3.0;Grew;False;2019-07-15 14:31:59+00:00;False;304;157;5329;31ea2c72120ca51a72e42ba7cdf7faf0820516cf;3;tobias.koppers@googlemail.com;tobias.koppers@googlemail.com
DefaultStatsPrinterPlugin.js;MODIFY;921;-3.0;Decreased;False;2019-07-16 12:29:53+00:00;False;304;157;5334;2912c1b5299af772b38b75ea163694367bf970d0;2;tobias.koppers@googlemail.com;tobias.koppers@googlemail.com
DefaultStatsPrinterPlugin.js;MODIFY;943;22.0;Grew;False;2019-07-17 21:13:08+00:00;False;304;159;5418;4fa8addeecf6a15edc66958080dd126e5bf82950;19;tobias.koppers@googlemail.com;tobias.koppers@googlemail.com
DefaultStatsPrinterPlugin.js;MODIFY;1061;118.0;Grew;True;2019-10-10 18:22:13+00:00;True;359;205;6194;4c3d7c9cbb27329e3ced13767cca716661454701;5;tobias.koppers@googlemail.com;tobias.koppers@googlemail.com
DefaultStatsPrinterPlugin.js;MODIFY;1064;3.0;Grew;True;2019-10-30 06:48:32+00:00;False;360;206;6215;8d46b21fad779b65fe856b6f1a6fb09d36bb78e3;30;tobias.koppers@googlemail.com;tobias.koppers@googlemail.com
DefaultStatsPrinterPlugin.js;MODIFY;1071;7.0;Grew;True;2019-11-04 08:23:18+00:00;False;361;207;6245;e8f2a8329d935c04994dfd6c86e6d010dab5a182;6;tobias.koppers@googlemail.com;tobias.koppers@googlemail.com
DefaultStatsPrinterPlugin.js;MODIFY;1073;2.0;Grew;True;2019-11-20 14:54:32+00:00;False;361;207;6249;c94bd66ee592f6337c4e3099380fcf4bedce01e5;1;tobias.koppers@googlemail.com;tobias.koppers@googlemail.com
DefaultStatsPrinterPlugin.js;MODIFY;1073;0.0;Equal;True;2020-03-10 01:59:46+00:00;False;361;207;6249;285529a643de078fae1a286c5b092494713f2945;22;snitin315@gmail.com;snitin315@gmail.com
DefaultStatsPrinterPlugin.js;MODIFY;1073;0.0;Equal;True;2020-03-11 10:26:47+00:00;False;361;207;6249;71fda9613c11d94005d8bbeb02f0a353f6a7efff;1;tobias.koppers@googlemail.com;tobias.koppers@googlemail.com
DefaultStatsPrinterPlugin.js;MODIFY;1073;0.0;Equal;True;2020-03-12 10:18:54+00:00;False;361;207;6249;c534b083691f912832ebef0783518babf6dda1e1;1;noreply@github.com;shivaylamba@gmail.com
DefaultStatsPrinterPlugin.js;MODIFY;1073;0.0;Equal;True;2020-03-12 16:51:26+00:00;False;361;207;6249;dafa4cd69adecd32ac998cb673d8930b69bd58e9;70;sheo13666q@gmail.com;sheo13666q@gmail.com
DefaultStatsPrinterPlugin.js;MODIFY;1068;-5.0;Decreased;True;2020-03-28 22:20:24+00:00;False;361;207;6233;7b07a8db660b17386723a039358e3329829c12de;70;mohsen.azimi@airbnb.com;mohsen.azimi@airbnb.com
DefaultStatsPrinterPlugin.js;MODIFY;1074;6.0;Grew;True;2020-04-07 22:27:45+00:00;False;361;207;6240;a3b493a365d00f6f22f0e105c10ab246d48a7eef;8;varuncvarada@gmail.com;varuncvarada@gmail.com
DefaultStatsPrinterPlugin.js;MODIFY;1074;0.0;Equal;True;2020-04-28 17:42:58+00:00;False;361;207;6240;b9c50fdb090cac8def50e576676463c739bd3046;80;tobias.koppers@googlemail.com;tobias.koppers@googlemail.com
DefaultStatsPrinterPlugin.js;MODIFY;1075;1.0;Grew;True;2020-06-24 12:01:59+00:00;False;361;207;6244;4deb38487202a2f1da771952bbb2f070193553d7;1;tobias.koppers@googlemail.com;tobias.koppers@googlemail.com
DefaultStatsPrinterPlugin.js;MODIFY;1078;3.0;Grew;True;2020-07-27 20:40:44+00:00;False;362;208;6259;e16bdfda6c9697d1081847402a6c92a1c0c97b05;128;tobias.koppers@googlemail.com;tobias.koppers@googlemail.com
DefaultStatsPrinterPlugin.js;MODIFY;1013;-65.0;Decreased;True;2020-08-02 06:07:32+00:00;False;341;210;5728;d0ef2ce43f2b27318f7971a5b766f4f640e6a55e;16;tobias.koppers@googlemail.com;tobias.koppers@googlemail.com
DefaultStatsPrinterPlugin.js;MODIFY;1022;9.0;Grew;True;2020-09-01 16:16:43+00:00;False;340;211;5778;3ea9400505ba5dc6d422d84e6eb22f1d79adc253;12;tobias.koppers@googlemail.com;tobias.koppers@googlemail.com
DefaultStatsPrinterPlugin.js;MODIFY;966;-56.0;Decreased;True;2020-09-01 16:31:22+00:00;False;322;209;5426;be021e00f429a90ad6da30bacbf59873343a02b5;39;tobias.koppers@googlemail.com;tobias.koppers@googlemail.com
DefaultStatsPrinterPlugin.js;MODIFY;1027;61.0;Grew;True;2020-09-03 20:12:52+00:00;False;346;204;5590;8e0c51106880e7b8c788738bb686daded7498b50;13;tobias.koppers@googlemail.com;tobias.koppers@googlemail.com
DefaultStatsPrinterPlugin.js;MODIFY;1058;31.0;Grew;True;2020-09-03 21:29:14+00:00;False;354;211;5778;0afc6a7f488bf5ddcfde90614e96274e67fc304e;14;tobias.koppers@googlemail.com;tobias.koppers@googlemail.com
DefaultStatsPrinterPlugin.js;MODIFY;1097;39.0;Grew;True;2020-09-20 19:24:15+00:00;False;364;213;5904;07fc554bef5930f8577f91c91a8b81791fc29746;5;tobias.koppers@googlemail.com;tobias.koppers@googlemail.com
DefaultStatsPrinterPlugin.js;MODIFY;1100;3.0;Grew;True;2020-09-29 08:11:34+00:00;False;365;213;5929;5b797bb55f77ac1dfeeba865894638bf4ca9bd29;1;tobias.koppers@googlemail.com;tobias.koppers@googlemail.com
DefaultStatsPrinterPlugin.js;MODIFY;1116;16.0;Grew;True;2020-10-22 08:47:23+00:00;False;367;215;5977;2ec90b3687861e779f4403a989e4df55c12dd0d1;13;tobias.koppers@googlemail.com;tobias.koppers@googlemail.com
DefaultStatsPrinterPlugin.js;MODIFY;1116;0.0;Equal;True;2020-12-17 17:51:55+00:00;False;368;216;5981;b5b1f25ad219aaebe25f4e2ed86a6739ee7940ea;9;tobias.koppers@googlemail.com;tobias.koppers@googlemail.com
DefaultStatsPrinterPlugin.js;MODIFY;1120;4.0;Grew;True;2021-01-05 19:50:59+00:00;False;370;218;6008;10aa3daede88fa569cc264d21fe290e9c6fd8fd8;28;tobias.koppers@googlemail.com;tobias.koppers@googlemail.com
DefaultStatsPrinterPlugin.js;MODIFY;1120;0.0;Equal;True;2021-01-13 20:40:39+00:00;False;370;218;6008;a945a9b62c3321b883159de74be10c59a19f178b;5;tobias.koppers@googlemail.com;tobias.koppers@googlemail.com
DefaultStatsPrinterPlugin.js;MODIFY;1121;1.0;Grew;True;2021-01-17 04:18:38+00:00;False;370;218;6010;e04219d048c3b1826afd56118116ab342341f5fc;6;houweling@outlook.com;houweling@outlook.com
DefaultStatsPrinterPlugin.js;MODIFY;1120;-1.0;Decreased;True;2021-02-05 12:19:32+00:00;False;370;218;6006;1c8d138e63601a33ca985741e7f2b3f165b9139a;6;tobias.koppers@googlemail.com;tobias.koppers@googlemail.com
DefaultStatsPrinterPlugin.js;MODIFY;1181;61.0;Grew;True;2021-02-05 14:55:31+00:00;False;376;222;6286;03f740a96c050e129cb7b57b82ceb26ffe8628ad;16;tobias.koppers@googlemail.com;tobias.koppers@googlemail.com
DefaultStatsPrinterPlugin.js;MODIFY;1185;4.0;Grew;True;2021-02-06 09:40:32+00:00;False;376;222;6284;0ac3fd128b3aa19ed911681fe399bba09583ff03;1;tobias.koppers@googlemail.com;tobias.koppers@googlemail.com
DefaultStatsPrinterPlugin.js;MODIFY;1193;8.0;Grew;True;2021-02-11 09:53:52+00:00;False;376;222;6284;3a8b3d983b14dde0c05aaa10ebf8b1b12c724aaa;2;tobias.koppers@googlemail.com;tobias.koppers@googlemail.com
DefaultStatsPrinterPlugin.js;MODIFY;1194;1.0;Grew;True;2021-02-13 20:02:47+00:00;False;378;222;6294;683621e93f13d1e09202f30df3c6e9f2b5aa97d1;4;tobias.koppers@googlemail.com;tobias.koppers@googlemail.com
DefaultStatsPrinterPlugin.js;MODIFY;1196;2.0;Grew;True;2021-04-12 10:27:54+00:00;False;379;223;6318;065177df66cef54aeb7963a58a1a57777024ee84;22;tobias.koppers@googlemail.com;tobias.koppers@googlemail.com
DefaultStatsPrinterPlugin.js;MODIFY;1198;2.0;Grew;True;2021-05-11 07:31:46+00:00;False;379;223;6318;b0fa9ccada14aeb23f71e99d40562b4c73ab625c;98;tobias.koppers@googlemail.com;tobias.koppers@googlemail.com
DefaultStatsPrinterPlugin.js;MODIFY;1218;20.0;Grew;True;2021-07-20 11:29:25+00:00;False;383;225;6377;d3f8e16810581791de6bd3e2ccc944541779b4a2;17;tobias.koppers@googlemail.com;tobias.koppers@googlemail.com
DefaultStatsPrinterPlugin.js;MODIFY;1218;0.0;Equal;True;2021-11-08 18:32:02+00:00;False;383;225;6382;eeb8e890e61f67870028ed08e759abf58562ee7a;1;ikopeykin@ozon.ru;ikopeykin@ozon.ru
DefaultStatsPrinterPlugin.js;MODIFY;1218;0.0;Equal;True;2021-11-27 07:59:48+00:00;False;383;225;6382;a8afd23578290885d467717aefa33d2d683c14bc;1;ikopeykin@ozon.ru;ikopeykin@ozon.ru
DefaultStatsPrinterPlugin.js;MODIFY;1234;16.0;Grew;True;2021-11-30 21:26:17+00:00;False;386;227;6463;fb4cb893e50c1afee2ee9d4657190df59fd0d6b2;6;ikopeykin@ozon.ru;ikopeykin@ozon.ru
DefaultStatsPrinterPlugin.js;MODIFY;1234;0.0;Equal;True;2021-12-02 06:29:39+00:00;False;386;227;6463;e2ded57aff368c376ad69355db6bc6d8f09ebc28;3;ikopeykin@ozon.ru;ikopeykin@ozon.ru
DefaultStatsPrinterPlugin.js;MODIFY;1262;28.0;Grew;True;2022-01-14 14:27:30+00:00;False;386;226;6497;616251c0699c814c01c2a3ed7b614fdc510e6c62;3;tobias.koppers@googlemail.com;tobias.koppers@googlemail.com
DefaultStatsPrinterPlugin.js;MODIFY;1287;25.0;Grew;True;2022-03-04 08:46:11+00:00;False;391;229;6631;c14f1878ca499ed2a85bd1da69695fe55dc570be;3;ivan.kopeykin@gmail.com;ivan.kopeykin@gmail.com
DefaultStatsPrinterPlugin.js;MODIFY;1282;-5.0;Decreased;True;2022-03-08 11:28:05+00:00;False;390;229;6592;ae9c63cadf1d4f92f1e85226a33fb8a3d0d0c08e;2;ivan.kopeykin@gmail.com;tobias.koppers@googlemail.com
DefaultStatsPrinterPlugin.js;MODIFY;1278;-4.0;Decreased;True;2022-08-31 13:41:44+00:00;False;389;228;6578;cbc7beddfa12369f5a9f71ab7f1d18e6afaab98e;4;wq9862@gmail.com;wq9862@gmail.com
DefaultStatsPrinterPlugin.js;MODIFY;1288;10.0;Grew;True;2023-04-07 04:40:49+00:00;False;390;228;6596;ed1036256a988032cfdb94321a0a07cbdbd476f0;2;snitin315@gmail.com;snitin315@gmail.com
DefaultStatsPrinterPlugin.js;MODIFY;1289;1.0;Grew;True;2023-04-07 09:40:03+00:00;False;390;228;6608;132ebd5f0f037d649204204486e2437c9f1782e2;2;snitin315@gmail.com;snitin315@gmail.com
DefaultStatsPrinterPlugin.js;MODIFY;1293;4.0;Grew;True;2023-04-30 21:58:34+00:00;False;391;229;6622;ede77bcb202d59119b95a29d4a89565858bf5d44;13;sheo13666q@gmail.com;sheo13666q@gmail.com
DefaultStatsPrinterPlugin.js;MODIFY;1296;3.0;Grew;True;2024-01-14 01:41:34+00:00;False;391;229;6622;412ae5425eccf5b9e58802e86f82e255c4a9b278;104;nitin.kumar@razorpay.com;nitin.kumar@razorpay.com
DefaultStatsPrinterPlugin.js;MODIFY;1296;0.0;Equal;True;2024-06-11 13:09:50+00:00;False;391;229;6622;ab3e93b19ead869727592d09d36f94e649eb9d83;125;sheo13666q@gmail.com;sheo13666q@gmail.com
DefaultStatsPrinterPlugin.js;MODIFY;1285;-11.0;Decreased;True;2024-08-02 16:32:14+00:00;False;382;227;6524;9943f3506a397a96e920c1a5bbd45815b05b7c67;132;sheo13666q@gmail.com;sheo13666q@gmail.com
DefaultStatsPrinterPlugin.js;MODIFY;1291;6.0;Grew;True;2024-08-02 16:32:14+00:00;False;386;228;6544;b9d9a5d9ffd8d53899a4b198870377090558a32f;130;sheo13666q@gmail.com;sheo13666q@gmail.com
DefaultStatsPrinterPlugin.js;MODIFY;1291;0.0;Equal;True;2024-08-02 16:32:14+00:00;False;391;229;6615;a592b626869c890a64672d9497887df9e5c88031;94;sheo13666q@gmail.com;sheo13666q@gmail.com
DefaultStatsPrinterPlugin.js;MODIFY;1294;3.0;Grew;True;2024-08-02 16:32:14+00:00;False;391;229;6615;500ee96dcb21de23e6c7f35831b9b9660a8e878f;45;sheo13666q@gmail.com;sheo13666q@gmail.com
DefaultStatsPrinterPlugin.js;MODIFY;1285;-9.0;Decreased;True;2024-08-02 16:32:22+00:00;False;382;227;6524;c802a98f58e26dbfd727ee757ebad7c38b3c77aa;104;sheo13666q@gmail.com;sheo13666q@gmail.com
DefaultStatsPrinterPlugin.js;MODIFY;1285;0.0;Equal;True;2024-08-02 16:32:31+00:00;False;382;227;6524;93743d233ab4fa36738065ebf8df5f175323b906;140;sheo13666q@gmail.com;sheo13666q@gmail.com
DefaultStatsPrinterPlugin.js;MODIFY;1445;160.0;Grew;True;2024-08-06 03:08:48+00:00;False;387;213;7170;adf2a6b7c6077fd806ea0e378c1450cccecc9ed0;59;sheo13666q@gmail.com;sheo13666q@gmail.com
DefaultStatsPrinterPlugin.js;MODIFY;1445;0.0;Equal;True;2024-08-06 14:49:07+00:00;False;387;213;7160;c6d1d15c8301faa8c39a484da6c81a50ce60857e;3;sheo13666q@gmail.com;sheo13666q@gmail.com
