file_name;change_type;n_loc;lines_balance;size_change;is_large;date;swapped_classification;complexity;methods;tokens;hash;files_on_commit;committer_email;author_email
JavascriptModulesPlugin.js;RENAME;738;0.0;Equal;False;2019-10-21 22:14:05+00:00;False;145;37;3478;8198ffb3e60b823ad5a7ccb3b13bb3b81f690ede;35;tobias.koppers@googlemail.com;sheo13666q@gmail.com
JavascriptModulesPlugin.js;MODIFY;738;0.0;Equal;False;2019-10-30 06:48:32+00:00;False;146;37;3482;8d46b21fad779b65fe856b6f1a6fb09d36bb78e3;30;tobias.koppers@googlemail.com;tobias.koppers@googlemail.com
JavascriptModulesPlugin.js;MODIFY;745;7.0;Grew;False;2019-11-10 20:05:05+00:00;False;149;38;3516;efe0c2e610b8f4690893360362d4b0b79e80b6fc;9;tobias.koppers@googlemail.com;tobias.koppers@googlemail.com
JavascriptModulesPlugin.js;MODIFY;752;7.0;Grew;False;2019-11-20 10:20:34+00:00;False;148;36;3483;fe67677f55d3291b30e6f500adcd7c7c368177fd;3;tobias.koppers@googlemail.com;tobias.koppers@googlemail.com
JavascriptModulesPlugin.js;MODIFY;769;17.0;Grew;False;2019-12-02 14:59:37+00:00;False;153;38;3634;6b59d113a43e0b2ff150abc05a356b350295852a;12;s.melukov@gmail.com;s.melukov@gmail.com
JavascriptModulesPlugin.js;MODIFY;762;-7.0;Decreased;False;2019-12-03 13:27:39+00:00;False;151;36;3538;faf784b6ab5d441f988ad50ee5a04b950db3f312;14;s.melukov@gmail.com;s.melukov@gmail.com
JavascriptModulesPlugin.js;MODIFY;759;-3.0;Decreased;False;2019-12-03 15:11:46+00:00;False;150;36;3528;f212d3c30edd55eccdc6840c85da1089562eb167;6;s.melukov@gmail.com;s.melukov@gmail.com
JavascriptModulesPlugin.js;MODIFY;771;12.0;Grew;False;2019-12-06 10:09:43+00:00;False;153;36;3571;ab8a768cacf587d0df7d7d271a399c30643d1716;5;tobias.koppers@googlemail.com;tobias.koppers@googlemail.com
JavascriptModulesPlugin.js;MODIFY;798;27.0;Grew;False;2019-12-19 13:26:27+00:00;False;159;36;3678;b39881462885c56a418bdc2d36d1aa346cb501bf;1;tobias.koppers@googlemail.com;tobias.koppers@googlemail.com
JavascriptModulesPlugin.js;MODIFY;775;-23.0;Grew;False;2020-01-16 14:40:44+00:00;False;155;37;3590;2350d09680a32f1851208a855118b6ba54a7a67d;2;tobias.koppers@googlemail.com;tobias.koppers@googlemail.com
JavascriptModulesPlugin.js;MODIFY;802;27.0;Grew;False;2020-04-28 17:42:58+00:00;False;161;37;3697;b9c50fdb090cac8def50e576676463c739bd3046;80;tobias.koppers@googlemail.com;tobias.koppers@googlemail.com
JavascriptModulesPlugin.js;MODIFY;812;10.0;Grew;False;2020-04-30 15:57:01+00:00;False;163;37;3738;50ec72a6cae3bb4c147cfce88f3695b35244f7f4;10;tobias.koppers@googlemail.com;tobias.koppers@googlemail.com
JavascriptModulesPlugin.js;MODIFY;818;6.0;Grew;False;2020-07-27 20:40:44+00:00;False;163;37;3766;e16bdfda6c9697d1081847402a6c92a1c0c97b05;128;tobias.koppers@googlemail.com;tobias.koppers@googlemail.com
JavascriptModulesPlugin.js;MODIFY;821;3.0;Grew;False;2020-08-14 08:54:24+00:00;False;163;37;3800;41a8e2ea483a544c4ccd3e6217bdfb80daffca39;6;tobias.koppers@googlemail.com;tobias.koppers@googlemail.com
JavascriptModulesPlugin.js;MODIFY;821;0.0;Equal;False;2020-08-27 23:46:14+00:00;False;163;37;3794;49d9ec5625afa87d97f92c57ecdd5c59f14cefda;5;tobias.koppers@googlemail.com;tobias.koppers@googlemail.com
JavascriptModulesPlugin.js;MODIFY;825;4.0;Grew;False;2020-09-01 16:31:29+00:00;False;164;37;3816;0f089187e45a4669199bad0a9381cd20f150e322;7;tobias.koppers@googlemail.com;tobias.koppers@googlemail.com
JavascriptModulesPlugin.js;MODIFY;833;8.0;Grew;False;2020-09-08 05:37:20+00:00;False;165;38;3845;ed06a7f83a7cb7542ff7d9df9fa9755154679258;64;tobias.koppers@googlemail.com;tobias.koppers@googlemail.com
JavascriptModulesPlugin.js;MODIFY;821;-12.0;Decreased;False;2020-09-08 08:25:41+00:00;False;162;37;3785;12997f0a6c333ebc2dc88e0d5ca4becbe6addbe8;10;tobias.koppers@googlemail.com;tobias.koppers@googlemail.com
JavascriptModulesPlugin.js;MODIFY;847;26.0;Grew;False;2020-09-28 09:42:05+00:00;False;165;39;3885;6dad1d0d6b9469566110da48069146f007b8da25;4;tobias.koppers@googlemail.com;tobias.koppers@googlemail.com
JavascriptModulesPlugin.js;MODIFY;847;0.0;Equal;False;2020-10-07 07:36:41+00:00;False;165;39;3885;8e562aa26013873ddaa17f74fcd79d2afd5d1103;14;tobias.koppers@googlemail.com;tobias.koppers@googlemail.com
JavascriptModulesPlugin.js;MODIFY;850;3.0;Grew;False;2020-10-22 08:47:23+00:00;False;165;39;3899;2ec90b3687861e779f4403a989e4df55c12dd0d1;13;tobias.koppers@googlemail.com;tobias.koppers@googlemail.com
JavascriptModulesPlugin.js;MODIFY;852;2.0;Grew;False;2020-10-26 15:33:38+00:00;False;167;39;3953;11a7cac5377cd0d475e699b24e21fa5a29ac32a0;19;tobias.koppers@googlemail.com;tobias.koppers@googlemail.com
JavascriptModulesPlugin.js;MODIFY;908;56.0;Grew;False;2020-12-11 13:36:48+00:00;False;180;39;4260;48571c663f2d45f7177797d51c908ad7605e0039;24;tobias.koppers@googlemail.com;tobias.koppers@googlemail.com
JavascriptModulesPlugin.js;MODIFY;909;1.0;Grew;False;2021-01-18 18:21:12+00:00;False;181;39;4269;e9183f9810bd6b0f1042dfe7340b3a239a02ccb8;6;tobias.koppers@googlemail.com;tobias.koppers@googlemail.com
JavascriptModulesPlugin.js;MODIFY;909;0.0;Equal;False;2021-01-27 12:47:04+00:00;False;181;39;4269;938fc8946af30586fa14c10791dc8f41a3cd9614;1;sheo13666q@gmail.com;sheo13666q@gmail.com
JavascriptModulesPlugin.js;MODIFY;914;5.0;Grew;False;2021-02-09 20:26:23+00:00;False;182;39;4270;1c8fe2a8f827009f0af29ae815fadcd182bf3107;2;tobias.koppers@googlemail.com;tobias.koppers@googlemail.com
JavascriptModulesPlugin.js;MODIFY;965;51.0;Grew;True;2021-02-09 20:27:10+00:00;True;183;40;4420;b29dd3d224d00cd8684a17d0016b6ea2fb69d22a;6;tobias.koppers@googlemail.com;tobias.koppers@googlemail.com
JavascriptModulesPlugin.js;MODIFY;964;-1.0;Decreased;True;2021-02-09 20:28:10+00:00;False;183;40;4423;89e95d6bda8be82255fee8238ec649447734512b;2;tobias.koppers@googlemail.com;tobias.koppers@googlemail.com
JavascriptModulesPlugin.js;MODIFY;975;11.0;Grew;True;2021-02-11 10:19:24+00:00;False;184;40;4512;9f3950e571c9e56ac6264d55ea31bac99a113fe9;22;tobias.koppers@googlemail.com;tobias.koppers@googlemail.com
JavascriptModulesPlugin.js;MODIFY;975;0.0;Equal;True;2021-02-23 11:03:26+00:00;False;185;41;4521;5c42b918b438916add040531266f8d88c604427d;3;tobias.koppers@googlemail.com;tobias.koppers@googlemail.com
JavascriptModulesPlugin.js;MODIFY;1014;39.0;Grew;True;2021-03-08 19:25:09+00:00;False;194;43;4691;c7f93af138cc56fb825c256b7972bcaf1bb2e137;36;tobias.koppers@googlemail.com;tobias.koppers@googlemail.com
JavascriptModulesPlugin.js;MODIFY;1029;15.0;Grew;True;2021-03-09 19:23:00+00:00;False;196;43;4745;404a854c8be6d1910384a23346f98bdc915f0344;18;tobias.koppers@googlemail.com;tobias.koppers@googlemail.com
JavascriptModulesPlugin.js;MODIFY;1039;10.0;Grew;True;2021-03-15 15:38:50+00:00;False;197;43;4789;d5992633e60ae3f3a8c1e17ab6d04ee32672e866;4;tobias.koppers@googlemail.com;tobias.koppers@googlemail.com
JavascriptModulesPlugin.js;MODIFY;1039;0.0;Equal;True;2021-03-16 18:19:10+00:00;False;197;43;4789;8dcaade8fc795f5771d2f60c3f42b5fac50b8cd1;1;ali@towbe.com;ali@towbe.com
JavascriptModulesPlugin.js;MODIFY;1080;41.0;Grew;True;2021-04-12 10:27:54+00:00;False;191;45;4992;065177df66cef54aeb7963a58a1a57777024ee84;22;tobias.koppers@googlemail.com;tobias.koppers@googlemail.com
JavascriptModulesPlugin.js;MODIFY;1080;0.0;Equal;True;2021-04-12 10:27:55+00:00;False;191;45;4992;ea3e0a39acb5ad07e256bd0da0be3c266967857c;11;tobias.koppers@googlemail.com;tobias.koppers@googlemail.com
JavascriptModulesPlugin.js;MODIFY;1101;21.0;Grew;True;2021-04-14 12:37:00+00:00;False;195;46;5119;24c59023746445cb85590848d217687fc3127ddb;2;tobias.koppers@googlemail.com;tobias.koppers@googlemail.com
JavascriptModulesPlugin.js;MODIFY;1105;4.0;Grew;True;2021-04-22 07:32:17+00:00;False;197;46;5135;cb494c9a8b943aa60f827d5a0a82c3349fdb7d10;8;tobias.koppers@googlemail.com;tobias.koppers@googlemail.com
JavascriptModulesPlugin.js;MODIFY;1097;-8.0;Decreased;True;2021-05-11 07:31:46+00:00;False;197;46;5135;b0fa9ccada14aeb23f71e99d40562b4c73ab625c;98;tobias.koppers@googlemail.com;tobias.koppers@googlemail.com
JavascriptModulesPlugin.js;MODIFY;1098;1.0;Grew;True;2021-06-23 12:49:14+00:00;False;198;46;5144;c3af61fe2aa2ab33df581b4c516c3076d1f0c5f6;1;tobias.koppers@googlemail.com;tobias.koppers@googlemail.com
JavascriptModulesPlugin.js;MODIFY;1145;47.0;Grew;True;2021-06-24 14:44:14+00:00;False;206;48;5358;629f9f031c144dd3d77615119579050f6b3fec34;20;tobias.koppers@googlemail.com;tobias.koppers@googlemail.com
JavascriptModulesPlugin.js;MODIFY;1149;4.0;Grew;True;2021-07-16 16:10:45+00:00;False;207;48;5381;1d8f9fd4d0783bfd790333881c7cd69e2180fa17;1;tobias.koppers@googlemail.com;philispaxil@gmail.com
JavascriptModulesPlugin.js;MODIFY;1147;-2.0;Decreased;True;2021-07-16 16:11:29+00:00;False;206;48;5358;c469adc2651437d9c115a41389ff7e3794416733;7;tobias.koppers@googlemail.com;tobias.koppers@googlemail.com
JavascriptModulesPlugin.js;MODIFY;1163;16.0;Grew;True;2021-07-22 14:09:09+00:00;False;213;49;5478;0bd1e789d48f9b3e3ca38d6c48db7c7be5380bcd;6;tobias.koppers@googlemail.com;tobias.koppers@googlemail.com
JavascriptModulesPlugin.js;MODIFY;1167;4.0;Grew;True;2022-02-01 17:10:45+00:00;False;213;49;5484;f1d329cc0e5241327575d3b3d6f491ff95773c8b;5;ivan.kopeykin@gmail.com;ivan.kopeykin@gmail.com
JavascriptModulesPlugin.js;MODIFY;1186;19.0;Grew;True;2022-02-11 14:59:35+00:00;False;216;49;5549;cd3ec1da92450c2c9878bb05a89f9f623c637d65;5;ivan.kopeykin@gmail.com;ivan.kopeykin@gmail.com
JavascriptModulesPlugin.js;MODIFY;1178;-8.0;Decreased;True;2023-03-31 17:56:32+00:00;False;216;49;5568;fa4cbf11a12d0224364ef229e38f04e2bf51629d;45;selarkin@microsoft.com;selarkin@microsoft.com
JavascriptModulesPlugin.js;MODIFY;1179;1.0;Grew;True;2023-05-04 23:19:11+00:00;False;216;49;5570;e958ac552b5944e58bad574e5fb917959fe9c3cb;20;sean.larkin1@gmail.com;sean.larkin1@gmail.com
JavascriptModulesPlugin.js;MODIFY;1179;0.0;Grew;True;2023-05-09 19:16:32+00:00;False;216;49;5570;1f44d166fec8817829e5404a23a0d07e6cb68106;68;benw@microsoft.com;benw@microsoft.com
JavascriptModulesPlugin.js;MODIFY;1179;0.0;Equal;True;2023-05-19 15:55:47+00:00;False;216;49;5577;8d8a0e0e566c4c28977991b05bc6e4260713271d;25;burhanuddin.u@razorpay.com;burhanuddin.u@razorpay.com
JavascriptModulesPlugin.js;MODIFY;1181;2.0;Grew;True;2023-05-24 22:41:32+00:00;False;216;49;5581;60e5e13eb8babd577ac10616962eb12e07cd368c;13;sheo13666q@gmail.com;sheo13666q@gmail.com
JavascriptModulesPlugin.js;MODIFY;1183;2.0;Grew;True;2023-05-26 15:34:26+00:00;False;216;49;5612;839e2bf6add2b8358c2a18ec105bb6339fa4cf78;10;burhanuddin.u@razorpay.com;burhanuddin.u@razorpay.com
JavascriptModulesPlugin.js;MODIFY;1183;0.0;Equal;True;2023-05-26 15:42:29+00:00;False;216;49;5612;8bf6d59f35f3b9c451b2e40fdb43e840b73363f0;2;burhanuddin.u@razorpay.com;burhanuddin.u@razorpay.com
JavascriptModulesPlugin.js;MODIFY;1183;0.0;Equal;True;2023-05-31 14:56:55+00:00;False;216;49;5612;792ee7e516d659c2dd4e30bbd9322337e7b022fd;35;sean.larkin1@gmail.com;sheo13666q@gmail.com
JavascriptModulesPlugin.js;MODIFY;1193;10.0;Grew;True;2023-06-02 23:13:44+00:00;False;217;49;5646;e3b1837442982ed8cd73c683b65650e23c716665;10;sheo13666q@gmail.com;sheo13666q@gmail.com
JavascriptModulesPlugin.js;MODIFY;1183;-10.0;Decreased;True;2023-06-03 00:58:03+00:00;False;216;49;5612;ac2c8bec530cfdbe04549319f11c62f61379507d;5;sheo13666q@gmail.com;sheo13666q@gmail.com
JavascriptModulesPlugin.js;MODIFY;1191;8.0;Grew;True;2023-06-22 00:59:10+00:00;False;216;49;5612;3092f7cb20b7eccc227ebbc14e52c55c767e7337;11;sheo13666q@gmail.com;sheo13666q@gmail.com
JavascriptModulesPlugin.js;MODIFY;1194;3.0;Grew;True;2023-06-22 01:08:40+00:00;False;216;49;5614;158e0441e75de7349da4b7a8f72d73e927d2bd86;5;sheo13666q@gmail.com;sheo13666q@gmail.com
JavascriptModulesPlugin.js;MODIFY;1194;0.0;Equal;True;2024-01-14 01:41:34+00:00;False;216;49;5614;412ae5425eccf5b9e58802e86f82e255c4a9b278;104;nitin.kumar@razorpay.com;nitin.kumar@razorpay.com
JavascriptModulesPlugin.js;MODIFY;1305;111.0;Grew;True;2024-04-24 07:54:06+00:00;False;242;52;6326;551c3721cf32ec878b52c313fdb44ce261ae7ab5;10;fi3ework@gmail.com;fi3ework@gmail.com
JavascriptModulesPlugin.js;MODIFY;1314;9.0;Grew;True;2024-04-24 18:21:44+00:00;False;238;53;6358;1234b1f27bd676b7fab84b73242dce3d62432ca4;7;fi3ework@gmail.com;fi3ework@gmail.com
JavascriptModulesPlugin.js;MODIFY;1314;0.0;Equal;True;2024-06-11 13:09:50+00:00;False;238;53;6358;ab3e93b19ead869727592d09d36f94e649eb9d83;125;sheo13666q@gmail.com;sheo13666q@gmail.com
JavascriptModulesPlugin.js;MODIFY;1319;5.0;Grew;True;2024-06-19 03:11:41+00:00;False;240;53;6389;f6b9af6ed0bac30ab688f5801ae4b1d98c521f6a;7;fi3ework@gmail.com;fi3ework@gmail.com
JavascriptModulesPlugin.js;MODIFY;1314;-5.0;Decreased;True;2024-06-19 03:11:42+00:00;False;238;53;6358;c54d4a4b1f676ca0a1aea8340f4a063c99f1fef2;13;fi3ework@gmail.com;fi3ework@gmail.com
JavascriptModulesPlugin.js;MODIFY;1317;3.0;Grew;True;2024-07-10 03:46:24+00:00;False;239;53;6380;7cacdb56859d7dbd511d3f7da2e043b343f7c4e7;9;fi3ework@gmail.com;fi3ework@gmail.com
JavascriptModulesPlugin.js;MODIFY;1317;0.0;Equal;True;2024-08-02 16:32:13+00:00;False;239;53;6380;423e89b2c75972d325a275f2b04824a43d75bd60;74;sheo13666q@gmail.com;sheo13666q@gmail.com
JavascriptModulesPlugin.js;MODIFY;1305;-12.0;Decreased;True;2024-08-02 16:32:14+00:00;False;238;53;6288;9943f3506a397a96e920c1a5bbd45815b05b7c67;132;sheo13666q@gmail.com;sheo13666q@gmail.com
JavascriptModulesPlugin.js;MODIFY;1317;12.0;Grew;True;2024-08-02 16:32:14+00:00;False;238;53;6312;0b745968a22da5e2b6f2b85e55ced34096514ed0;43;sheo13666q@gmail.com;sheo13666q@gmail.com
JavascriptModulesPlugin.js;MODIFY;1315;-2.0;Grew;True;2024-08-02 16:32:14+00:00;False;238;53;6311;b9d9a5d9ffd8d53899a4b198870377090558a32f;130;sheo13666q@gmail.com;sheo13666q@gmail.com
JavascriptModulesPlugin.js;MODIFY;1316;1.0;Decreased;True;2024-08-02 16:32:14+00:00;False;239;53;6377;a592b626869c890a64672d9497887df9e5c88031;94;sheo13666q@gmail.com;sheo13666q@gmail.com
JavascriptModulesPlugin.js;MODIFY;1314;-2.0;Decreased;True;2024-08-02 16:32:14+00:00;False;238;53;6372;c914fe202aee44cbe2548fa403bcbc03cc9187f8;63;sheo13666q@gmail.com;sheo13666q@gmail.com
JavascriptModulesPlugin.js;MODIFY;1316;2.0;Equal;True;2024-08-02 16:32:14+00:00;False;239;53;6377;500ee96dcb21de23e6c7f35831b9b9660a8e878f;45;sheo13666q@gmail.com;sheo13666q@gmail.com
JavascriptModulesPlugin.js;MODIFY;1305;-11.0;Equal;True;2024-08-02 16:32:29+00:00;False;238;53;6288;40151be78e6e1a98c2664c4d60f1e9c926b70945;65;sheo13666q@gmail.com;sheo13666q@gmail.com
JavascriptModulesPlugin.js;MODIFY;1316;11.0;Grew;True;2024-08-07 18:59:26+00:00;False;238;53;6319;1805436d3b68e0aec688cd113bab32a58487ef08;22;sheo13666q@gmail.com;sheo13666q@gmail.com
JavascriptModulesPlugin.js;MODIFY;1316;0.0;Grew;True;2024-08-08 17:03:17+00:00;False;238;53;6325;7fd8ffb2716441dfe6c423e96ec2a89139b30f33;20;sheo13666q@gmail.com;sheo13666q@gmail.com
JavascriptModulesPlugin.js;MODIFY;1331;15.0;Grew;True;2024-09-18 17:20:47+00:00;False;242;54;6408;7bc06a32955968ceb4d37a9d6629860eb2d36a6e;11;fi3ework@gmail.com;fi3ework@gmail.com
JavascriptModulesPlugin.js;MODIFY;1332;1.0;Grew;True;2024-09-19 16:24:31+00:00;False;242;54;6419;8354f16073f8b5d0156137a4a8fe1e0253ffbb38;11;fi3ework@gmail.com;fi3ework@gmail.com
JavascriptModulesPlugin.js;MODIFY;1351;19.0;Grew;True;2024-10-11 18:27:08+00:00;False;242;53;6455;bb10e4b5f026e994c4b5ce3f35e67cd52238c02d;8;fi3ework@gmail.com;fi3ework@gmail.com
JavascriptModulesPlugin.js;MODIFY;1332;-19.0;Equal;True;2024-10-12 08:34:53+00:00;False;242;54;6419;1e95fcb80f50ff6af863401fc4440b0f644374ee;34;nitin.kumar@razorpay.com;nitin.kumar@razorpay.com
JavascriptModulesPlugin.js;MODIFY;1332;0.0;Equal;True;2024-10-12 08:38:03+00:00;False;242;54;6419;f8690def6a3d5c001ded651ba72ddf72baad40c8;29;nitin.kumar@razorpay.com;nitin.kumar@razorpay.com
JavascriptModulesPlugin.js;MODIFY;1362;30.0;Grew;True;2024-10-22 14:26:00+00:00;False;242;53;6487;420d0d0eed79b0c300f18466a47ed7bd5f4ff14b;7;sheo13666q@gmail.com;sheo13666q@gmail.com
JavascriptModulesPlugin.js;MODIFY;1367;5.0;Grew;True;2024-10-22 14:47:48+00:00;False;244;54;6516;93fc22de6a4976968a09890b28057c842879375c;1;sheo13666q@gmail.com;sheo13666q@gmail.com
JavascriptModulesPlugin.js;MODIFY;1366;-1.0;Decreased;True;2024-10-22 15:23:22+00:00;False;244;54;6509;dacf3dcdc3b6e5014df3ceddd3374096f717f058;1;sheo13666q@gmail.com;sheo13666q@gmail.com
JavascriptModulesPlugin.js;MODIFY;1370;4.0;Grew;True;2024-10-22 21:28:42+00:00;False;245;54;6531;b0b8515bd6868a500c29709919901cca33a2c6b5;3;sheo13666q@gmail.com;sheo13666q@gmail.com
JavascriptModulesPlugin.js;MODIFY;1370;0.0;Equal;True;2024-10-23 00:03:35+00:00;False;245;54;6531;7ffa4eb81a0b03f8f1d2d425c2b203524f6c0a56;6;sheo13666q@gmail.com;sheo13666q@gmail.com
JavascriptModulesPlugin.js;MODIFY;1374;4.0;Grew;True;2024-10-23 20:30:31+00:00;False;245;54;6552;8b864dbe81bd73f0e7d101f7c9563bdedf00c392;27;sheo13666q@gmail.com;sheo13666q@gmail.com
JavascriptModulesPlugin.js;MODIFY;1374;0.0;Equal;True;2024-10-24 14:09:39+00:00;False;245;54;6552;0d5476df4f0c51bbe51ded0501ca7d4eb604011d;11;sheo13666q@gmail.com;sheo13666q@gmail.com
JavascriptModulesPlugin.js;MODIFY;1377;3.0;Grew;True;2024-11-05 17:11:51+00:00;False;247;54;6570;156e94585f1cc3be5eff58ec41499cd8575c23dc;2;arka.mcu700@gmail.com;arka.mcu700@gmail.com
JavascriptModulesPlugin.js;MODIFY;1374;-3.0;Decreased;True;2024-11-20 15:35:15+00:00;False;245;54;6552;8a04c64e5e8e1b7ed1fd4b942a3d277296f14ef9;8;sheo13666q@gmail.com;sheo13666q@gmail.com
