file_name;change_type;n_loc;lines_balance;size_change;is_large;date;swapped_classification;complexity;methods;tokens;hash;files_on_commit;committer_email;author_email
change_detection_integration_spec.ts;RENAME;1274;0.0;Equal;True;2017-03-09 00:29:27+00:00;True;not calculated;0;not calculated;3e51a1998304ab6a15e5bea6bc66e7a8c636a8ad;1051;jasonaden@google.com;jasonaden@google.com
change_detection_integration_spec.ts;MODIFY;1274;0.0;Equal;True;2017-03-09 00:29:28+00:00;False;219;205;10139;8573e365746581de50d9513b31b4f3e7f3e1e8f3;241;jasonaden@google.com;jasonaden@google.com
change_detection_integration_spec.ts;MODIFY;1296;22.0;Grew;True;2017-03-17 22:38:36+00:00;False;219;205;10280;0c43535ccc5ddbd468928476efbda4f17b77a143;5;misko@hevery.com;tbosch1009@gmail.com
change_detection_integration_spec.ts;MODIFY;1296;0.0;Equal;True;2017-03-29 16:34:45+00:00;False;219;205;10289;910c0d9ee7e1f556f773e37e7385d5dd58ef79fd;84;victor@suumit.com;misko@hevery.com
change_detection_integration_spec.ts;MODIFY;1307;11.0;Grew;True;2017-04-28 22:41:45+00:00;False;220;206;10383;aa8bba4865b4101f43bb5b6b78bf3697c578a7f8;4;misko@hevery.com;tbosch1009@gmail.com
change_detection_integration_spec.ts;MODIFY;1309;2.0;Grew;True;2017-05-01 22:56:25+00:00;False;220;206;10407;e263e19a2ae8f7dc6457e5cefb4d27887c111f96;16;matias@yearofmoo.com;tbosch1009@gmail.com
change_detection_integration_spec.ts;MODIFY;1323;14.0;Grew;True;2017-05-04 19:07:27+00:00;False;222;208;10519;7f9c589ba3761d1e27b9190c7e8a782853e5051d;9;matias@yearofmoo.com;matias@yearofmoo.com
change_detection_integration_spec.ts;MODIFY;1415;92.0;Grew;True;2017-05-08 22:48:58+00:00;False;234;220;11275;fcc91d862ffe1aa4c9be847a43147fa670a77277;5;misko@hevery.com;tbosch1009@gmail.com
change_detection_integration_spec.ts;MODIFY;1415;0.0;Equal;True;2017-07-31 22:47:57+00:00;False;234;220;11276;9479a106bbc5a3fe99c6d80f12dbb3d23362f22a;50;alx+alxhub@alxandria.net;victor@suumit.com
change_detection_integration_spec.ts;MODIFY;1421;6.0;Grew;True;2017-08-16 22:58:53+00:00;False;235;221;11353;0cc77b4a6954e563b6eb7999c9d3f08e2ba7dfeb;107;misko@hevery.com;tbosch1009@gmail.com
change_detection_integration_spec.ts;MODIFY;1421;0.0;Equal;True;2017-09-22 20:20:52+00:00;False;235;221;11353;0f5c70d563b6943623a5940036a52fe077ad3fac;86;igor@angularjs.org;olivier.combe@gmail.com
change_detection_integration_spec.ts;MODIFY;1541;120.0;Grew;True;2017-11-10 21:47:39+00:00;False;269;249;12400;24cf8b326918e0694dfcdcf48635b5325060827a;4;jasonaden@google.com;chuckj@google.com
change_detection_integration_spec.ts;MODIFY;1541;0.0;Equal;True;2017-12-22 21:10:51+00:00;False;269;249;12403;f3fc74ab675ac8e7109493471922a1db09ecbd2e;59;igor@angular.io;misko@hevery.com
change_detection_integration_spec.ts;MODIFY;1547;6.0;Grew;True;2018-01-26 23:34:47+00:00;False;269;249;12442;2af19c96f215794260c22057f0f9b9a93cccdb00;3;jasonaden@google.com;victor@suumit.com
change_detection_integration_spec.ts;MODIFY;1547;0.0;Equal;True;2018-03-27 18:51:53+00:00;False;269;249;12442;de903143044183020d9575ee839794108f5e5d46;62;matias@yearofmoo.com;vlajos@gmail.com
change_detection_integration_spec.ts;MODIFY;1547;0.0;Equal;True;2018-06-25 14:57:13+00:00;False;269;249;12459;c95437f15df93e2ca735ebf015acb20be597bb6a;189;misko@hevery.com;rkirov@gmail.com
change_detection_integration_spec.ts;MODIFY;1562;15.0;Grew;True;2018-12-07 17:24:15+00:00;False;269;249;12556;5657126d8687691ea28a0f8a5025af40ad6ce48b;12;alx+alxhub@alxandria.net;pkozlowski.opensource@gmail.com
change_detection_integration_spec.ts;MODIFY;1561;-1.0;Decreased;True;2018-12-10 18:30:03+00:00;False;269;249;12538;2182be48c4f8dbde354cb09663fd9302afbc7cc1;4;alx+alxhub@alxandria.net;pkozlowski.opensource@gmail.com
change_detection_integration_spec.ts;MODIFY;1568;7.0;Grew;True;2018-12-11 19:28:43+00:00;False;269;249;12538;69806316316c634a12a1c4cc1199baff39d41f8a;1;alx+alxhub@alxandria.net;pkozlowski.opensource@gmail.com
change_detection_integration_spec.ts;MODIFY;1570;2.0;Grew;True;2018-12-12 19:02:03+00:00;False;269;249;12538;28ceca01630936783129e1159da712b086070322;3;alx+alxhub@alxandria.net;pkozlowski.opensource@gmail.com
change_detection_integration_spec.ts;MODIFY;1594;24.0;Grew;True;2018-12-13 22:55:38+00:00;False;271;250;12714;0397e08153e0b3c3ed96f3f5859b7ec7c61a80bd;2;misko@hevery.com;pkozlowski.opensource@gmail.com
change_detection_integration_spec.ts;MODIFY;1596;2.0;Grew;True;2018-12-13 22:56:00+00:00;False;271;250;12714;10c7b89f1437a01c670ab4470786a5cbe41d3f7d;3;misko@hevery.com;pkozlowski.opensource@gmail.com
change_detection_integration_spec.ts;MODIFY;1588;-8.0;Decreased;True;2018-12-14 23:22:11+00:00;False;271;250;12689;b00aeeff37627f372e8b7faef1ddd2c3e5453182;5;misko@hevery.com;pkozlowski.opensource@gmail.com
change_detection_integration_spec.ts;MODIFY;1586;-2.0;Decreased;True;2018-12-20 17:00:58+00:00;False;271;250;12684;a833b98fd0541b85bf7555e2d8ec1e0a853f5fb7;8;matias@yearofmoo.com;crisbeto@abv.bg
change_detection_integration_spec.ts;MODIFY;1586;0.0;Equal;True;2018-12-20 17:16:09+00:00;False;271;250;12684;880e8a5cfc43b0a0a59a137ae4f5669c52e9a86b;3;matias@yearofmoo.com;matias@yearofmoo.com
change_detection_integration_spec.ts;MODIFY;1586;0.0;Equal;True;2019-01-03 17:22:22+00:00;False;271;250;12684;460be795cf94995d275bac3a972c686339f7c173;2;ben@benlesh.com;mlaval@amadeus.com
change_detection_integration_spec.ts;MODIFY;1585;-1.0;Decreased;True;2019-01-07 22:43:33+00:00;False;271;250;12679;e7753131880479f8c084c4233040b1af97e1e5fd;7;karakara@google.com;mlaval@amadeus.com
change_detection_integration_spec.ts;MODIFY;1584;-1.0;Decreased;True;2019-01-10 18:57:01+00:00;False;271;250;12674;afaea110c7fd7a924c7712470fb95a51dbdec1d0;2;akushnir@google.com;pkozlowski.opensource@gmail.com
change_detection_integration_spec.ts;MODIFY;1584;0.0;Equal;True;2019-01-10 18:57:51+00:00;False;271;250;12674;3bafc002aea0ac64c15dd35c6ff91383aa32ccea;1;akushnir@google.com;pkozlowski.opensource@gmail.com
change_detection_integration_spec.ts;MODIFY;1582;-2.0;Decreased;True;2019-01-10 19:01:37+00:00;False;271;250;12669;a6ba7895994c7f90353da32d4ffb2048df354898;2;akushnir@google.com;crisbeto@abv.bg
change_detection_integration_spec.ts;MODIFY;1607;25.0;Grew;True;2019-01-11 18:18:03+00:00;False;275;254;12871;f854eb7dec3926c61760943de3301f2dd33581b6;1;akushnir@google.com;pkozlowski.opensource@gmail.com
change_detection_integration_spec.ts;MODIFY;1606;-1.0;Decreased;True;2019-01-11 23:17:54+00:00;False;275;254;12866;9260b5e0b4320b63d48d9b0bb032e71a748c083b;4;akushnir@google.com;akushnir@google.com
change_detection_integration_spec.ts;MODIFY;1608;2.0;Grew;True;2019-01-23 18:59:33+00:00;False;275;254;12876;5552661fd75968cb5199dde2548bf424ae15dc0d;45;alx+alxhub@alxandria.net;ben@benlesh.com
change_detection_integration_spec.ts;MODIFY;1606;-2.0;Decreased;True;2019-01-23 18:59:34+00:00;False;275;254;12866;a95e81978b14f6081ed3a8b4ceff358276b4d085;22;alx+alxhub@alxandria.net;ben@benlesh.com
change_detection_integration_spec.ts;MODIFY;1605;-1.0;Decreased;True;2019-01-25 22:22:57+00:00;False;277;254;12886;99886bd159e707bd4527b2da5217f89248998428;3;jasonaden@google.com;pkozlowski.opensource@gmail.com
change_detection_integration_spec.ts;MODIFY;1604;-1.0;Decreased;True;2019-01-25 22:31:23+00:00;False;277;254;12881;d83307adab10ab4477715bc904401fb78bac17e9;9;jasonaden@google.com;mlaval@amadeus.com
change_detection_integration_spec.ts;MODIFY;1574;-30.0;Decreased;True;2019-02-07 20:37:32+00:00;False;277;254;12806;1950e2d9bae19fcbef8d74bf0add14716107d748;13;misko@hevery.com;karakara@google.com
change_detection_integration_spec.ts;MODIFY;1589;15.0;Grew;True;2019-02-13 20:12:26+00:00;False;278;255;12922;2f27a8051be6f2e99bfcb3b3964b25998a18df56;1;misko@hevery.com;pkozlowski.opensource@gmail.com
change_detection_integration_spec.ts;MODIFY;1589;0.0;Equal;True;2019-05-23 17:31:32+00:00;False;278;255;12944;4299ecf9be7752d1bd00886b5fc30afd2ffbe56a;24;jasonaden@google.com;karakara@google.com
change_detection_integration_spec.ts;MODIFY;1589;0.0;Equal;True;2019-07-18 21:21:26+00:00;False;278;255;12957;647d7bdd88ddf4ddb7e00094099b6274ff4e7108;38;misko@hevery.com;paulgschwendtner@gmail.com
change_detection_integration_spec.ts;MODIFY;1589;0.0;Equal;True;2019-08-26 17:39:09+00:00;False;278;255;12953;cf4b944865c988e164cf29896d8aead3025dc3c9;17;atscott@google.com;karakara@google.com
change_detection_integration_spec.ts;MODIFY;1589;0.0;Equal;True;2019-09-09 23:10:54+00:00;False;278;255;12953;9166baf7090ae3172a9c5c3b233a6d191f0c4d5b;69;matias@yearofmoo.com;goodwine@google.com
change_detection_integration_spec.ts;MODIFY;1589;0.0;Equal;True;2019-10-08 16:23:00+00:00;False;278;255;12947;2265cb59384199868b5cfe5550be30382d5522ee;14;alx+alxhub@alxandria.net;crisbeto@abv.bg
change_detection_integration_spec.ts;MODIFY;1589;0.0;Equal;True;2019-11-18 23:47:59+00:00;False;278;255;12947;f4caf263d420ca6a93f1bbd594a0eaf919b3f663;2;alx+alxhub@alxandria.net;mohax.spb@gmail.com
change_detection_integration_spec.ts;MODIFY;1659;70.0;Grew;True;2020-04-08 19:10:34+00:00;False;278;255;12951;41667de778322ac946ed9e8a1d6647a096f1b371;22;karakara@google.com;JiaLi.Passion@gmail.com
change_detection_integration_spec.ts;MODIFY;1589;-70.0;Decreased;True;2020-04-08 19:10:34+00:00;False;278;255;12951;ef4736d052a2c8ae5ec35bd4ea5c6c765b16b834;29;karakara@google.com;JiaLi.Passion@gmail.com
change_detection_integration_spec.ts;MODIFY;1659;70.0;Grew;True;2020-05-26 18:26:58+00:00;False;278;255;12951;d1ea1f4c7f3358b730b0d94e65b00bc28cae279c;4367;matias@yearofmoo.com;josephperrott@gmail.com
change_detection_integration_spec.ts;MODIFY;1659;0.0;Equal;True;2020-09-18 15:03:48+00:00;False;278;255;12949;d3169c533e12c9729c8e386a1d5ed2f0757b0b54;2;misko@hevery.com;sonukapoor@gmail.com
change_detection_integration_spec.ts;MODIFY;1627;-32.0;Decreased;True;2021-10-01 16:25:19+00:00;False;275;252;12703;88781835212354d7058a3674a04c2a1dd4b8f9c3;17;dylhunn@gmail.com;joost.koehoorn@gmail.com
change_detection_integration_spec.ts;MODIFY;1627;0.0;Equal;True;2021-11-23 21:10:06+00:00;False;275;252;12703;bb9ff6003c620b3cf00232189d60097395382802;114;jessicajaniuk@google.com;alx+alxhub@alxandria.net
change_detection_integration_spec.ts;MODIFY;1570;-57.0;Decreased;True;2021-11-24 19:42:39+00:00;False;268;248;12280;b31973c176f67fda563e77c8c5d59ae45881de4c;59;jessicajaniuk@google.com;akushnir@google.com
change_detection_integration_spec.ts;MODIFY;1566;-4.0;Decreased;True;2021-12-06 18:12:36+00:00;False;267;247;12249;43db24302c69dedd24e4ee49e00273f33840b530;79;alx+alxhub@alxandria.net;alx+alxhub@alxandria.net
change_detection_integration_spec.ts;MODIFY;1566;0.0;Equal;True;2022-02-01 18:17:29+00:00;False;267;247;12257;fdfcef5a0a6187eeffa936de86d780d464178521;66;jessicajaniuk@google.com;atscott@google.com
change_detection_integration_spec.ts;MODIFY;1566;0.0;Equal;True;2023-04-18 14:00:45+00:00;False;267;247;12252;ff0d23d6da790c3c1c848f6122bff07123cd2e6a;2;jessicajaniuk@google.com;kyro38@gmail.com
change_detection_integration_spec.ts;MODIFY;1559;-7.0;Decreased;True;2023-06-14 10:33:44+00:00;False;266;246;12228;8d42747971fb5b5f8221de261bb281f1ca209814;20;pkozlowski.opensource@gmail.com;kyro38@gmail.com
change_detection_integration_spec.ts;MODIFY;1560;1.0;Grew;True;2023-12-14 17:17:49+00:00;False;265;245;12224;606de5166e33affd7bd53d1ad86c11afa3cdbe21;12;atscott01@gmail.com;atscott@google.com
change_detection_integration_spec.ts;MODIFY;1560;0.0;Equal;True;2024-02-15 17:24:18+00:00;False;265;245;12224;6c2d4b650b32cf2bebabed97e5dc681c62b52f83;2;akushnir@google.com;dylhunn@gmail.com
change_detection_integration_spec.ts;MODIFY;1557;-3.0;Decreased;True;2024-03-06 23:44:09+00:00;False;265;245;12203;ad045efd4b1565e01c14399998143538ebfbfd99;3;atscott@google.com;atscott@google.com
change_detection_integration_spec.ts;MODIFY;1662;105.0;Grew;True;2024-04-29 16:49:19+00:00;False;266;246;12267;31fdf0fbea6b89c8d3d141b2ef8e79c2737287cb;581;akushnir@google.com;josephperrott@gmail.com
change_detection_integration_spec.ts;MODIFY;1662;0.0;Equal;True;2024-09-24 13:33:00+00:00;False;266;246;12267;9dbe6fc18be700e89f28a023378f4775f3f7c3fe;3460;pkozlowski.opensource@gmail.com;josephperrott@gmail.com
change_detection_integration_spec.ts;MODIFY;1767;105.0;Grew;True;2024-10-14 14:58:57+00:00;False;266;246;12436;09df589e31ee4d546c536ca385d4f5f1a948df93;676;paulgschwendtner@gmail.com;kyro38@gmail.com
