file_name;change_type;n_loc;lines_balance;size_change;is_large;date;swapped_classification;complexity;methods;tokens;hash;files_on_commit;committer_email;author_email
defer_spec.ts;ADD;389;0.0;Grew;False;2023-08-28 17:09:52+00:00;False;14;12;2120;c4deaac5b0816ebee0cb6f92ba02116bec2ca623;15;jessicajaniuk@google.com;akushnir@google.com
defer_spec.ts;MODIFY;563;174.0;Grew;False;2023-08-28 23:53:32+00:00;False;25;23;3014;ba32d6ffd17e626e872656e78139b4ec9885ad0d;2;jessicajaniuk@google.com;akushnir@google.com
defer_spec.ts;MODIFY;568;5.0;Grew;False;2023-09-01 19:15:16+00:00;False;26;24;3060;1aff106a870f1136066bf4b827d7be6af839a967;14;jessicajaniuk@google.com;akushnir@google.com
defer_spec.ts;MODIFY;757;189.0;Grew;False;2023-09-05 20:49:56+00:00;False;40;38;4163;970d68fe764aec7319573c4a77f47bce9f468e58;3;jessicajaniuk@google.com;akushnir@google.com
defer_spec.ts;MODIFY;765;8.0;Grew;False;2023-09-13 17:47:04+00:00;False;40;38;4220;06bbc2fc4e08fab8a5a645e2b6b8cdb067f9ac2c;16;akushnir@google.com;jessicajaniuk@google.com
defer_spec.ts;MODIFY;1158;393.0;Grew;True;2023-09-22 19:17:54+00:00;True;57;54;6491;3cbb2a8ecf202c814c37ab241ce9f57fb574692e;6;dylhunn@gmail.com;crisbeto@abv.bg
defer_spec.ts;MODIFY;1327;169.0;Grew;True;2023-09-25 16:17:03+00:00;False;66;61;7415;687b96186c7da731927e55e714061ea2de718505;6;dylhunn@gmail.com;crisbeto@abv.bg
defer_spec.ts;MODIFY;1609;282.0;Grew;True;2023-09-25 16:17:03+00:00;False;86;78;9163;16f5fc40a49cee0d29711df1783f297ff30b5c6e;6;dylhunn@gmail.com;crisbeto@abv.bg
defer_spec.ts;MODIFY;1734;125.0;Grew;True;2023-09-25 16:17:55+00:00;False;99;91;9792;baaaa6daf693a8dd24f93e027658b63cdbbb4ed6;2;dylhunn@gmail.com;akushnir@google.com
defer_spec.ts;MODIFY;1734;0.0;Grew;True;2023-09-25 23:48:46+00:00;False;99;91;9792;487b9e118a1ee4e1b6bcf1588b30f5e5a0ff97d8;1;dylhunn@gmail.com;akushnir@google.com
defer_spec.ts;MODIFY;1773;39.0;Grew;True;2023-09-26 16:10:04+00:00;False;137;115;10137;8be2c48b7cda5e99f3d1efa9f26eb2615fea6a8b;102;dylhunn@gmail.com;crisbeto@abv.bg
defer_spec.ts;MODIFY;2009;236.0;Grew;True;2023-09-26 22:20:34+00:00;False;154;128;11370;4b38e9a1abd28f601aa598563ed6fe055eb5c353;2;dylhunn@gmail.com;akushnir@google.com
defer_spec.ts;MODIFY;2204;195.0;Grew;True;2023-09-27 19:59:34+00:00;False;170;143;12383;e2e3d69a277990ab79aac7aae43cbdd398e13ed9;12;dylhunn@gmail.com;crisbeto@abv.bg
defer_spec.ts;MODIFY;2205;1.0;Grew;True;2023-10-02 15:35:07+00:00;False;170;143;12399;e368d81896f3ab6ab9001953b2b4fd7b6c650838;2;alx+alxhub@alxandria.net;akushnir@google.com
defer_spec.ts;MODIFY;2205;0.0;Decreased;True;2023-10-02 15:35:51+00:00;False;170;143;12399;367b075d151d9f69b391e36ea02b1ef5637be8fd;1;alx+alxhub@alxandria.net;akushnir@google.com
defer_spec.ts;MODIFY;2249;44.0;Grew;True;2023-10-02 16:12:48+00:00;False;175;147;12691;4f69d620d94663592780b2875acbc2b1918775f9;3;alx+alxhub@alxandria.net;crisbeto@abv.bg
defer_spec.ts;MODIFY;2246;-3.0;Decreased;True;2023-10-03 22:26:05+00:00;False;173;145;12653;43e6fb0606e15584dcb4478ad4eaa8e825dda83e;50;alx+alxhub@alxandria.net;crisbeto@abv.bg
defer_spec.ts;MODIFY;2462;216.0;Grew;True;2023-10-04 14:27:45+00:00;False;190;160;13951;650ab4f21809896a2b576ac8a35a63733a53497f;2;alx+alxhub@alxandria.net;akushnir@google.com
defer_spec.ts;MODIFY;2505;43.0;Grew;True;2023-10-04 16:00:23+00:00;False;194;164;14144;706838950c34a44d7df3ac20bd657e57771e3267;3;alx+alxhub@alxandria.net;akushnir@google.com
defer_spec.ts;MODIFY;2695;190.0;Grew;True;2023-10-05 20:35:42+00:00;False;212;178;15262;caa8eb28d56d692e4f4317ed28fd572898aeee92;3;atscott01@gmail.com;akushnir@google.com
defer_spec.ts;MODIFY;2696;1.0;Grew;True;2023-10-06 15:33:38+00:00;False;212;178;15269;f06d97e86d049c113bc797301abf2812fabea741;1;atscott01@gmail.com;akushnir@google.com
defer_spec.ts;MODIFY;2702;6.0;Grew;True;2023-10-06 15:46:21+00:00;False;212;178;15346;486cc611a5abae2b5eacedc1a54b8d9861bd072a;2;atscott01@gmail.com;akushnir@google.com
defer_spec.ts;MODIFY;2839;137.0;Grew;True;2023-10-09 17:55:38+00:00;False;222;188;15989;422e8582c4b02d74d548c0d98e8f166e8cef9e81;2;atscott01@gmail.com;akushnir@google.com
defer_spec.ts;MODIFY;2864;25.0;Grew;True;2023-10-10 16:48:37+00:00;False;225;191;16156;861ce3a7c574340a6164ad0de13f49bda3e172da;13;atscott01@gmail.com;crisbeto@abv.bg
defer_spec.ts;MODIFY;2895;31.0;Grew;True;2023-10-10 16:51:20+00:00;False;229;192;16432;d5dad3eb4cd837032da72899f0796c6d431cb2c9;2;atscott01@gmail.com;crisbeto@abv.bg
defer_spec.ts;MODIFY;2948;53.0;Grew;True;2023-10-13 09:10:20+00:00;False;231;194;16762;efea62fc41613c3384787d9f724821a8d38be89e;1;pkozlowski.opensource@gmail.com;akushnir@google.com
defer_spec.ts;MODIFY;3050;102.0;Grew;True;2023-10-23 19:00:18+00:00;False;236;199;17495;54766fb35f87fc74983452096988c425ce7caa32;10;dylhunn@gmail.com;akushnir@google.com
defer_spec.ts;MODIFY;3173;123.0;Grew;True;2023-10-24 16:24:43+00:00;False;247;210;18113;e2fc506a899cb128b8969a33edfad52c8dc83849;5;dylhunn@gmail.com;akushnir@google.com
defer_spec.ts;MODIFY;3159;-14.0;Decreased;True;2024-01-08 19:30:27+00:00;False;246;209;18047;dfcf0d5882c1ef74c6fc5038bfbd736ac887f9cc;10;atscott@google.com;atscott@google.com
defer_spec.ts;MODIFY;3132;-27.0;Decreased;True;2024-01-26 15:44:40+00:00;False;246;209;17876;037b79b72ea18f08b3a74f9ad541bbdca183b1aa;5;jessicajaniuk@google.com;cedric@ninja-squad.com
defer_spec.ts;ADD;1036;-2096.0;Grew;True;2024-02-21 23:22:36+00:00;False;51;45;5142;a9f563f043ea809bfcf815745b278b447ea66be4;2;alx+alxhub@alxandria.net;crisbeto@abv.bg
defer_spec.ts;MODIFY;3269;2233.0;Grew;True;2024-02-23 20:30:05+00:00;False;257;219;18586;dcb9deb3631ff4e839f738f2fb97ca6b894256ef;5;dylhunn@gmail.com;akushnir@google.com
defer_spec.ts;MODIFY;1036;-2233.0;Grew;True;2024-03-06 11:34:38+00:00;False;51;45;5142;2564b45b477a47bd3cc52e427faf2d63a28039a0;66;pkozlowski.opensource@gmail.com;paulgschwendtner@gmail.com
defer_spec.ts;MODIFY;3327;2291.0;Grew;True;2024-03-28 16:23:38+00:00;False;262;224;18896;86a359b399456e62335a0bcfe7c7fb48b7c2b781;3;dylhunn@gmail.com;akushnir@google.com
defer_spec.ts;MODIFY;3338;11.0;Grew;True;2024-04-03 15:26:47+00:00;False;264;226;18981;231e0a3528e152cb1de3a215d437f5104191445c;3;jessicajaniuk@google.com;akushnir@google.com
defer_spec.ts;MODIFY;3351;13.0;Grew;True;2024-04-22 19:01:36+00:00;False;263;225;19072;9894278e712a50079af87898a63e1d19a462d015;3;alx+alxhub@alxandria.net;akushnir@google.com
defer_spec.ts;MODIFY;3326;-25.0;Decreased;True;2024-04-29 16:49:19+00:00;False;263;225;19195;31fdf0fbea6b89c8d3d141b2ef8e79c2737287cb;581;akushnir@google.com;josephperrott@gmail.com
defer_spec.ts;MODIFY;1199;-2127.0;Grew;True;2024-04-29 17:25:43+00:00;False;51;45;5214;0d78a92431178be73342aeddda4b62d9e49138ba;439;akushnir@google.com;josephperrott@gmail.com
defer_spec.ts;MODIFY;3326;2127.0;Grew;True;2024-06-17 16:05:11+00:00;False;264;225;19214;088e6c73bf52a606ca3951670382bab550537bc0;7;akushnir@google.com;akushnir@google.com
defer_spec.ts;MODIFY;3397;71.0;Grew;True;2024-06-27 15:53:19+00:00;False;272;233;19643;d23aa878a040180e3ea7652c17534d55689a3d1c;1;jessica.janiuk@gmail.com;kyro38@gmail.com
defer_spec.ts;MODIFY;3479;82.0;Grew;True;2024-07-03 14:08:43+00:00;False;276;237;20044;00d9cd240d4eaa46eb3335b990e123a9bdd371a3;3;jessica.janiuk@gmail.com;akushnir@google.com
defer_spec.ts;MODIFY;3479;0.0;Equal;True;2024-07-09 07:36:11+00:00;False;277;238;20048;c1e3262119586f1687c8c1907ccec08ed2f7155a;1;pkozlowski.opensource@gmail.com;akushnir@google.com
defer_spec.ts;MODIFY;3479;0.0;Equal;True;2024-09-24 13:33:00+00:00;False;277;238;20048;9dbe6fc18be700e89f28a023378f4775f3f7c3fe;3460;pkozlowski.opensource@gmail.com;josephperrott@gmail.com
defer_spec.ts;MODIFY;1285;-2194.0;Grew;True;2024-10-07 15:26:07+00:00;False;54;48;5632;8d8c03abc40099da268d7301f029954f3e3f1c90;2;akushnir@google.com;crisbeto@abv.bg
defer_spec.ts;MODIFY;3480;2195.0;Grew;True;2024-10-14 14:58:57+00:00;False;277;238;20052;09df589e31ee4d546c536ca385d4f5f1a948df93;676;paulgschwendtner@gmail.com;kyro38@gmail.com
defer_spec.ts;MODIFY;3493;13.0;Grew;True;2024-10-14 21:27:04+00:00;False;277;238;20174;9224f9b0439c4730926bb604960ef90231b61e00;2;akushnir@google.com;jessica.janiuk@gmail.com
defer_spec.ts;MODIFY;3493;0.0;Equal;True;2024-10-24 23:19:02+00:00;False;277;238;20174;5d9cc8f4082dafbab49d3bfcd709d9fbbd1b93ee;55;alx+alxhub@alxandria.net;kyro38@gmail.com
