file_name;change_type;n_loc;lines_balance;size_change;is_large;date;swapped_classification;complexity;methods;tokens;hash;files_on_commit;committer_email;author_email
diagnostics_spec.ts;ADD;215;0.0;Equal;False;2019-07-25 23:36:32+00:00;False;24;20;1597;3a2b195a58d69685f315ed814c809bc41eee9b85;17;misko@hevery.com;joost.koehoorn@gmail.com
diagnostics_spec.ts;MODIFY;215;0.0;Equal;False;2019-07-26 19:22:12+00:00;False;24;20;1603;397d0ba9a34756872dc3ede9fe969172623530af;2;akushnir@google.com;joost.koehoorn@gmail.com
diagnostics_spec.ts;MODIFY;211;-4.0;Decreased;False;2019-08-21 17:51:59+00:00;False;25;19;1561;0287b234eac30dc454b46ccfc8223fdda5f74abb;10;akushnir@google.com;alx+alxhub@alxandria.net
diagnostics_spec.ts;MODIFY;211;0.0;Equal;False;2019-08-22 17:12:45+00:00;False;24;19;1558;0677cf0cbebca42e0441b9596c0fc4faa6da44b8;22;atscott@google.com;alx+alxhub@alxandria.net
diagnostics_spec.ts;MODIFY;211;0.0;Equal;False;2019-10-14 16:19:13+00:00;False;24;19;1558;d8249d1230a939b58ebcabe47c90fc18febd2c2a;3;misko@hevery.com;joost.koehoorn@gmail.com
diagnostics_spec.ts;MODIFY;211;0.0;Equal;False;2019-10-14 20:25:20+00:00;False;24;19;1558;50bf17aca03727fae6389d90df4ff8f6b68d2f82;7;misko@hevery.com;joost.koehoorn@gmail.com
diagnostics_spec.ts;MODIFY;259;48.0;Grew;False;2019-10-18 18:41:53+00:00;False;29;24;1974;6958d11d958f5e6002c4de4ba95494c5f8f34aa6;15;matias@yearofmoo.com;joost.koehoorn@gmail.com
diagnostics_spec.ts;MODIFY;276;17.0;Grew;False;2019-10-24 23:16:14+00:00;False;30;25;2090;d8ce2129d50510864a768499248a198f960829ca;6;akushnir@google.com;joost.koehoorn@gmail.com
diagnostics_spec.ts;MODIFY;287;11.0;Grew;False;2019-11-06 19:45:45+00:00;False;31;26;2186;e2d7b25e0da14d41b5826ab1a9ddfb6655d69278;4;atscott01@gmail.com;joost.koehoorn@gmail.com
diagnostics_spec.ts;MODIFY;322;35.0;Grew;False;2019-12-18 22:44:42+00:00;False;37;29;2441;3959511b80ff8abb55b8c8858a6080472bff1589;5;karakara@google.com;joost.koehoorn@gmail.com
diagnostics_spec.ts;MODIFY;322;0.0;Equal;False;2020-04-08 21:51:08+00:00;False;37;29;2441;0a69a2832b0d6d08ee4b301517e447dd3232339b;205;atscott@google.com;alx+alxhub@alxandria.net
diagnostics_spec.ts;MODIFY;409;87.0;Grew;False;2020-07-29 17:31:20+00:00;False;50;39;3059;de14b2c6709297cadb1923faac6f4586fd78f67b;6;misko@hevery.com;alx+alxhub@alxandria.net
diagnostics_spec.ts;MODIFY;409;0.0;Equal;False;2020-07-29 17:31:20+00:00;False;50;39;3053;16c7441c2fe528bb39cfdcf22927064fc1facca8;43;misko@hevery.com;alx+alxhub@alxandria.net
diagnostics_spec.ts;MODIFY;410;1.0;Grew;False;2020-08-11 16:55:48+00:00;False;50;39;3066;fa0104017a3f0f2d9d3e9bf0180290f589b137e4;18;akushnir@google.com;joost.koehoorn@gmail.com
diagnostics_spec.ts;MODIFY;419;9.0;Grew;False;2020-08-21 19:25:53+00:00;False;51;40;3166;874792dc43a70dc55c9b926807ca6bbcb5cafb9e;23;misko@hevery.com;joost.koehoorn@gmail.com
diagnostics_spec.ts;MODIFY;419;0.0;Equal;False;2020-08-24 20:06:59+00:00;False;51;40;3166;0fc44e0436fdcbcb43057c57ee38fadb670ac4ad;37;misko@hevery.com;alan.agius4@gmail.com
diagnostics_spec.ts;MODIFY;432;13.0;Grew;False;2020-10-08 18:55:27+00:00;False;52;41;3328;0a16e60afae27c7af023cf617de05297dddf5135;3;atscott01@gmail.com;joost.koehoorn@gmail.com
diagnostics_spec.ts;MODIFY;451;19.0;Grew;False;2020-11-06 23:27:38+00:00;False;53;42;3431;cf88ea0bf31cefaa7673c48cecf0501585e0739f;2;misko@hevery.com;alx+alxhub@alxandria.net
diagnostics_spec.ts;MODIFY;451;0.0;Equal;False;2020-11-16 17:33:11+00:00;False;53;42;3431;7e724add7eeae318d8a9eb38a552fcb68889976d;4;atscott01@gmail.com;atscott@google.com
diagnostics_spec.ts;MODIFY;461;10.0;Grew;False;2021-04-07 19:04:28+00:00;False;57;44;3507;ec27bd4ed1cc086d76d8142fadf87354b38aa61a;27;atscott01@gmail.com;crisbeto@abv.bg
diagnostics_spec.ts;MODIFY;485;24.0;Grew;False;2021-06-03 20:22:41+00:00;False;60;47;3674;ba084857ea018a4a77cfc855f0276dcaa2a0c2fa;21;jessicajaniuk@google.com;crisbeto@abv.bg
diagnostics_spec.ts;MODIFY;525;40.0;Grew;False;2021-06-21 23:40:47+00:00;False;62;49;3917;cc672f05bf4e2f03fa415ebd2d69514594c9bc9d;17;dylhunn@gmail.com;crisbeto@abv.bg
diagnostics_spec.ts;MODIFY;525;0.0;Equal;False;2021-08-10 22:55:49+00:00;False;62;49;3917;29e2bc7d919f2efe533f60459f6ed1263c34e0cf;12;akushnir@google.com;23410540+danieltre23@users.noreply.github.com
diagnostics_spec.ts;MODIFY;559;34.0;Grew;False;2021-11-09 18:01:24+00:00;False;64;51;4111;2a2744721b429cbce7fd9dabc2963c1c679b67bd;3;atscott01@gmail.com;joost.koehoorn@gmail.com
diagnostics_spec.ts;MODIFY;559;0.0;Equal;False;2021-11-23 21:10:06+00:00;False;64;51;4111;8c71b9fc42e1aa898200b2b3ebb54d6faf0fa645;99;jessicajaniuk@google.com;alx+alxhub@alxandria.net
diagnostics_spec.ts;MODIFY;559;0.0;Equal;False;2022-01-07 18:11:10+00:00;False;64;51;4111;b184f0aa24c25b79ba401a416c8d754e65deefa1;9;atscott01@gmail.com;dario.piotrowicz@gmail.com
diagnostics_spec.ts;MODIFY;568;9.0;Grew;False;2022-01-10 21:20:05+00:00;False;65;52;4193;1a9121826ea94d98d0603d65628d4b4b08f2f70b;5;atscott01@gmail.com;joost.koehoorn@gmail.com
diagnostics_spec.ts;MODIFY;592;24.0;Grew;False;2022-01-11 17:32:47+00:00;False;70;57;4362;a4ab6d6b72fe891f232d2446f8b7c454a82a5ba0;23;atscott01@gmail.com;crisbeto@abv.bg
diagnostics_spec.ts;MODIFY;611;19.0;Grew;False;2022-05-02 21:40:11+00:00;False;72;59;4543;752ddbc165359c2ff987c24f715d0a36fd604ec0;6;dylhunn@gmail.com;zell@google.com
diagnostics_spec.ts;MODIFY;617;6.0;Grew;False;2022-06-10 20:40:16+00:00;False;73;60;4622;f35f4751b54dcb9e65f2d72aeea87651314159e8;4;jessicajaniuk@google.com;joost.koehoorn@gmail.com
diagnostics_spec.ts;MODIFY;758;141.0;Grew;False;2022-08-22 23:00:35+00:00;False;78;65;5395;54ceed53e21a6a899617b626becc51ffb1059178;116;alx+alxhub@alxandria.net;crisbeto@abv.bg
diagnostics_spec.ts;MODIFY;808;50.0;Grew;False;2022-09-06 18:52:35+00:00;False;83;71;5816;4a53b7f36b8c1b5bc3c92458f27e886f8f09081f;5;akushnir@google.com;joost.koehoorn@gmail.com
diagnostics_spec.ts;MODIFY;1029;221.0;Grew;True;2023-03-15 23:59:24+00:00;True;93;81;6900;1a6ca68154dd73bac4b8d2e094d97952f60b3e30;45;alx+alxhub@alxandria.net;crisbeto@abv.bg
diagnostics_spec.ts;MODIFY;808;-221.0;Decreased;False;2023-03-16 17:38:04+00:00;True;83;71;5816;560b226a4389cf9090dad353fdfe5c0842e0b4e5;45;alx+alxhub@alxandria.net;alx+alxhub@alxandria.net
diagnostics_spec.ts;MODIFY;1029;221.0;Grew;True;2023-03-17 10:49:17+00:00;True;93;81;6900;13dd614cd1da65eee947fd6971b7d6e1d6def207;45;pkozlowski.opensource@gmail.com;crisbeto@abv.bg
diagnostics_spec.ts;MODIFY;808;-221.0;Decreased;False;2023-03-17 17:29:14+00:00;True;83;71;5816;8d99ad0a39d4092407972265dbd69b4d3ae1b241;45;pkozlowski.opensource@gmail.com;atscott@google.com
diagnostics_spec.ts;MODIFY;1029;221.0;Grew;True;2023-03-20 12:10:30+00:00;True;93;81;6900;8f539c11f40be12207ab42bdf1f87a154a5a2d04;45;pkozlowski.opensource@gmail.com;crisbeto@abv.bg
diagnostics_spec.ts;MODIFY;1052;23.0;Grew;True;2023-04-11 19:40:57+00:00;False;94;82;6998;8020347f266116feedeb3ea584ba3f12e921f7b3;3;akushnir@google.com;crisbeto@abv.bg
diagnostics_spec.ts;MODIFY;1094;42.0;Grew;True;2023-05-22 14:48:02+00:00;False;94;82;7058;f6da0912285bf2ca4efefffd85661cf9f18e9fdc;48;jessicajaniuk@google.com;crisbeto@abv.bg
diagnostics_spec.ts;MODIFY;1106;12.0;Grew;True;2023-12-13 23:44:00+00:00;False;94;82;7106;6b678004650fc38f0d38aff615cc330fff14c39b;9;alx+alxhub@alxandria.net;paulgschwendtner@gmail.com
diagnostics_spec.ts;MODIFY;1072;-34.0;Decreased;True;2023-12-13 23:44:00+00:00;False;91;79;6848;0ef03a532b1af7b7ddb50ec1a64e77a9dc63bb94;3;alx+alxhub@alxandria.net;paulgschwendtner@gmail.com
diagnostics_spec.ts;MODIFY;1072;0.0;Equal;True;2024-02-27 02:29:09+00:00;False;91;79;6848;974958913ca632971f878a045537472f2c99c665;14;dylhunn@gmail.com;crisbeto@abv.bg
diagnostics_spec.ts;MODIFY;1283;211.0;Grew;True;2024-04-29 17:25:43+00:00;False;91;79;6983;0d78a92431178be73342aeddda4b62d9e49138ba;439;akushnir@google.com;josephperrott@gmail.com
