|File Name|Change Type|Local File PATH Old|Local File PATH New|Complexity|Methods|Tokens|Lines Of Code (nloc)|Lines Added|Lines Deleted
0|ops_super.c|MODIFY|fs/gfs2/ops_super.c|fs/gfs2/ops_super.c|67|12|1766|320|1|1
