file_name;change_type;n_loc;lines_balance;size_change;is_large;date;swapped_classification;complexity;methods;tokens;hash;files_on_commit;committer_email;author_email
advanced_user_narrative_spec.rb;ADD;493;0.0;Grew;False;2017-05-24 07:28:34+00:00;False;33;33;3053;7f0561b621f01edbd9c9a5e5a51fd0472914b35d;52;tgx_world@hotmail.com;tgx_world@hotmail.com
advanced_user_narrative_spec.rb;MODIFY;499;6.0;Grew;False;2017-05-24 10:34:10+00:00;False;34;34;3081;ee23ce5accfcdf61494d5cddfd10abd8fdd78f68;2;tgx_world@hotmail.com;tgx_world@hotmail.com
advanced_user_narrative_spec.rb;MODIFY;485;-14.0;Decreased;False;2017-05-26 03:05:09+00:00;False;32;32;3019;18dac4ce9fd8a6c4d7b8fe97f62217640ba25f68;4;tgx_world@hotmail.com;tgx_world@hotmail.com
advanced_user_narrative_spec.rb;MODIFY;486;1.0;Grew;False;2017-06-01 19:15:34+00:00;False;32;32;3069;23dfddbfb4846ca032d5c9f8e232c38a9c30c11e;7;neillalonde@gmail.com;neillalonde@gmail.com
advanced_user_narrative_spec.rb;MODIFY;503;17.0;Grew;False;2017-06-16 04:03:34+00:00;False;33;33;3151;f8a46c510fcb877af45ddfc42db0118be762b776;2;tgx_world@hotmail.com;tgx_world@hotmail.com
advanced_user_narrative_spec.rb;MODIFY;503;0.0;Equal;False;2017-07-18 19:45:23+00:00;False;33;33;3151;14c2439473e52b467ac24504eaf1e617ff255df8;3;sam.saffron@gmail.com;sam.saffron@gmail.com
advanced_user_narrative_spec.rb;MODIFY;497;-6.0;Decreased;False;2017-07-28 01:20:09+00:00;False;33;33;3145;5012d46cbd3bcf79b7351f7d2d41003496a796c5;871;noreply@github.com;gxtan1990@gmail.com
advanced_user_narrative_spec.rb;MODIFY;497;0.0;Equal;False;2017-08-21 22:45:46+00:00;False;33;33;3149;950fa9e3a8e42d20d4fab6abf17be270be406dd2;3;tgx_world@hotmail.com;tgx_world@hotmail.com
advanced_user_narrative_spec.rb;MODIFY;513;16.0;Grew;False;2017-12-22 07:46:46+00:00;False;34;34;3228;d80aca048424e43ada26ee097c63c4171683b6c6;2;tgx_world@hotmail.com;tgx_world@hotmail.com
advanced_user_narrative_spec.rb;MODIFY;514;1.0;Grew;False;2018-05-31 08:23:23+00:00;False;34;34;3233;7fc8a36529558630d3deed42511ed41476d657f1;45;tgx_world@hotmail.com;tgx_world@hotmail.com
advanced_user_narrative_spec.rb;MODIFY;514;0.0;Equal;False;2018-06-07 07:03:09+00:00;False;34;34;3243;610510ebad054b3c283690026405be05e8d6766b;2;tgx_world@hotmail.com;tgx_world@hotmail.com
advanced_user_narrative_spec.rb;MODIFY;516;2.0;Grew;False;2018-06-07 07:07:39+00:00;False;34;34;3245;49f39ca64ddca256e4803bd150829e0fc319dd84;1;tgx_world@hotmail.com;tgx_world@hotmail.com
advanced_user_narrative_spec.rb;MODIFY;516;0.0;Equal;False;2019-03-11 20:58:35+00:00;False;34;34;3241;d1d9a4f1289e35189d89a10df90bdf493d7523bc;33;robin.ward@gmail.com;robin.ward@gmail.com
advanced_user_narrative_spec.rb;MODIFY;516;0.0;Equal;False;2019-03-14 14:47:38+00:00;False;34;34;3243;fa5a15868320b3f45777db25b72ac5293db3ff89;40;robin.ward@gmail.com;robin.ward@gmail.com
advanced_user_narrative_spec.rb;MODIFY;516;0.0;Equal;False;2019-04-24 23:29:20+00:00;False;34;34;3243;d5d784b9f23025b0358847fa843a3fe73e3439a0;3;tgx_world@hotmail.com;tim.lange@online.de
advanced_user_narrative_spec.rb;MODIFY;516;0.0;Grew;False;2019-05-13 01:31:32+00:00;False;34;34;3243;30990006a92bd64eb6c49dc3139a17ce8fd1dc89;2201;tgx_world@hotmail.com;sam.saffron@gmail.com
advanced_user_narrative_spec.rb;MODIFY;516;0.0;Equal;False;2019-11-13 21:31:49+00:00;False;34;34;3243;c63e84dc62c58abc1ead3bec13a2de0de3cb909e;11;noreply@github.com;rizziromanalejandro@gmail.com
advanced_user_narrative_spec.rb;MODIFY;522;6.0;Grew;False;2019-11-20 15:29:06+00:00;False;35;35;3295;bbb814e58e3f4494c8597f5200fb250300673959;2;david@taylorhq.com;david@taylorhq.com
advanced_user_narrative_spec.rb;MODIFY;521;-1.0;Decreased;False;2019-11-20 15:43:42+00:00;False;35;35;3279;22e713d2b0c7b39d0cf42b778bb069d85dc63d59;2;david@taylorhq.com;david@taylorhq.com
advanced_user_narrative_spec.rb;MODIFY;531;10.0;Grew;False;2020-02-27 14:01:59+00:00;False;36;36;3350;d4617726613346fa1db18594d501841dbc379211;2;noreply@github.com;dan@ungureanu.me
advanced_user_narrative_spec.rb;MODIFY;541;10.0;Grew;False;2020-03-02 19:29:40+00:00;False;37;37;3412;c62d5b139ba08f5b995ba4979d419e8cfb28e132;3;noreply@github.com;dan@ungureanu.me
advanced_user_narrative_spec.rb;MODIFY;541;0.0;Equal;False;2020-04-10 02:46:51+00:00;False;37;37;3412;80a80ef2bd028c2292bed0ef491de6ccba93f8f2;8;o.blakeerickson@gmail.com;o.blakeerickson@gmail.com
advanced_user_narrative_spec.rb;MODIFY;543;2.0;Grew;False;2020-06-25 11:29:55+00:00;False;37;37;3426;3c31884b7989ea1f6079f432b94c78a60dd4f831;9;regis@hanol.fr;regis@hanol.fr
advanced_user_narrative_spec.rb;MODIFY;543;0.0;Equal;False;2020-07-14 07:17:50+00:00;False;37;37;3426;cb68493e891bd076023488e5ab5a40ec956f1b7c;2;gxtan1990@gmail.com;gxtan1990@gmail.com
advanced_user_narrative_spec.rb;MODIFY;551;8.0;Grew;False;2020-09-28 03:52:33+00:00;False;38;38;3515;902fbd0b7e588431788396be28256ed9725c15c1;3;noreply@github.com;kotlarek.krzysztof@gmail.com
advanced_user_narrative_spec.rb;MODIFY;560;9.0;Grew;False;2021-01-11 21:07:36+00:00;False;39;39;3612;a88a246c6e94ed66d1af2174926759d1f6683456;2;noreply@github.com;kanepyork@gmail.com
advanced_user_narrative_spec.rb;MODIFY;565;5.0;Grew;False;2021-05-13 05:51:12+00:00;False;39;39;3671;b690e7787ec6740da2e7d8a9cc21a2591718ed62;2;noreply@github.com;mjrbrennan@gmail.com
advanced_user_narrative_spec.rb;MODIFY;565;0.0;Equal;False;2021-05-25 02:04:10+00:00;False;39;39;3668;50926f614342336793f1b78672b387d545d48de3;5;noreply@github.com;jatwood@codinghorror.com
advanced_user_narrative_spec.rb;MODIFY;577;12.0;Grew;False;2021-05-31 02:26:36+00:00;False;40;40;3762;ae744693d835f5b53723bc490f589b4314749c7c;2;gxtan1990@gmail.com;gerhard.schlager@discourse.org
advanced_user_narrative_spec.rb;MODIFY;578;1.0;Grew;False;2021-10-19 11:42:29+00:00;False;40;40;3763;d1fc759ac49c618c6a735d5765c208c7148a805c;19;noreply@github.com;er.ajalan@gmail.com
advanced_user_narrative_spec.rb;MODIFY;577;-1.0;Decreased;False;2022-03-01 17:50:50+00:00;False;40;40;3761;c9dab6fd087dd400c904441657f53134393fb298;815;noreply@github.com;david@taylorhq.com
advanced_user_narrative_spec.rb;MODIFY;577;0.0;Decreased;False;2022-08-04 09:05:02+00:00;False;40;40;3761;3eaac567978026064bbe004cfe1d3dd4cf0091a7;337;flink@belfalas.eu;loic@discourse.org
advanced_user_narrative_spec.rb;MODIFY;661;84.0;Grew;False;2023-01-07 11:11:37+00:00;False;40;40;3828;055310cea496519a996b9c3bf4dc7e716cfe62ba;110;david@taylorhq.com;david@taylorhq.com
advanced_user_narrative_spec.rb;MODIFY;662;1.0;Grew;True;2023-01-16 00:53:00+00:00;True;40;40;3833;7c975481597c46ba1064b37f8f4627da82c5b689;6;noreply@github.com;martin@discourse.org
advanced_user_narrative_spec.rb;MODIFY;678;16.0;Grew;True;2023-01-17 00:16:28+00:00;False;41;41;3933;14983c5b8ed160ac6d0887f397982d0cf6597510;3;noreply@github.com;martin@discourse.org
advanced_user_narrative_spec.rb;MODIFY;691;13.0;Grew;True;2023-06-07 19:51:24+00:00;False;42;42;4028;10ee92656c8eae1b1101fc3db695975cabe1b69c;4;noreply@github.com;nbianca@users.noreply.github.com
advanced_user_narrative_spec.rb;MODIFY;674;-17.0;Decreased;True;2023-08-08 01:18:55+00:00;False;41;41;3923;09223e5ae72ff1ced8f08143b7578122b462c6d6;43;noreply@github.com;martin@discourse.org
advanced_user_narrative_spec.rb;MODIFY;674;0.0;Equal;True;2023-11-09 22:47:59+00:00;False;41;41;3917;6e161d3e75ce87be8d446a0aa9540f2e024dd2e3;471;noreply@github.com;me@danielwaterworth.com
advanced_user_narrative_spec.rb;MODIFY;675;1.0;Grew;True;2024-01-23 01:35:14+00:00;False;41;41;3922;a03f87bdbddabd6e8766e49d7a74262836e16c3b;20;noreply@github.com;martin@discourse.org
