file_name;change_type;n_loc;lines_balance;size_change;is_large;date;swapped_classification;complexity;methods;tokens;hash;files_on_commit;committer_email;author_email
category_tag_spec.rb;ADD;43;0.0;Grew;False;2016-05-30 20:56:33+00:00;False;4;4;490;6796b1585797306cff8bb0a9104f7bb7f19ac919;17;neillalonde@gmail.com;neillalonde@gmail.com
category_tag_spec.rb;MODIFY;47;4.0;Grew;False;2016-05-31 21:27:22+00:00;False;5;5;554;deb93044b4dd279c0a5246e418893d6ff81c7f5b;3;neillalonde@gmail.com;neillalonde@gmail.com
category_tag_spec.rb;MODIFY;76;29.0;Grew;False;2016-06-07 19:36:20+00:00;False;8;8;990;a49ace0ffbbeac957f8d2b490a6c447100384b55;16;neillalonde@gmail.com;neillalonde@gmail.com
category_tag_spec.rb;MODIFY;142;66.0;Grew;False;2016-06-09 20:01:19+00:00;False;17;15;1675;a6090339a7986fcb0bcea0a9966cab7a62d65539;14;neillalonde@gmail.com;neillalonde@gmail.com
category_tag_spec.rb;MODIFY;142;0.0;Equal;False;2017-07-28 01:20:09+00:00;False;17;15;1629;5012d46cbd3bcf79b7351f7d2d41003496a796c5;871;noreply@github.com;gxtan1990@gmail.com
category_tag_spec.rb;MODIFY;219;77.0;Grew;False;2018-02-12 20:16:47+00:00;False;25;23;2627;76c309fe6b12c9740131656ef16c2da026d05cba;9;neillalonde@gmail.com;neillalonde@gmail.com
category_tag_spec.rb;MODIFY;222;3.0;Grew;False;2018-03-13 21:17:16+00:00;False;24;23;2491;58508e553dcbe049a0bc782834589dd5ec81ced1;3;neillalonde@gmail.com;neillalonde@gmail.com
category_tag_spec.rb;MODIFY;228;6.0;Grew;False;2018-03-19 15:42:10+00:00;False;25;24;2547;6ca71e1319cca123bcffac6adc22a6ed7b5cc933;2;neillalonde@gmail.com;neillalonde@gmail.com
category_tag_spec.rb;MODIFY;302;74.0;Grew;False;2019-04-04 20:40:15+00:00;False;32;31;3385;83996fc8ea0c703c8e65a32638f19cfd7079fa54;10;neillalonde@gmail.com;neillalonde@gmail.com
category_tag_spec.rb;MODIFY;302;0.0;Equal;False;2019-04-04 20:47:02+00:00;False;32;31;3385;47eefb9f3724793ef7273600203115264f1d7c90;1;neillalonde@gmail.com;neillalonde@gmail.com
category_tag_spec.rb;MODIFY;302;0.0;Decreased;False;2019-04-04 21:03:57+00:00;False;32;31;3385;a0f7953f0c1ed839e1361a9eacd5c8a40d45d82a;1;neillalonde@gmail.com;neillalonde@gmail.com
category_tag_spec.rb;MODIFY;309;7.0;Grew;False;2019-04-26 18:46:11+00:00;False;33;32;3487;c2a8a2bc9738f31cc607c14004da8de6f644e5e2;3;neillalonde@gmail.com;neillalonde@gmail.com
category_tag_spec.rb;MODIFY;308;-1.0;Decreased;False;2019-04-29 07:08:56+00:00;False;33;32;3477;ad44243a57f4f0d3c5856521eca55e88a3123d91;34;tgx_world@hotmail.com;me@danielwaterworth.com
category_tag_spec.rb;MODIFY;308;0.0;Equal;False;2019-04-29 07:32:25+00:00;False;33;32;3477;45285f147704c45e5a4427fb4cd27a99f9799e04;49;sam.saffron@gmail.com;sam.saffron@gmail.com
category_tag_spec.rb;MODIFY;308;0.0;Grew;False;2019-04-30 00:27:42+00:00;False;33;32;3477;4ea21fa2d046518807ec3ebda6fc4d2abe511a55;658;sam.saffron@gmail.com;sam.saffron@gmail.com
category_tag_spec.rb;MODIFY;308;0.0;Equal;False;2019-05-07 03:12:20+00:00;False;33;32;3477;e219588142929c74bb0ef988f35337075f35e6d0;258;sam.saffron@gmail.com;me@danielwaterworth.com
category_tag_spec.rb;MODIFY;307;-1.0;Decreased;False;2019-10-02 04:01:53+00:00;False;33;32;3475;427d54b2b00fa94474c0522eaed750452c4e7f43;496;sam.saffron@gmail.com;kotlarek.krzysztof@gmail.com
category_tag_spec.rb;MODIFY;321;14.0;Grew;False;2019-10-16 18:28:04+00:00;False;34;33;3665;5ef49692e08fdb57e89042810cda9497c1f3be04;3;neillalonde@gmail.com;neillalonde@gmail.com
category_tag_spec.rb;MODIFY;368;47.0;Grew;False;2019-11-04 21:51:54+00:00;False;39;38;4253;b6d140e4bd4ece15b9162f490ed36e9ce74cda69;3;neillalonde@gmail.com;neillalonde@gmail.com
category_tag_spec.rb;MODIFY;396;28.0;Grew;False;2019-11-12 19:28:44+00:00;False;41;39;4483;7711df40e657586d24d65cefb3853ae91bcaad16;6;noreply@github.com;neillalonde@gmail.com
category_tag_spec.rb;MODIFY;405;9.0;Grew;False;2019-11-18 18:20:37+00:00;False;43;41;4534;228c4814be40bbc640391834c9e4a87ec3fbf84d;4;neillalonde@gmail.com;neillalonde@gmail.com
category_tag_spec.rb;MODIFY;399;-6.0;Decreased;False;2019-12-04 18:33:51+00:00;False;40;39;4482;875f0d8fd86be84e3ef54381108480d8592bc528;40;noreply@github.com;neillalonde@gmail.com
category_tag_spec.rb;MODIFY;398;-1.0;Decreased;False;2022-03-01 17:50:50+00:00;False;40;39;4480;c9dab6fd087dd400c904441657f53134393fb298;815;noreply@github.com;david@taylorhq.com
category_tag_spec.rb;MODIFY;427;29.0;Grew;False;2022-03-28 18:25:26+00:00;False;40;39;4542;e40c4bb7f9fb581c21ee7b94c3beb23e58a06180;7;noreply@github.com;asooomaasoooma90@gmail.com
category_tag_spec.rb;MODIFY;427;0.0;Equal;False;2022-04-06 13:08:06+00:00;False;40;39;4582;68c74e9b936a0413ee03aaaaba08a7f7e8140f5c;32;noreply@github.com;david@taylorhq.com
category_tag_spec.rb;MODIFY;427;0.0;Equal;False;2022-07-28 02:27:38+00:00;False;40;39;4586;493d437e79f88ab9829a36fa000cc6107085e424;736;noreply@github.com;pirj@users.noreply.github.com
category_tag_spec.rb;MODIFY;427;0.0;Decreased;False;2022-08-04 09:05:02+00:00;False;40;39;4586;3eaac567978026064bbe004cfe1d3dd4cf0091a7;337;flink@belfalas.eu;loic@discourse.org
category_tag_spec.rb;MODIFY;780;353.0;Grew;True;2023-01-09 11:49:28+00:00;True;40;39;4623;cb932d6ee1b3b3571e4d4d9118635e2dbf58f0ef;907;david@taylorhq.com;david@taylorhq.com
category_tag_spec.rb;MODIFY;780;0.0;Equal;True;2023-11-09 22:47:59+00:00;False;40;39;4593;6e161d3e75ce87be8d446a0aa9540f2e024dd2e3;471;noreply@github.com;me@danielwaterworth.com
category_tag_spec.rb;MODIFY;782;2.0;Grew;True;2023-12-13 03:50:13+00:00;False;40;39;4605;702d0620d71fcd888f689d880d7961206e0076e8;41;noreply@github.com;kotlarek.krzysztof@gmail.com
category_tag_spec.rb;MODIFY;782;0.0;Equal;True;2024-01-05 02:19:43+00:00;False;40;39;4613;a5f093530748506c2c7738021524edccf0db1a3e;17;noreply@github.com;ted@discourse.org
category_tag_spec.rb;MODIFY;783;1.0;Grew;True;2024-01-15 12:59:08+00:00;False;40;39;4631;c7e3d27624b05b9f316822439ea39efb0edfe699;23;noreply@github.com;ted@discourse.org
category_tag_spec.rb;MODIFY;782;-1.0;Decreased;True;2024-01-15 16:33:47+00:00;False;40;39;4613;f2cf5434f3311cd67b38ed502b36a92e1ba97a7f;23;noreply@github.com;pmusaraj@gmail.com
category_tag_spec.rb;MODIFY;782;0.0;Decreased;True;2024-01-25 06:28:26+00:00;False;40;39;4627;57ea56ee058547872e3244de30c68e56118d6f5c;64;noreply@github.com;ted@discourse.org
category_tag_spec.rb;MODIFY;783;1.0;Grew;True;2024-01-26 05:25:03+00:00;False;40;39;4654;7e5d2a95ee895c3a04bba10e1407f1e42b76d37c;25;noreply@github.com;ted@discourse.org
