file_name;change_type;n_loc;lines_balance;size_change;is_large;date;swapped_classification;complexity;methods;tokens;hash;files_on_commit;committer_email;author_email
post-stream.js;MODIFY;829;0.0;Grew;False;2020-05-13 20:23:41+00:00;False;133;73;5086;eab560fe2aa9053f6d227d29ec6c1ad0939ea940;352;noreply@github.com;robin.ward@gmail.com
post-stream.js;MODIFY;835;6.0;Grew;False;2020-07-15 23:05:11+00:00;False;134;73;5141;9052dfe356a5bce0d93fce6214f77240d81b882d;2;noreply@github.com;kotlarek.krzysztof@gmail.com
post-stream.js;MODIFY;835;0.0;Equal;False;2020-07-19 23:52:06+00:00;False;134;73;5141;edc6c09500aacaf5603479164399ce188f7acf34;1;noreply@github.com;kotlarek.krzysztof@gmail.com
post-stream.js;MODIFY;837;2.0;Grew;False;2020-09-03 14:03:33+00:00;False;135;74;5151;55c9c54b8baa219afba9f038f413125f19d019bc;4;robin.ward@gmail.com;robin.ward@gmail.com
post-stream.js;MODIFY;841;4.0;Equal;False;2020-09-03 14:03:33+00:00;False;136;74;5165;3a46e44ed8fe3649f231d007eb973faa5ed7a943;15;robin.ward@gmail.com;robin.ward@gmail.com
post-stream.js;MODIFY;841;0.0;Grew;False;2020-09-03 14:03:33+00:00;False;136;74;5165;c4079780beac3c3420452a10e76b7526c824c99b;16;robin.ward@gmail.com;robin.ward@gmail.com
post-stream.js;MODIFY;840;-1.0;Grew;False;2020-09-03 14:03:33+00:00;False;136;74;5162;66021abe41ca0587fa774e7184e017ec4f31b45a;5;robin.ward@gmail.com;robin.ward@gmail.com
post-stream.js;MODIFY;847;7.0;Grew;False;2020-09-22 14:28:28+00:00;False;145;78;5255;530d9ab07168b425235528f05da090751d31ac1a;179;noreply@github.com;j.jaffeux@gmail.com
post-stream.js;MODIFY;877;30.0;Grew;False;2020-10-13 05:56:03+00:00;False;151;81;5447;32393f72b1e31aa8cd2b63a0a55e05230164478e;7;noreply@github.com;sam.saffron@gmail.com
post-stream.js;MODIFY;882;5.0;Grew;False;2020-11-10 04:40:48+00:00;False;151;81;5480;586c8efbd8e2ef024c5bba73b0e7d4b590a61df0;7;noreply@github.com;kotlarek.krzysztof@gmail.com
post-stream.js;MODIFY;937;55.0;Grew;False;2020-12-16 05:46:40+00:00;False;101;64;5824;89bf64c0bf4c4e1f14eea8fe8b81a919a058005d;1;noreply@github.com;pmusaraj@gmail.com
post-stream.js;MODIFY;938;1.0;Equal;False;2021-03-30 17:55:15+00:00;False;101;64;5827;524890c5e437b22c3505b7fbbc3df8acdbc431db;2;noreply@github.com;pmusaraj@gmail.com
post-stream.js;MODIFY;973;35.0;Grew;True;2021-08-03 16:06:23+00:00;True;105;68;5968;e67670c1e4b0a9de886a532a25ba7b87feb2b2d7;9;noreply@github.com;asooomaasoooma90@gmail.com
post-stream.js;MODIFY;979;6.0;Grew;True;2021-09-07 04:30:40+00:00;False;103;68;5992;fc1fd1b41689694b3916dc4e10605eb9b8bb89b7;15;noreply@github.com;gxtan1990@gmail.com
post-stream.js;MODIFY;981;2.0;Grew;True;2021-10-01 02:53:05+00:00;False;103;68;6002;f38fd1a5a7e2b5a29f7ce80e2adb1e8e020d7595;1;noreply@github.com;gxtan1990@gmail.com
post-stream.js;MODIFY;976;-5.0;Decreased;True;2021-10-18 06:47:47+00:00;False;103;68;5967;fb5a062b1fbb4fe4fbfe9538115d0f617b604c87;5;noreply@github.com;gxtan1990@gmail.com
post-stream.js;MODIFY;976;0.0;Equal;True;2021-11-09 23:31:41+00:00;False;103;68;5963;23b7b42acd1efda21cf8c80a45057be5a705ac57;65;noreply@github.com;mjrbrennan@gmail.com
post-stream.js;MODIFY;985;9.0;Grew;True;2021-11-10 16:22:26+00:00;False;103;68;6014;d4e35f50c25401bacb0ba0fd81732135162421a9;4;noreply@github.com;xfalcox@gmail.com
post-stream.js;MODIFY;988;3.0;Grew;True;2021-11-29 06:36:48+00:00;False;103;68;6026;530eb0c9bd814c9a96382c12b972078ac25194e3;1;noreply@github.com;jradosz@gmail.com
post-stream.js;MODIFY;984;-4.0;Decreased;True;2021-12-09 02:03:22+00:00;False;102;67;5993;4d1c84f15ff687e81c03cf840172ff1c80c3cc11;1;noreply@github.com;gxtan1990@gmail.com
post-stream.js;MODIFY;984;0.0;Equal;True;2022-02-28 02:20:58+00:00;False;102;67;5993;6f6406ea0370ef2c74272fb42133570cf7651484;18;noreply@github.com;jradosz@gmail.com
post-stream.js;MODIFY;984;0.0;Grew;True;2022-03-03 00:50:47+00:00;False;102;67;6002;d52aa6a51be9b81223ed2c37a89eb1ec55d1e528;3;noreply@github.com;gxtan1990@gmail.com
post-stream.js;MODIFY;984;0.0;Equal;True;2022-05-09 20:23:39+00:00;False;102;67;6010;919f71537e1f89c1d4f833282888617ede803a37;7;noreply@github.com;xfalcox@gmail.com
post-stream.js;MODIFY;985;1.0;Grew;True;2022-05-17 15:37:43+00:00;False;102;67;6023;985afe1092efb86dd2a4ae527e10860dec34dc99;6;noreply@github.com;nbianca@users.noreply.github.com
post-stream.js;MODIFY;994;9.0;Grew;True;2022-06-27 21:21:05+00:00;False;103;68;6079;5840fb5c62f5335c2fe79c63e647408dc1bb4778;13;noreply@github.com;1108771+megothss@users.noreply.github.com
post-stream.js;MODIFY;994;0.0;Equal;True;2022-07-14 00:56:25+00:00;False;103;68;6079;abe9b41ddf1a0481f1450d9a56e846aa3367f365;23;noreply@github.com;jradosz@gmail.com
post-stream.js;MODIFY;994;0.0;Equal;True;2022-07-17 18:48:36+00:00;False;103;68;6075;057d6b406d51f19c391671b20a33834ae4b05140;55;noreply@github.com;jradosz@gmail.com
post-stream.js;MODIFY;1005;11.0;Grew;True;2022-08-29 15:33:50+00:00;False;103;68;6138;007980fdaf7a01d234070a2e0aa42b9647fed5da;5;noreply@github.com;a.prigorshnev@gmail.com
post-stream.js;MODIFY;1012;7.0;Grew;True;2022-10-25 10:17:00+00:00;False;103;68;6166;3949efb45f4562fcec718f0e0c4f9bdd55918288;1;noreply@github.com;jradosz@gmail.com
post-stream.js;MODIFY;1015;3.0;Grew;True;2022-11-16 10:00:39+00:00;False;103;68;6173;392bafcd7e6427964510b01b36fac9c489244e99;42;noreply@github.com;david@taylorhq.com
post-stream.js;MODIFY;1018;3.0;Grew;True;2022-12-06 15:10:36+00:00;False;104;69;6203;a76d864c5136b7a52160b5394cac5f98b746ea43;11;noreply@github.com;a.prigorshnev@gmail.com
post-stream.js;MODIFY;1019;1.0;Grew;True;2022-12-06 19:49:34+00:00;False;104;69;6210;26a45e8166238c27043d857fcf14f42ee46a9046;2;noreply@github.com;a.prigorshnev@gmail.com
post-stream.js;MODIFY;1019;0.0;Equal;True;2023-06-13 17:21:46+00:00;False;104;69;6210;8938ecabc24a838925f3fc8900cd26a1a8bf39a4;43;noreply@github.com;rizziromanalejandro@gmail.com
post-stream.js;MODIFY;1031;12.0;Grew;True;2023-10-19 20:35:23+00:00;False;104;69;6279;a72e5fa763f4de3d16108995dc96b8f808839af7;8;noreply@github.com;rizziromanalejandro@gmail.com
post-stream.js;MODIFY;1028;-3.0;Decreased;True;2023-11-20 13:26:46+00:00;False;105;70;6279;18461e38cfbdb9fafe34b59deef2dfdbc5ece538;4;noreply@github.com;david@taylorhq.com
post-stream.js;MODIFY;1028;0.0;Decreased;True;2024-02-08 13:17:36+00:00;False;105;70;6213;6c597b648b2df369414e1e451a8db2b9abb4b46e;37;noreply@github.com;david@taylorhq.com
post-stream.js;MODIFY;1031;3.0;Grew;True;2024-05-07 20:19:42+00:00;False;105;70;6220;b49fc052ebb79883862ce7e1a9819cd0358d272b;14;noreply@github.com;jradosz@gmail.com
post-stream.js;MODIFY;1019;-12.0;Decreased;True;2024-07-02 15:51:47+00:00;False;105;70;6154;ea581400325f1ed262b869888d1540a5f5593e4c;48;noreply@github.com;kgeorge13@gmail.com
post-stream.js;MODIFY;1023;4.0;Grew;True;2024-10-17 14:16:16+00:00;False;108;70;6188;c08c40dc230cdd58a7d7458a4a7c45df78752f4c;11;noreply@github.com;sam.saffron@gmail.com
