file_name;change_type;n_loc;lines_balance;size_change;is_large;date;swapped_classification;complexity;methods;tokens;hash;files_on_commit;committer_email;author_email
sender_spec.rb;RENAME;not calculated;0.0;Equal;False;2022-02-18 18:41:54+00:00;False;not calculated;0;not calculated;45cc16098dee51fc2bee0e5873afa51fe2bd1ea3;199;noreply@github.com;jradosz@gmail.com
sender_spec.rb;MODIFY;635.0;0.0;Equal;False;2022-03-01 17:50:50+00:00;False;59;59;4852;c9dab6fd087dd400c904441657f53134393fb298;815;noreply@github.com;david@taylorhq.com
sender_spec.rb;MODIFY;641.0;6.0;Grew;False;2022-06-06 19:13:26+00:00;False;60;60;4906;35e17ce115f93ccc2f29d9ebd6e5b152c530cf6b;2;noreply@github.com;o.blakeerickson@gmail.com
sender_spec.rb;MODIFY;652.0;11.0;Grew;False;2022-06-15 00:28:30+00:00;False;62;62;4958;4d3c1ceb44b87d3bcb9c5eb2472d86b0cd2b2b0b;6;noreply@github.com;martin@discourse.org
sender_spec.rb;MODIFY;652.0;0.0;Equal;False;2022-07-26 08:34:15+00:00;False;62;62;4948;91b6b5eee7a193b9adcff07131c8e1904e29b61a;44;flink@belfalas.eu;loic@discourse.org
sender_spec.rb;MODIFY;652.0;0.0;Equal;False;2022-07-28 02:27:38+00:00;False;62;62;4950;493d437e79f88ab9829a36fa000cc6107085e424;736;noreply@github.com;pirj@users.noreply.github.com
sender_spec.rb;MODIFY;652.0;0.0;Equal;False;2022-08-04 09:05:02+00:00;False;62;62;4950;3eaac567978026064bbe004cfe1d3dd4cf0091a7;337;flink@belfalas.eu;loic@discourse.org
sender_spec.rb;MODIFY;652.0;0.0;Equal;False;2022-09-25 23:14:24+00:00;False;62;62;5020;e3d495850d928150f569c7139f97bf5e9887ad1f;10;noreply@github.com;martin@discourse.org
sender_spec.rb;MODIFY;652.0;0.0;Equal;False;2022-09-28 23:24:33+00:00;False;62;62;5020;8ebd5edd1e02e6fafe7732515edefec5a5dfc3f7;67;noreply@github.com;martin@discourse.org
sender_spec.rb;MODIFY;667.0;15.0;Grew;True;2022-11-20 22:37:06+00:00;True;64;63;4963;d3f02a127065aae65fc5933951acae98a95d014a;56;noreply@github.com;martin@discourse.org
sender_spec.rb;MODIFY;713.0;46.0;Grew;True;2023-01-09 11:49:28+00:00;False;64;63;4999;cb932d6ee1b3b3571e4d4d9118635e2dbf58f0ef;907;david@taylorhq.com;david@taylorhq.com
sender_spec.rb;MODIFY;713.0;0.0;Equal;True;2023-05-23 07:33:55+00:00;False;64;63;5005;0b3cf83e3c7d03c2dcd54f86de60efe32f385a44;36;noreply@github.com;martin@discourse.org
sender_spec.rb;MODIFY;712.0;-1.0;Decreased;True;2023-08-08 01:18:55+00:00;False;64;63;5000;09223e5ae72ff1ced8f08143b7578122b462c6d6;43;noreply@github.com;martin@discourse.org
sender_spec.rb;MODIFY;719.0;7.0;Grew;True;2023-10-17 04:08:21+00:00;False;65;64;5052;61c87fb59f03999d9e7fe6f9c056e44ed984f6a3;6;noreply@github.com;martin@discourse.org
sender_spec.rb;MODIFY;728.0;9.0;Grew;True;2023-10-18 23:48:01+00:00;False;65;64;5110;5dc45b5dcf374765564a533dda03befb60500709;10;noreply@github.com;martin@discourse.org
sender_spec.rb;MODIFY;731.0;3.0;Grew;True;2023-10-19 00:21:24+00:00;False;65;64;5110;788651467b709fb33c9aa81481d97f1c26aed380;1;noreply@github.com;martin@discourse.org
sender_spec.rb;MODIFY;731.0;0.0;Equal;True;2023-11-09 22:47:59+00:00;False;65;64;5050;6e161d3e75ce87be8d446a0aa9540f2e024dd2e3;471;noreply@github.com;me@danielwaterworth.com
sender_spec.rb;MODIFY;737.0;6.0;Grew;True;2024-01-24 23:50:59+00:00;False;65;64;5054;0e50f88212e8dacdb290dbc3a035063e4978a260;22;noreply@github.com;martin@discourse.org
sender_spec.rb;MODIFY;759.0;22.0;Grew;True;2024-04-18 02:27:46+00:00;False;66;65;5218;f3cad5f3a28d5a49381116b1ecccdd3581e5baf1;5;noreply@github.com;ted@discourse.org
sender_spec.rb;MODIFY;759.0;0.0;Equal;True;2024-06-13 03:53:25+00:00;False;66;65;5218;a5df029be35758778089dd0bb001b914337887b4;2;noreply@github.com;ted@discourse.org
sender_spec.rb;MODIFY;763.0;4.0;Grew;True;2024-06-19 06:33:57+00:00;False;66;65;5288;9cc030fe8d60d49b03dd73d388741ecbfa774d80;1;noreply@github.com;ted@discourse.org
sender_spec.rb;MODIFY;777.0;14.0;Grew;True;2024-06-19 12:11:47+00:00;False;66;65;5407;96a0781bc181fdc4bda856bfb90b03ce55e342cf;2;noreply@github.com;ted@discourse.org
sender_spec.rb;MODIFY;780.0;3.0;Grew;True;2024-06-25 03:43:10+00:00;False;66;65;5428;a128ce5c4cfc2426ebfbff25bbc069c6315bed32;2;noreply@github.com;martin@discourse.org
sender_spec.rb;MODIFY;790.0;10.0;Grew;True;2024-06-26 10:36:35+00:00;False;67;66;5490;54a59be6176d2ce02a7aaae8c6b7cb57b1f4bfff;2;regis@hanol.fr;regis@hanol.fr
sender_spec.rb;MODIFY;791.0;1.0;Grew;True;2024-10-18 05:45:08+00:00;False;67;66;5504;48308a5ee65bbf9bdae84d11481d5b444a04960c;3;noreply@github.com;info@davidbattersby.com
sender_spec.rb;MODIFY;791.0;0.0;Equal;True;2024-11-30 15:38:45+00:00;False;67;66;5504;7d5879375986e22e6650fce542d075909161239b;4;noreply@github.com;regis@hanol.fr
