file_name;change_type;n_loc;lines_balance;size_change;is_large;date;swapped_classification;complexity;methods;tokens;hash;files_on_commit;committer_email;author_email
theme_spec.rb;ADD;102;0.0;Grew;False;2017-04-12 14:53:49+00:00;False;9;9;723;a3e8c3cd7ba5b8e0ea5d89e6eded3f995ab24aba;163;sam.saffron@gmail.com;sam.saffron@gmail.com
theme_spec.rb;MODIFY;117;15.0;Grew;False;2017-04-14 17:35:12+00:00;False;10;10;879;def7348777832f454c92f07c75ced769b5ae1718;14;sam.saffron@gmail.com;sam.saffron@gmail.com
theme_spec.rb;MODIFY;129;12.0;Grew;False;2017-05-02 20:02:14+00:00;False;11;11;1013;946f25098f910e29b6d611425c1a9b1a9105f238;14;sam.saffron@gmail.com;sam.saffron@gmail.com
theme_spec.rb;MODIFY;130;1.0;Grew;False;2017-05-03 15:31:33+00:00;False;11;11;1016;342ef5f81a34dc6d79b4d12b4533ed764ea21510;13;sam.saffron@gmail.com;sam.saffron@gmail.com
theme_spec.rb;MODIFY;141;11.0;Grew;False;2017-05-04 18:03:17+00:00;False;12;12;1123;4ebbad991e63486734deb28bbd5a2ff1d05d02e0;3;sam.saffron@gmail.com;sam.saffron@gmail.com
theme_spec.rb;MODIFY;156;15.0;Grew;False;2017-05-10 19:46:42+00:00;False;13;13;1268;f709899a1d90272a0fc0ef805081f7b48deb2b33;6;sam.saffron@gmail.com;sam.saffron@gmail.com
theme_spec.rb;MODIFY;158;2.0;Grew;False;2017-05-10 19:47:11+00:00;False;13;13;1291;bc0b9af576c7a99f4f89be0bf10aa3c9b3697c77;25;sam.saffron@gmail.com;sam.saffron@gmail.com
theme_spec.rb;MODIFY;158;0.0;Equal;False;2017-05-10 22:16:57+00:00;False;13;13;1287;9641d2413d2b221f943c9f8537e36bd3db0241ec;27;regis@hanol.fr;regis@hanol.fr
theme_spec.rb;MODIFY;158;0.0;Decreased;False;2017-07-28 01:20:09+00:00;False;13;13;1287;5012d46cbd3bcf79b7351f7d2d41003496a796c5;871;noreply@github.com;gxtan1990@gmail.com
theme_spec.rb;MODIFY;181;23.0;Grew;False;2017-09-04 11:27:58+00:00;False;14;14;1480;caedefd67569144841b0bea76c62436c13efa590;2;noreply@github.com;j.jaffeux@gmail.com
theme_spec.rb;MODIFY;196;15.0;Grew;False;2017-11-14 04:22:59+00:00;False;15;15;1634;075a4584896897d10389b40fa345e45df043f641;3;sam.saffron@gmail.com;sam.saffron@gmail.com
theme_spec.rb;MODIFY;234;38.0;Grew;False;2018-03-05 00:04:23+00:00;False;18;18;1948;282f53f0cd70b56298d90a42355eb8d64d89d570;42;sam.saffron@gmail.com;OsamaSayegh@users.noreply.github.com
theme_spec.rb;MODIFY;260;26.0;Grew;False;2018-03-05 04:35:41+00:00;False;19;19;2220;9331b4849dbcec34057fa76a4cf0f5d98346b155;3;sam.saffron@gmail.com;sam.saffron@gmail.com
theme_spec.rb;MODIFY;254;-6.0;Decreased;False;2018-07-12 04:18:21+00:00;False;18;18;2179;decf1f27cfbc82b673d31c94858ab22d567f0907;45;sam.saffron@gmail.com;asooomaasoooma90@gmail.com
theme_spec.rb;MODIFY;258;4.0;Grew;False;2018-07-18 05:13:47+00:00;False;19;18;2195;281538ae61d6b147efecac66ff571cb372add40b;2;sam.saffron@gmail.com;asooomaasoooma90@gmail.com
theme_spec.rb;MODIFY;296;38.0;Grew;False;2018-08-08 04:46:34+00:00;False;25;24;2415;0b7ed8ffaf6e306bacbdeb6623e73fa5f6375e8f;53;sam.saffron@gmail.com;asooomaasoooma90@gmail.com
theme_spec.rb;MODIFY;304;8.0;Grew;False;2018-08-10 00:38:36+00:00;False;25;24;2461;0d5ebcb21d431477b8e9c7a05cfd7eda9931a1ec;1;sam.saffron@gmail.com;asooomaasoooma90@gmail.com
theme_spec.rb;MODIFY;330;26.0;Grew;False;2018-08-24 01:30:00+00:00;False;28;27;2646;e0cc29d6587c3c5ca88ed8edc206b1a9a3990766;29;sam.saffron@gmail.com;asooomaasoooma90@gmail.com
theme_spec.rb;MODIFY;330;0.0;Decreased;False;2018-09-13 06:23:32+00:00;False;28;27;2646;05a57d4f27ad7cadb6852da40c67dfae4c8a79f4;1;tgx_world@hotmail.com;tgx_world@hotmail.com
theme_spec.rb;MODIFY;337;7.0;Grew;False;2018-10-15 04:55:23+00:00;False;29;27;2742;6acdea37c4e77723c774152e9076dfedda99493a;10;sam.saffron@gmail.com;kzhao.sw@gmail.com
theme_spec.rb;MODIFY;354;17.0;Grew;False;2018-10-16 01:00:46+00:00;False;30;28;2850;19d7543004b5bc77902b0be0e2b7148879a20654;2;sam.saffron@gmail.com;sam.saffron@gmail.com
theme_spec.rb;MODIFY;359;5.0;Grew;False;2018-12-25 13:08:17+00:00;False;31;29;2879;61dcd7c52c230ad9a4549987ba8a8a45450566a4;2;sam.saffron@gmail.com;kzhao.sw@gmail.com
theme_spec.rb;MODIFY;359;0.0;Equal;False;2019-01-15 10:25:32+00:00;False;33;29;2893;59e5af466bdcdccc5aefc167061fe1c9276e624c;2;vinothkannan@vinkas.com;vinothkannan@vinkas.com
theme_spec.rb;MODIFY;447;88.0;Grew;False;2019-01-17 11:46:11+00:00;False;31;31;3433;880311dd4d2b367e54cc8244fba60fce69e121c3;31;noreply@github.com;david@taylorhq.com
theme_spec.rb;MODIFY;447;0.0;Equal;False;2019-01-17 12:39:34+00:00;False;31;31;3433;def6b2fca1b69423a9f7381dbb52b195037163ef;1;david@taylorhq.com;david@taylorhq.com
theme_spec.rb;MODIFY;451;4.0;Grew;False;2019-01-17 14:44:10+00:00;False;31;31;3453;24b59afe2a9380a7665a4dc1f09aa9512656d547;3;david@taylorhq.com;david@taylorhq.com
theme_spec.rb;MODIFY;427;-24.0;Decreased;False;2019-01-18 12:04:23+00:00;False;29;29;3224;f40c97c36764731faa1ce4e3c7d69e2fc38cd7ab;3;david@taylorhq.com;david@taylorhq.com
theme_spec.rb;MODIFY;446;19.0;Grew;False;2019-01-25 14:19:01+00:00;False;31;31;3383;a48731e359bc3f44d255c695f5a2eeb7f8067ee1;16;noreply@github.com;david@taylorhq.com
theme_spec.rb;MODIFY;449;3.0;Grew;False;2019-01-25 17:00:30+00:00;False;32;32;3406;2e48c43546cc5b988770170927dfebe07ce5b320;3;david@taylorhq.com;david@taylorhq.com
theme_spec.rb;MODIFY;465;16.0;Grew;False;2019-02-12 16:14:43+00:00;False;33;33;3525;91f0468f4e7ddc7a4a3d5297ac2c369c777c3be1;2;david@taylorhq.com;david@taylorhq.com
theme_spec.rb;MODIFY;465;0.0;Equal;False;2019-02-19 15:55:59+00:00;False;33;33;3525;7878e5007aa96f21a23320cfdc2cda5c5ad081d6;5;noreply@github.com;david@taylorhq.com
theme_spec.rb;MODIFY;473;8.0;Grew;False;2019-03-08 08:58:06+00:00;False;33;33;3585;b101065bad2c2e451c531ff59b0d7884f6a1e7d6;2;noreply@github.com;david@taylorhq.com
theme_spec.rb;MODIFY;478;5.0;Grew;False;2019-04-12 10:36:08+00:00;False;33;33;3600;268d4d4c828a0d9e3ca6b0b5b623db85eb32b9f3;19;noreply@github.com;david@taylorhq.com
theme_spec.rb;MODIFY;478;0.0;Grew;False;2019-04-30 00:27:42+00:00;False;33;33;3600;4ea21fa2d046518807ec3ebda6fc4d2abe511a55;658;sam.saffron@gmail.com;sam.saffron@gmail.com
theme_spec.rb;MODIFY;478;0.0;Equal;False;2019-04-30 18:01:21+00:00;False;32;32;3600;84a3459af6b211b4552b5b336ab3e86a5f6d6be3;8;rizziromanalejandro@gmail.com;rizziromanalejandro@gmail.com
theme_spec.rb;MODIFY;478;0.0;Equal;False;2019-05-07 03:12:20+00:00;False;32;32;3600;e219588142929c74bb0ef988f35337075f35e6d0;258;sam.saffron@gmail.com;me@danielwaterworth.com
theme_spec.rb;MODIFY;498;20.0;Grew;False;2019-05-08 15:02:55+00:00;False;33;33;3768;e84531a6a654835c022f4725b784f2b5dd6d89c4;2;david@taylorhq.com;david@taylorhq.com
theme_spec.rb;MODIFY;498;0.0;Equal;False;2019-05-20 11:47:20+00:00;False;33;33;3768;b788948985e532e5d8b39c3d07927abf736094eb;44;mail@gerhard-schlager.at;mail@gerhard-schlager.at
theme_spec.rb;MODIFY;527;29.0;Grew;False;2019-05-24 14:25:55+00:00;False;34;34;3934;e20c30987c6a21c3b43e8cc281b36a66c0a31ccf;7;noreply@github.com;asooomaasoooma90@gmail.com
theme_spec.rb;MODIFY;527;0.0;Grew;False;2019-06-03 09:41:00+00:00;False;34;34;3934;7500eed4c0d759f26df72f6cb1b4692f12700d93;10;noreply@github.com;david@taylorhq.com
theme_spec.rb;MODIFY;533;6.0;Grew;False;2019-07-03 08:18:11+00:00;False;35;35;4007;3d645322732e558fcbd2f8962a26f52db6d955e4;15;sam.saffron@gmail.com;asooomaasoooma90@gmail.com
theme_spec.rb;MODIFY;561;28.0;Grew;False;2019-07-16 14:34:33+00:00;False;38;37;4234;ed5b31f4276eabd825c64bcf7df085398375f7fd;2;j.jaffeux@gmail.com;david@taylorhq.com
theme_spec.rb;MODIFY;569;8.0;Grew;False;2019-08-21 06:51:10+00:00;False;39;38;4299;719a93c312b9caa6c71de22d67f1ce1a78c1c8b2;3;sam.saffron@gmail.com;sam.saffron@gmail.com
theme_spec.rb;MODIFY;570;1.0;Grew;False;2019-08-29 14:47:08+00:00;False;39;38;4302;98fbc019a3578950f40c86a923a3c2155929cc1b;5;noreply@github.com;david@taylorhq.com
theme_spec.rb;MODIFY;570;0.0;Equal;False;2019-11-14 20:10:51+00:00;False;39;38;4303;067696df8f95e81b818cfcb4bcfe90c09ba68b45;30;pmusaraj@gmail.com;pmusaraj@gmail.com
theme_spec.rb;MODIFY;574;4.0;Grew;False;2019-11-28 05:19:01+00:00;False;40;39;4347;b1207289992c752d55abbbbf7215fa37a0a5b2b2;19;noreply@github.com;kotlarek.krzysztof@gmail.com
theme_spec.rb;MODIFY;577;3.0;Grew;False;2020-05-06 20:59:07+00:00;False;40;39;4355;ec2f3169ff43a440250bc54f7c6c43d64fcc8263;6;mail@gerhard-schlager.at;mail@gerhard-schlager.at
theme_spec.rb;MODIFY;586;9.0;Grew;False;2020-05-29 12:04:51+00:00;False;41;40;4449;d29d69e10d2e1d8a3d0c53505d3938b096e4335e;3;noreply@github.com;david@taylorhq.com
theme_spec.rb;MODIFY;588;2.0;Grew;False;2020-09-15 07:26:33+00:00;False;41;40;4467;bbddce4d3aa12bad4213ed69efa42dd01a844092;4;noreply@github.com;j.jaffeux@gmail.com
theme_spec.rb;MODIFY;642;54.0;Grew;False;2021-02-02 18:09:41+00:00;False;46;45;4882;e8b82724fd303424f042b2b0d0b98a463676659d;12;noreply@github.com;pmusaraj@gmail.com
theme_spec.rb;MODIFY;644;2.0;Grew;False;2021-02-03 16:02:53+00:00;False;46;45;4897;2309032e68bee6cca33c0d7b065b42aea12bf745;3;noreply@github.com;pmusaraj@gmail.com
theme_spec.rb;MODIFY;650;6.0;Grew;False;2021-02-04 13:51:18+00:00;False;47;46;4932;12ffba771ccde1090821f06c254fa91b9f751a44;4;noreply@github.com;pmusaraj@gmail.com
theme_spec.rb;MODIFY;642;-8.0;Decreased;False;2021-02-26 12:44:15+00:00;False;46;45;4882;f57a49c2f97c78865a4ad806339a2f847d6bc98c;6;noreply@github.com;pmusaraj@gmail.com
theme_spec.rb;MODIFY;650;8.0;Grew;False;2021-02-26 13:20:39+00:00;False;47;46;4932;e74bdfdf8e47c8fb15ba5e1cd3870d9bba1c78c8;6;noreply@github.com;pmusaraj@gmail.com
theme_spec.rb;MODIFY;642;-8.0;Decreased;False;2021-02-26 17:30:23+00:00;False;46;45;4882;aa1442fdc392444fc0f1c0d1f1468fbdb5b55898;6;noreply@github.com;pmusaraj@gmail.com
theme_spec.rb;MODIFY;688;46.0;Grew;True;2021-03-11 01:15:04+00:00;True;49;48;5275;10780d2448c31533d43fe21843bad375f6bd658b;13;noreply@github.com;pmusaraj@gmail.com
theme_spec.rb;MODIFY;693;5.0;Grew;True;2021-03-15 04:36:10+00:00;False;50;48;5288;303d2227cc680b543c8f9383246cd05d1cd4e7f9;2;noreply@github.com;jradosz@gmail.com
theme_spec.rb;MODIFY;664;-29.0;Decreased;True;2021-04-07 07:39:57+00:00;False;51;49;5210;a53d8d3e61d33dde22628a8ceb94b6a27cb0a99a;23;noreply@github.com;asooomaasoooma90@gmail.com
theme_spec.rb;MODIFY;693;29.0;Grew;True;2021-04-07 14:45:49+00:00;False;50;48;5288;2b9ab3a0d91d1350188dd554764dbb4ce9837edd;24;noreply@github.com;asooomaasoooma90@gmail.com
theme_spec.rb;MODIFY;646;-47.0;Decreased;False;2021-04-12 12:02:58+00:00;True;50;48;5089;cd24eff5d98e74db4afe0257e4d9de1ad2556c5d;28;noreply@github.com;asooomaasoooma90@gmail.com
theme_spec.rb;MODIFY;655;9.0;Grew;False;2021-04-20 17:25:35+00:00;False;51;49;5175;d44deb45f34459f4653efc549579b6657edcf2fd;2;noreply@github.com;pmusaraj@gmail.com
theme_spec.rb;MODIFY;669;14.0;Grew;True;2021-04-20 22:42:02+00:00;True;52;50;5285;c47e6a200435aee3072893b72988dadbb1a33061;3;noreply@github.com;pmusaraj@gmail.com
theme_spec.rb;MODIFY;702;33.0;Grew;True;2021-04-26 09:56:45+00:00;False;54;52;5445;7217dcb67a59f9c47d655455b60b4e1d8dc30f28;27;noreply@github.com;asooomaasoooma90@gmail.com
theme_spec.rb;MODIFY;669;-33.0;Decreased;True;2021-04-26 20:05:58+00:00;False;52;50;5285;a169dc6832fb90bcec664b0e8bf52026ce0dae3f;27;noreply@github.com;asooomaasoooma90@gmail.com
theme_spec.rb;MODIFY;702;33.0;Grew;True;2021-04-28 20:12:08+00:00;False;54;52;5445;4f88f2eb15f57021fba50f4205073272a45943cc;31;noreply@github.com;asooomaasoooma90@gmail.com
theme_spec.rb;MODIFY;699;-3.0;Decreased;True;2021-06-15 15:25:06+00:00;False;54;52;5437;e36377d9ab0cb1fcfff844c906fd564b54a70a4d;9;noreply@github.com;jradosz@gmail.com
theme_spec.rb;MODIFY;690;-9.0;Decreased;True;2021-06-16 22:20:09+00:00;False;52;51;5385;6fe78cd542194576b0a02ff52cb9dbaa79bba82d;5;noreply@github.com;mjrbrennan@gmail.com
theme_spec.rb;MODIFY;685;-5.0;Decreased;True;2021-06-21 03:06:58+00:00;False;51;50;5216;8e3691d5370bb95d99fe750f46287763721fcc9c;35;gxtan1990@gmail.com;gxtan1990@gmail.com
theme_spec.rb;MODIFY;695;10.0;Grew;True;2021-06-23 02:34:22+00:00;False;52;51;5296;c8f4f7c235ca38b39d4b66bf9e1305410e36815e;2;noreply@github.com;pmusaraj@gmail.com
theme_spec.rb;MODIFY;695;0.0;Equal;True;2021-09-16 02:28:53+00:00;False;52;51;5298;a6de4a5ce98cc4b2d39999f1e17073ee2a8cb95f;7;noreply@github.com;svkn.87@gmail.com
theme_spec.rb;MODIFY;727;32.0;Grew;True;2021-11-22 12:16:56+00:00;False;54;53;5484;d91d67a442a1223e44772bd339c2ffc9d901b3b4;5;noreply@github.com;jradosz@gmail.com
theme_spec.rb;MODIFY;739;12.0;Grew;True;2022-02-21 09:45:14+00:00;False;56;55;5581;c8d956374dc013213d55185a246966b826810140;2;david@taylorhq.com;david@taylorhq.com
theme_spec.rb;MODIFY;727;-12.0;Equal;True;2022-02-21 09:45:14+00:00;False;54;53;5484;51afa579f727fb4763cdb54b38cd62aa2cd04b57;4;david@taylorhq.com;david@taylorhq.com
theme_spec.rb;MODIFY;718;-9.0;Decreased;True;2022-02-21 11:15:35+00:00;False;55;54;5403;5d6d3fb24404f6b95f0b0bc22b79533841d1446e;3;noreply@github.com;david@taylorhq.com
theme_spec.rb;MODIFY;718;0.0;Equal;True;2022-02-28 19:50:55+00:00;False;55;54;5403;2fc70c5572ca3a4b1bc100f9fdbc911cfe6cd015;59;noreply@github.com;jradosz@gmail.com
theme_spec.rb;MODIFY;717;-1.0;Decreased;True;2022-03-01 17:50:50+00:00;False;55;54;5401;c9dab6fd087dd400c904441657f53134393fb298;815;noreply@github.com;david@taylorhq.com
theme_spec.rb;MODIFY;717;0.0;Equal;True;2022-05-05 01:53:54+00:00;False;55;54;5401;3f0e76710626a72d321b7c26bdf7eedb0f2e595a;10;noreply@github.com;jradosz@gmail.com
theme_spec.rb;MODIFY;717;0.0;Equal;True;2022-06-21 10:48:44+00:00;False;55;54;5401;def39b2d5878846d15763402941ae8f7414bb320;4;noreply@github.com;jradosz@gmail.com
theme_spec.rb;MODIFY;717;0.0;Equal;True;2022-07-28 02:27:38+00:00;False;55;54;5403;493d437e79f88ab9829a36fa000cc6107085e424;736;noreply@github.com;pirj@users.noreply.github.com
theme_spec.rb;MODIFY;717;0.0;Equal;True;2022-08-04 09:05:02+00:00;False;55;54;5403;3eaac567978026064bbe004cfe1d3dd4cf0091a7;337;flink@belfalas.eu;loic@discourse.org
theme_spec.rb;MODIFY;705;-12.0;Decreased;True;2022-08-09 10:53:24+00:00;False;54;53;5327;7f9c2c0bfbab605bba90fc5e7372ee72c219cb8e;7;noreply@github.com;david@taylorhq.com
theme_spec.rb;MODIFY;705;0.0;Equal;True;2022-09-01 10:50:46+00:00;False;54;53;5327;7e74dd0afea996d272c391bff9b0a516e7e323db;11;noreply@github.com;david@taylorhq.com
theme_spec.rb;MODIFY;707;2.0;Grew;True;2022-10-18 17:20:10+00:00;False;54;53;5339;be3d6a56ceb6c41918df6ded81c9881bcb1f6407;14;noreply@github.com;david@taylorhq.com
theme_spec.rb;MODIFY;887;180.0;Grew;True;2023-01-09 11:49:28+00:00;False;54;53;5395;cb932d6ee1b3b3571e4d4d9118635e2dbf58f0ef;907;david@taylorhq.com;david@taylorhq.com
theme_spec.rb;MODIFY;906;19.0;Grew;True;2023-08-04 10:02:26+00:00;False;55;54;5520;e76e0ad59241cd855591b360c351e3d7e86f9d7a;3;noreply@github.com;david@taylorhq.com
theme_spec.rb;MODIFY;906;0.0;Equal;True;2023-08-18 17:15:23+00:00;False;55;54;5520;82b16f4f476f47c290b734f3afc0aab6ef1b98fc;5;noreply@github.com;david@taylorhq.com
theme_spec.rb;MODIFY;990;84.0;Grew;True;2023-08-31 16:24:02+00:00;False;59;58;6178;82a56334a3099297d14e1a0355e8ad19e61631e3;3;noreply@github.com;me@danielwaterworth.com
theme_spec.rb;MODIFY;906;-84.0;Decreased;True;2023-08-31 17:04:43+00:00;False;55;54;5520;9821ca9413d2694fe0ff856fe0a307a27fb2dc0a;3;noreply@github.com;j.jaffeux@gmail.com
theme_spec.rb;MODIFY;990;84.0;Grew;True;2023-08-31 19:12:03+00:00;False;59;58;6178;f1d8cd529e173a098847b8ce7afe3ed8f7c23ccd;3;noreply@github.com;j.jaffeux@gmail.com
theme_spec.rb;MODIFY;1016;26.0;Grew;True;2023-10-22 23:41:40+00:00;False;61;60;6302;f2a90afa4cd0c770aef51b14c6538f9d9a07f452;2;noreply@github.com;gxtan1990@gmail.com
theme_spec.rb;MODIFY;1135;119.0;Grew;True;2023-11-02 05:10:15+00:00;False;65;64;7261;3cadd6769ec55eabe4f2530765e69355dfb2d680;21;noreply@github.com;asooomaasoooma90@gmail.com
theme_spec.rb;MODIFY;1146;11.0;Grew;True;2024-01-16 01:50:44+00:00;False;66;65;7302;22614ca85b99f9b47447a1170357e7c0042fc455;4;noreply@github.com;gxtan1990@gmail.com
theme_spec.rb;MODIFY;1146;0.0;Equal;True;2024-02-01 02:26:56+00:00;False;66;65;7284;44f8418093eaa46406cca990c2bff0e0f004b126;5;noreply@github.com;gxtan1990@gmail.com
theme_spec.rb;MODIFY;1169;23.0;Grew;True;2024-02-05 06:35:11+00:00;False;67;66;7432;d460229ed89031480cdc93725427f72b1729ab1e;2;noreply@github.com;gxtan1990@gmail.com
theme_spec.rb;MODIFY;1169;0.0;Decreased;True;2024-03-04 14:08:35+00:00;False;67;66;7425;f7d7092a7a9da74bee0115e618a8c122bf2eed53;27;flink@belfalas.eu;loic@discourse.org
theme_spec.rb;MODIFY;1216;47.0;Grew;True;2024-03-21 14:06:36+00:00;False;73;72;7662;d2a730b8b5f16f860fcaf61c2c5188610321b37d;2;flink@belfalas.eu;loic@discourse.org
theme_spec.rb;MODIFY;1243;27.0;Grew;True;2024-04-09 19:54:44+00:00;False;74;73;7872;a52b1d6b4aa9aafbf334e4ff952b05f214b7621d;4;noreply@github.com;pmusaraj@gmail.com
theme_spec.rb;MODIFY;1283;40.0;Grew;True;2024-05-02 22:29:18+00:00;False;76;75;8132;243fcb6ffc039d8e4e73d7db3fec47b53715bd72;6;noreply@github.com;gxtan1990@gmail.com
