file_name;change_type;n_loc;lines_balance;size_change;is_large;date;swapped_classification;complexity;methods;tokens;hash;files_on_commit;committer_email;author_email
topic_view_spec.rb;RENAME;not calculated;0.0;Equal;False;2022-02-18 18:41:54+00:00;False;not calculated;0;not calculated;45cc16098dee51fc2bee0e5873afa51fe2bd1ea3;199;noreply@github.com;jradosz@gmail.com
topic_view_spec.rb;MODIFY;796.0;0.0;Decreased;True;2022-03-01 17:50:50+00:00;True;98;97;6910;c9dab6fd087dd400c904441657f53134393fb298;815;noreply@github.com;david@taylorhq.com
topic_view_spec.rb;MODIFY;799.0;3.0;Grew;True;2022-03-30 02:43:11+00:00;False;99;98;6941;b8828d4a2d27176cc7e882aa87fd084945f1501a;27;noreply@github.com;martin@discourse.org
topic_view_spec.rb;MODIFY;801.0;2.0;Grew;True;2022-05-23 00:07:15+00:00;False;99;98;6965;fcc2e7ebbf3fa5f17c24c70149a949850f29a5f3;63;noreply@github.com;martin@discourse.org
topic_view_spec.rb;MODIFY;803.0;2.0;Grew;True;2022-06-30 00:18:12+00:00;False;99;98;6975;09932738e5f0121866c2d6be44ce6ecf40f4e3d0;40;noreply@github.com;kotlarek.krzysztof@gmail.com
topic_view_spec.rb;MODIFY;803.0;0.0;Equal;True;2022-07-27 14:35:27+00:00;False;99;98;6975;296aad430a328ba8ffb93df551e597e8ff1bb4f6;69;flink@belfalas.eu;loic@discourse.org
topic_view_spec.rb;MODIFY;803.0;0.0;Equal;True;2022-07-28 02:27:38+00:00;False;99;98;7029;493d437e79f88ab9829a36fa000cc6107085e424;736;noreply@github.com;pirj@users.noreply.github.com
topic_view_spec.rb;MODIFY;803.0;0.0;Decreased;True;2022-08-04 09:05:02+00:00;False;99;98;7029;3eaac567978026064bbe004cfe1d3dd4cf0091a7;337;flink@belfalas.eu;loic@discourse.org
topic_view_spec.rb;MODIFY;803.0;0.0;Equal;True;2022-10-23 21:51:41+00:00;False;99;98;7025;c752d687377740b3fba07f3f0a1a03101582c816;3;noreply@github.com;gxtan1990@gmail.com
topic_view_spec.rb;MODIFY;803.0;0.0;Equal;True;2022-10-24 17:54:02+00:00;False;99;98;7023;25fbbf4020c8c87c549e42dc81363d40a37db29f;2;noreply@github.com;66427541+jancernik@users.noreply.github.com
topic_view_spec.rb;MODIFY;803.0;0.0;Equal;True;2022-10-24 22:18:40+00:00;False;99;98;7020;0ffd40867466b0f6b6fbcbc08e01d1a62633d915;2;noreply@github.com;gxtan1990@gmail.com
topic_view_spec.rb;MODIFY;803.0;0.0;Decreased;True;2022-11-16 09:46:30+00:00;False;99;98;7025;8e60c50f60e3e434e8eb0457e82f5c64cca5e9c0;1;noreply@github.com;jradosz@gmail.com
topic_view_spec.rb;MODIFY;803.0;0.0;Equal;True;2022-12-16 16:42:51+00:00;False;99;98;7041;b80765f1f416791f3a58ce9328842fd6fbe7a61e;33;noreply@github.com;nbianca@users.noreply.github.com
topic_view_spec.rb;MODIFY;848.0;45.0;Grew;True;2023-01-09 11:49:28+00:00;False;99;98;7065;cb932d6ee1b3b3571e4d4d9118635e2dbf58f0ef;907;david@taylorhq.com;david@taylorhq.com
topic_view_spec.rb;MODIFY;858.0;10.0;Grew;True;2023-01-11 13:22:53+00:00;False;100;99;7149;14d97f9cf1742d30f82fff050821beb3a92fc957;16;flink@belfalas.eu;loic@discourse.org
topic_view_spec.rb;MODIFY;858.0;0.0;Equal;True;2023-01-20 01:50:24+00:00;False;100;99;7158;f122f24b35a8116e47649ae139910d44e3d7488e;28;noreply@github.com;gxtan1990@gmail.com
topic_view_spec.rb;MODIFY;862.0;4.0;Grew;True;2023-02-23 16:22:20+00:00;False;101;100;7154;a9f2c6db64e7d78b8e0f55e7bd77c5fe3459b831;7;flink@belfalas.eu;loic@discourse.org
topic_view_spec.rb;MODIFY;881.0;19.0;Grew;True;2023-03-30 22:03:15+00:00;False;102;101;7269;347681dd20063718c3cf2c7b401a204f14788d96;2;noreply@github.com;sam.saffron@gmail.com
topic_view_spec.rb;MODIFY;889.0;8.0;Grew;True;2023-09-12 01:51:49+00:00;False;102;101;7264;f08c6d27564b3f652f35d33a13a66a943a3a3742;13;noreply@github.com;ted@discourse.org
topic_view_spec.rb;MODIFY;889.0;0.0;Equal;True;2023-11-09 22:47:59+00:00;False;102;101;7216;6e161d3e75ce87be8d446a0aa9540f2e024dd2e3;471;noreply@github.com;me@danielwaterworth.com
topic_view_spec.rb;MODIFY;890.0;1.0;Grew;True;2023-11-21 18:31:42+00:00;False;102;101;7219;447d9b210556e64c14f9ca9f8f9b52f54090cd41;15;noreply@github.com;o.blakeerickson@gmail.com
topic_view_spec.rb;MODIFY;890.0;0.0;Equal;True;2023-12-06 22:25:00+00:00;False;102;101;7219;694b5f108bfd30dd3b3dc7e19b46805605770426;129;noreply@github.com;jradosz@gmail.com
topic_view_spec.rb;MODIFY;890.0;0.0;Equal;True;2023-12-13 03:50:13+00:00;False;102;101;7228;702d0620d71fcd888f689d880d7961206e0076e8;41;noreply@github.com;kotlarek.krzysztof@gmail.com
topic_view_spec.rb;MODIFY;889.0;-1.0;Decreased;True;2024-01-25 06:28:26+00:00;False;102;101;7225;57ea56ee058547872e3244de30c68e56118d6f5c;64;noreply@github.com;ted@discourse.org
topic_view_spec.rb;MODIFY;899.0;10.0;Grew;True;2024-03-26 15:19:00+00:00;False;104;103;7315;a8d20f92fb7a07f9a2b1cfd9d1e452e4dce4e4f6;2;noreply@github.com;david@taylorhq.com
topic_view_spec.rb;MODIFY;898.0;-1.0;Equal;True;2024-04-29 14:11:12+00:00;False;103;103;7313;f7a1272fa48f2d3dd36668757b1b4e07013a3f0d;7;regis@hanol.fr;regis@hanol.fr
topic_view_spec.rb;MODIFY;906.0;8.0;Grew;True;2024-08-19 18:57:45+00:00;False;104;104;7379;5b17e85fe1dc21459da8883e675250606947fd05;4;noreply@github.com;j.jaffeux@gmail.com
topic_view_spec.rb;MODIFY;925.0;19.0;Grew;True;2024-11-22 20:49:39+00:00;False;107;105;7480;d880db3b7b748901366d0c94f58dada9096f967f;2;noreply@github.com;markvanlan@gmail.com
