file_name;change_type;n_loc;lines_balance;size_change;is_large;date;swapped_classification;complexity;methods;tokens;hash;files_on_commit;committer_email;author_email
user_merger_spec.rb;ADD;778;0.0;Grew;True;2018-03-01 11:28:12+00:00;True;78;72;7362;7a2183e8ab97c26464da541014ba1f2e69669a82;6;mail@gerhard-schlager.at;mail@gerhard-schlager.at
user_merger_spec.rb;MODIFY;788;10.0;Grew;True;2018-03-01 16:50:13+00:00;False;81;73;7465;79590e4becc9eb3cba2adebd772efe5eccfe71fd;2;mail@gerhard-schlager.at;mail@gerhard-schlager.at
user_merger_spec.rb;MODIFY;788;0.0;Equal;True;2018-03-06 10:15:21+00:00;False;81;73;7457;1365bab0d7840e4b1ff83287db557d35a04b909a;24;tgx_world@hotmail.com;tgx_world@hotmail.com
user_merger_spec.rb;MODIFY;793;5.0;Grew;True;2018-04-23 02:10:10+00:00;False;81;73;7467;9eabf7c02c14af12ded5e45a320b9d71ff050755;6;tgx_world@hotmail.com;tgx_world@hotmail.com
user_merger_spec.rb;MODIFY;828;35.0;Grew;True;2018-04-24 15:08:29+00:00;False;83;75;7730;ec2986935024cd2290416b1ad03bfc3e247cd018;2;robin.ward@gmail.com;mail@gerhard-schlager.at
user_merger_spec.rb;MODIFY;782;-46.0;Decreased;True;2018-05-08 14:02:43+00:00;False;77;69;7264;2e67998319950fb5caa6d5a9110285fa26ddbff7;4;robin.ward@gmail.com;mail@gerhard-schlager.at
user_merger_spec.rb;MODIFY;785;3.0;Grew;True;2018-05-15 18:47:58+00:00;False;77;69;7269;2e1b5bc8d3f8ecfe903b4c857ab89651e63bc3a1;4;mail@gerhard-schlager.at;mail@gerhard-schlager.at
user_merger_spec.rb;MODIFY;786;1.0;Grew;True;2018-05-25 04:26:05+00:00;False;77;69;7276;720a12ce76746a0761f3ebde89aa75d90a244ebb;1;sam.saffron@gmail.com;sam.saffron@gmail.com
user_merger_spec.rb;MODIFY;792;6.0;Grew;True;2018-06-01 14:23:21+00:00;False;78;70;7318;b970b072f6a5ab877f8174ec81f1513527596ce6;2;mail@gerhard-schlager.at;mail@gerhard-schlager.at
user_merger_spec.rb;MODIFY;802;10.0;Grew;True;2018-06-11 16:43:56+00:00;False;79;71;7441;150ae21489ebf84b86f89dd316da5aee9c22521b;6;mail@gerhard-schlager.at;mail@gerhard-schlager.at
user_merger_spec.rb;MODIFY;802;0.0;Equal;True;2018-06-28 08:12:32+00:00;False;79;71;7441;ec3e6a81a432c5549da2bf21b6bfeb642726a7e6;51;j.jaffeux@gmail.com;maja.komel@gmail.com
user_merger_spec.rb;MODIFY;802;0.0;Equal;True;2018-08-08 04:46:34+00:00;False;79;71;7436;0b7ed8ffaf6e306bacbdeb6623e73fa5f6375e8f;53;sam.saffron@gmail.com;asooomaasoooma90@gmail.com
user_merger_spec.rb;MODIFY;802;0.0;Equal;True;2018-11-30 11:18:11+00:00;False;79;71;7439;208005f9c9662773b436c4ffa14272ac0888bb04;11;david@taylorhq.com;david@taylorhq.com
user_merger_spec.rb;MODIFY;800;-2.0;Decreased;True;2018-12-07 15:39:06+00:00;False;79;71;7404;160d29b18a0ff68f0cdc152b9d5f461869190b7e;12;noreply@github.com;david@taylorhq.com
user_merger_spec.rb;MODIFY;800;0.0;Equal;True;2019-01-17 01:41:28+00:00;False;79;71;7404;1022d691012d31e9bf930edc13ed1c5b0cd76af4;1;sam.saffron@gmail.com;sam.saffron@gmail.com
user_merger_spec.rb;MODIFY;810;10.0;Grew;True;2019-01-19 12:38:45+00:00;False;79;71;7515;f8ded9cec9255a297d988b821dc596e133d86d78;2;mail@gerhard-schlager.at;mail@gerhard-schlager.at
user_merger_spec.rb;MODIFY;808;-2.0;Decreased;True;2019-03-04 13:54:28+00:00;False;79;71;7480;703c724cf3adff0feb89f99be30f4fb4ed540e22;8;noreply@github.com;j.jaffeux@gmail.com
user_merger_spec.rb;MODIFY;806;-2.0;Decreased;True;2019-03-07 11:31:04+00:00;False;79;71;7448;fc7938f7e081318ad52462bd2aa1c95e61fb5d03;13;noreply@github.com;david@taylorhq.com
user_merger_spec.rb;MODIFY;827;21.0;Grew;True;2019-03-11 13:53:59+00:00;False;80;72;7704;d6eb892b04854d5f7f6edf332c8dd216f121e177;2;noreply@github.com;45508821+khalilovcmded@users.noreply.github.com
user_merger_spec.rb;MODIFY;804;-23.0;Decreased;True;2019-03-28 16:45:10+00:00;False;78;70;7466;b58867b6e936a5247304e9f06f827cf5012a92ed;354;robin.ward@gmail.com;robin.ward@gmail.com
user_merger_spec.rb;MODIFY;804;0.0;Equal;True;2019-04-23 09:49:05+00:00;False;78;70;7466;bf313c1b68d4338fe16c03084b97c1c119c9df15;9;gxtan1990@gmail.com;me@danielwaterworth.com
user_merger_spec.rb;MODIFY;803;-1.0;Decreased;True;2019-04-29 07:08:56+00:00;False;78;70;7456;ad44243a57f4f0d3c5856521eca55e88a3123d91;34;tgx_world@hotmail.com;me@danielwaterworth.com
user_merger_spec.rb;MODIFY;803;0.0;Grew;True;2019-04-30 00:27:42+00:00;False;78;70;7456;4ea21fa2d046518807ec3ebda6fc4d2abe511a55;658;sam.saffron@gmail.com;sam.saffron@gmail.com
user_merger_spec.rb;MODIFY;813;10.0;Grew;True;2019-05-02 06:58:24+00:00;False;78;70;7520;24347ace10ad54f7f3bbc687bc7bc37734f558e4;39;gxtan1990@gmail.com;tgx_world@hotmail.com
user_merger_spec.rb;MODIFY;813;0.0;Equal;True;2019-05-07 01:33:21+00:00;False;78;70;7520;152238b4cff7ab4c4ce63ba26abd23b0abf05129;74;tgx_world@hotmail.com;tgx_world@hotmail.com
user_merger_spec.rb;MODIFY;813;0.0;Equal;True;2019-05-07 03:12:20+00:00;False;78;70;7520;e219588142929c74bb0ef988f35337075f35e6d0;258;sam.saffron@gmail.com;me@danielwaterworth.com
user_merger_spec.rb;MODIFY;813;0.0;Equal;True;2019-10-21 11:08:20+00:00;False;78;70;7518;55a139434214a8decc856b192899e53b335873db;43;me@danielwaterworth.com;me@danielwaterworth.com
user_merger_spec.rb;MODIFY;811;-2.0;Decreased;True;2020-02-07 17:32:35+00:00;False;78;70;7478;5919618a87675cfcba9a62621c8b0eb07587ee96;16;noreply@github.com;david@taylorhq.com
user_merger_spec.rb;MODIFY;812;1.0;Grew;True;2020-06-09 15:19:32+00:00;False;78;70;7489;3094459cd979e95067e5299e08fc94cf3f8ea0d3;48;noreply@github.com;arpit@techapj.com
user_merger_spec.rb;MODIFY;819;7.0;Grew;True;2020-06-09 17:51:59+00:00;False;79;71;7535;ae6c4cd237346629b73efa8e318be71cc05209c8;3;david@taylorhq.com;david@taylorhq.com
user_merger_spec.rb;MODIFY;819;0.0;Equal;True;2020-07-27 00:23:54+00:00;False;79;71;7535;e0d9232259f6fb0f76bca471c4626178665ca24a;130;noreply@github.com;kotlarek.krzysztof@gmail.com
user_merger_spec.rb;MODIFY;819;0.0;Equal;True;2020-11-03 12:38:54+00:00;False;79;71;7507;5140ec9acf29df220ec00cc6a704b73773a86bdc;13;noreply@github.com;david@taylorhq.com
user_merger_spec.rb;MODIFY;817;-2.0;Decreased;True;2020-11-10 10:09:15+00:00;False;79;71;7472;cf21de0e7a8293d48e17d5004e910f415b2b4e6b;13;noreply@github.com;david@taylorhq.com
user_merger_spec.rb;MODIFY;817;0.0;Equal;True;2021-05-21 01:43:47+00:00;False;79;71;7472;59097b207f75eab1dd39281b55a91e678142b37b;207;noreply@github.com;2119212+jsoref@users.noreply.github.com
user_merger_spec.rb;MODIFY;824;7.0;Grew;True;2021-08-03 04:34:35+00:00;False;80;72;7539;4ec2c1e9a9e6e967b66c8aa878fd195b0bccfac0;2;noreply@github.com;svkn.87@gmail.com
user_merger_spec.rb;MODIFY;817;-7.0;Decreased;True;2021-12-03 20:54:07+00:00;False;80;72;7503;63112f89a3d98a5fa058c55462567b2824920fa7;7;noreply@github.com;me@danielwaterworth.com
user_merger_spec.rb;MODIFY;815;-2.0;Decreased;True;2021-12-15 17:41:14+00:00;False;80;72;7495;102fa71ef37ded9f05bc80dea637a2dc293bc5c6;12;noreply@github.com;me@danielwaterworth.com
user_merger_spec.rb;MODIFY;813;-2.0;Decreased;True;2022-01-06 16:50:18+00:00;False;80;72;7460;78d0ec35a55cff97ebbbf3761e28554bc634b175;5;noreply@github.com;david@taylorhq.com
user_merger_spec.rb;MODIFY;817;4.0;Grew;True;2022-01-26 22:34:28+00:00;False;80;72;7502;1fef96a2e75b2318ecbb7c92895950aceedfa972;2;noreply@github.com;gerhard.schlager@discourse.org
user_merger_spec.rb;MODIFY;816;-1.0;Decreased;True;2022-03-01 17:50:50+00:00;False;80;72;7500;c9dab6fd087dd400c904441657f53134393fb298;815;noreply@github.com;david@taylorhq.com
user_merger_spec.rb;MODIFY;816;0.0;Equal;True;2022-06-21 18:49:47+00:00;False;80;72;7503;e0ba35350e61fc456ae01f4a09c92f3ab6f0179f;15;noreply@github.com;rizziromanalejandro@gmail.com
user_merger_spec.rb;MODIFY;816;0.0;Equal;True;2022-07-28 02:27:38+00:00;False;80;72;7505;493d437e79f88ab9829a36fa000cc6107085e424;736;noreply@github.com;pirj@users.noreply.github.com
user_merger_spec.rb;MODIFY;816;0.0;Equal;True;2022-08-04 09:05:02+00:00;False;80;72;7505;3eaac567978026064bbe004cfe1d3dd4cf0091a7;337;flink@belfalas.eu;loic@discourse.org
user_merger_spec.rb;MODIFY;819;3.0;Grew;True;2022-09-26 03:58:40+00:00;False;80;72;7511;e62e93f83a77adfa80b38fbfecf82bbee14e12fe;55;noreply@github.com;martin@discourse.org
user_merger_spec.rb;MODIFY;821;2.0;Grew;True;2022-11-02 09:47:59+00:00;False;80;72;7513;c32fe340f0311537d741e0d55405551ccd1136ee;14;noreply@github.com;jradosz@gmail.com
user_merger_spec.rb;MODIFY;961;140.0;Grew;True;2023-01-09 11:49:28+00:00;False;80;72;7544;cb932d6ee1b3b3571e4d4d9118635e2dbf58f0ef;907;david@taylorhq.com;david@taylorhq.com
user_merger_spec.rb;MODIFY;961;0.0;Equal;True;2023-02-13 04:39:45+00:00;False;80;72;7544;25a226279a54600b9332a2dd0a71bd119e3804af;56;noreply@github.com;ted@discourse.org
user_merger_spec.rb;MODIFY;961;0.0;Equal;True;2023-11-09 22:47:59+00:00;False;80;72;7538;6e161d3e75ce87be8d446a0aa9540f2e024dd2e3;471;noreply@github.com;me@danielwaterworth.com
user_merger_spec.rb;MODIFY;961;0.0;Equal;True;2023-12-06 22:25:00+00:00;False;80;72;7530;694b5f108bfd30dd3b3dc7e19b46805605770426;129;noreply@github.com;jradosz@gmail.com
user_merger_spec.rb;MODIFY;964;3.0;Grew;True;2024-01-25 06:28:26+00:00;False;80;72;7530;57ea56ee058547872e3244de30c68e56118d6f5c;64;noreply@github.com;ted@discourse.org
user_merger_spec.rb;MODIFY;964;0.0;Equal;True;2024-03-01 00:07:35+00:00;False;80;72;7524;6bcbe5611644b2b8eec0df6d1a6e577897142ef2;21;noreply@github.com;martin@discourse.org
user_merger_spec.rb;MODIFY;993;29.0;Grew;True;2024-04-16 09:37:33+00:00;False;83;75;7686;1fea2bf1c58388ae18d633f7d92717d6efd49069;4;noreply@github.com;natalie.tay@discourse.org
