file_name;change_type;n_loc;lines_balance;size_change;is_large;date;swapped_classification;complexity;methods;tokens;hash;files_on_commit;committer_email;author_email
promotion_spec.rb;ADD;225;0.0;Equal;False;2013-02-07 05:50:58+00:00;False;28;28;1177;6766964f6ae81873f48b0e6f1ec51ff5ae8bd4e5;12;radarlistener@gmail.com;radarlistener@gmail.com
promotion_spec.rb;MODIFY;225;0.0;Equal;False;2013-03-18 04:26:26+00:00;False;28;28;1173;4ea46abd15a842a2b7ae8b83312a494dc194168e;3;radarlistener@gmail.com;huoxito@gmail.com
promotion_spec.rb;MODIFY;225;0.0;Equal;False;2013-04-03 00:13:16+00:00;False;28;28;1171;9c892e1abdb5dca6ceb6c7655fb63a2216c3c89f;24;radarlistener@gmail.com;hi@futhr.io
promotion_spec.rb;MODIFY;234;9.0;Grew;False;2013-06-27 15:48:03+00:00;False;29;29;1221;91747f1484f1567c322d5f03c38a7b798af0228c;2;geekoncoffee@gmail.com;huoxito@gmail.com
promotion_spec.rb;MODIFY;236;2.0;Grew;False;2013-08-09 04:37:52+00:00;False;29;29;1205;9d7189cb8d537e433032a552a9d57268f903d323;2;radarlistener@gmail.com;huoxito@gmail.com
promotion_spec.rb;MODIFY;236;0.0;Equal;False;2013-08-09 04:37:52+00:00;False;29;29;1199;98bbbd7a9f6f2075878064b64039fa69596164e8;106;radarlistener@gmail.com;radarlistener@gmail.com
promotion_spec.rb;MODIFY;236;0.0;Equal;False;2013-08-09 04:37:54+00:00;False;29;29;1205;97fe753010d3fbb358d7cde8c119bd9640ca653c;9;radarlistener@gmail.com;huoxito@gmail.com
promotion_spec.rb;MODIFY;235;-1.0;Decreased;False;2013-09-27 01:30:25+00:00;False;29;29;1200;6b0b80fc318a0321bbd28a905b01c23f19ea9a83;10;radarlistener@gmail.com;radarlistener@gmail.com
promotion_spec.rb;MODIFY;235;0.0;Equal;False;2013-09-27 01:30:28+00:00;False;29;29;1200;4f5075e95a766d86b615172c0a24993ec0b5bdc8;1;radarlistener@gmail.com;radarlistener@gmail.com
promotion_spec.rb;MODIFY;235;0.0;Equal;False;2013-09-27 01:30:29+00:00;False;29;29;1202;5936db3fcb7a1667c23db71789b3c3672abac102;5;radarlistener@gmail.com;huoxito@gmail.com
promotion_spec.rb;MODIFY;235;0.0;Equal;False;2013-09-27 01:30:29+00:00;False;29;29;1200;79205c3325773438be9b86e7d3058dbb398f8d1e;6;radarlistener@gmail.com;huoxito@gmail.com
promotion_spec.rb;MODIFY;198;-37.0;Decreased;False;2013-09-27 01:30:34+00:00;False;25;25;1038;6d4ed6554d67ce301e7be02cbc4cfabebc26f1ba;5;radarlistener@gmail.com;huoxito@gmail.com
promotion_spec.rb;MODIFY;198;0.0;Equal;False;2013-09-27 01:30:39+00:00;False;25;25;1054;d19dd78d944d7aa52a6d1884ef358cafc25f12d8;1;radarlistener@gmail.com;radarlistener@gmail.com
promotion_spec.rb;MODIFY;192;-6.0;Decreased;False;2013-09-27 01:30:40+00:00;False;24;24;1032;35ba63dd9f4c39dc0b732762f7244bd78a0cc769;1;radarlistener@gmail.com;radarlistener@gmail.com
promotion_spec.rb;MODIFY;199;7.0;Grew;False;2013-09-27 01:30:40+00:00;False;25;25;1121;4f20230ea7a11066a6d957dbc1ca09aed0c68ffd;1;radarlistener@gmail.com;radarlistener@gmail.com
promotion_spec.rb;MODIFY;200;1.0;Grew;False;2013-10-21 05:22:49+00:00;False;25;25;1140;703dfb55d8981d7ac916dbb4d160dfba3790f17b;1;radarlistener@gmail.com;radarlistener@gmail.com
promotion_spec.rb;MODIFY;207;7.0;Grew;False;2013-12-10 05:45:57+00:00;False;26;26;1185;62609a91ff00fea7b7a29cc9e4720bcdcb92eddf;2;radarlistener@gmail.com;peter@pero-ict.nl
promotion_spec.rb;MODIFY;215;8.0;Grew;False;2013-12-16 00:27:53+00:00;False;27;27;1225;7adca6d7d8b522a3fd533aa1bc194dd54ba9c4f0;3;radarlistener@gmail.com;peter@pero-ict.nl
promotion_spec.rb;MODIFY;220;5.0;Grew;False;2013-12-17 03:41:26+00:00;False;28;28;1268;41cf0414fd35016a44445101cd22433255892c18;7;radarlistener@gmail.com;peter@pero-ict.nl
promotion_spec.rb;MODIFY;251;31.0;Grew;False;2013-12-19 03:54:51+00:00;False;30;30;1424;b25e5a6b16801ff1a7b2ea25dbc713680b7965e7;2;radarlistener@gmail.com;radarlistener@gmail.com
promotion_spec.rb;MODIFY;263;12.0;Grew;False;2014-01-20 05:39:41+00:00;False;31;31;1475;48e2974581b06d5e107a2e25a4e77e77405b2387;2;radarlistener@gmail.com;peter@pero-ict.nl
promotion_spec.rb;MODIFY;268;5.0;Grew;False;2014-01-28 00:13:22+00:00;False;32;32;1521;937ddfbdb1bfb65a2ac3097ad3d6ead8d94e73d6;2;radarlistener@gmail.com;radarlistener@gmail.com
promotion_spec.rb;MODIFY;262;-6.0;Decreased;False;2014-01-28 00:13:24+00:00;False;31;31;1480;d502c576f75aa8fa2f509bab37bf077633ad62c2;1;radarlistener@gmail.com;radarlistener@gmail.com
promotion_spec.rb;MODIFY;276;14.0;Grew;False;2014-03-14 05:59:55+00:00;False;32;32;1564;6c73c1bead3ab35a9f2d33eeb1267dc60b608cd7;2;radarlistener@gmail.com;john.hawthorn@gmail.com
promotion_spec.rb;MODIFY;276;0.0;Equal;False;2014-03-15 05:51:15+00:00;False;32;32;1564;2e8fee9aa1f0e6d0a2969db63ff12f5e487805ab;1;huoxito@gmail.com;huoxito@gmail.com
promotion_spec.rb;MODIFY;284;8.0;Grew;False;2014-04-11 22:54:09+00:00;False;32;32;1594;137fead7d9ce2d83369f12912e03c4455cec5ac3;1;huoxito@gmail.com;huoxito@gmail.com
promotion_spec.rb;MODIFY;284;0.0;Equal;False;2014-04-11 22:59:29+00:00;False;32;32;1585;795f17e077d8338b27bd6b6702246b716e04f50f;1;huoxito@gmail.com;huoxito@gmail.com
promotion_spec.rb;MODIFY;292;8.0;Grew;False;2014-06-06 05:15:29+00:00;False;33;33;1633;be5a64c3e3d48979503035d6a6685ae381d57395;2;huoxito@gmail.com;huoxito@gmail.com
promotion_spec.rb;MODIFY;251;-41.0;Decreased;False;2014-07-14 21:36:07+00:00;False;30;30;1424;2272ad4d9a566f88c471b48380dae3b9324af72b;1;alexandremcost@gmail.com;alexandremcost@gmail.com
promotion_spec.rb;MODIFY;315;64.0;Grew;False;2014-07-24 12:20:13+00:00;False;37;37;1779;6ff0e826662134cf5a7a8f40a452dda06d614e72;11;peter@pero-ict.nl;gregor@freerunningtechnologies.com
promotion_spec.rb;MODIFY;343;28.0;Grew;False;2014-07-24 18:04:21+00:00;False;41;41;1919;22d6a51071ae9b0c52b7710517fd3dc6ba334475;7;peter@pero-ict.nl;gregor@freerunningtechnologies.com
promotion_spec.rb;MODIFY;361;18.0;Grew;False;2014-07-31 12:38:32+00:00;False;42;42;2069;14dad56c673fb8671af1ec20d92c46a5618338a3;3;peter@pero-ict.nl;adam@freerunningtech.com
promotion_spec.rb;MODIFY;380;19.0;Grew;False;2014-08-01 07:58:40+00:00;False;44;44;2149;31ded5786f2ea9c0da3a7a9256cb59d03f47cad3;2;peter@pero-ict.nl;adam@freerunningtech.com
promotion_spec.rb;MODIFY;380;0.0;Equal;False;2014-08-07 21:57:50+00:00;False;44;44;2150;99d5b39c37fcf5aa7eb2a237216e598b21bbb001;11;JDutil@BurlingtonWebApps.com;jeff.squires@gmail.com
promotion_spec.rb;MODIFY;411;31.0;Grew;False;2014-08-12 22:14:05+00:00;False;48;48;2318;4349e6b92183b947d6fa6e0302155944f1d847f2;18;peter@pero-ict.nl;adam@freerunningtech.com
promotion_spec.rb;MODIFY;435;24.0;Grew;False;2014-08-12 22:58:04+00:00;False;54;54;2396;23e88be5d43e7363abbd7e58e4050624c095d8ff;6;peter@pero-ict.nl;adam@freerunningtech.com
promotion_spec.rb;MODIFY;435;0.0;Equal;False;2014-09-11 20:22:22+00:00;False;54;54;2393;944808e5b79c39d694cd74ca4f22151e44282139;70;JDutil@BurlingtonWebApps.com;JDutil@BurlingtonWebApps.com
promotion_spec.rb;MODIFY;443;8.0;Grew;False;2014-09-17 15:08:05+00:00;False;55;55;2444;d0615f8b767480e14bbd0eb59ad5c4781efab445;3;JDutil@BurlingtonWebApps.com;metade@gmail.com
promotion_spec.rb;MODIFY;443;0.0;Equal;False;2014-10-24 16:33:45+00:00;False;55;55;2663;1d6a279712b00cee07fcdc0245813de94b0e650e;159;JDutil@BurlingtonWebApps.com;JDutil@BurlingtonWebApps.com
promotion_spec.rb;MODIFY;446;3.0;Grew;False;2014-11-04 20:26:05+00:00;False;55;55;2672;87cc12debce9d6a54a709281380bc3d4bb607973;18;JDutil@BurlingtonWebApps.com;mbj@schirp-dso.com
promotion_spec.rb;MODIFY;459;13.0;Grew;False;2014-12-23 21:39:24+00:00;False;56;56;2727;00d0a38fd846a3a9a422bcbd4ea2bfcc1e6a6033;2;JDutil@BurlingtonWebApps.com;gregor@freerunningtechnologies.com
promotion_spec.rb;MODIFY;502;43.0;Grew;False;2015-04-03 19:15:30+00:00;False;58;58;2976;e59eb5bd6986b07deab1aa7bea7c50421afa2622;2;JDutil@BurlingtonWebApps.com;ifan@godaddy.com
promotion_spec.rb;MODIFY;502;0.0;Equal;False;2015-09-29 11:09:26+00:00;False;58;58;2976;ab5d64dec0e5240b71e85da42171429d9e10e49f;18;tanmay3011@gmail.com;tanmay3011@gmail.com
promotion_spec.rb;MODIFY;502;0.0;Equal;False;2016-02-15 07:13:16+00:00;False;58;58;2989;8318db3a54b89e397bd14bccc09b99a7dd0ba1ee;11;tanmay3011@gmail.com;tanmay3011@gmail.com
promotion_spec.rb;MODIFY;502;0.0;Equal;False;2016-02-29 07:35:26+00:00;False;58;58;2989;5ffed7d9960a7224bf51e5bc9971809ed3497718;19;nishant.tuteja@vinsol.com;nishant.tuteja@vinsol.com
promotion_spec.rb;MODIFY;517;15.0;Grew;False;2016-03-05 14:20:35+00:00;False;61;61;3046;5617fa581ff21427b3bb9e6a4e508b5a8185f587;2;nishant.tuteja@vinsol.com;nishant.tuteja@vinsol.com
promotion_spec.rb;MODIFY;545;28.0;Grew;False;2016-05-10 17:25:35+00:00;False;65;65;3177;7cb8c70c8f1378a9b8e2e6adb2fbfd5cd9ea767e;3;praveen.dhawan@vinsol.com;praveen.dhawan@vinsol.com
promotion_spec.rb;MODIFY;545;0.0;Equal;False;2016-06-03 10:15:37+00:00;False;65;65;3146;90bdd84ee9eb866b78efae0d7967410d23a95c99;555;priyank.gupta@vinsol.com;priyank.gupta@vinsol.com
promotion_spec.rb;MODIFY;561;16.0;Grew;False;2016-07-18 01:39:25+00:00;False;67;67;3267;88c289a1a79068db291f026ca8654393fcb6194d;3;bandersson@pivotal.io;bandersson@pivotal.io
promotion_spec.rb;MODIFY;557;-4.0;Decreased;False;2017-06-15 17:23:03+00:00;False;73;72;3273;4e0799a3021f975244942ba5e84dabb764d2ce16;2;manishrawat0212@gmail.com;manishrawat0212@gmail.com
promotion_spec.rb;MODIFY;551;-6.0;Decreased;False;2017-07-22 14:47:36+00:00;False;66;66;3186;80c4751c9602b79b84900a4fcc5523f88ab77d7f;14;damian@sparksolutions.co;damian@sparksolutions.co
promotion_spec.rb;MODIFY;551;0.0;Equal;False;2017-09-06 14:36:07+00:00;False;66;66;3186;acda65cdadd2fc32d6111862898799c21843c5b6;120;b.bonislawski@hotmail.com;b.bonislawski@hotmail.com
promotion_spec.rb;MODIFY;551;0.0;Equal;False;2017-09-06 14:41:02+00:00;False;66;66;3186;c35bf942abe455c619a58490b9fdf5a5ce2bcdd5;40;b.bonislawski@hotmail.com;b.bonislawski@hotmail.com
promotion_spec.rb;MODIFY;551;0.0;Equal;False;2017-09-07 07:11:07+00:00;False;66;66;3186;27af9481b65b5acea1cf5ddb257839c3d9c5d08c;452;b.bonislawski@hotmail.com;b.bonislawski@hotmail.com
promotion_spec.rb;MODIFY;551;0.0;Equal;False;2017-09-07 07:17:02+00:00;False;66;66;3186;d271ebf22be2c2ea9e685f2d586fdde590dbcb46;57;b.bonislawski@hotmail.com;b.bonislawski@hotmail.com
promotion_spec.rb;MODIFY;551;0.0;Equal;False;2017-09-07 07:25:17+00:00;False;66;66;3186;3021d96b4d3d9b1f509c203f7a2bce952b29d2c0;36;b.bonislawski@hotmail.com;b.bonislawski@hotmail.com
promotion_spec.rb;MODIFY;565;14.0;Grew;False;2017-12-05 15:43:10+00:00;False;68;68;3244;63940b55779ae11b452731fe5c89bfaac0ea98ae;1;gmoreno@acid.cl;gmoreno@acid.cl
promotion_spec.rb;MODIFY;564;-1.0;Decreased;False;2018-02-13 23:40:32+00:00;False;68;68;3239;4d243c415861665ffd305f4a4f70367e9ff6d959;164;artemkozaev@gmail.com;artemkozaev@gmail.com
promotion_spec.rb;MODIFY;564;0.0;Equal;False;2018-06-04 10:57:30+00:00;False;68;68;3247;f86b4c2c4d3fb468038bfb99389490be73ba998c;28;b.bonislawski@hotmail.com;b.bonislawski@hotmail.com
promotion_spec.rb;MODIFY;564;0.0;Equal;False;2018-11-16 11:36:09+00:00;False;68;68;3271;e134e1006199bbd936aca25e0fd021e344cc55a1;56;damian@sparksolutions.co;damian@sparksolutions.co
promotion_spec.rb;MODIFY;588;24.0;Grew;False;2020-10-03 13:54:53+00:00;False;71;71;3369;f4a064e1565fe1f175216fe2ab20c66370158e15;2;storm25132513@gmail.com;storm25132513@gmail.com
promotion_spec.rb;MODIFY;588;0.0;Equal;False;2020-10-29 23:24:02+00:00;False;71;71;3369;d002bbbe78b0d59e06e5572c83ff61eaf2c9906d;4;noreply@github.com;43354669+KacperMekarski@users.noreply.github.com
promotion_spec.rb;MODIFY;589;1.0;Grew;False;2021-07-09 08:16:53+00:00;False;71;71;3384;b44f54e97f3aca8f2fd389e932e339234bdcbc06;78;damian@sparksolutions.co;damian@sparksolutions.co
promotion_spec.rb;MODIFY;584;-5.0;Decreased;False;2021-07-23 16:26:41+00:00;False;71;71;3370;a6b6f490e3ebd23bddc817374d289a30b4b373f2;43;damian@sparksolutions.co;damian@sparksolutions.co
promotion_spec.rb;MODIFY;560;-24.0;Decreased;False;2021-07-30 17:07:07+00:00;False;68;68;3268;a9ddc7b86e39c8b325345076a8f545e6c741a53f;4;damian@sparksolutions.co;damian@sparksolutions.co
promotion_spec.rb;MODIFY;568;8.0;Grew;False;2021-07-30 17:07:13+00:00;False;70;70;3332;6f2b0c390c6372892dd89f7582ee46ec86fc6f96;2;damian@sparksolutions.co;damian@sparksolutions.co
promotion_spec.rb;MODIFY;575;7.0;Grew;False;2021-10-21 11:18:03+00:00;False;70;70;3368;1564b1818af94945e9743ba13676ee7a66492718;40;noreply@github.com;43354669+KacperMekarski@users.noreply.github.com
promotion_spec.rb;MODIFY;576;1.0;Grew;False;2021-11-03 22:22:40+00:00;False;70;70;3370;f4903648b091504020def4a176bcdff29a4f6048;70;noreply@github.com;konrad.gorazd@gmail.com
promotion_spec.rb;MODIFY;601;25.0;Grew;False;2024-02-05 15:19:39+00:00;False;73;73;3511;7f0f1445e2496a2b49c54394cd93f7a3a1be3e53;47;rafal@upsidelab.io;tomasz.donarski.dev@gmail.com
promotion_spec.rb;MODIFY;576;-25.0;Decreased;False;2024-02-05 19:32:45+00:00;False;70;70;3370;e362b51cfb9b5b9c480d160d6091dc3845eb149c;55;rafal@upsidelab.io;rafal@upsidelab.io
promotion_spec.rb;MODIFY;576;0.0;Equal;False;2024-03-02 09:45:08+00:00;False;70;70;3370;3142f364fcac9e7c35b0d377ac5baf3f0336b341;32;noreply@github.com;damian@sparksolutions.co
promotion_spec.rb;MODIFY;658;82.0;Grew;False;2024-10-05 14:29:08+00:00;False;82;82;3908;027b1dc9451f43e53b40fc57b1a88f5b88a50ec4;32;damian@getvendo.com;damian@getvendo.com
promotion_spec.rb;MODIFY;666;8.0;Grew;True;2024-10-06 07:06:57+00:00;True;83;83;3971;1e70e57f5015e57d7e82746ab70e51ec4297a7f9;5;damian@getvendo.com;damian@getvendo.com
promotion_spec.rb;MODIFY;674;8.0;Grew;True;2024-10-23 11:02:20+00:00;False;85;85;4041;40814ef9616bd908a52256c851124cbaf79a284a;6;noreply@github.com;lukas.adamczyk@getvendo.com
promotion_spec.rb;MODIFY;673;-1.0;Decreased;True;2024-11-25 15:05:30+00:00;False;85;85;4052;61749236f204c70cc75b83b3b23f80c946833b3e;17;noreply@github.com;damian@getvendo.com
promotion_spec.rb;MODIFY;673;0.0;Equal;True;2024-11-29 16:08:08+00:00;False;85;85;4049;a493b175bb5cd91d88521e54c351e24412d1ae3d;48;noreply@github.com;damian@getvendo.com
