|File Name|Change Type|Local File PATH Old|Local File PATH New|Complexity|Methods|Tokens|Lines Of Code (nloc)|Lines Added|Lines Deleted
0|md.h|MODIFY|drivers/md/md.h|drivers/md/md.h|22|10|1941|321|1|0
