|File Name|Change Type|Local File PATH Old|Local File PATH New|Complexity|Methods|Tokens|Lines Of Code (nloc)|Lines Added|Lines Deleted
0|ext4.h|MODIFY|fs/ext4/ext4.h|fs/ext4/ext4.h|92|53|8676|1488|1|0
