file_name;change_type;n_loc;lines_balance;size_change;is_large;date;swapped_classification;complexity;methods;tokens;hash;files_on_commit;committer_email;author_email
api-web-contents-spec.ts;RENAME;1806;0.0;Equal;True;2022-08-16 19:23:13+00:00;True;347;302;15547;db7c92fd574f9880cc4ce579972f5220ebb3186e;327;noreply@github.com;jeremya@chromium.org
api-web-contents-spec.ts;MODIFY;1832;26.0;Grew;True;2022-08-29 12:53:24+00:00;False;351;304;15696;4744674e933ebbd294878b60c93732500fd4217a;3;noreply@github.com;shelley.vohr@gmail.com
api-web-contents-spec.ts;MODIFY;1885;53.0;Grew;True;2022-09-13 17:49:34+00:00;False;357;309;16133;9f97c3e50a11b364f02f57209854bb4000ac1136;3;noreply@github.com;jeremya@chromium.org
api-web-contents-spec.ts;MODIFY;1954;69.0;Grew;True;2022-09-16 23:22:59+00:00;False;371;323;16771;eebf34cc6c4691e2ddca9b5a0a97566aeabd9072;5;noreply@github.com;jeremya@chromium.org
api-web-contents-spec.ts;MODIFY;2022;68.0;Grew;True;2022-09-26 16:37:08+00:00;False;384;335;17402;c09c94fc98f261dce4a35847e2dd9699dcd5213e;5;noreply@github.com;smaddock@salesforce.com
api-web-contents-spec.ts;MODIFY;2070;48.0;Grew;True;2022-10-12 14:15:49+00:00;False;389;339;17954;76afd8c028ea42f4cb5348316179913ee5b40507;3;noreply@github.com;shelley.vohr@gmail.com
api-web-contents-spec.ts;MODIFY;2054;-16.0;Decreased;True;2022-10-12 16:05:45+00:00;False;388;338;17814;8a926ffde4ce4af49ce833b97c884636074b0a1f;15;noreply@github.com;jeremya@chromium.org
api-web-contents-spec.ts;MODIFY;2059;5.0;Grew;True;2022-10-26 20:57:39+00:00;False;390;340;17882;625b4619d61619b4d327dd58be3a2cf9b348ffa3;2;noreply@github.com;jeremya@chromium.org
api-web-contents-spec.ts;MODIFY;2059;0.0;Decreased;True;2022-11-01 15:11:11+00:00;False;390;340;17882;8b430c9d26709193588175a0bb9196aa3547a8ae;1;noreply@github.com;shelley.vohr@gmail.com
api-web-contents-spec.ts;MODIFY;2059;0.0;Equal;True;2022-12-14 21:07:38+00:00;False;390;340;17878;5fd7a43970c2bdfa1017a4b23098aec3dafbf513;9;noreply@github.com;milan.burda@gmail.com
api-web-contents-spec.ts;MODIFY;2059;0.0;Equal;True;2023-01-25 21:01:25+00:00;False;390;340;17878;4bc6b15f53a3e4f961c2ade3c96fa9229ec00367;63;noreply@github.com;milan.burda@gmail.com
api-web-contents-spec.ts;MODIFY;2058;-1.0;Grew;True;2023-02-03 11:43:42+00:00;False;389;340;17880;d02c9f8bc644ba39acf9caa908c33a737202a790;244;noreply@github.com;84116207+electron-roller[bot]@users.noreply.github.com
api-web-contents-spec.ts;MODIFY;2058;0.0;Equal;True;2023-02-13 21:39:18+00:00;False;389;340;17878;71944f2c3bbbfe3af25d117c3241484d05365e91;32;noreply@github.com;jeremya@chromium.org
api-web-contents-spec.ts;MODIFY;2058;0.0;Equal;True;2023-02-16 09:25:41+00:00;False;389;340;17881;beed240454b940f34dd6b607a66c8063c2db1106;3;noreply@github.com;milan.burda@gmail.com
api-web-contents-spec.ts;MODIFY;2058;0.0;Equal;True;2023-02-16 14:41:41+00:00;False;389;340;17888;ea848bc1c57cef75bd2e4424256bafb25758db2b;11;noreply@github.com;milan.burda@gmail.com
api-web-contents-spec.ts;MODIFY;2058;0.0;Equal;True;2023-02-17 18:32:39+00:00;False;388;339;17881;ee87438d28386ff2753923d1ed32db5ca72e706a;9;noreply@github.com;milan.burda@gmail.com
api-web-contents-spec.ts;MODIFY;2058;0.0;Equal;True;2023-02-19 09:24:24+00:00;False;388;339;17867;cf10c19c336c88f4f869990ddded067318f1c5a4;7;noreply@github.com;milan.burda@gmail.com
api-web-contents-spec.ts;MODIFY;2043;-15.0;Decreased;True;2023-02-20 11:30:57+00:00;False;377;328;17717;f97d68c4bf64a935fa6344b40a8f1bcb7e92d942;24;noreply@github.com;milan.burda@gmail.com
api-web-contents-spec.ts;MODIFY;2044;1.0;Grew;True;2023-02-23 23:53:53+00:00;False;377;328;17732;a3e3efe4c4d6ed2b40f89eafbd034d8a1744a3a7;47;noreply@github.com;jeremya@chromium.org
api-web-contents-spec.ts;MODIFY;2057;13.0;Grew;True;2023-03-01 15:50:36+00:00;False;378;329;17855;9b20b3a722a7b807c161813cf2b616e74aee660d;2;noreply@github.com;shelley.vohr@gmail.com
api-web-contents-spec.ts;MODIFY;2057;0.0;Equal;True;2023-03-06 16:00:24+00:00;False;378;329;17855;512e56baf75bce86aef11184af881cff67d8e6a2;3;noreply@github.com;shelley.vohr@gmail.com
api-web-contents-spec.ts;MODIFY;2055;-2.0;Decreased;True;2023-04-04 13:48:51+00:00;False;377;329;17843;b8a21dbcd7d784cc4999754b4826d62e0499307a;20;noreply@github.com;clavin@users.noreply.github.com
api-web-contents-spec.ts;MODIFY;2055;0.0;Equal;True;2023-04-24 14:28:21+00:00;False;380;329;17846;141f65b291763bb70dd971f92ac20c5f71de4177;3;noreply@github.com;bh@bugs.cc
api-web-contents-spec.ts;MODIFY;2054;-1.0;Decreased;True;2023-06-08 06:56:31+00:00;False;380;329;17834;0294debc312edb0bddf3359ba8db1d07e6d1b283;10;noreply@github.com;milan.burda@gmail.com
api-web-contents-spec.ts;MODIFY;2060;6.0;Grew;True;2023-06-09 19:41:01+00:00;False;382;331;17887;c0d9764de9d00968a8c9d5ab74ef3b9840aebc09;3;noreply@github.com;shelley.vohr@gmail.com
api-web-contents-spec.ts;MODIFY;2061;1.0;Grew;True;2023-06-13 23:22:53+00:00;False;382;331;17911;46458ab517aebe8fe9573250c62ee814bf2f67ff;3;noreply@github.com;sam@electronjs.org
api-web-contents-spec.ts;MODIFY;2061;0.0;Equal;True;2023-06-15 14:42:27+00:00;False;382;331;17911;d78f37ec8faae9a3677037e1b40baea81fc93b6c;105;noreply@github.com;milan.burda@gmail.com
api-web-contents-spec.ts;MODIFY;2061;0.0;Equal;True;2023-06-22 18:38:52+00:00;False;382;331;18069;9226cc662b9c6cf3404d59c50cae0f0ccc1a0a0d;11;noreply@github.com;milan.burda@gmail.com
api-web-contents-spec.ts;MODIFY;2061;0.0;Equal;True;2023-07-27 14:53:45+00:00;False;382;331;18066;c9bae5da8ef280e310d4c1d03ee94a169c704357;11;noreply@github.com;milan.burda@gmail.com
api-web-contents-spec.ts;MODIFY;2069;8.0;Grew;True;2023-08-09 14:06:39+00:00;False;384;333;18132;a0effaf9b85b8efbec819d3d5a18851a3a9a3e5c;3;noreply@github.com;30628471+TomaszMa@users.noreply.github.com
api-web-contents-spec.ts;MODIFY;2061;-8.0;Decreased;True;2023-08-14 04:13:15+00:00;False;382;331;18066;117d5310f551e19645de9fee19816b1baa849675;3;noreply@github.com;shelley.vohr@gmail.com
api-web-contents-spec.ts;MODIFY;2061;0.0;Equal;True;2023-08-15 01:24:32+00:00;False;382;331;18066;effafdf49860b828a031ee92eb272a6851da3ebe;3;noreply@github.com;dsanders11@ucsbalum.com
api-web-contents-spec.ts;MODIFY;2080;19.0;Grew;True;2023-08-15 05:32:53+00:00;False;385;334;18264;127584dc377e19c4605a9be51a8e262f9e1a2fdf;13;noreply@github.com;88312105+wugaosheng123@users.noreply.github.com
api-web-contents-spec.ts;MODIFY;2098;18.0;Grew;True;2023-08-24 15:01:59+00:00;False;387;336;18442;2affecd4dd26b9f0cf2644ec115635559f920480;6;noreply@github.com;shelley.vohr@gmail.com
api-web-contents-spec.ts;MODIFY;2133;35.0;Grew;True;2023-08-24 21:21:22+00:00;False;396;345;18810;e14964ccd014e595da4cbaf8c73f0999948c6042;4;noreply@github.com;30980836+wanted002@users.noreply.github.com
api-web-contents-spec.ts;MODIFY;2141;8.0;Grew;True;2023-08-28 16:37:28+00:00;False;398;347;18876;f30fbebb984816d71ab6723c04dd40b81337f397;3;noreply@github.com;30628471+TomaszMa@users.noreply.github.com
api-web-contents-spec.ts;MODIFY;2141;0.0;Equal;True;2023-08-31 14:36:43+00:00;False;398;346;18873;0b0707145b157343c42266d2586ed9413a1d54f5;32;noreply@github.com;milan.burda@gmail.com
api-web-contents-spec.ts;MODIFY;2139;-2.0;Decreased;True;2023-09-04 10:33:29+00:00;False;398;346;18820;f27b0340454ada29977a7d08f2dbc8321923e1b1;10;noreply@github.com;milan.burda@gmail.com
api-web-contents-spec.ts;MODIFY;2139;0.0;Equal;True;2023-09-05 02:22:41+00:00;False;398;346;18800;d76a35afe46f0a1e0d852c5aedf7319e5973ea6d;7;noreply@github.com;milan.burda@gmail.com
api-web-contents-spec.ts;MODIFY;2130;-9.0;Decreased;True;2023-09-05 08:16:41+00:00;False;396;344;18711;c96bb9958f98822af9ce072e02a17b8b8a9766d3;7;noreply@github.com;dsanders11@ucsbalum.com
api-web-contents-spec.ts;MODIFY;2142;12.0;Grew;True;2023-09-12 09:28:45+00:00;False;397;345;18863;ec9c8476fe2c789d8d3bfe94eee6ab88dceeede2;3;noreply@github.com;shelley.vohr@gmail.com
api-web-contents-spec.ts;MODIFY;2154;12.0;Grew;True;2023-10-08 23:55:16+00:00;False;400;348;18998;737e3de3fa34acd9b9222a898de44cf233ca9575;12;noreply@github.com;milan.burda@gmail.com
api-web-contents-spec.ts;MODIFY;2154;0.0;Equal;True;2023-10-09 07:56:48+00:00;False;402;350;19007;24bc0ee5c71a0ebf467c14ba0a11e872420cce96;1;noreply@github.com;milan.burda@gmail.com
api-web-contents-spec.ts;MODIFY;2164;10.0;Grew;True;2023-10-10 10:46:04+00:00;False;405;353;19094;86df4db6f10afbe5872f8ecbcbfe6191374fc1f7;2;noreply@github.com;shelley.vohr@gmail.com
api-web-contents-spec.ts;MODIFY;2163;-1.0;Decreased;True;2023-10-10 15:50:47+00:00;False;404;352;19058;2c88626b51f3ea62108d37ae1395555f260931de;13;noreply@github.com;milan.burda@gmail.com
api-web-contents-spec.ts;MODIFY;2142;-21.0;Decreased;True;2023-10-18 10:05:41+00:00;False;398;346;18873;657e88b1731d4b0bb83558961a74f7ecd05f94f0;10;noreply@github.com;milan.burda@gmail.com
api-web-contents-spec.ts;MODIFY;2142;0.0;Equal;True;2023-11-17 09:44:03+00:00;False;398;346;18877;67894f1493ca5bdbd5c3f22d6ea8f5db7f283950;8;noreply@github.com;milan.burda@gmail.com
api-web-contents-spec.ts;MODIFY;2157;15.0;Grew;True;2023-12-01 19:37:52+00:00;False;399;347;19046;3609fc7402881b1d51f6c56249506d5dd3fcbe93;2;noreply@github.com;albertxing@users.noreply.github.com
api-web-contents-spec.ts;MODIFY;2161;4.0;Grew;True;2023-12-12 19:45:14+00:00;False;400;348;19100;a94fb2cb5da84edcddfa58efaf407fd1abca91ca;2;noreply@github.com;tzahola@gmail.com
api-web-contents-spec.ts;MODIFY;2163;2.0;Grew;True;2024-01-30 15:55:03+00:00;False;400;348;19114;6786fde576276b8915a4e486ff0c35a3bc1036c0;4;noreply@github.com;shelley.vohr@gmail.com
api-web-contents-spec.ts;MODIFY;2175;12.0;Grew;True;2024-01-31 09:48:41+00:00;False;401;349;19182;6df34436171f5b0fad1fd343de08621ce3a8b669;2;noreply@github.com;shelley.vohr@gmail.com
api-web-contents-spec.ts;MODIFY;2178;3.0;Grew;True;2024-02-05 07:36:51+00:00;False;402;350;19215;398ca2a0190d6c86d908a71c887260bf13ef5e2b;2;noreply@github.com;48673767+marekharanczyk@users.noreply.github.com
api-web-contents-spec.ts;MODIFY;2194;16.0;Grew;True;2024-02-29 15:19:44+00:00;False;408;356;19340;d5912fd05a1f998b347aa97a7b80951a453d1f4c;2;noreply@github.com;shelley.vohr@gmail.com
api-web-contents-spec.ts;MODIFY;2194;0.0;Equal;True;2024-03-21 18:07:18+00:00;False;408;356;19340;1036d824fe719a37517888c7249e8b7e271e8376;4;noreply@github.com;jkleinsc@electronjs.org
api-web-contents-spec.ts;MODIFY;2270;76.0;Grew;True;2024-03-21 21:59:23+00:00;False;428;376;19993;00e3445f8aaea8ff7a512e29e688c7cf433c32c3;9;noreply@github.com;66543449+alicelovescake@users.noreply.github.com
api-web-contents-spec.ts;MODIFY;2257;-13.0;Decreased;True;2024-03-27 04:49:11+00:00;False;424;372;19902;c57ce31e84120efc74125fd084931092c9a4d228;1;noreply@github.com;66543449+alicelovescake@users.noreply.github.com
api-web-contents-spec.ts;MODIFY;2255;-2.0;Decreased;True;2024-03-27 09:53:02+00:00;False;423;371;19886;c82ec0c72b8558a13147fe8f8cd98b2bdef8364e;1;noreply@github.com;66543449+alicelovescake@users.noreply.github.com
api-web-contents-spec.ts;MODIFY;2264;9.0;Grew;True;2024-05-14 20:47:47+00:00;False;425;373;19962;d0cb298f95c905ba78e4746c560b9be6a1d0208f;2;noreply@github.com;shelley.vohr@gmail.com
api-web-contents-spec.ts;MODIFY;2331;67.0;Grew;True;2024-06-05 16:34:47+00:00;False;438;386;20702;406f644d26904303663f40d7713140267c9981cb;7;noreply@github.com;66543449+alicelovescake@users.noreply.github.com
api-web-contents-spec.ts;MODIFY;2344;13.0;Grew;True;2024-08-14 19:47:47+00:00;False;439;387;20838;286384258be413c451b37c680b3237cbf1c625ea;4;noreply@github.com;shelley.vohr@gmail.com
api-web-contents-spec.ts;MODIFY;2389;45.0;Grew;True;2024-08-19 19:46:04+00:00;False;447;395;21303;189675575c0bce742f919abfe2a2a7b961e82d1e;8;noreply@github.com;56115805+vitekcerny@users.noreply.github.com
api-web-contents-spec.ts;MODIFY;2390;1.0;Decreased;True;2024-08-23 17:34:26+00:00;False;447;395;21312;c1eee18e413c6f7271a2e70e59c98518006a073f;6;noreply@github.com;jkleinsc@electronjs.org
api-web-contents-spec.ts;MODIFY;2407;17.0;Grew;True;2024-09-09 09:49:43+00:00;False;453;400;21527;0d4d752c1bad2cdf05e56f7c32772e0adb1ab17b;5;noreply@github.com;49699333+dependabot[bot]@users.noreply.github.com
api-web-contents-spec.ts;MODIFY;2420;13.0;Grew;True;2024-09-24 23:19:04+00:00;False;456;403;21623;bcf4095aceac261fd716b9372d071b5de31a1c00;2;noreply@github.com;shelley.vohr@gmail.com
api-web-contents-spec.ts;MODIFY;2422;2.0;Grew;True;2024-09-26 07:12:11+00:00;False;456;403;21623;74af96da16f9d47bddb6e41df74e387a6254352d;49;noreply@github.com;sam@electronjs.org
api-web-contents-spec.ts;MODIFY;2453;31.0;Grew;True;2024-09-26 14:54:13+00:00;False;459;406;21855;da6ab9235391966a3a82ae9e23e33956b26b9d1c;2;noreply@github.com;shelley.vohr@gmail.com
api-web-contents-spec.ts;MODIFY;2453;0.0;Grew;True;2024-10-03 02:10:44+00:00;False;459;406;21855;122685194a5642b73367e823aadf3942b0290099;208;noreply@github.com;sam@electronjs.org
api-web-contents-spec.ts;MODIFY;2453;0.0;Equal;True;2024-10-18 20:07:06+00:00;False;459;406;21853;87bd665e4192b998c11982ac83c604466897fcd0;13;noreply@github.com;smaddock@slack-corp.com
api-web-contents-spec.ts;MODIFY;2466;13.0;Grew;True;2024-11-22 11:33:38+00:00;False;460;407;22046;86e4529d266df5fb89d02271474b52588f653cc3;6;noreply@github.com;shelley.vohr@gmail.com
api-web-contents-spec.ts;MODIFY;2501;35.0;Grew;True;2024-12-04 21:35:28+00:00;False;462;409;22512;208dc568d8541d3cdd0fbebc17c348447ba0ae0d;4;noreply@github.com;shelley.vohr@gmail.com
api-web-contents-spec.ts;MODIFY;2512;11.0;Grew;True;2024-12-11 16:42:48+00:00;False;464;411;22607;2c698d3f75614ae7942b593b9ad3ead63b05a3e9;6;noreply@github.com;smaddock@slack-corp.com
api-web-contents-spec.ts;MODIFY;2536;24.0;Grew;True;2024-12-12 16:51:24+00:00;False;473;419;22735;be1a3dce83739ddd5fd916615a08c13eb9db7766;42;noreply@github.com;sam@electronjs.org
