file_name;change_type;n_loc;lines_balance;size_change;is_large;date;swapped_classification;complexity;methods;tokens;hash;files_on_commit;committer_email;author_email
DBeaverLauncher.java;RENAME;1982;0.0;Equal;True;2024-03-12 13:36:19+00:00;True;561;93;14101;0a4b28354d370012e99d956b6b8295f51dde74f4;4;noreply@github.com;serge@jkiss.org
DBeaverLauncher.java;MODIFY;1982;0.0;Equal;True;2024-03-13 12:38:40+00:00;False;561;93;14112;d62230f03619e2d30e37e1c03429dcf355925779;2;noreply@github.com;serge@jkiss.org
DBeaverLauncher.java;MODIFY;1950;-32.0;Decreased;True;2024-03-20 16:32:02+00:00;False;553;88;13838;0fb18e9499affe9e4a44b09e84b1cd80bd3942aa;1;serge@dbeaver.com;serge@dbeaver.com
DBeaverLauncher.java;MODIFY;1982;32.0;Grew;True;2024-03-21 14:18:11+00:00;False;561;93;14112;ff30f52f79292c7853ab0a3673cd2e0d00a8e461;1;serge@dbeaver.com;serge@dbeaver.com
DBeaverLauncher.java;MODIFY;2013;31.0;Grew;True;2024-03-25 15:39:22+00:00;False;569;96;14322;5fd4f27d2ba1be6b8a81d3e58e35fe849da134a7;4;noreply@github.com;35821147+ShadelessFox@users.noreply.github.com
DBeaverLauncher.java;MODIFY;2011;-2.0;Decreased;True;2024-03-28 12:59:02+00:00;False;568;96;14312;d4c4c6f80691c69a0b24d26f83db1650adb6b4b4;1;noreply@github.com;serge@jkiss.org
DBeaverLauncher.java;MODIFY;2011;0.0;Equal;True;2024-04-18 12:38:22+00:00;False;568;96;14312;e48e6491b3bfafb06aea0ca9b20664460ad06ea8;130;noreply@github.com;e1izabeth.k@outlook.com
DBeaverLauncher.java;MODIFY;2015;4.0;Grew;True;2024-04-24 10:25:03+00:00;False;570;96;14343;0acf99dde472ae60f17840966f129b265885be3f;18;noreply@github.com;serge@jkiss.org
DBeaverLauncher.java;MODIFY;2024;9.0;Grew;True;2024-05-13 12:16:12+00:00;False;573;96;14397;177dc0eb1990180b3df149cc92ee588009c6b5be;1;noreply@github.com;32031248+serjiokov@users.noreply.github.com
DBeaverLauncher.java;MODIFY;2018;-6.0;Decreased;True;2024-05-30 16:00:34+00:00;False;573;96;14353;64a42c28060f53dfdbde92be2bb3f6ef6733a074;1;noreply@github.com;serge@jkiss.org
DBeaverLauncher.java;MODIFY;2024;6.0;Grew;True;2024-09-11 15:42:04+00:00;False;574;96;14425;54684b926ab69089736e0c7f696a58046c0e5213;1;noreply@github.com;35821147+ShadelessFox@users.noreply.github.com
DBeaverLauncher.java;MODIFY;2024;0.0;Equal;True;2024-09-11 15:48:15+00:00;False;575;96;14429;04fdebcd4292ddd2ccba119a418b0a7622effa34;1;noreply@github.com;35821147+ShadelessFox@users.noreply.github.com
