|File Name|Change Type|Local File PATH Old|Local File PATH New|Complexity|Methods|Tokens|Lines Of Code (nloc)|Lines Added|Lines Deleted
0|ipw2200.c|MODIFY|drivers/net/wireless/ipw2200.c|drivers/net/wireless/ipw2200.c|1572|317|53008|8375|1|1
