file_name;change_type;n_loc;lines_balance;size_change;is_large;date;swapped_classification;complexity;methods;tokens;hash;files_on_commit;committer_email;author_email
ShellViewModel.cs;RENAME;2194;0.0;Grew;True;2024-06-23 02:16:25+00:00;True;312;61;8996;09a8eed310ea1f52595bfbe5986690e508bcfc6a;48;noreply@github.com;62196528+0x5bfa@users.noreply.github.com
ShellViewModel.cs;MODIFY;2284;90.0;Grew;True;2024-06-26 01:51:51+00:00;False;313;62;9201;141aa4afc505329c5ea6697f5adf6bd36f1907ad;2;noreply@github.com;39923744+yaira2@users.noreply.github.com
ShellViewModel.cs;MODIFY;2285;1.0;Grew;True;2024-06-28 05:26:43+00:00;False;313;62;9201;bafc5f1f80194b2eda5d26aa316e5a1254209ed6;1;noreply@github.com;66369541+hishitetsu@users.noreply.github.com
ShellViewModel.cs;MODIFY;2298;13.0;Grew;True;2024-07-04 00:03:55+00:00;False;313;62;9230;f596acde156c663dd059959062f4e322399797bd;8;noreply@github.com;62196528+0x5bfa@users.noreply.github.com
ShellViewModel.cs;MODIFY;2302;4.0;Grew;True;2024-07-12 14:06:00+00:00;False;313;62;9230;a3d73dd7cf2d69c5e1087836d716a3b9b844132e;1;noreply@github.com;62196528+0x5bfa@users.noreply.github.com
ShellViewModel.cs;MODIFY;2302;0.0;Equal;True;2024-07-14 02:17:54+00:00;False;313;62;9230;a77620f63a9b4ea454abeefc1873e32f1c5ff615;1;noreply@github.com;66369541+hishitetsu@users.noreply.github.com
ShellViewModel.cs;MODIFY;2301;-1.0;Decreased;True;2024-07-21 15:21:41+00:00;False;313;62;9230;f7cac70a313132eb89e6910a9f30b609fa7b4643;1;noreply@github.com;2528891112@qq.com
ShellViewModel.cs;MODIFY;2300;-1.0;Decreased;True;2024-07-24 02:21:22+00:00;False;313;62;9241;ff7528ceb1516e1836d7e029385e45df6eceb453;11;noreply@github.com;62196528+0x5bfa@users.noreply.github.com
ShellViewModel.cs;MODIFY;2300;0.0;Equal;True;2024-07-24 12:33:14+00:00;False;313;62;9241;be602bfcad3f9286d9665613ce9f6181317950b8;93;noreply@github.com;39923744+yaira2@users.noreply.github.com
ShellViewModel.cs;MODIFY;2306;6.0;Grew;True;2024-07-25 02:35:42+00:00;False;313;62;9243;9244a1f592c3e9fb0d81ae573adcafe6e6b46474;2;noreply@github.com;66369541+hishitetsu@users.noreply.github.com
ShellViewModel.cs;MODIFY;2314;8.0;Grew;True;2024-08-01 15:31:33+00:00;False;313;62;9243;d61044ca29c151260164bd519c9639e429bc25e8;1;noreply@github.com;39923744+yaira2@users.noreply.github.com
ShellViewModel.cs;MODIFY;2315;1.0;Grew;True;2024-09-01 14:50:54+00:00;False;313;62;9259;8d3f9021beed999fa8dcbd3d2218e6bd8b4b64ec;30;noreply@github.com;62196528+0x5bfa@users.noreply.github.com
ShellViewModel.cs;MODIFY;2319;4.0;Grew;True;2024-09-09 02:46:21+00:00;False;313;62;9259;194a9eee8412b7f0d9dbdc0c3ca47b314292a5f4;1;noreply@github.com;39923744+yaira2@users.noreply.github.com
ShellViewModel.cs;MODIFY;2319;0.0;Equal;True;2024-09-25 20:36:17+00:00;False;315;62;9281;8e138cd46b50817ab3b1243c93e4b7e64174eee2;2;noreply@github.com;66369541+hishitetsu@users.noreply.github.com
