file_name;change_type;n_loc;lines_balance;size_change;is_large;date;swapped_classification;complexity;methods;tokens;hash;files_on_commit;committer_email;author_email
AsyncImageTest.kt;RENAME;734;0.0;Equal;True;2023-12-30 21:08:29+00:00;True;26;23;3894;24375db1775fb46f0e184501646cd9e150185608;612;noreply@github.com;colin@colinwhite.me
AsyncImageTest.kt;MODIFY;744;10.0;Grew;True;2024-01-07 04:04:36+00:00;False;26;23;3896;cfc8ffcd09d957723f686d31e2101c8e99ea0dc5;10;noreply@github.com;colin@colinwhite.me
AsyncImageTest.kt;MODIFY;742;-2.0;Decreased;True;2024-01-25 09:34:13+00:00;False;26;23;3890;0384c2b149c944b3afee3cbf91c183fd5498454f;1;noreply@github.com;colin@colinwhite.me
AsyncImageTest.kt;MODIFY;742;0.0;Equal;True;2024-05-18 22:14:10+00:00;False;26;23;3890;f071160aa18fd65dd276d903b8b3a41cd10bccc3;64;noreply@github.com;colin@colinwhite.me
AsyncImageTest.kt;MODIFY;744;2.0;Grew;True;2024-06-21 18:34:37+00:00;False;26;23;3901;3934b349b7552895fa370e192221e4bab7f5c4d1;29;noreply@github.com;colin@colinwhite.me
AsyncImageTest.kt;MODIFY;739;-5.0;Decreased;True;2024-06-21 19:21:45+00:00;False;26;23;3889;d35a661e879d7b061084af8304d06143182a9e2e;1;noreply@github.com;colin@colinwhite.me
AsyncImageTest.kt;MODIFY;739;0.0;Equal;True;2024-07-08 00:35:51+00:00;False;26;23;3889;cccaea0c77ca75a8c0ef80689ab2e0d7d685ffd4;14;noreply@github.com;colin@colinwhite.me
AsyncImageTest.kt;MODIFY;741;2.0;Grew;True;2024-07-20 20:58:34+00:00;False;28;23;3925;1c25c6fae70d9157e1b7f4ae9a5d8053953cde5d;1;noreply@github.com;colin@colinwhite.me
AsyncImageTest.kt;MODIFY;739;-2.0;Decreased;True;2024-08-03 19:00:30+00:00;False;28;23;3922;0f9aecf933a77fc11ff441debc5dd8aa8744a6db;27;noreply@github.com;colin@colinwhite.me
AsyncImageTest.kt;MODIFY;851;112.0;Grew;True;2024-10-21 19:54:51+00:00;False;31;26;4551;445d98e5f70c03d90299f9b20b288ac12f6648d3;5;noreply@github.com;colin@colinwhite.me
AsyncImageTest.kt;MODIFY;926;75.0;Grew;True;2024-10-25 20:15:17+00:00;False;31;26;4921;ea28eb8e4d57c7ae45639e04dc54ef6da704a3ee;20;noreply@github.com;colin@colinwhite.me
AsyncImageTest.kt;MODIFY;949;23.0;Grew;True;2024-10-28 07:59:13+00:00;False;32;27;5028;b2c1aa3a0cf8d5dbfd429564ebc2180edd9f5b2f;2;noreply@github.com;colin@colinwhite.me
AsyncImageTest.kt;MODIFY;949;0.0;Equal;True;2024-11-13 20:01:15+00:00;False;32;27;5024;beebb0ad5c9fa21422ba3bc6615d7354a8afde01;17;noreply@github.com;colin@colinwhite.me
AsyncImageTest.kt;MODIFY;984;35.0;Grew;True;2024-11-18 01:16:15+00:00;False;33;28;5219;bbe957d7df929d2666654fc692e5433dc14e942c;6;noreply@github.com;colin@colinwhite.me
AsyncImageTest.kt;MODIFY;984;0.0;Equal;True;2024-11-19 00:43:03+00:00;False;33;28;5228;9b556399e6876f9a77fca883c0335f20ce511dca;1;noreply@github.com;colin@colinwhite.me
