file_name;change_type;n_loc;lines_balance;size_change;is_large;date;swapped_classification;complexity;methods;tokens;hash;files_on_commit;committer_email;author_email
manager.rs;MODIFY;268.0;0.0;Decreased;False;2023-02-26 08:27:17+00:00;False;28;9;1762;61fd608200e09047afbd2a1c9b21eaab8d1dc481;1870;noreply@github.com;86001920+appflowy@users.noreply.github.com
manager.rs;RENAME;not calculated;0.0;Equal;False;2023-12-30 23:29:40+00:00;False;not calculated;0;not calculated;5facb61e23380ed0e991449c96313956784289fc;460;noreply@github.com;86001920+appflowy@users.noreply.github.com
manager.rs;MODIFY;923.0;0.0;Grew;False;2024-01-06 04:46:11+00:00;False;166;55;6018;2557e4f3ccbf716d411bdff99f799f7f31912a48;12;noreply@github.com;86001920+appflowy@users.noreply.github.com
manager.rs;MODIFY;902.0;-21.0;Decreased;False;2024-02-03 21:49:45+00:00;False;166;55;5864;08938b8c70cfdbdcf614cef4bd0349d3d0ce0214;46;noreply@github.com;33050391+speed2exe@users.noreply.github.com
manager.rs;MODIFY;904.0;2.0;Grew;False;2024-02-03 21:50:23+00:00;False;166;55;5861;fda70ff5606a3f6a0cb17df65ba12adbbd8ec5e3;65;noreply@github.com;86001920+appflowy@users.noreply.github.com
manager.rs;MODIFY;931.0;27.0;Grew;False;2024-02-09 02:18:52+00:00;False;173;56;5993;f29f1bae32f81182e4410618822f706d97c86600;2;nathan@appflowy.io;nathan@appflowy.io
manager.rs;MODIFY;931.0;0.0;Equal;False;2024-02-22 00:07:59+00:00;False;173;56;5993;f1831d07af79b9a015aa39e5422c541689e1403e;11;noreply@github.com;71320345+richardshiue@users.noreply.github.com
manager.rs;MODIFY;969.0;38.0;Grew;False;2024-02-24 23:49:44+00:00;False;178;57;6252;c3e5aa29fcc7b57e0e29121860896104a8de4494;20;noreply@github.com;86001920+appflowy@users.noreply.github.com
manager.rs;MODIFY;976.0;7.0;Grew;False;2024-03-04 17:24:49+00:00;False;180;57;6304;5daf9d23f5b1a5fbff1769f8add61136f9b03080;11;noreply@github.com;42929161+Xazin@users.noreply.github.com
manager.rs;MODIFY;976.0;0.0;Equal;False;2024-03-12 02:59:52+00:00;False;180;57;6330;9c3be7e4885a961dfd82ed6708aef40ddd615cd0;23;noreply@github.com;86001920+appflowy@users.noreply.github.com
manager.rs;MODIFY;1026.0;50.0;Grew;False;2024-03-21 04:02:03+00:00;False;187;59;6742;ef9891abfef5713f32e013040699cdc47b7f525d;75;noreply@github.com;lucas.xu@appflowy.io
manager.rs;MODIFY;1035.0;9.0;Grew;False;2024-03-22 09:15:18+00:00;False;189;59;6781;c0642d3ff322daddde4d16d0058b626ccef2fb5f;37;noreply@github.com;lucas.xu@appflowy.io
manager.rs;MODIFY;1029.0;-6.0;Decreased;False;2024-03-23 01:18:47+00:00;False;189;59;6785;b307312a71cab9e09ba3a046aa143431a2ccdf55;45;noreply@github.com;86001920+appflowy@users.noreply.github.com
manager.rs;MODIFY;1036.0;7.0;Grew;False;2024-03-30 08:28:24+00:00;False;191;59;6842;adc2ee755ea036ae0ac8f7da0f7568d6757486db;33;noreply@github.com;86001920+appflowy@users.noreply.github.com
manager.rs;MODIFY;1048.0;12.0;Grew;False;2024-04-01 06:27:29+00:00;False;194;60;6899;723423d423b30c69a8f73ac58f0e2dec9fabdb27;9;noreply@github.com;lucas.xu@appflowy.io
manager.rs;MODIFY;1092.0;44.0;Grew;False;2024-04-02 01:57:14+00:00;False;200;64;7209;7576796e2f1d5868c7af2d8bd2c5e054218034e0;3;noreply@github.com;lucas.xu@appflowy.io
manager.rs;MODIFY;1088.0;-4.0;Decreased;False;2024-04-07 15:06:33+00:00;False;200;64;7185;9536cde789bd2ade04d8247784e23ea161cb91a6;25;noreply@github.com;lucas.xu@appflowy.io
manager.rs;MODIFY;1101.0;13.0;Grew;False;2024-04-09 00:58:53+00:00;False;203;65;7295;da5b369aec8ff0025c17ca58a9cf70a6cb75fc5b;6;noreply@github.com;lucas.xu@appflowy.io
manager.rs;MODIFY;1111.0;10.0;Equal;False;2024-04-15 06:50:28+00:00;False;205;65;7374;d758e62c1a3abd65c80dd53c2826264742419e95;41;noreply@github.com;86001920+appflowy@users.noreply.github.com
manager.rs;MODIFY;1106.0;-5.0;Grew;False;2024-04-24 06:38:47+00:00;False;199;64;7319;6ecbf971b2e19af5431f1180f8c9290df40ae0e3;25;noreply@github.com;86001920+appflowy@users.noreply.github.com
manager.rs;MODIFY;1071.0;-35.0;Grew;False;2024-04-30 08:55:15+00:00;False;201;59;7166;33802fa62d6e01f1f2a912484cfa87f7d103152c;109;noreply@github.com;lucas.xu@appflowy.io
manager.rs;MODIFY;1074.0;3.0;Grew;False;2024-05-21 02:47:31+00:00;False;202;59;7193;24b3d6986046f61491c7c62b47a59dc973727822;3;noreply@github.com;lucas.xu@appflowy.io
manager.rs;MODIFY;1077.0;3.0;Grew;False;2024-06-03 06:27:28+00:00;False;203;59;7216;aec7bc847e24430d9f34bf027edeae0b32db9c46;114;noreply@github.com;86001920+appflowy@users.noreply.github.com
manager.rs;MODIFY;1081.0;4.0;Grew;False;2024-06-05 02:05:51+00:00;False;203;59;7242;041e3c155af1c9685caec1c347cc183e3f4389bf;19;noreply@github.com;42929161+Xazin@users.noreply.github.com
manager.rs;MODIFY;1087.0;6.0;Grew;False;2024-06-05 11:44:32+00:00;False;205;60;7276;bd7977d8ba3a8f5c1e01b411a9ff7833bb6076a8;16;noreply@github.com;42929161+Xazin@users.noreply.github.com
manager.rs;MODIFY;1089.0;2.0;Grew;False;2024-06-14 01:32:02+00:00;False;205;60;7332;785597f53e2dfcac8b1423b790df5ab5454a01e1;16;noreply@github.com;lucas.xu@appflowy.io
manager.rs;MODIFY;1148.0;59.0;Grew;False;2024-06-25 02:03:02+00:00;False;216;61;7673;b9ad2768cfa753f7d501876df52ea0f8375ca5a2;35;noreply@github.com;lucas.xu@appflowy.io
manager.rs;MODIFY;1140.0;-8.0;Decreased;False;2024-06-27 01:07:08+00:00;False;216;61;7643;b24fbc6b6096861b2b841ab17fdcfa8723d62ca1;5;noreply@github.com;zidom72@gmail.com
manager.rs;MODIFY;1147.0;7.0;Grew;False;2024-06-27 06:12:52+00:00;False;216;61;7690;605a53f2ae08319a5ea1cebe79b17510b5b40fd0;4;noreply@github.com;lucas.xu@appflowy.io
manager.rs;MODIFY;1189.0;42.0;Grew;False;2024-07-01 06:44:08+00:00;False;224;62;7940;2b8dca209e6f3dc82e0be7cb6e6af234b957d783;14;noreply@github.com;lucas.xu@appflowy.io
manager.rs;MODIFY;1240.0;51.0;Grew;False;2024-07-02 05:02:15+00:00;False;234;63;8220;8c1520b273b3e2a9ebf5789acc2a5b77816dbe8e;12;noreply@github.com;lucas.xu@appflowy.io
manager.rs;MODIFY;1240.0;0.0;Equal;False;2024-07-02 06:35:29+00:00;False;235;63;8228;6d0c9f766bd73ad07dad34dfff7fe9d8bffda418;3;noreply@github.com;lucas.xu@appflowy.io
manager.rs;MODIFY;1397.0;157.0;Grew;False;2024-07-08 05:45:57+00:00;False;275;71;9278;23c67bcdba447e37d4fcc7f5c92e74c3dbb00576;327;noreply@github.com;108015703+qinluhe@users.noreply.github.com
manager.rs;MODIFY;1417.0;20.0;Grew;True;2024-07-15 06:23:20+00:00;True;278;72;9401;253e7597c4a4cce7e01853e437d95a70f7f55b5a;11;noreply@github.com;lucas.xu@appflowy.io
manager.rs;MODIFY;1459.0;42.0;Grew;True;2024-07-22 05:35:42+00:00;False;277;72;9590;432db0f6d546f88bf9078eb38a202aa80dc9c1cb;61;noreply@github.com;lucas.xu@appflowy.io
manager.rs;MODIFY;1463.0;4.0;Grew;True;2024-08-06 05:17:56+00:00;False;277;72;9605;5757cc9a1dcd7177c5b2b5bc850c068e230f3a63;9;noreply@github.com;86001920+appflowy@users.noreply.github.com
manager.rs;MODIFY;1463.0;0.0;Equal;True;2024-08-12 08:28:34+00:00;False;277;72;9605;1db8480b7550c85c6c05f79d4faee762ea240100;1;noreply@github.com;86001920+appflowy@users.noreply.github.com
manager.rs;MODIFY;1463.0;0.0;Equal;True;2024-08-12 14:24:06+00:00;False;277;72;9605;6e26dc128cd401a0ec1f475a1443ad8f5619060f;3;noreply@github.com;86001920+appflowy@users.noreply.github.com
manager.rs;MODIFY;1473.0;10.0;Decreased;True;2024-08-19 14:08:10+00:00;False;279;70;10015;58b17a939cb23970947d37b9b0c5316d4673879b;24;noreply@github.com;86001920+appflowy@users.noreply.github.com
manager.rs;MODIFY;1470.0;-3.0;Decreased;True;2024-08-25 07:14:54+00:00;False;279;70;10003;d1ed45c312a6a345bc16214281401d363edebd9b;14;noreply@github.com;86001920+appflowy@users.noreply.github.com
manager.rs;MODIFY;1473.0;3.0;Decreased;True;2024-09-08 14:21:34+00:00;False;278;71;10022;187c5892ea8e20db31cd68961213467d38ed2939;54;noreply@github.com;86001920+appflowy@users.noreply.github.com
manager.rs;MODIFY;1479.0;6.0;Grew;True;2024-09-09 11:40:52+00:00;False;278;71;10073;2f3c9c11b18506b27fceb099dd547e19b4a7947e;7;noreply@github.com;lucas.xu@appflowy.io
manager.rs;MODIFY;1479.0;0.0;Equal;True;2024-09-14 16:02:17+00:00;False;278;71;10073;609ea27c42f545d78e381775cfee8b83a801187c;25;noreply@github.com;86001920+appflowy@users.noreply.github.com
manager.rs;MODIFY;1500.0;21.0;Grew;True;2024-10-03 02:58:08+00:00;False;281;71;10190;0d69b895aad9c3a683b7959864689204b1d07e14;38;noreply@github.com;42929161+Xazin@users.noreply.github.com
manager.rs;MODIFY;1500.0;0.0;Equal;True;2024-10-03 15:45:29+00:00;False;281;71;10190;469ddacfcc28153a23b370affaf68f084f61e3b1;25;noreply@github.com;86001920+appflowy@users.noreply.github.com
manager.rs;MODIFY;1556.0;56.0;Decreased;True;2024-10-07 10:08:44+00:00;False;291;72;10561;87408fd2a97c37b205f601b20a57555bedbd211c;5;noreply@github.com;42929161+Xazin@users.noreply.github.com
manager.rs;MODIFY;1552.0;-4.0;Decreased;True;2024-10-14 12:38:04+00:00;False;292;72;10568;320ffcb434091bdeeb0f035837aeee1430fcfbe0;30;noreply@github.com;86001920+appflowy@users.noreply.github.com
manager.rs;MODIFY;1569.0;17.0;Grew;True;2024-10-15 07:05:22+00:00;False;295;73;10677;7918d6c0d172703da0266c370bebf92d263ae0a5;1;noreply@github.com;86001920+appflowy@users.noreply.github.com
manager.rs;MODIFY;1569.0;0.0;Equal;True;2024-10-15 15:55:27+00:00;False;295;73;10673;c6f042830f583d25ad278512c6eaecb3d0fcc7d7;5;noreply@github.com;86001920+appflowy@users.noreply.github.com
manager.rs;MODIFY;1598.0;29.0;Grew;True;2024-10-23 11:41:46+00:00;False;304;76;10841;73e8b476fbfe25dda69d0e430376473012202b7e;18;noreply@github.com;speed2exe@live.com.sg
manager.rs;MODIFY;1569.0;-29.0;Decreased;True;2024-10-24 03:10:59+00:00;False;295;73;10673;c821454df8a052347dcc98ee238a1d74e47e97d8;18;noreply@github.com;lucas.xu@appflowy.io
manager.rs;MODIFY;1589.0;20.0;Grew;True;2024-10-29 03:21:49+00:00;False;296;73;10724;9707148b8695c1f82abf1bd087daa858a578b307;20;noreply@github.com;86001920+appflowy@users.noreply.github.com
manager.rs;MODIFY;1639.0;50.0;Grew;True;2024-10-31 06:38:32+00:00;False;311;78;11014;07e34609e72ea207c706e144f9e26c6347075c12;175;noreply@github.com;lucas.xu@appflowy.io
manager.rs;MODIFY;1637.0;-2.0;Decreased;True;2024-11-01 06:18:35+00:00;False;311;78;10996;0e5ff844b65d3f6db8376023f9dabf863be4e6f8;17;noreply@github.com;86001920+appflowy@users.noreply.github.com
manager.rs;MODIFY;1643.0;6.0;Grew;True;2024-11-04 05:53:02+00:00;False;311;78;11000;3fbdcab7b0150931a0ca587ea62df00a4f073e3e;6;noreply@github.com;86001920+appflowy@users.noreply.github.com
manager.rs;MODIFY;1643.0;0.0;Equal;True;2024-11-06 01:12:16+00:00;False;311;78;10996;d38a5f38e369e18c668fa4957486b0c0ea52a7de;8;noreply@github.com;speed2exe@live.com.sg
manager.rs;MODIFY;1695.0;52.0;Equal;True;2024-12-10 02:02:48+00:00;False;321;82;11234;d2b2f17b1cfd33c7e00b9adaa6ac00153d5c3783;19;noreply@github.com;86001920+appflowy@users.noreply.github.com
manager.rs;MODIFY;1712.0;17.0;Grew;True;2024-12-13 05:04:17+00:00;False;323;83;11343;e188552c1eb539c4aeb160ebce07506387c3cd10;4;noreply@github.com;71320345+richardshiue@users.noreply.github.com
manager.rs;MODIFY;1712.0;0.0;Equal;True;2024-12-19 16:15:01+00:00;False;323;83;11341;d25a399abae20a02817f61b4fa1f60fcf009bec3;23;noreply@github.com;86001920+appflowy@users.noreply.github.com
