file_name;change_type;n_loc;lines_balance;size_change;is_large;date;swapped_classification;complexity;methods;tokens;hash;files_on_commit;committer_email;author_email
css-functions.test.ts;RENAME;not calculated;0.0;Equal;False;2024-09-05 10:40:16+00:00;False;not calculated;0;not calculated;8f8803d85521c687a88ebc4c7d6a4e96b14182dd;8;noreply@github.com;hello@philippspiess.com
css-functions.test.ts;MODIFY;773.0;0.0;Equal;False;2024-09-06 17:05:48+00:00;False;51;50;2565;ee35a1d047cbbede413868f13580f651c56bd648;3;noreply@github.com;hello@philippspiess.com
css-functions.test.ts;MODIFY;795.0;22.0;Grew;False;2024-09-07 17:18:30+00:00;False;52;51;2687;8c6c291869c72ba9aaa274d9ad14a83129b1f8d7;7;noreply@github.com;jordan@cryptica.me
css-functions.test.ts;MODIFY;815.0;20.0;Grew;False;2024-09-17 08:54:36+00:00;False;53;52;2744;c7cbdb84723b0bfa478e7cca6395356af5dc5d3b;3;noreply@github.com;hello@philippspiess.com
css-functions.test.ts;MODIFY;847.0;32.0;Grew;False;2024-09-17 16:46:42+00:00;False;54;53;2838;cb5b7b405a392f2d21b3e6f398576e9a43290a2d;4;noreply@github.com;jordan@cryptica.me
css-functions.test.ts;MODIFY;853.0;6.0;Grew;False;2024-09-23 15:05:55+00:00;False;54;53;2864;79794744a9cc4ece01b2ab067171fcba7868d642;45;noreply@github.com;hello@philippspiess.com
css-functions.test.ts;MODIFY;886.0;33.0;Grew;False;2024-10-03 13:23:03+00:00;False;56;55;2951;aa343a94454c199e2d60e379cf719f0ad1d29770;5;noreply@github.com;hello@philippspiess.com
css-functions.test.ts;MODIFY;925.0;39.0;Grew;True;2024-10-10 10:31:46+00:00;True;58;57;3058;dc6980230d670f1f825292476de47c60ae6af13a;3;noreply@github.com;hello@philippspiess.com
css-functions.test.ts;MODIFY;985.0;60.0;Grew;True;2024-10-14 12:08:41+00:00;False;61;60;3244;f2ebb8eb826ad1bf14a93926452bdfbb713029d3;5;noreply@github.com;malfait.robin@gmail.com
css-functions.test.ts;MODIFY;985.0;0.0;Equal;True;2024-10-16 19:24:53+00:00;False;61;60;3244;2d45f5aa9a73f6455d654e96ec97832167b65948;9;noreply@github.com;adam.wathan@gmail.com
css-functions.test.ts;MODIFY;985.0;0.0;Equal;True;2024-10-21 19:54:27+00:00;False;61;60;3276;1c5bb39d60e7471d60c0e4ab5545c7bc839a6903;14;noreply@github.com;adam.wathan@gmail.com
css-functions.test.ts;MODIFY;985.0;0.0;Equal;True;2024-11-06 15:51:34+00:00;False;61;60;3276;32cf4af2a4f131438289984f26c38fa150b48226;9;noreply@github.com;adam.wathan@gmail.com
css-functions.test.ts;MODIFY;985.0;0.0;Equal;True;2024-11-07 01:50:30+00:00;False;61;60;3276;26638af3ef9ff98791f0196c340ccf59e8d1fba4;14;noreply@github.com;adam.wathan@gmail.com
css-functions.test.ts;MODIFY;985.0;0.0;Equal;True;2024-11-07 19:08:06+00:00;False;61;60;3272;28e46badf7c610a2b1f7f2180464ad212b78131e;21;noreply@github.com;adam.wathan@gmail.com
css-functions.test.ts;MODIFY;1003.0;18.0;Grew;True;2024-11-08 15:14:11+00:00;False;62;61;3325;aaa32e23e26b79fbb3a578da7e298ef704b1a2aa;7;noreply@github.com;hello@philippspiess.com
css-functions.test.ts;MODIFY;1003.0;0.0;Equal;True;2024-11-08 15:17:03+00:00;False;62;61;3325;7b75b1a6ed1bc09e6f974eff0f059e9593fc5cda;5;noreply@github.com;malfait.robin@gmail.com
css-functions.test.ts;MODIFY;1004.0;1.0;Grew;True;2024-11-08 16:02:47+00:00;False;62;61;3331;586723fd6ad7d7d04ff27388f4418b30b5a674b1;13;noreply@github.com;hello@philippspiess.com
css-functions.test.ts;MODIFY;1005.0;1.0;Grew;True;2024-11-08 19:00:30+00:00;False;62;61;3337;350add7490a4ad5666de08bcfda723b3bb49e050;13;noreply@github.com;hello@philippspiess.com
css-functions.test.ts;MODIFY;1005.0;0.0;Equal;True;2024-11-27 11:18:31+00:00;False;62;61;3337;961e8da8fd0b2d96c49a5907bd9df70efcacccf7;12;noreply@github.com;adam.wathan@gmail.com
css-functions.test.ts;MODIFY;1005.0;0.0;Equal;True;2024-11-27 16:06:19+00:00;False;62;61;3337;bfcc1447984e81a1294ca2c49cb0cc9ccee02a3d;7;noreply@github.com;hello@philippspiess.com
