file_name;change_type;n_loc;lines_balance;size_change;is_large;date;swapped_classification;complexity;methods;tokens;hash;files_on_commit;committer_email;author_email
variants.test.ts;ADD;1979;0.0;Equal;True;2024-03-05 13:29:15+00:00;True;72;72;2748;a68de1df277f14087e6c6f93d27709c12df4bb3d;168;malfait.robin@gmail.com;malfait.robin@gmail.com
variants.test.ts;MODIFY;1979;0.0;Equal;True;2024-03-11 18:24:49+00:00;False;72;72;2748;d230f2e13b64d692e077d1b25d30b0af9d259513;19;noreply@github.com;malfait.robin@gmail.com
variants.test.ts;MODIFY;1988;9.0;Grew;True;2024-03-22 19:38:06+00:00;False;73;73;2774;de79455b0e166c61936a8022c2f3d20ede59d397;4;noreply@github.com;adam.wathan@gmail.com
variants.test.ts;MODIFY;1988;0.0;Equal;True;2024-03-22 20:00:07+00:00;False;73;73;2774;59038c573454e1ba7d8f3c67aa842cb3de290247;3;noreply@github.com;adam.wathan@gmail.com
variants.test.ts;MODIFY;1988;0.0;Equal;True;2024-04-09 15:37:56+00:00;False;73;73;2774;d1eedb23243203c5823878e2c4a22335ece91491;5;noreply@github.com;malfait.robin@gmail.com
variants.test.ts;MODIFY;2020;32.0;Grew;True;2024-04-27 16:28:59+00:00;False;73;73;2783;1bdc9069760ee16ba0fd3b6216193d7412a01914;2;noreply@github.com;brandon@dreamthinkbuild.com
variants.test.ts;MODIFY;2044;24.0;Grew;True;2024-05-08 16:39:10+00:00;False;73;73;2786;aceec2ea3969e1505b37b1702f91d01a1e6eb38e;7;noreply@github.com;jordan@cryptica.me
variants.test.ts;MODIFY;2103;59.0;Grew;True;2024-06-03 15:41:01+00:00;False;74;74;2853;1124d1d3c72cc8d203010f243ad2ddcaac589a00;5;noreply@github.com;jordan@cryptica.me
variants.test.ts;MODIFY;2227;124.0;Grew;True;2024-07-10 13:56:33+00:00;False;74;74;3911;6c0c6a594184dc9d65ead9d4e6e718b54e41c2da;7;noreply@github.com;malfait.robin@gmail.com
variants.test.ts;MODIFY;2277;50.0;Grew;True;2024-07-17 18:52:29+00:00;False;74;74;4087;e8546df8007c64bcb73bd4dfda0bb37d194e83b8;3;noreply@github.com;jordan@cryptica.me
variants.test.ts;MODIFY;2381;104.0;Grew;True;2024-07-17 19:03:57+00:00;False;74;74;4215;705255583c6609afd72704a6aa94ea14bd282a5d;3;noreply@github.com;jordan@cryptica.me
variants.test.ts;MODIFY;2419;38.0;Grew;True;2024-07-17 19:08:34+00:00;False;74;74;4305;6ab289343deaa61095a8f55799239ce0f1ee41ea;3;noreply@github.com;jordan@cryptica.me
variants.test.ts;MODIFY;2514;95.0;Grew;True;2024-07-24 14:55:07+00:00;False;74;74;4387;300524b8935fa0a0ca956f342b3405254dd23cf4;3;noreply@github.com;hello@philippspiess.com
variants.test.ts;MODIFY;2514;0.0;Equal;True;2024-07-25 14:09:47+00:00;False;74;74;4387;8eca436b3c4e67ad389271b5f28bf30b50c601d3;3;noreply@github.com;adam.wathan@gmail.com
variants.test.ts;MODIFY;2530;16.0;Grew;True;2024-08-07 14:09:01+00:00;False;75;75;4431;28a5438ab4b137baf157a2e9ec8389d23bf5d3d0;4;noreply@github.com;malfait.robin@gmail.com
variants.test.ts;MODIFY;2546;16.0;Grew;True;2024-08-08 15:49:06+00:00;False;75;75;4653;921b4b673b451408376d12d8a5182039dfa85d9f;15;noreply@github.com;hello@philippspiess.com
variants.test.ts;MODIFY;2644;98.0;Grew;True;2024-08-16 17:42:04+00:00;False;75;75;4701;3df38a7458cc2bc16eebc316e43f05db3c5d175b;7;noreply@github.com;adam.wathan@gmail.com
variants.test.ts;MODIFY;2652;8.0;Grew;True;2024-09-11 14:45:07+00:00;False;75;75;4703;1e0dfbc6d03ee50eab2764bf4d9bf1409fa6cf47;6;noreply@github.com;hello@philippspiess.com
variants.test.ts;MODIFY;2701;49.0;Grew;True;2024-09-17 15:00:12+00:00;False;76;76;4772;ebaff18a9f089ed2b592e6a00147a6e4e2545d74;7;noreply@github.com;hello@philippspiess.com
variants.test.ts;MODIFY;2705;4.0;Grew;True;2024-09-18 14:49:27+00:00;False;76;76;4780;6ca8cc6f02466366063e7791a77d53760ddb9cdc;7;noreply@github.com;hello@philippspiess.com
variants.test.ts;MODIFY;2705;0.0;Equal;True;2024-09-23 15:29:42+00:00;False;76;76;4780;b0b11985e3a69c4772701047f91906f73a5d4234;4;noreply@github.com;295836+shedokan@users.noreply.github.com
variants.test.ts;MODIFY;2712;7.0;Grew;True;2024-09-23 19:57:29+00:00;False;76;76;4782;a270e2c8f16717b1f0639e8a5f74ee24f458d640;6;noreply@github.com;malfait.robin@gmail.com
variants.test.ts;MODIFY;2754;42.0;Grew;True;2024-09-24 15:43:57+00:00;False;76;76;4782;abde4c9694a2d5bc5d57e7b513a680d3cc6fe94e;7;noreply@github.com;adam.wathan@gmail.com
variants.test.ts;MODIFY;2780;26.0;Grew;True;2024-10-18 17:51:43+00:00;False;76;76;4825;b7c4d25ae4cbf99ba3bf60633fd3a9004f688fd1;3;noreply@github.com;malfait.robin@gmail.com
variants.test.ts;MODIFY;3146;366.0;Grew;True;2024-10-24 17:27:27+00:00;False;78;78;5191;148d8707b9d055ad8a2cc433f0738ffb235637cf;13;noreply@github.com;jordan@cryptica.me
variants.test.ts;MODIFY;3177;31.0;Grew;True;2024-10-24 18:50:20+00:00;False;78;78;5205;3fe53dd8f08dd4d5af60304a2872cacbd7dd837a;4;noreply@github.com;jordan@cryptica.me
variants.test.ts;MODIFY;3283;106.0;Grew;True;2024-10-31 14:39:56+00:00;False;87;87;5816;7cc2d89073e41adaf9de475a996cfb356cab404c;5;noreply@github.com;jordan@cryptica.me
variants.test.ts;MODIFY;2243;-1040.0;Decreased;True;2024-11-06 11:39:09+00:00;False;87;87;5790;c5b6df2a273b7debaf28f4d56b23f6f2bdfe4b0d;11;noreply@github.com;malfait.robin@gmail.com
variants.test.ts;MODIFY;2243;0.0;Equal;True;2024-11-07 01:50:30+00:00;False;87;87;5790;26638af3ef9ff98791f0196c340ccf59e8d1fba4;14;noreply@github.com;adam.wathan@gmail.com
variants.test.ts;MODIFY;2251;8.0;Grew;True;2024-11-07 15:48:49+00:00;False;88;88;5833;3821f692c17aeb63b0a97116e0089c50ddc4b257;5;noreply@github.com;malfait.robin@gmail.com
variants.test.ts;MODIFY;2251;0.0;Equal;True;2024-11-08 15:19:55+00:00;False;88;88;5833;97da59fcd358b592645f582c5e835ae16a79c256;3;noreply@github.com;malfait.robin@gmail.com
variants.test.ts;MODIFY;2267;16.0;Grew;True;2024-11-18 15:28:16+00:00;False;89;89;5888;dd3441bf828da1fa1451f1d2249fd17703169606;6;noreply@github.com;malfait.robin@gmail.com
variants.test.ts;MODIFY;2268;1.0;Grew;True;2024-11-21 12:47:13+00:00;False;89;89;5898;3cf5c2df795c9a859e5c26a11c55cfe479b72384;11;noreply@github.com;malfait.robin@gmail.com
variants.test.ts;MODIFY;2280;12.0;Grew;True;2024-11-26 11:22:12+00:00;False;89;89;5898;cb518f462390ad09980964d01a52f7e0c0ae09bc;8;noreply@github.com;hello@philippspiess.com
