|File Name|Change Type|Local File PATH Old|Local File PATH New|Complexity|Methods|Tokens|Lines Of Code (nloc)|Lines Added|Lines Deleted
0|tcp_ipv4.c|MODIFY|net/ipv4/tcp_ipv4.c|net/ipv4/tcp_ipv4.c|359|60|11012|1737|16|16
