file_name;change_type;n_loc;lines_balance;size_change;is_large;date;swapped_classification;complexity;methods;tokens;hash;files_on_commit;committer_email;author_email
extend-node.js;ADD;90;0.0;Grew;False;2018-01-10 14:23:10+00:00;False;8;8;307;51ec25fe37afcd4b192919ab8db956b1ff0b7147;16;mathews.kyle@gmail.com;reccanti@gmail.com
extend-node.js;MODIFY;90;0.0;Equal;False;2018-01-13 00:36:52+00:00;False;8;8;307;04931e67ce62808e4bb0cd6030806f6355f6d4cd;80;mathews.kyle@gmail.com;calcsam@gmail.com
extend-node.js;MODIFY;93;3.0;Grew;False;2018-02-10 00:49:49+00:00;False;8;8;323;613c56b2510f32ad8acf050f2fcac8b03e5f435f;64;mathews.kyle@gmail.com;dfarrell@protonmail.com
extend-node.js;MODIFY;93;0.0;Equal;False;2018-06-08 11:54:03+00:00;False;8;8;323;66f0a48da995d6c1d7b2be6d3bfa21a5d9d04ce0;20;michael.allanson@gmail.com;misiek.piechowiak@gmail.com
extend-node.js;MODIFY;93;0.0;Grew;False;2018-06-17 06:13:46+00:00;False;8;8;323;1fb19f9ad16618acdac7eda33d295d8ceba7f393;1037;noreply@github.com;mathews.kyle@gmail.com
extend-node.js;MODIFY;349;256.0;Grew;False;2018-09-18 14:05:15+00:00;False;32;26;1184;a7d757886e41667e83e700d198ea04fc5b83ba16;2;michael.allanson@gmail.com;oorestisime@gmail.com
extend-node.js;MODIFY;330;-19.0;Decreased;False;2018-09-25 12:40:58+00:00;False;26;25;875;d3f0eda4a9b2b6f026bc929a568f5636744e5d2c;2;misiek.piechowiak@gmail.com;oorestisime@gmail.com
extend-node.js;MODIFY;351;21.0;Grew;False;2018-10-02 12:56:47+00:00;False;28;27;943;fb43fda16c73696cfdb523a5e57daec7094eb831;3;misiek.piechowiak@gmail.com;i-like-robots@users.noreply.github.com
extend-node.js;MODIFY;363;12.0;Grew;False;2018-10-29 19:20:36+00:00;False;28;27;916;7d31fe75f8d73bb52e7f10384033429bafbc8186;32;misiek.piechowiak@gmail.com;Anthony.Marcar@gmail.com
extend-node.js;MODIFY;427;64.0;Grew;False;2018-11-27 21:56:11+00:00;False;31;30;1010;fbe4fcb0b42e6cec693029449affbc6cc0f2bdb1;5;DSchau@users.noreply.github.com;nicholasDrane@gmail.com
extend-node.js;MODIFY;427;0.0;Equal;False;2018-11-30 03:56:42+00:00;False;31;30;1010;2483aef69fa36b59ccb53cba23df08f10ac1e712;3;DSchau@users.noreply.github.com;nicholasDrane@gmail.com
extend-node.js;MODIFY;450;23.0;Grew;False;2019-01-01 21:16:38+00:00;False;32;31;1099;29a8c5cce409bd69da1ec8076ff6b9b79729247e;3;DSchau@users.noreply.github.com;nicholasDrane@gmail.com
extend-node.js;MODIFY;450;0.0;Equal;False;2019-01-29 06:35:56+00:00;False;32;31;1099;7eb49c1daf0743c6b611427549aae9720730d7be;2;freiksenet@gmail.com;stefan.probst@univie.ac.at
extend-node.js;MODIFY;530;80.0;Grew;False;2019-02-01 09:53:43+00:00;False;35;34;1188;8290dfefc334613d13af2e6eeb13038efcb52262;3;misiek.piechowiak@gmail.com;nilskreutzer@hotmail.com
extend-node.js;MODIFY;601;71.0;Grew;False;2019-02-22 07:16:40+00:00;False;39;38;1360;4c0c5c09d7558b4a73a7db7dcfb4600cf3230bee;5;me@sidharthachatterjee.com;hazdiego@gmail.com
extend-node.js;MODIFY;803;202.0;Grew;False;2019-02-25 23:19:33+00:00;False;39;38;2066;e59d4ca1e3357839a560a193e21e65dfee0c8d13;4;DSchau@users.noreply.github.com;chitoku-k@users.noreply.github.com
extend-node.js;MODIFY;841;38.0;Grew;False;2019-03-13 15:17:46+00:00;False;41;40;2251;95155e0338bf8f6ba3bdc6e50d03ef267d4d39c7;6;ward@coding-tech.com;a.kirszenberg@gmail.com
extend-node.js;MODIFY;803;-38.0;Decreased;False;2019-03-18 08:53:21+00:00;False;39;38;2066;e28dd81d8c53ceacfce39a8109f5f05ea8beb30c;8;noreply@github.com;ward@coding-tech.com
extend-node.js;MODIFY;783;-20.0;Decreased;False;2019-03-19 13:08:24+00:00;False;38;37;2041;07e69be2038de51bdd829bb8298cf2e728d49007;117;noreply@github.com;freiksenet@gmail.com
extend-node.js;MODIFY;804;21.0;Grew;False;2019-03-19 15:25:36+00:00;False;38;37;2193;f480a35ce8f4a61751b4141be08fb35c6cbdf292;3;DSchau@users.noreply.github.com;chitoku-k@users.noreply.github.com
extend-node.js;MODIFY;804;0.0;Equal;False;2019-03-21 10:14:49+00:00;False;38;37;2193;6d2d4c54857ad6d3f45450e2ca2ac35725cfb7b4;15;me@sidharthachatterjee.com;freiksenet@gmail.com
extend-node.js;MODIFY;806;2.0;Grew;False;2019-04-23 12:20:47+00:00;False;38;37;2204;c91d110807d900bc6b8aeb629ff319fb8e5b9a49;7;mathews.kyle@gmail.com;sunchipssam@gmail.com
extend-node.js;MODIFY;804;-2.0;Decreased;False;2019-04-23 13:34:56+00:00;False;38;37;2193;fb45f7ec5b43bb05926b714913164e9868f9ca2f;7;misiek.piechowiak@gmail.com;mathews.kyle@gmail.com
extend-node.js;MODIFY;806;2.0;Grew;False;2019-04-24 11:09:16+00:00;False;38;37;2204;093f1f23bb432d202513d6c3eb0fc2d2cfdc0c6e;8;me@sidharthachatterjee.com;sunchipssam@gmail.com
extend-node.js;MODIFY;824;18.0;Grew;False;2019-04-25 08:51:36+00:00;False;39;38;2231;ceb0d72396d6181104643b3ce403fddeb7391a98;2;ward@coding-tech.com;macklinu@users.noreply.github.com
extend-node.js;MODIFY;824;0.0;Grew;False;2019-04-25 13:47:04+00:00;False;39;38;2231;370fdb42108e1d16b2de512f15e9e420baf8e4e8;5;me@sidharthachatterjee.com;ward@coding-tech.com
extend-node.js;MODIFY;866;42.0;Grew;False;2019-06-14 09:07:51+00:00;False;42;41;2361;4f72687ce9b2c9edcf1358c9ece3a5aad3d003f3;4;freiksenet@gmail.com;me@riywo.com
extend-node.js;MODIFY;886;20.0;Grew;False;2019-07-04 12:16:22+00:00;False;44;43;2459;13f0c274128ee82405fb39331e21bda765e0a985;5;freiksenet@gmail.com;nihgwu@live.com
extend-node.js;MODIFY;987;101.0;Grew;True;2019-07-06 02:17:02+00:00;True;50;49;2622;84ec96d490fea05811c234ea47f274d0fcdc303c;2;misiek.piechowiak@gmail.com;mxxk@users.noreply.github.com
extend-node.js;MODIFY;1034;47.0;Grew;True;2019-07-10 11:46:54+00:00;False;54;53;2802;44f7550147cf589d5a2941cb29e5f70e8f573b2e;3;ward@coding-tech.com;xavi.ivars@gmail.com
extend-node.js;MODIFY;1036;2.0;Grew;True;2019-07-15 10:27:37+00:00;False;54;53;2817;6959c6dfbe345a87c70197ba17fb8b4c7ee20952;5;freiksenet@gmail.com;stefanprobst@kolabnow.com
extend-node.js;MODIFY;1036;0.0;Equal;True;2019-07-22 16:58:49+00:00;False;54;53;2817;e7868e104de506843a43f64c1014ccd196062a00;35;misiek.piechowiak@gmail.com;ward@coding-tech.com
extend-node.js;MODIFY;1092;56.0;Grew;True;2019-08-08 20:38:50+00:00;False;58;57;3139;f77e23355729ef8d01b3695291fc9977967299dc;3;mathews.kyle+gatsbybot@gmail.com;Patouche@users.noreply.github.com
extend-node.js;MODIFY;1092;0.0;Equal;True;2019-08-14 15:23:48+00:00;False;58;57;3139;c53640df3a844574ee3e6bc25c61dadc0ee726b9;1;me@sidharthachatterjee.com;51756861+nguyenami@users.noreply.github.com
extend-node.js;MODIFY;1107;15.0;Grew;True;2019-08-21 13:51:30+00:00;False;60;59;3221;f8cae168fa0d0ca3b966b0d63443697324b94546;31;misiek.piechowiak@gmail.com;freiksenet@gmail.com
extend-node.js;MODIFY;1109;2.0;Grew;True;2019-09-02 07:58:33+00:00;False;61;59;3226;6ba39ad98398dc5815e08735ff1857e9205b726f;3;ward@coding-tech.com;stefanprobst@kolabnow.com
extend-node.js;MODIFY;1129;20.0;Grew;True;2019-10-09 08:25:29+00:00;False;62;60;3258;cc6acdf8979548cadf3850eb2f269a56d57c11e7;3;me@sidharthachatterjee.com;austaras@outlook.com
extend-node.js;MODIFY;1129;0.0;Equal;True;2019-11-10 20:40:25+00:00;False;62;60;3258;7447d10846a0c5f703454f21c991738ecf95a7ba;31;me@sidharthachatterjee.com;me@sidharthachatterjee.com
extend-node.js;MODIFY;1131;2.0;Grew;True;2019-11-19 08:12:39+00:00;False;62;60;3267;e4dae4d6a46fe9ba1c3fb5398d8569e657553bd3;46;mathews.kyle+gatsbybot@gmail.com;vladimir.razuvaev@gmail.com
extend-node.js;MODIFY;1133;2.0;Grew;True;2019-12-05 14:09:57+00:00;False;62;60;3275;01615bbc26d86c07d9c8bd4fde1d830ea230e236;7;noreply@github.com;209817+pvdz@users.noreply.github.com
extend-node.js;MODIFY;1159;26.0;Grew;True;2019-12-10 12:47:12+00:00;False;63;61;3296;e65848cd3d0b826bfbedaeceecb0bd196f448725;4;misiek.piechowiak@gmail.com;austaras@outlook.com
extend-node.js;MODIFY;1190;31.0;Grew;True;2019-12-10 13:54:59+00:00;False;65;63;3400;fceb7900b58682496a9ef1f201a6e28c9edd4090;3;misiek.piechowiak@gmail.com;samuelrae@gmail.com
extend-node.js;MODIFY;1258;68.0;Grew;True;2019-12-16 15:40:15+00:00;False;60;58;3415;1abcbb25576f6f730963e1e370ba474f430fecea;6;mathews.kyle+gatsbybot@gmail.com;me@ameo.link
extend-node.js;MODIFY;1253;-5.0;Decreased;True;2020-02-11 12:58:22+00:00;False;60;58;3415;d677debad4d2909326e67ff4b5ba76a67f2cb2ff;4;noreply@github.com;38713361+jlkiri@users.noreply.github.com
extend-node.js;MODIFY;1266;13.0;Grew;True;2020-04-28 10:43:34+00:00;False;62;60;3461;8586ca390ef9d87d55576e80540183118413b4d8;8;noreply@github.com;johnrichter@users.noreply.github.com
extend-node.js;MODIFY;1253;-13.0;Decreased;True;2020-05-04 07:11:12+00:00;False;60;58;3415;87f82bcfc9c6c502cae167697361becdebe46889;7;noreply@github.com;ward@coding-tech.com
extend-node.js;MODIFY;1319;66.0;Grew;True;2020-05-06 09:35:42+00:00;False;62;60;3571;464bdb4a7b469022e24c9a8c18305e0bfa7b37b3;5;noreply@github.com;bongnv@users.noreply.github.com
extend-node.js;MODIFY;1318;-1.0;Grew;True;2020-11-10 11:01:51+00:00;False;61;59;3570;071d50d665c6f5542e29286eaef4dc54a61bb4d8;6;noreply@github.com;209817+pvdz@users.noreply.github.com
extend-node.js;MODIFY;1320;2.0;Grew;True;2021-02-18 18:53:53+00:00;False;62;60;3579;8bd42aa01563eca49004056564df6bf6810b36ab;3;noreply@github.com;laurie@gatsbyjs.com
extend-node.js;MODIFY;1320;0.0;Equal;True;2021-02-23 06:52:46+00:00;False;62;60;3579;249905ac92f11efdb2333828667b946a860a1a27;22;noreply@github.com;ward@coding-tech.com
extend-node.js;MODIFY;1320;0.0;Equal;True;2021-08-09 08:12:59+00:00;False;62;60;3579;4a765b5c62208d58f0bd7fd59558160c0b9feed3;176;noreply@github.com;29139614+renovate[bot]@users.noreply.github.com
extend-node.js;MODIFY;1322;2.0;Grew;True;2021-09-14 18:03:24+00:00;False;62;60;3593;4712acc619c19cd23a1b2e94e7253ddd624aa927;20;noreply@github.com;misiek.piechowiak@gmail.com
extend-node.js;MODIFY;1346;24.0;Grew;True;2021-12-19 14:15:56+00:00;False;69;64;3671;34cb202d9c8c202f082edb03c4cc1815eb81abe1;79;noreply@github.com;ward@coding-tech.com
extend-node.js;MODIFY;1346;0.0;Equal;True;2022-10-19 15:27:10+00:00;False;69;64;3676;9f840adc2e5fada5014f27814b49fbdf914d4ef9;47;noreply@github.com;lekoarts@gmail.com
