file_name;change_type;n_loc;lines_balance;size_change;is_large;date;swapped_classification;complexity;methods;tokens;hash;files_on_commit;committer_email;author_email
ventoy_cmd.c;ADD;3609;0.0;Equal;False;2021-05-08 06:22:37+00:00;False;658;106;21516;849dfb463d5788f483668d2abe886e4a2b628172;28;admin@ventoy.net;admin@ventoy.net
ventoy_cmd.c;MODIFY;3614;5.0;Grew;False;2021-05-12 14:49:12+00:00;False;660;106;21554;ca62128f9bb4c349637be30cb8290919e03684f7;14;admin@ventoy.net;admin@ventoy.net
ventoy_cmd.c;MODIFY;3643;29.0;Grew;False;2021-05-13 15:05:42+00:00;False;662;106;21759;93996cf7e2b4c1a762131c02344b24c1bc89400a;120;admin@ventoy.net;admin@ventoy.net
ventoy_cmd.c;MODIFY;3643;0.0;Equal;False;2021-05-14 14:27:26+00:00;False;662;106;21759;672632a0c28fdd86d3903c80b44a2d5bf8b97c67;3;admin@ventoy.net;admin@ventoy.net
ventoy_cmd.c;MODIFY;3696;53.0;Grew;False;2021-05-15 11:44:20+00:00;False;670;109;22057;99fbd14f08c339e80ccc1fb1d61f6da555671510;4;admin@ventoy.net;admin@ventoy.net
ventoy_cmd.c;MODIFY;3697;1.0;Grew;False;2021-05-29 11:42:16+00:00;False;670;109;22073;ac3ab97686d73068f17267fc8360dce1efffc241;13;admin@ventoy.net;admin@ventoy.net
ventoy_cmd.c;MODIFY;3716;19.0;Grew;False;2021-06-25 03:49:45+00:00;False;676;112;22205;b347c1b5da1852eabaf0c3a15476ea0cd6b28e2e;8;admin@ventoy.net;admin@ventoy.net
ventoy_cmd.c;MODIFY;3885;169.0;Grew;False;2021-07-27 11:08:40+00:00;False;711;116;23230;5d0ebf4510594180cedf2e1879ab2117863d7626;4;admin@ventoy.net;admin@ventoy.net
ventoy_cmd.c;MODIFY;3901;16.0;Grew;False;2021-08-11 01:44:09+00:00;False;713;117;23299;bafac7479d065f5127cc28c7aa43da6c19475f62;4;admin@ventoy.net;admin@ventoy.net
ventoy_cmd.c;MODIFY;3944;43.0;Grew;False;2021-08-12 11:47:43+00:00;False;719;119;23522;7babe823d6734de89d0e30003269feb56ef30501;7;admin@ventoy.net;admin@ventoy.net
ventoy_cmd.c;MODIFY;4024;80.0;Grew;False;2021-08-19 03:40:23+00:00;False;738;122;23961;112c557428e19a2ab303ea73d7123044299e0f66;3;admin@ventoy.net;admin@ventoy.net
ventoy_cmd.c;MODIFY;4025;1.0;Grew;False;2021-08-23 08:56:17+00:00;False;738;122;23977;05e208ea2a3603f5fb5eb2c9faf630661f1dc7d0;8;admin@ventoy.net;admin@ventoy.net
ventoy_cmd.c;MODIFY;4072;47.0;Grew;False;2021-08-26 06:17:44+00:00;False;745;123;24239;c5af17e04e5f0ca61a38247f2216ba3fae178527;6;admin@ventoy.net;admin@ventoy.net
ventoy_cmd.c;MODIFY;4113;41.0;Grew;False;2021-09-27 13:00:08+00:00;False;751;124;24402;d72bb15956ccf039a03702bc47c984f42d7df960;31;admin@ventoy.net;admin@ventoy.net
ventoy_cmd.c;MODIFY;4114;1.0;Grew;False;2021-10-11 13:11:52+00:00;False;751;124;24418;c18399e8b43f34a96a066dff06e6a884009af7e2;192;admin@ventoy.net;admin@ventoy.net
ventoy_cmd.c;MODIFY;4113;-1.0;Decreased;False;2021-10-12 03:24:04+00:00;False;751;124;24402;67b8a34e8c20007026915bf6e1af55a825d42bf8;5;admin@ventoy.net;admin@ventoy.net
ventoy_cmd.c;MODIFY;4135;22.0;Grew;False;2021-10-20 09:00:20+00:00;False;755;124;24506;9cfd05811bb8b81b937f5b042e054ef975ecaea4;5;admin@ventoy.net;admin@ventoy.net
ventoy_cmd.c;MODIFY;4183;48.0;Grew;False;2021-10-22 03:58:49+00:00;False;757;124;25517;f3b65452f4f75f6cb5d561d96b395a5e178d3cbc;1;admin@ventoy.net;admin@ventoy.net
ventoy_cmd.c;MODIFY;4197;14.0;Grew;True;2021-10-23 15:15:25+00:00;True;759;124;25597;836e1aa11e78ef170f0017631b2014b241a47f72;9;admin@ventoy.net;admin@ventoy.net
ventoy_cmd.c;MODIFY;4223;26.0;Grew;True;2021-10-25 01:29:51+00:00;False;766;125;25721;e713946fd05fca4392eb5f26d70235365ff09e98;2;admin@ventoy.net;admin@ventoy.net
ventoy_cmd.c;MODIFY;4223;0.0;Equal;True;2021-11-01 11:45:53+00:00;False;766;125;25717;f842d46f904e1387dbabed3147da6924e2f8fd44;1;admin@ventoy.net;admin@ventoy.net
ventoy_cmd.c;MODIFY;4276;53.0;Grew;True;2021-11-02 15:23:39+00:00;False;779;126;26018;e763d7590f830dc59aaa0c9dab8d6a3c0867944f;4;admin@ventoy.net;admin@ventoy.net
ventoy_cmd.c;MODIFY;4278;2.0;Grew;True;2021-11-13 14:49:51+00:00;False;779;126;26046;b5a649f96f58c519f716c7c0696b65c16ccc7276;6;admin@ventoy.net;admin@ventoy.net
ventoy_cmd.c;MODIFY;4279;1.0;Grew;True;2021-11-15 08:00:30+00:00;False;779;126;26062;164c8d65056c27fc8675b5df2fb9246bb92b1a00;9;admin@ventoy.net;admin@ventoy.net
ventoy_cmd.c;MODIFY;4281;2.0;Grew;True;2021-11-16 11:32:23+00:00;False;779;126;26094;d938100eeb4d7af4c29cd73f2b3233f169ecda9f;5;admin@ventoy.net;admin@ventoy.net
ventoy_cmd.c;MODIFY;4253;-28.0;Decreased;True;2021-11-24 07:46:21+00:00;False;780;126;25312;6a506ee7f30dfc7defa9fc285a9dad7eb98237da;8;admin@ventoy.net;admin@ventoy.net
ventoy_cmd.c;MODIFY;4260;7.0;Grew;True;2022-01-08 15:07:04+00:00;False;783;126;25364;1f49265f29459295bc1b66c53da3de9e99a9370e;38;admin@ventoy.net;admin@ventoy.net
ventoy_cmd.c;MODIFY;4270;10.0;Grew;True;2022-02-05 16:25:27+00:00;False;784;126;25429;34a36bfc3e1b39334a1a20bfbd1c49ed9fde8513;7;admin@ventoy.net;admin@ventoy.net
ventoy_cmd.c;MODIFY;4553;283.0;Grew;True;2022-02-13 09:00:39+00:00;False;836;134;26997;ba5978d2987cce2545e10696a6ca14c6d54fdc92;287;admin@ventoy.net;admin@ventoy.net
ventoy_cmd.c;MODIFY;4593;40.0;Grew;True;2022-02-14 15:31:54+00:00;False;841;136;27302;a1c6fe2d2428cb8a1b4a9e11a9a5075a4bccecd1;27;admin@ventoy.net;admin@ventoy.net
ventoy_cmd.c;MODIFY;4596;3.0;Grew;True;2022-02-15 03:31:03+00:00;False;842;136;27320;7d37cab21d17297e6fa98209062838d4dba7d940;3;admin@ventoy.net;admin@ventoy.net
ventoy_cmd.c;MODIFY;4598;2.0;Grew;True;2022-02-15 06:42:46+00:00;False;842;136;27327;96fdd594f098200c5bb3561bb446047f7bc51240;3;admin@ventoy.net;admin@ventoy.net
ventoy_cmd.c;MODIFY;4665;67.0;Grew;True;2022-02-22 14:23:33+00:00;False;852;139;27765;c3718d600154199f8d20f649226e20f3f663e048;2;admin@ventoy.net;admin@ventoy.net
ventoy_cmd.c;MODIFY;4666;1.0;Grew;True;2022-03-06 11:31:18+00:00;False;852;139;27781;ff14c07c4e6f1491dffae22bb213de4830c81c52;8;admin@ventoy.net;admin@ventoy.net
ventoy_cmd.c;MODIFY;4667;1.0;Grew;True;2022-03-08 10:27:07+00:00;False;852;139;27797;ce862da402b8944c948731cd5505310e3c09c36b;23;admin@ventoy.net;admin@ventoy.net
ventoy_cmd.c;MODIFY;4679;12.0;Grew;True;2022-03-08 11:26:04+00:00;False;856;140;27880;6ae8bf840d3f1bdcd5c0c1481009a2a1a64e2664;2;admin@ventoy.net;admin@ventoy.net
ventoy_cmd.c;MODIFY;4679;0.0;Equal;True;2022-03-29 14:49:37+00:00;False;856;140;27881;a20592ecd18a82a62d84b1a6087ff2e608d633b4;7;noreply@github.com;10670106+a1ive@users.noreply.github.com
ventoy_cmd.c;MODIFY;4679;0.0;Equal;True;2022-03-30 08:35:07+00:00;False;856;140;27880;f683bcbd590c0d8a8dbe7dcf439b8c4450d7c854;6;admin@ventoy.net;admin@ventoy.net
ventoy_cmd.c;MODIFY;4679;0.0;Equal;True;2022-03-30 11:52:04+00:00;False;856;140;27884;791da48673ace3121376c5d8cd43cbd09b5d2c06;4;admin@ventoy.net;admin@ventoy.net
ventoy_cmd.c;MODIFY;4679;0.0;Equal;True;2022-04-19 07:34:31+00:00;False;856;140;27886;620229508b2ee039d286cce54c9c7396b12edf43;4;admin@ventoy.net;admin@ventoy.net
ventoy_cmd.c;MODIFY;4681;2.0;Grew;True;2022-04-28 14:07:30+00:00;False;856;140;27897;0984f5ba58dbd89104f0b56299eb57c774c80fcf;7;admin@ventoy.net;admin@ventoy.net
ventoy_cmd.c;MODIFY;4696;15.0;Grew;True;2022-05-02 13:05:58+00:00;False;858;141;27997;d4d87366205a6b560218cb80d81c1283b53ce3bb;3;admin@ventoy.net;admin@ventoy.net
ventoy_cmd.c;MODIFY;4698;2.0;Grew;True;2022-05-03 00:54:52+00:00;False;858;141;28007;75c6c7257f6a695e98c1f875db36e4807715bc25;1;admin@ventoy.net;admin@ventoy.net
ventoy_cmd.c;MODIFY;4701;3.0;Grew;True;2022-05-03 10:41:16+00:00;False;858;141;28030;69da3a59d80ebfe341a37ee63714a201bf1bc59c;2;admin@ventoy.net;admin@ventoy.net
ventoy_cmd.c;MODIFY;4719;18.0;Grew;True;2022-05-31 09:39:54+00:00;False;862;141;28128;7f2f845a6853cf2675e04badc0486f04a9b1dbbc;2;admin@ventoy.net;admin@ventoy.net
ventoy_cmd.c;MODIFY;4775;56.0;Grew;True;2022-06-08 02:15:56+00:00;False;876;142;28353;1c0b4ee90324bb38369d4d4ad59d793bbeff8fc7;2;admin@ventoy.net;admin@ventoy.net
ventoy_cmd.c;MODIFY;4941;166.0;Grew;True;2022-06-15 12:53:35+00:00;False;907;144;29247;595b9441e9ebb909de6a421b9699cb7c4cef491e;11;admin@ventoy.net;admin@ventoy.net
ventoy_cmd.c;MODIFY;4946;5.0;Grew;True;2022-06-17 01:36:01+00:00;False;911;144;29249;c0901977179a9f81024b7013239ba196234e3dc7;1;admin@ventoy.net;admin@ventoy.net
ventoy_cmd.c;MODIFY;4986;40.0;Grew;True;2022-06-17 04:25:21+00:00;False;921;145;29399;f200c1473069d21611441b1abcb02d1e44c592b0;1;admin@ventoy.net;admin@ventoy.net
ventoy_cmd.c;MODIFY;4998;12.0;Grew;True;2022-06-19 05:56:49+00:00;False;922;144;29562;b976923f00764cd029f9ead7cebafc763af37187;23;admin@ventoy.net;admin@ventoy.net
ventoy_cmd.c;MODIFY;5012;14.0;Grew;True;2022-07-01 11:10:12+00:00;False;923;144;29713;e46e24dde7f000c4f824807c773d07c42ecec114;24;admin@ventoy.net;admin@ventoy.net
ventoy_cmd.c;MODIFY;5013;1.0;Grew;True;2022-07-13 15:40:45+00:00;False;923;144;29715;5d6d6df39bdc60575db9a2527dbb4781771de188;1;admin@ventoy.net;admin@ventoy.net
ventoy_cmd.c;MODIFY;5012;-1.0;Decreased;True;2022-09-15 17:05:58+00:00;False;924;144;29668;e79dc57ebe8d1818fac798d90567915cc4609a13;8;admin@ventoy.net;admin@ventoy.net
ventoy_cmd.c;MODIFY;5133;121.0;Grew;True;2022-09-21 11:41:51+00:00;False;949;147;30401;17f9e2fd09d973d39885348fee4906da3aa190ac;31;admin@ventoy.net;admin@ventoy.net
ventoy_cmd.c;MODIFY;5161;28.0;Grew;True;2022-09-24 13:06:29+00:00;False;953;148;30525;ebc5e2e993d2fbf43421b08d4668f7402880cc71;4;admin@ventoy.net;admin@ventoy.net
ventoy_cmd.c;MODIFY;5205;44.0;Grew;True;2022-09-25 04:31:32+00:00;False;964;149;30734;ebe0b7d2826a9d597de1e67a1d0476d6d9d629ee;1;noreply@github.com;10670106+a1ive@users.noreply.github.com
ventoy_cmd.c;MODIFY;5207;2.0;Grew;True;2022-10-07 09:28:31+00:00;False;965;149;30744;09a6d33d62b1302aa40fe17338f971a9a48cd1eb;1;admin@ventoy.net;admin@ventoy.net
ventoy_cmd.c;MODIFY;5208;1.0;Grew;True;2022-10-22 07:28:16+00:00;False;965;149;30760;4a42bdfce72171f5b5eb63f4518c5049dfccd712;6;admin@ventoy.net;admin@ventoy.net
ventoy_cmd.c;MODIFY;5187;-21.0;Decreased;True;2022-10-22 08:13:03+00:00;False;965;149;30506;1ab1799b72c374e71332060cae2cc9823d753ae8;7;admin@ventoy.net;admin@ventoy.net
ventoy_cmd.c;MODIFY;5200;13.0;Grew;True;2022-10-26 07:27:51+00:00;False;969;150;30573;7d90912a09e5a0f4d3f84fce6e09a8fa426f6294;5;admin@ventoy.net;admin@ventoy.net
ventoy_cmd.c;MODIFY;5214;14.0;Grew;True;2022-12-02 12:35:59+00:00;False;970;151;30698;511b8091ebc60586efef0e3d07205f6b5bc49345;26;admin@ventoy.net;admin@ventoy.net
ventoy_cmd.c;MODIFY;5222;8.0;Grew;True;2022-12-04 07:33:16+00:00;False;971;152;30757;fd7e34b6322c789829acffbe7039ae83df02edae;5;admin@ventoy.net;admin@ventoy.net
ventoy_cmd.c;MODIFY;5229;7.0;Grew;True;2022-12-05 02:51:15+00:00;False;973;152;30783;f222f8cac9754ef8742ab63bc30016b73d3f2ecf;3;admin@ventoy.net;admin@ventoy.net
ventoy_cmd.c;MODIFY;5252;23.0;Grew;True;2022-12-19 15:49:25+00:00;False;976;155;30934;44a3e237408d42394ca950d9cc3477b97629c310;37;admin@ventoy.net;admin@ventoy.net
ventoy_cmd.c;MODIFY;5303;51.0;Grew;True;2022-12-22 14:14:51+00:00;False;989;158;31228;f434d1f5d0a7e75f5a289b8350f2fe7b4487148f;24;admin@ventoy.net;admin@ventoy.net
ventoy_cmd.c;MODIFY;5323;20.0;Grew;True;2022-12-23 03:42:22+00:00;False;993;158;31296;4707022ef9664feff6ddb4a910e5c305429cb08d;1;admin@ventoy.net;admin@ventoy.net
ventoy_cmd.c;MODIFY;5289;-34.0;Decreased;True;2022-12-23 07:52:43+00:00;False;985;154;31072;a377dd617224609af3c52da552d7b8f123b5a58a;5;admin@ventoy.net;admin@ventoy.net
ventoy_cmd.c;MODIFY;5320;31.0;Grew;True;2022-12-24 01:39:27+00:00;False;994;155;31183;12b51bcf090e80803e2bab681bb91ea52e327df3;1;admin@ventoy.net;admin@ventoy.net
ventoy_cmd.c;MODIFY;5557;237.0;Grew;True;2022-12-31 16:31:08+00:00;False;1035;160;32527;c6bd857cbe5a94d7a508519c229c84c542971f1c;4;admin@ventoy.net;admin@ventoy.net
ventoy_cmd.c;MODIFY;5561;4.0;Grew;True;2023-01-03 11:11:36+00:00;False;1035;160;32543;afb3340ce7a5e92ebafa1d49640826409990cb5d;1;admin@ventoy.net;admin@ventoy.net
ventoy_cmd.c;MODIFY;5568;7.0;Grew;True;2023-01-04 07:55:32+00:00;False;1036;160;32591;4b17ee30c499f3d39245db03f731646c6f46ed88;22;admin@ventoy.net;admin@ventoy.net
ventoy_cmd.c;MODIFY;5568;0.0;Equal;True;2023-01-04 11:19:32+00:00;False;1036;160;32591;c7dcaa57342a3c5b556d8572dfdba720bb15eba3;2;admin@ventoy.net;admin@ventoy.net
ventoy_cmd.c;MODIFY;5692;124.0;Grew;True;2023-01-10 04:23:35+00:00;False;1058;161;33260;c308892db0c50170621f69d6f3785f1ce10381ad;3;admin@ventoy.net;admin@ventoy.net
ventoy_cmd.c;MODIFY;5694;2.0;Grew;True;2023-01-10 08:17:08+00:00;False;1058;161;33292;e0132ac4b5afd952acefcd1ccaf18f0a87f397f7;5;admin@ventoy.net;admin@ventoy.net
ventoy_cmd.c;MODIFY;5698;4.0;Grew;True;2023-03-07 10:05:33+00:00;False;1058;161;33299;7fa4724743fb687288eba28df902b36a69c47d4e;2;admin@ventoy.net;admin@ventoy.net
ventoy_cmd.c;MODIFY;5709;11.0;Grew;True;2024-05-19 08:00:46+00:00;False;1063;161;33354;1b2483ec1410056d48ddd388df1c6bf83ba81a7c;3;admin@ventoy.net;admin@ventoy.net
