file_name;change_type;n_loc;lines_balance;size_change;is_large;date;swapped_classification;complexity;methods;tokens;hash;files_on_commit;committer_email;author_email
RouteRegistrarTest.php;MODIFY;170;0.0;Equal;False;2016-12-05 19:08:30+00:00;False;38;38;1095;677563189476bfcfa019295be0a7da6b33950127;4;contact@josephsilber.com;contact@josephsilber.com
RouteRegistrarTest.php;MODIFY;170;0.0;Equal;False;2016-12-05 19:08:30+00:00;False;38;38;1095;f353d7586430ef0f06c8d4aeac100da63f510b76;2;contact@josephsilber.com;contact@josephsilber.com
RouteRegistrarTest.php;ADD;166;-4.0;Decreased;False;2016-12-05 19:08:30+00:00;False;37;37;1085;fb13b08265cf1cce8d3026943cdb1016cd91d4ba;4;contact@josephsilber.com;contact@josephsilber.com
RouteRegistrarTest.php;MODIFY;183;17.0;Grew;False;2016-12-05 19:08:49+00:00;False;42;42;1205;e4f8619e41637b496c03a0b8a44f22fe468857d5;2;contact@josephsilber.com;contact@josephsilber.com
RouteRegistrarTest.php;MODIFY;183;0.0;Equal;False;2016-12-21 19:53:13+00:00;False;42;42;1205;9d3ff161fd3929f9a106f007ce63fffdd118d490;6;taylor@laravel.com;taylor@laravel.com
RouteRegistrarTest.php;MODIFY;184;1.0;Grew;False;2016-12-30 20:31:11+00:00;False;42;42;1212;81a8d7da74f5df0723523f0bfce0a798b7d586ed;174;taylor@laravel.com;vinkla@users.noreply.github.com
RouteRegistrarTest.php;MODIFY;185;1.0;Grew;False;2017-01-17 14:30:19+00:00;False;42;42;1219;75a6ef8532a306fc6e7c3e81f0fa9c17dd337641;213;taylor@laravel.com;bowersbros@gmail.com
RouteRegistrarTest.php;MODIFY;202;17.0;Grew;False;2017-04-11 05:35:56+00:00;False;44;44;1399;137f94472d592589b3febc6858a556452a787bf5;1;jari.pekkala@outlook.com;jaripekkala@Jaris-MacBook-Pro.local
RouteRegistrarTest.php;MODIFY;228;26.0;Grew;False;2017-04-11 06:12:41+00:00;False;49;49;1638;007b72e4d2e4f9722e85db38fc7884daf443dfc7;2;jari.pekkala@outlook.com;jari.pekkala@outlook.com
RouteRegistrarTest.php;MODIFY;227;-1.0;Decreased;False;2017-04-11 06:13:12+00:00;False;49;49;1631;b226c759a4d208ab2215c4e7bfde7cf8ba98f5ea;1;jari.pekkala@outlook.com;jari.pekkala@outlook.com
RouteRegistrarTest.php;MODIFY;236;9.0;Grew;False;2017-04-11 06:40:53+00:00;False;50;50;1665;398e3f2e8ccd3414e9e3ebc2a733ff1cda0ea375;2;jari.pekkala@outlook.com;jari.pekkala@outlook.com
RouteRegistrarTest.php;MODIFY;236;0.0;Equal;False;2017-04-18 15:10:39+00:00;False;50;50;1665;354b5799e35f8ffb4732dcdd8b7bc8d1ef79a6a4;1;noreply@github.com;taylor@laravel.com
RouteRegistrarTest.php;MODIFY;236;0.0;Equal;False;2017-05-17 16:12:56+00:00;False;50;50;1665;f5c1ae91947171f022b0f2b0bf4d1475dbd68491;6;soy@miguelpiedrafita.com;soy@miguelpiedrafita.com
RouteRegistrarTest.php;MODIFY;243;7.0;Grew;False;2017-06-26 13:03:34+00:00;False;51;51;1743;822da72ce2c341fb7a199e88bd9966144bd68fc6;1;taylor@laravel.com;lucasmichot@users.noreply.github.com
RouteRegistrarTest.php;MODIFY;243;0.0;Equal;False;2017-07-03 13:01:42+00:00;False;51;51;1743;5443e2673b918712ba4f04a3e8d5c2417c6e7fa7;39;taylor@laravel.com;lucasmichot@users.noreply.github.com
RouteRegistrarTest.php;MODIFY;247;4.0;Grew;False;2017-08-12 20:48:21+00:00;False;51;51;1802;e6995b8a07985c4eb116624c13ccb10eb12e3c58;2;taylor@laravel.com;balping314@gmail.com
RouteRegistrarTest.php;MODIFY;270;23.0;Grew;False;2017-10-11 19:21:11+00:00;False;56;56;2055;6410c04b49e17e969135d0e6ed2c8b288a1a006b;2;taylor@laravel.com;themsaid@gmail.com
RouteRegistrarTest.php;MODIFY;270;0.0;Equal;False;2018-02-20 15:34:24+00:00;False;56;56;2055;c29871eebeea3a9d0ec4f7f431f1732ae37e8751;5;gregoriohc@gmail.com;gregoriohc@gmail.com
RouteRegistrarTest.php;MODIFY;284;14.0;Grew;False;2018-04-16 08:39:28+00:00;False;57;57;2229;4b033fedd86feb5b3af2bc43aa813f2e2a7e5104;2;daniel@tighten.co;daniel@tighten.co
RouteRegistrarTest.php;MODIFY;284;0.0;Equal;False;2018-04-16 09:08:07+00:00;False;57;57;2223;4ba828bdc3ace37920bf6d9f761931750b3b73b7;2;daniel@tighten.co;daniel@tighten.co
RouteRegistrarTest.php;MODIFY;303;19.0;Grew;False;2018-05-25 14:38:46+00:00;False;61;61;2417;c4ccd93842e109fbea6c7bf6f875aaf1c0cdf9ab;2;taylor@laravel.com;lucas@semalead.com
RouteRegistrarTest.php;MODIFY;312;9.0;Grew;False;2018-08-15 21:02:31+00:00;False;65;65;2484;a8a5ad7e58fd250440bd2c47b6a55d57b4c38950;3;taylor@laravel.com;8ironaleks8@gmail.com
RouteRegistrarTest.php;MODIFY;420;108.0;Grew;False;2018-08-28 14:30:33+00:00;False;93;93;3958;0788f39f29247f6506bf8cec539c8a94a7d8c8a8;2;taylor@laravel.com;pet1330@gmail.com
RouteRegistrarTest.php;MODIFY;420;0.0;Equal;False;2018-10-05 12:48:10+00:00;False;93;93;3969;385dc86409a0d4c664fd7acbef57939bf9152582;89;taylor@laravel.com;info@michaeldeboey.be
RouteRegistrarTest.php;MODIFY;420;0.0;Equal;False;2018-10-10 17:25:54+00:00;False;93;93;3843;f8b810e7c033ea69b40102e9da81cbf4d90c5435;28;taylor@laravel.com;lucas@semalead.com
RouteRegistrarTest.php;MODIFY;420;0.0;Equal;False;2018-10-10 20:19:53+00:00;False;93;93;3843;dce44bcd443d261a255ff70d7e4fd148aaf6eacd;41;taylor@laravel.com;lucas@semalead.com
RouteRegistrarTest.php;MODIFY;428;8.0;Grew;False;2018-10-18 03:45:28+00:00;False;94;94;3925;816454182e012abc8d2582345a8d107072648c6e;2;taylor@laravel.com;schursin@gmail.com
RouteRegistrarTest.php;MODIFY;428;0.0;Equal;False;2019-02-07 15:07:08+00:00;False;92;92;3929;8fc3a75b413267a30e41464d358c1d0714a6a186;220;dries.vints@gmail.com;dries.vints@gmail.com
RouteRegistrarTest.php;MODIFY;431;3.0;Grew;False;2019-02-07 16:04:40+00:00;False;92;92;3948;68f0906814db8ec4b5fe26b27ebeaa8e78796951;60;dries.vints@gmail.com;dries.vints@gmail.com
RouteRegistrarTest.php;MODIFY;431;0.0;Equal;False;2019-02-07 16:36:32+00:00;False;92;92;3948;ad7c7024d74aed99b3e278d0e786b4a503d153eb;10;dries.vints@gmail.com;dries.vints@gmail.com
RouteRegistrarTest.php;MODIFY;431;0.0;Equal;False;2019-02-07 16:41:34+00:00;False;92;92;3948;bd8d6bfd7a4c6c4240a1b6f30934e23a361d4baf;9;taylor@laravel.com;dries.vints@gmail.com
RouteRegistrarTest.php;MODIFY;431;0.0;Equal;False;2019-02-08 22:15:08+00:00;False;92;92;3948;222800c2658647619ed9cbf608faaae277a1c8a1;207;dries.vints@gmail.com;dries.vints@gmail.com
RouteRegistrarTest.php;MODIFY;431;0.0;Equal;False;2019-08-27 12:48:17+00:00;False;92;92;3948;1d5ee86d47ae0b250477721ac0e4adae0d486f9f;152;taylor@laravel.com;lucas.michot@shopify.com
RouteRegistrarTest.php;MODIFY;431;0.0;Equal;False;2019-09-10 15:16:05+00:00;False;92;92;3948;1bbe5528568555d597582fdbec73e31f8a818dbc;677;taylor@laravel.com;dries.vints@gmail.com
RouteRegistrarTest.php;MODIFY;439;8.0;Grew;False;2020-01-23 05:02:54+00:00;False;93;93;4041;7c3867fa6703ed49cfae623d8b1702f5af684ccd;4;stephan@vandiepen.info;stephan@vandiepen.info
RouteRegistrarTest.php;MODIFY;439;0.0;Equal;False;2020-01-23 05:30:34+00:00;False;93;93;4041;5cf32e87189f521caabdababc85f76852d7561c0;3;stephan@vandiepen.info;stephan@vandiepen.info
RouteRegistrarTest.php;MODIFY;447;8.0;Grew;False;2020-04-12 18:40:11+00:00;False;95;95;4115;6364f258860c846140675bc34468ab345be8af43;4;dainiuspuzas@gmail.com;dainiuspuzas@gmail.com
RouteRegistrarTest.php;MODIFY;447;0.0;Equal;False;2020-04-13 19:34:33+00:00;False;95;95;4115;412261c180a0ffb561078b7f0647f2a0a5c46c8d;4;taylorotwell@gmail.com;taylorotwell@gmail.com
RouteRegistrarTest.php;MODIFY;456;9.0;Grew;False;2020-05-19 17:00:47+00:00;False;96;96;4189;ec381797cdd3edc483d91d97857ae3bf67a1e018;4;noreply@github.com;info@sebdesign.eu
RouteRegistrarTest.php;MODIFY;468;12.0;Grew;False;2020-08-08 10:15:20+00:00;False;99;99;4252;ba8af9efa5f6fb6f0469bb8ce8db9f694ec03010;3;x-faider48@mail.ru;x-faider48@mail.ru
RouteRegistrarTest.php;MODIFY;468;0.0;Equal;False;2020-08-10 14:13:34+00:00;False;99;99;4252;3dcc4a6bc6640b3d577c6740d63b6ef3df42e124;2;taylorotwell@gmail.com;taylorotwell@gmail.com
RouteRegistrarTest.php;MODIFY;491;23.0;Grew;False;2020-08-10 14:39:09+00:00;False;105;105;4419;f2c5e1d5a19a21c3b34163ce41dd9d290ae4474d;5;noreply@github.com;hello@iamgergo.com
RouteRegistrarTest.php;MODIFY;498;7.0;Grew;False;2020-08-16 20:55:54+00:00;False;106;106;4471;42ba0ef3e379cb1e0fa38c3d3297109ff1234a1d;2;taylorotwell@gmail.com;taylorotwell@gmail.com
RouteRegistrarTest.php;MODIFY;513;15.0;Grew;False;2020-10-12 14:20:10+00:00;False;109;109;4608;6e5e36f1b06cf0ea9763bd47ad66b7aa983d6e32;2;noreply@github.com;imanghafoori1@gmail.com
RouteRegistrarTest.php;MODIFY;446;-67.0;Decreased;False;2020-10-27 18:12:56+00:00;False;94;94;4093;25a1d76ae7a55636b7a3a1e88427f0d3b0b5ef4a;1;dries@vints.io;dries@vints.io
RouteRegistrarTest.php;MODIFY;531;85.0;Grew;False;2020-10-27 19:14:27+00:00;False;113;113;4764;d3dd2b8b3a9c92f27d675177d50d2e5f7f2c8f8b;4;gregori.pineres02@gmail.com;gregori.pineres02@gmail.com
RouteRegistrarTest.php;MODIFY;531;0.0;Equal;False;2020-10-27 21:36:15+00:00;False;113;113;4764;6d29bc2487b5504cfa6b5d30dadb7f2f2cc798a8;2;gregori.pineres02@gmail.com;gregori.pineres02@gmail.com
RouteRegistrarTest.php;MODIFY;531;0.0;Equal;False;2020-10-27 22:24:49+00:00;False;113;113;4764;d189e6f999bda5a6d910988ea8a6a1dded0d2db7;1;noreply@github.com;gregori.pineres02@gmail.com
RouteRegistrarTest.php;MODIFY;531;0.0;Equal;False;2020-10-28 13:08:07+00:00;False;113;113;4768;c2df0d5faddeb7e58d1832c1c1f0f309619969af;5;taylorotwell@gmail.com;taylorotwell@gmail.com
RouteRegistrarTest.php;MODIFY;539;8.0;Grew;False;2020-11-09 13:55:59+00:00;False;115;115;4824;b31f88f2dc9a5a9f81cebef1ca73ff0b6297b0ab;2;noreply@github.com;bullredeyes@gmail.com
RouteRegistrarTest.php;MODIFY;552;13.0;Grew;False;2021-03-11 15:08:31+00:00;False;117;117;5015;62925b64310bb796dff479aea4acc55a1620d470;3;olzhas.290100@gmail.com;olzhas.290100@gmail.com
RouteRegistrarTest.php;MODIFY;554;2.0;Grew;False;2021-03-12 14:12:04+00:00;False;117;117;5015;6d1da017689c004efece0bde8c3790202c359a31;1;noreply@github.com;taylor@laravel.com
RouteRegistrarTest.php;MODIFY;554;0.0;Equal;False;2021-07-05 15:30:07+00:00;False;117;117;5015;ab5a864c147fdbfcce9f1a81fe56743977ede210;33;noreply@github.com;goodjack@users.noreply.github.com
RouteRegistrarTest.php;MODIFY;563;9.0;Grew;False;2021-10-07 13:32:24+00:00;False;120;120;5082;a6831988cf7146cae0581337a964241c15f18847;2;noreply@github.com;guardsmanpanda@gmail.com
RouteRegistrarTest.php;MODIFY;628;65.0;Grew;False;2021-11-02 15:10:59+00:00;False;132;132;5457;8febec76411872306b58aeb1d9f4224e8c1c2ad1;3;noreply@github.com;DarkGhostHunter@Gmail.com
RouteRegistrarTest.php;MODIFY;643;15.0;Grew;False;2021-11-02 18:22:07+00:00;False;135;135;5541;1b1decbca3ebaddefefdd79aba4182670affd650;4;noreply@github.com;DarkGhostHunter@Gmail.com
RouteRegistrarTest.php;MODIFY;653;10.0;Grew;False;2021-11-09 15:31:19+00:00;False;138;138;5627;0d6d602105350d2e26f4b61f1e97002708f1993a;2;noreply@github.com;james@alt-three.com
RouteRegistrarTest.php;MODIFY;660;7.0;Grew;False;2021-11-09 16:58:12+00:00;False;140;140;5682;a31c2f87e89238eaa88ce2a9dd6698df1ea9884c;1;taylor@laravel.com;taylor@laravel.com
RouteRegistrarTest.php;MODIFY;730;70.0;Grew;False;2022-01-13 18:41:16+00:00;False;155;155;6095;25aa82ed9dcda14cb91e047a5118692e7502ea0f;4;noreply@github.com;lukeraymonddowning@gmail.com
RouteRegistrarTest.php;MODIFY;729;-1.0;Decreased;False;2022-01-24 16:32:49+00:00;False;155;155;6088;ea22e103278516528afceacdaba1bd666ae36139;5;noreply@github.com;lucas@semalead.com
RouteRegistrarTest.php;MODIFY;738;9.0;Grew;False;2022-04-02 15:38:16+00:00;False;157;157;6180;0cc725b4f8d5bad89a704abb348402844d128cb0;3;noreply@github.com;Propaganistas@users.noreply.github.com
RouteRegistrarTest.php;MODIFY;836;98.0;Grew;False;2022-08-18 14:56:17+00:00;False;187;187;7034;6c87065b3e310f60079b724d88560c35b7487294;3;noreply@github.com;code@ollie.codes
RouteRegistrarTest.php;MODIFY;870;34.0;Grew;False;2022-10-31 13:50:19+00:00;False;193;193;7304;779fe61f4268ab3daba7e8c5d7edab94ed07f3ef;2;noreply@github.com;mateus.jatene@gmail.com
RouteRegistrarTest.php;MODIFY;887;17.0;Grew;False;2022-11-04 21:12:41+00:00;False;198;198;7439;c76c3bdddf3bac41f92bbcaddb50d1053d0011f2;3;noreply@github.com;ockle@users.noreply.github.com
RouteRegistrarTest.php;MODIFY;1008;121.0;Grew;True;2023-05-18 14:03:38+00:00;True;211;211;8719;4b3bd091d7a4e8a9c205cf528d3f08c345c8c1be;4;noreply@github.com;enunomaduro@gmail.com
RouteRegistrarTest.php;MODIFY;1025;17.0;Grew;True;2023-05-30 14:15:36+00:00;False;213;213;8824;dc141b47b5ecd67e78d305dc586d5c52f04bb14b;1;noreply@github.com;98118400+milwad-dev@users.noreply.github.com
RouteRegistrarTest.php;MODIFY;1042;17.0;Grew;True;2023-05-30 17:54:40+00:00;False;217;217;8915;cbe29800b763083ba7705f65f4710b0667b083d3;1;noreply@github.com;98118400+milwad-dev@users.noreply.github.com
RouteRegistrarTest.php;MODIFY;729;-313.0;Decreased;False;2023-06-11 21:11:10+00:00;True;155;155;6088;99fa2e33da0e6534bdc698bc6e6e685303111d5f;5;hello@gjcampbell.co.uk;hello@gjcampbell.co.uk
RouteRegistrarTest.php;MODIFY;1042;313.0;Grew;True;2023-11-27 15:30:57+00:00;True;217;217;8915;e8465354aad6ec52a86d5bb916822869a048fca2;3;noreply@github.com;rlwedelschaap@gmail.com
RouteRegistrarTest.php;MODIFY;1053;11.0;Grew;True;2024-04-18 15:05:12+00:00;False;218;218;9015;9c1b34cd009c4089244b9dd58796baa2d0004a37;2;noreply@github.com;osbre@protonmail.com
RouteRegistrarTest.php;MODIFY;1073;20.0;Grew;True;2024-08-23 16:25:31+00:00;False;226;226;9189;b543d69c1eff68cbaea6dd96aa8e37ab466654f0;10;noreply@github.com;32384907+NickSdot@users.noreply.github.com
