file_name;change_type;n_loc;lines_balance;size_change;is_large;date;swapped_classification;complexity;methods;tokens;hash;files_on_commit;committer_email;author_email
TestResponseTest.php;RENAME;705;0.0;Equal;False;2020-01-08 15:03:00+00:00;False;197;197;4331;abee1a2737fd4e04bb2726b21aeb0e26fc7e0b21;14;taylor@laravel.com;crynobone@gmail.com
TestResponseTest.php;MODIFY;712;7.0;Grew;False;2020-01-22 16:46:35+00:00;False;199;199;4359;4323d7023147b8fd0e2a5f1d3ed7dd6b2eead936;2;taylor@laravel.com;browner12@gmail.com
TestResponseTest.php;MODIFY;719;7.0;Grew;False;2020-02-03 15:33:21+00:00;False;201;201;4391;98cf52d52cf0e23fc50f6d09cee5f5866a442212;2;noreply@github.com;browner12@gmail.com
TestResponseTest.php;MODIFY;753;34.0;Grew;False;2020-07-17 13:18:51+00:00;False;215;215;4526;5bb7b2bf5d45db40cca58ced85fe98bcedb24f19;2;noreply@github.com;1752195+claudiodekker@users.noreply.github.com
TestResponseTest.php;MODIFY;757;4.0;Grew;False;2020-07-27 16:15:53+00:00;False;217;217;4573;a115167959a628c5fa2af2d9421e632dde185841;1;dev@nabialek.org;dev@nabialek.org
TestResponseTest.php;MODIFY;757;0.0;Equal;False;2020-07-27 16:19:31+00:00;False;217;217;4573;fd662d4699776a94e7ead2a42e82c340363fc5a6;2;dev@nabialek.org;dev@nabialek.org
TestResponseTest.php;MODIFY;775;18.0;Grew;False;2020-07-27 16:38:04+00:00;False;221;221;4707;f86d9bd7451123e437dd068714e9258145a61c20;1;dev@nabialek.org;dev@nabialek.org
TestResponseTest.php;MODIFY;764;-11.0;Decreased;False;2020-08-24 15:38:17+00:00;False;218;218;4583;7161c83d4f4a28300eb5d1e739c25e3fd7ec5deb;2;noreply@github.com;james.s.fairhurst@gmail.com
TestResponseTest.php;MODIFY;786;22.0;Grew;False;2020-10-06 12:39:54+00:00;False;224;224;4764;7d76a86b6d66b3d0416463c80b759c4631148d76;49;noreply@github.com;49806042+MortezaPoussaneh@users.noreply.github.com
TestResponseTest.php;MODIFY;908;122.0;Grew;False;2020-10-27 14:50:30+00:00;False;252;252;5404;afca8377c24b8b6955611d9050062ccfbc3f3737;2;hi@johnrivs.com;hi@johnrivs.com
TestResponseTest.php;MODIFY;984;76.0;Grew;True;2020-12-14 20:30:57+00:00;True;259;259;5947;8968f68c6be534317d9c8e6c5c1df794617c6531;2;inxilpro@users.noreply.github.com;inxilpro@users.noreply.github.com
TestResponseTest.php;MODIFY;984;0.0;Equal;True;2020-12-14 20:33:53+00:00;False;259;259;5951;669b3371d27424fb507d48f5a7e75de479901c86;2;inxilpro@users.noreply.github.com;inxilpro@users.noreply.github.com
TestResponseTest.php;MODIFY;983;-1.0;Decreased;True;2020-12-14 20:59:30+00:00;False;259;259;5936;e401fa7480ab31b4a150ce88754a01e1cdf21615;2;inxilpro@users.noreply.github.com;inxilpro@users.noreply.github.com
TestResponseTest.php;MODIFY;983;0.0;Equal;True;2020-12-14 21:01:41+00:00;False;259;259;5936;70192dc0e576476d516939a063dbbd6dd922ef4a;1;inxilpro@users.noreply.github.com;inxilpro@users.noreply.github.com
TestResponseTest.php;MODIFY;990;7.0;Grew;True;2020-12-14 21:09:05+00:00;False;260;260;5977;dd5812050226f45ca6d831a52f56263559d55c38;2;inxilpro@users.noreply.github.com;inxilpro@users.noreply.github.com
TestResponseTest.php;MODIFY;998;8.0;Grew;True;2020-12-14 21:42:13+00:00;False;261;261;6027;0d16ce9c1b3ee194ee7f8b2baef41905925e191f;2;inxilpro@users.noreply.github.com;inxilpro@users.noreply.github.com
TestResponseTest.php;MODIFY;984;-14.0;Decreased;True;2020-12-15 13:51:27+00:00;False;259;259;5947;c34f65496c53b6456ddf782e1dbc9cef861e73d1;2;taylorotwell@gmail.com;inxilpro@users.noreply.github.com
TestResponseTest.php;MODIFY;984;0.0;Equal;True;2020-12-15 13:51:28+00:00;False;259;259;5951;55e5d161f70b7d1250eb73377ad4d235e66e0b37;2;taylorotwell@gmail.com;inxilpro@users.noreply.github.com
TestResponseTest.php;MODIFY;990;6.0;Grew;True;2020-12-15 13:51:28+00:00;False;260;260;5977;be273a8a3ac0cc1a8525d6ed9b1ef8a835a48d48;2;taylorotwell@gmail.com;inxilpro@users.noreply.github.com
TestResponseTest.php;MODIFY;998;8.0;Grew;True;2020-12-15 13:51:28+00:00;False;261;261;6027;1a599a8eaf363244a61f460fb2a8735e8cd0adb2;2;taylorotwell@gmail.com;inxilpro@users.noreply.github.com
TestResponseTest.php;MODIFY;983;-15.0;Decreased;True;2020-12-15 13:51:28+00:00;False;259;259;5936;3963bed4a539521ab29ee870c283957e43082d59;2;taylorotwell@gmail.com;inxilpro@users.noreply.github.com
TestResponseTest.php;MODIFY;983;0.0;Equal;True;2020-12-15 13:51:28+00:00;False;259;259;5936;4770f302974443a9fe85f183ababc073c18725e7;1;taylorotwell@gmail.com;inxilpro@users.noreply.github.com
TestResponseTest.php;MODIFY;968;-15.0;Decreased;False;2020-12-17 13:29:36+00:00;True;259;259;5796;79b804ee6ef3f6344b22b5fd334e4af1ae052021;2;noreply@github.com;inxilpro@users.noreply.github.com
TestResponseTest.php;MODIFY;968;0.0;Equal;False;2021-02-09 14:30:06+00:00;False;259;259;5796;3d5c09717ea693b8e3475ca8e8e2f966b169ddb8;5;noreply@github.com;enunomaduro@gmail.com
TestResponseTest.php;MODIFY;1005;37.0;Grew;True;2021-02-10 14:32:46+00:00;True;269;269;5968;fe72373ea803871d90f352b3e68ccbd812d5519e;2;noreply@github.com;paul.androshchuk@gmail.com
TestResponseTest.php;MODIFY;1022;17.0;Grew;True;2021-03-03 19:07:50+00:00;False;273;273;6081;add249472cd192cabcb4f113ff7915f667394141;9;1752195+claudiodekker@users.noreply.github.com;1752195+claudiodekker@users.noreply.github.com
TestResponseTest.php;MODIFY;1023;1.0;Grew;True;2021-03-08 17:49:04+00:00;False;273;273;6090;84f10d707df3c9a0517b5561bcbc60ccc912aee0;5;taylorotwell@gmail.com;taylorotwell@gmail.com
TestResponseTest.php;MODIFY;1022;-1.0;Decreased;True;2021-03-08 17:52:35+00:00;False;273;273;6081;0798479b95fd241c829b0e36a1d6f8573a586738;2;noreply@github.com;taylor@laravel.com
TestResponseTest.php;MODIFY;1031;9.0;Grew;True;2021-03-16 21:41:43+00:00;False;277;277;6125;a7ec58e55daa54568c45bd6b83754179dee950f6;6;noreply@github.com;1752195+claudiodekker@users.noreply.github.com
TestResponseTest.php;MODIFY;1031;0.0;Equal;True;2021-03-19 00:05:33+00:00;False;277;277;6111;74c9365845225459349b76e759ad64daba1ddf45;64;noreply@github.com;lucas.michot@shopify.com
TestResponseTest.php;MODIFY;1085;54.0;Grew;True;2021-06-01 20:26:26+00:00;False;283;283;6448;9e23c74c84671d2594849fe67a8774d29ccc77a8;2;noreply@github.com;tanmaymishu@gmail.com
TestResponseTest.php;MODIFY;1085;0.0;Equal;True;2021-06-28 13:56:26+00:00;False;280;280;6454;e89ab5a8fec46f6e7d6ed7039dd8c518df1ed4fa;21;noreply@github.com;jrh.mjr@gmail.com
TestResponseTest.php;MODIFY;1085;0.0;Equal;True;2021-07-16 12:57:05+00:00;False;280;280;6434;83b70546fc43fa3278d5d101141033fd37edb4c6;5;noreply@github.com;taylor@laravel.com
TestResponseTest.php;MODIFY;1144;59.0;Grew;True;2021-07-18 15:52:13+00:00;False;287;287;6835;c5ee631381a3a494639d585167db25d6de416b41;2;noreply@github.com;jess@jessarcher.com
TestResponseTest.php;MODIFY;1138;-6.0;Decreased;True;2021-07-21 12:24:16+00:00;False;290;290;6724;34aa2723bbb7cd19feecb0c4f803639a251920a2;2;noreply@github.com;jess@jessarcher.com
TestResponseTest.php;MODIFY;1154;16.0;Grew;True;2021-08-01 15:08:59+00:00;False;294;294;6826;6f21e2edad939baa3a36b060d0cd43020457bbc5;2;noreply@github.com;derekmd@hotmail.com
TestResponseTest.php;MODIFY;1192;38.0;Grew;True;2021-08-16 13:32:35+00:00;False;303;303;7089;73bf339145388f9062fa08db32235cc376db0052;2;noreply@github.com;taylor@laravel.com
TestResponseTest.php;MODIFY;1195;3.0;Grew;True;2021-08-18 13:17:39+00:00;False;303;303;7109;ed4f354bf3bb4cb624e15f3046b54a904eac3a29;2;noreply@github.com;dwightwatson@users.noreply.github.com
TestResponseTest.php;MODIFY;1206;11.0;Grew;True;2021-08-26 13:33:20+00:00;False;304;304;7177;21d2fb213e6f4bf4436df1389dfb83c9ef48ee5b;2;noreply@github.com;joby@jobyharding.com
TestResponseTest.php;MODIFY;1215;9.0;Grew;True;2021-10-13 20:17:07+00:00;False;306;306;7233;76872a73f44bbe175639fe6488336c07a571a634;2;ouff@live.se;ouff@live.se
TestResponseTest.php;MODIFY;1215;0.0;Equal;True;2021-10-17 09:49:12+00:00;False;306;306;7233;06ac29baf40a1abaa43c3ddfd5f4ed03b4e7459d;2;ouff@live.se;ouff@live.se
TestResponseTest.php;MODIFY;1233;18.0;Grew;True;2021-10-20 13:28:43+00:00;False;311;311;7344;cdb05c57ff5abbed37c45ed6b28d6bc270c470cb;2;noreply@github.com;juris@totenkopf.lv
TestResponseTest.php;MODIFY;1247;14.0;Grew;True;2021-11-08 20:33:03+00:00;False;313;313;7429;8e2d72728d6911816a97843ec3341e28c92af120;2;noreply@github.com;fabio.ivona@defstudio.it
TestResponseTest.php;MODIFY;1279;32.0;Grew;True;2021-11-11 14:17:45+00:00;False;323;323;7566;8228b9a34ae0ef529e2efb2f1f60763328f6ff89;2;noreply@github.com;toothlessrebel@gmail.com
TestResponseTest.php;MODIFY;765;-514.0;Decreased;False;2021-11-17 15:00:14+00:00;True;218;218;4583;afb0c034072a03a5ab1872fbdea54f8befd873c3;40;noreply@github.com;GrahamCampbell@users.noreply.github.com
TestResponseTest.php;MODIFY;1309;544.0;Grew;True;2022-02-22 14:46:19+00:00;True;325;325;7797;4c95784ed7de0ec8809072f3c8e16d8b9847fc28;31;noreply@github.com;lucas@semalead.com
TestResponseTest.php;MODIFY;1325;16.0;Grew;True;2022-03-10 15:41:31+00:00;False;331;331;7903;f5fe63fd56a3cc3f666982376bbce5d18534f516;2;noreply@github.com;fabien.villepinte@gmail.com
TestResponseTest.php;MODIFY;1337;12.0;Grew;True;2022-03-22 16:44:51+00:00;False;333;333;7987;19b0abf57abc74d09aa059057a5b6576f127c7dc;1;noreply@github.com;rezaaminiroyal@gmail.com
TestResponseTest.php;MODIFY;1347;10.0;Grew;True;2022-03-23 15:38:53+00:00;False;334;334;8072;6f743e236a49df03dd579933e2360a3304b55c5b;1;noreply@github.com;rezaaminiroyal@gmail.com
TestResponseTest.php;MODIFY;1364;17.0;Grew;True;2022-03-26 16:02:00+00:00;False;338;338;8194;f6cf648f143d14ee9bac6fe6aca52bfae4e77897;1;noreply@github.com;rezaaminiroyal@gmail.com
TestResponseTest.php;MODIFY;1377;13.0;Grew;True;2022-03-26 17:19:02+00:00;False;340;340;8287;69bb4803ca50bf5e2dd51cdbeb4125c6e3b69b6d;1;noreply@github.com;rezaaminiroyal@gmail.com
TestResponseTest.php;MODIFY;1385;8.0;Grew;True;2022-03-27 15:43:26+00:00;False;341;341;8354;eb00c1b32894a103982ece97ab952d41e6453ff1;1;noreply@github.com;rezaaminiroyal@gmail.com
TestResponseTest.php;MODIFY;1398;13.0;Grew;True;2022-03-28 21:43:12+00:00;False;343;343;8444;dc81d74e4b471e81ae962109f85276a8c71bc295;1;noreply@github.com;rezaaminiroyal@gmail.com
TestResponseTest.php;MODIFY;1411;13.0;Grew;True;2022-04-04 15:37:23+00:00;False;344;344;8536;ba805e85d203cb6c2d435f803479581810f6e3c6;1;noreply@github.com;rezaaminiroyal@gmail.com
TestResponseTest.php;MODIFY;1418;7.0;Grew;True;2022-04-04 18:03:09+00:00;False;346;346;8575;8c213bea7ce3d8d91a1c31d8e54e040e977679aa;1;noreply@github.com;rezaaminiroyal@gmail.com
TestResponseTest.php;MODIFY;1443;25.0;Grew;True;2022-05-12 15:13:43+00:00;False;350;350;8728;c894325a1ff7b665fe050f61a4ca83ddfb8877aa;3;noreply@github.com;danilo.polani@gmail.com
TestResponseTest.php;MODIFY;1479;36.0;Grew;True;2022-05-15 15:55:52+00:00;False;372;372;9035;d424ab74ed8fb2b9870c1767458599a7b2243930;2;noreply@github.com;69649036+DriverCat@users.noreply.github.com
TestResponseTest.php;MODIFY;1537;58.0;Grew;True;2022-05-19 14:31:04+00:00;False;397;397;9443;b67a140119a72d2b85080056c8fc54d23ced4146;2;noreply@github.com;jason@pureconcepts.net
TestResponseTest.php;MODIFY;1550;13.0;Grew;True;2022-06-08 14:48:12+00:00;False;399;399;9537;1a2e484dd92feab7ef9e82a5a20e2a9bc3e0e2f2;2;noreply@github.com;martin.krisell@gmail.com
TestResponseTest.php;MODIFY;1551;1.0;Grew;True;2022-07-05 02:50:48+00:00;False;399;399;9513;57c5672e12a9bcb6143134dc5644a2b45fe9d207;10;noreply@github.com;513603+lucasmichot@users.noreply.github.com
TestResponseTest.php;MODIFY;1551;0.0;Equal;True;2022-08-08 08:26:36+00:00;False;399;399;9513;7e77f4edc533c02d3741afbb551afd2cb77f2754;1;noreply@github.com;69649036+DriverCat@users.noreply.github.com
TestResponseTest.php;MODIFY;1485;-66.0;Decreased;True;2022-09-15 19:03:01+00:00;False;385;385;9142;b7e096a9ce3107c946ece21a14b0ea60bb66dba5;5;noreply@github.com;jess@jessarcher.com
TestResponseTest.php;MODIFY;1503;18.0;Grew;True;2022-10-04 16:43:55+00:00;False;390;390;9239;58a6770932316699886d273e7540ea3cf80a7d14;2;noreply@github.com;196970+ar2r@users.noreply.github.com
TestResponseTest.php;MODIFY;1522;19.0;Grew;True;2022-10-14 13:34:00+00:00;False;394;392;9341;c703de37d6eee632a3eb661c2866566fda80388e;2;noreply@github.com;hello@timacdonald.me
TestResponseTest.php;MODIFY;1531;9.0;Grew;True;2022-10-17 13:59:30+00:00;False;395;393;9393;4e9a0fd659039fcfefbdf2d4759096e3be61af08;2;noreply@github.com;xico2k@gmail.com
TestResponseTest.php;MODIFY;1540;9.0;Grew;True;2022-11-01 19:47:41+00:00;False;397;394;9441;5b5c595d52bca0e4eae724b6f1603b49e1b9091b;2;noreply@github.com;jules.graus@gmail.com
TestResponseTest.php;MODIFY;1559;19.0;Grew;True;2022-12-13 22:10:49+00:00;False;400;395;9546;373fe0827c10ee4f3a2fe16aefca137b6fa5df3c;2;noreply@github.com;ziadoz@gmail.com
TestResponseTest.php;MODIFY;1540;-19.0;Decreased;True;2022-12-13 22:31:42+00:00;False;397;394;9441;3127f97ebae26dadd8e8ef9e23f53b01a2722683;2;noreply@github.com;taylor@laravel.com
TestResponseTest.php;MODIFY;1565;25.0;Grew;True;2022-12-14 14:50:55+00:00;False;401;396;9581;2181f38c511574dc30a7d7bc6326db018d542b5e;2;noreply@github.com;ziadoz@gmail.com
TestResponseTest.php;MODIFY;1591;26.0;Grew;True;2023-01-23 04:27:10+00:00;False;407;402;9715;2d6d5a27d5c09da9ff7a61c7f07a11dbb7409d46;2;noreply@github.com;phattranminh96@gmail.com
TestResponseTest.php;MODIFY;1703;112.0;Grew;True;2023-01-25 15:37:14+00:00;False;415;410;10347;8262d6de2ab3b712d808434c6d6464bc4daebd7f;6;noreply@github.com;hello@timacdonald.me
TestResponseTest.php;MODIFY;1703;0.0;Equal;True;2023-03-13 03:00:40+00:00;False;415;410;10345;c6bcfc85f592240ee928651aadd00d93ea719891;20;bot@styleci.io;bot@styleci.io
TestResponseTest.php;MODIFY;1742;39.0;Grew;True;2023-04-20 16:29:37+00:00;False;418;413;10564;2b463dd116e3ad75d050ae9c5e60a87715a466aa;2;noreply@github.com;miranalmehrab@protonmail.com
TestResponseTest.php;MODIFY;1755;13.0;Grew;True;2023-05-23 17:38:21+00:00;False;419;414;10637;c8ba769d2dcfdb994549936dc46af5b75c879c5f;2;noreply@github.com;mojtaba.kordpour@gmail.com
TestResponseTest.php;MODIFY;1811;56.0;Grew;True;2023-05-30 14:19:07+00:00;False;423;418;10953;8e7166793224d9b36003fbf896cb3530335cfdf7;2;noreply@github.com;70023120+xurshudyan@users.noreply.github.com
TestResponseTest.php;MODIFY;1819;8.0;Grew;True;2023-06-02 20:57:23+00:00;False;427;422;10993;d6c27a3901d74e23f59998da45228984d7e6e044;1;noreply@github.com;98118400+milwad-dev@users.noreply.github.com
TestResponseTest.php;MODIFY;1829;10.0;Grew;True;2023-06-07 13:21:51+00:00;False;431;426;11034;3faf9ef02dbe92538ffdfc364c256b689eac818c;1;noreply@github.com;98118400+milwad-dev@users.noreply.github.com
TestResponseTest.php;MODIFY;1871;42.0;Grew;True;2023-06-28 15:51:58+00:00;False;441;436;11261;ceb3f18f1548341e8dd41e208f12a68ee615cb64;2;noreply@github.com;browner12@gmail.com
TestResponseTest.php;MODIFY;1829;-42.0;Decreased;True;2023-06-28 15:53:46+00:00;False;431;426;11034;72b50179058f4171c3cea1eb6e521366794a5f7b;2;noreply@github.com;taylor@laravel.com
TestResponseTest.php;MODIFY;1845;16.0;Grew;True;2023-08-21 14:06:46+00:00;False;433;428;11185;4899c53335a943314f6fa1688131aa79ed30d2b8;3;noreply@github.com;gunther@nextapps.be
TestResponseTest.php;MODIFY;1863;18.0;Grew;True;2023-08-30 16:14:34+00:00;False;436;431;11300;47767f6969522197c75d5e98ce8c237ae9723ef1;4;noreply@github.com;peter.fox@peterfox.me
TestResponseTest.php;MODIFY;1902;39.0;Grew;True;2023-12-11 19:22:43+00:00;False;447;439;11586;2039e83fc432e2f92642ce55547681015129d0c8;2;noreply@github.com;hello@timacdonald.me
TestResponseTest.php;MODIFY;1902;0.0;Equal;True;2023-12-16 15:42:44+00:00;False;447;439;11586;2a6437217549046019ca16e06215bf6df94e0544;2;noreply@github.com;marcovoort@gmail.com
TestResponseTest.php;MODIFY;1941;39.0;Grew;True;2024-01-29 14:55:52+00:00;False;462;452;11787;e9c67dbd1b98def11ff6c2be843499d5d828af40;3;noreply@github.com;peter@elmered.com
TestResponseTest.php;MODIFY;1996;55.0;Grew;True;2024-06-06 14:18:24+00:00;False;474;464;12106;8ce249a89738184a854a4f7221ebe28e9756e423;7;noreply@github.com;jess@jessarcher.com
TestResponseTest.php;MODIFY;1992;-4.0;Decreased;True;2024-06-14 16:21:59+00:00;False;474;464;12084;1a473f820f434fd71359f67ad62fea3e70e6e31d;8;noreply@github.com;seriquynh@gmail.com
TestResponseTest.php;MODIFY;2050;58.0;Grew;True;2024-07-29 07:26:48+00:00;False;488;478;12395;5baa538ae7bb47e54c63556c89ff21baa626da8a;2;noreply@github.com;gunther@nextapps.be
TestResponseTest.php;MODIFY;2104;54.0;Grew;True;2024-07-30 06:56:26+00:00;False;500;489;12892;394a6dbba41cd61b16450849e2e5702bda58a52b;3;noreply@github.com;gunther@nextapps.be
TestResponseTest.php;MODIFY;2105;1.0;Grew;True;2024-10-16 16:25:45+00:00;False;500;489;12922;c31b2f524e4746bff6b0d4475455017b578fac0b;4;noreply@github.com;crynobone@gmail.com
