|File Name|Change Type|Local File PATH Old|Local File PATH New|Complexity|Methods|Tokens|Lines Of Code (nloc)|Lines Added|Lines Deleted
0|v9fs.h|MODIFY|fs/9p/v9fs.h|fs/9p/v9fs.h|9|7|579|102|1|1
