file_name;change_type;n_loc;lines_balance;size_change;is_large;date;swapped_classification;complexity;methods;tokens;hash;files_on_commit;committer_email;author_email
parsing.test.ts;ADD;306;0.0;Grew;False;2022-03-31 08:51:49+00:00;False;21;21;1433;554492ec4e53a72fc7b92a4471bc257716d6e3e8;8;noreply@github.com;30407135+ivanahuckova@users.noreply.github.com
parsing.test.ts;MODIFY;336;30.0;Grew;False;2022-04-01 16:33:09+00:00;False;23;23;1681;1110666b6b143e74a29d663c35a1a689ee531b4c;5;noreply@github.com;mr.ocenas@gmail.com
parsing.test.ts;MODIFY;372;36.0;Grew;False;2022-04-04 16:11:15+00:00;False;25;25;1861;24cf70dd291e7a6f42f64e78539b4e4744781cd1;4;noreply@github.com;30407135+ivanahuckova@users.noreply.github.com
parsing.test.ts;MODIFY;392;20.0;Grew;False;2022-04-04 16:44:23+00:00;False;26;26;1949;4c6d2ce618b83305a5d47e9f4951aba69ad0a692;2;noreply@github.com;30407135+ivanahuckova@users.noreply.github.com
parsing.test.ts;MODIFY;449;57.0;Grew;False;2022-04-05 15:07:13+00:00;False;31;31;2198;6938d5b9757c5a2edb421bfe7015c539826988f6;2;noreply@github.com;30407135+ivanahuckova@users.noreply.github.com
parsing.test.ts;MODIFY;499;50.0;Grew;False;2022-05-27 12:00:51+00:00;False;34;34;2439;745b101d41337b49a214ea0556456ba63441e991;4;noreply@github.com;30407135+ivanahuckova@users.noreply.github.com
parsing.test.ts;MODIFY;521;22.0;Grew;False;2022-06-11 19:36:44+00:00;False;35;35;2549;88279dda1ca419d9886bdb9e056a1033775fa653;5;noreply@github.com;30407135+ivanahuckova@users.noreply.github.com
parsing.test.ts;MODIFY;524;3.0;Grew;False;2022-07-12 13:42:01+00:00;False;36;36;2634;2090534635f9fe4b14704a6c3da6d9f259fc65d4;8;noreply@github.com;30407135+ivanahuckova@users.noreply.github.com
parsing.test.ts;MODIFY;524;0.0;Equal;False;2022-07-22 14:59:25+00:00;False;36;36;2634;772b6396f578dbc241a42da667144453119eb008;13;noreply@github.com;30407135+ivanahuckova@users.noreply.github.com
parsing.test.ts;MODIFY;532;8.0;Grew;False;2022-07-25 10:51:28+00:00;False;36;36;2684;53b8e528fc380a2f2bd32839208473c70956c142;4;noreply@github.com;30407135+ivanahuckova@users.noreply.github.com
parsing.test.ts;MODIFY;546;14.0;Grew;False;2022-07-25 13:16:04+00:00;False;36;36;2754;77421907b77d92bcb5d43b42304c218da952cbb2;5;noreply@github.com;30407135+ivanahuckova@users.noreply.github.com
parsing.test.ts;MODIFY;546;0.0;Equal;False;2022-08-03 10:50:43+00:00;False;36;36;2876;7cf2b68e0a0dbc0ab942ed6c1a02873ef79c2283;3;noreply@github.com;matyax@gmail.com
parsing.test.ts;MODIFY;546;0.0;Equal;False;2022-10-05 09:32:33+00:00;False;36;36;2876;4469572b276a18838917aa1fdba3959150bf31e0;7;noreply@github.com;30407135+ivanahuckova@users.noreply.github.com
parsing.test.ts;MODIFY;560;14.0;Grew;False;2022-12-06 11:30:03+00:00;False;37;37;2929;932349b5ab4c91df3b78f99d78d20e7c5b851032;6;noreply@github.com;sven.grossmann@grafana.com
parsing.test.ts;MODIFY;630;70.0;Grew;False;2022-12-22 14:31:41+00:00;False;42;42;3258;9f9bf4650d3ec1d4b734d841bb3cf8a9c54425c1;3;noreply@github.com;sven.grossmann@grafana.com
parsing.test.ts;MODIFY;650;20.0;Grew;False;2023-01-18 14:54:18+00:00;False;43;43;3380;89e77d072f5a613ec91640df7b4040a307b5d928;2;noreply@github.com;matyax@gmail.com
parsing.test.ts;MODIFY;650;0.0;Equal;False;2023-03-03 09:09:34+00:00;False;43;43;3380;9521b0d2d25b8145a76bd06cc21aeec5f0873247;7;noreply@github.com;249032432@qq.com
parsing.test.ts;MODIFY;682;32.0;Grew;False;2023-05-24 13:23:54+00:00;False;45;45;3537;ca44164bea3f115d1645b3e98af160fa0ba1f424;8;noreply@github.com;30407135+ivanahuckova@users.noreply.github.com
parsing.test.ts;MODIFY;710;28.0;Grew;False;2023-05-25 12:22:16+00:00;False;47;47;3670;9abf8140c7f95de1773745ad36ba00af0ec26308;8;noreply@github.com;matyax@gmail.com
parsing.test.ts;MODIFY;738;28.0;Grew;False;2023-06-06 09:07:21+00:00;False;49;49;3806;a81cee1d05ade7d09856ff4b7da1b6712382ee3e;2;noreply@github.com;sven.grossmann@grafana.com
parsing.test.ts;MODIFY;822;84.0;Grew;False;2023-08-23 12:52:19+00:00;False;55;55;4212;fc9b8f6be11fca800c1641e17da3ca02f7a5aa1a;10;noreply@github.com;30407135+ivanahuckova@users.noreply.github.com
parsing.test.ts;MODIFY;794;-28.0;Decreased;False;2023-08-28 17:26:59+00:00;False;53;53;4079;07eb4b1b901eb372e729712a199136975026009b;14;noreply@github.com;sven.grossmann@grafana.com
parsing.test.ts;MODIFY;838;44.0;Grew;False;2023-09-22 09:34:17+00:00;False;56;56;4313;91ed2a6afec1d93ca3ba6b10c5d3c7903856d3e5;18;noreply@github.com;matyax@gmail.com
parsing.test.ts;MODIFY;956;118.0;Grew;True;2023-09-25 18:28:51+00:00;True;60;60;4728;a996f3b4a76478ada18a335dd33b344c75ece72e;2;noreply@github.com;109082771+gtk-grafana@users.noreply.github.com
parsing.test.ts;MODIFY;975;19.0;Grew;True;2023-11-29 14:58:32+00:00;False;61;61;4850;773e0680c53092e589864c2b4c0de0dfef98cf26;10;noreply@github.com;matyax@gmail.com
parsing.test.ts;MODIFY;989;14.0;Grew;True;2024-01-08 16:17:19+00:00;False;62;62;4944;495093540198cbcd7363f472dcac5b9c0ddce77f;2;noreply@github.com;matyax@gmail.com
