file_name;change_type;n_loc;lines_balance;size_change;is_large;date;swapped_classification;complexity;methods;tokens;hash;files_on_commit;committer_email;author_email
utils.test.ts;ADD;14;0.0;Equal;False;2020-09-24 14:44:35+00:00;False;2;2;108;844dd9e8f068f0b5c66bb6f4d53774f0854efbc6;42;noreply@github.com;dominik.prokop@grafana.com
utils.test.ts;ADD;45;31.0;Grew;False;2020-11-05 08:53:27+00:00;False;2;2;157;e54fc47462788e3f0d8055dbf9df40992d1ad9e4;14;noreply@github.com;hugo.haggmark@grafana.com
utils.test.ts;MODIFY;136;91.0;Grew;False;2021-03-09 11:49:05+00:00;False;5;5;439;63746d027bbc0ee61f53c0f47d45343f2ea510b5;11;noreply@github.com;hugo.haggmark@grafana.com
utils.test.ts;MODIFY;288;152.0;Grew;False;2021-04-15 11:00:01+00:00;False;9;9;1448;0cc620aea7417c3d594aab29d4d86c115d5fad36;31;noreply@github.com;dominik.prokop@grafana.com
utils.test.ts;MODIFY;288;0.0;Equal;False;2021-05-06 19:22:03+00:00;False;9;9;1448;9e2e7b66a1f0a54116d711e8c71d337ee7e78232;26;noreply@github.com;oscar.kilhed@grafana.com
utils.test.ts;MODIFY;288;0.0;Equal;False;2021-09-29 17:14:15+00:00;False;9;9;1458;4c8c2f6c960094c8a5d36417d91b133e30e6275d;33;noreply@github.com;ryantxu@gmail.com
utils.test.ts;MODIFY;1951;1663.0;Grew;True;2021-11-09 11:30:04+00:00;True;28;28;6718;b4f00d63124192fd633ad3f843b731681905ed55;17;noreply@github.com;hugo.haggmark@grafana.com
utils.test.ts;MODIFY;1955;4.0;Grew;True;2021-11-09 14:06:14+00:00;False;28;28;6728;6862c7baf8a6f50d1ed571bbdb835b565bf2082c;2;noreply@github.com;hugo.haggmark@grafana.com
utils.test.ts;MODIFY;1993;38.0;Grew;True;2021-11-18 05:22:16+00:00;False;33;33;7101;18cc552edb3bb96c8e55bce74e748b42befea5a3;5;noreply@github.com;hugo.haggmark@grafana.com
utils.test.ts;MODIFY;515;-1478.0;Decreased;False;2022-01-24 09:49:47+00:00;True;17;17;2787;7ee7dfda2bfc21a025391c889ce5f3ff9cc51867;2;noreply@github.com;dominik.prokop@grafana.com
utils.test.ts;MODIFY;645;130.0;Grew;False;2022-02-08 15:27:02+00:00;False;21;21;3442;ffea53f2f630d4320429ecd044032aa5047e82ac;12;noreply@github.com;dominik.prokop@grafana.com
utils.test.ts;MODIFY;725;80.0;Grew;False;2022-03-16 08:05:37+00:00;False;22;22;3895;5ae3e3f6f74b72136a0149da64ff02a73c5e405c;2;noreply@github.com;dominik.prokop@grafana.com
utils.test.ts;MODIFY;809;84.0;Grew;False;2022-04-13 15:29:03+00:00;False;21;21;4154;dfdfe3f4288d3c3d67364925bb5f08a32a009391;13;noreply@github.com;leeoniya@gmail.com
utils.test.ts;MODIFY;804;-5.0;Decreased;False;2022-04-25 16:46:00+00:00;False;21;21;4138;0ca32f0c61473ab4ea25d1c991eeef7befc62a3d;2;noreply@github.com;leeoniya@gmail.com
utils.test.ts;MODIFY;1286;482.0;Grew;True;2022-04-27 14:31:15+00:00;True;23;23;5706;647f7496523a84b308b0218586663b9e4f71a021;3;noreply@github.com;leeoniya@gmail.com
utils.test.ts;MODIFY;1286;0.0;Equal;True;2022-06-28 00:02:05+00:00;False;23;23;5704;fd6c7d518d123fe3392fb5e2bb7092afdc406114;4;noreply@github.com;leeoniya@gmail.com
utils.test.ts;MODIFY;1981;695.0;Grew;True;2022-06-30 09:40:00+00:00;False;33;33;7077;2a6b32598dceb62725f3d4c1cae8145d33434115;9;noreply@github.com;ashley.harrison@grafana.com
utils.test.ts;MODIFY;1941;-40.0;Decreased;True;2022-07-22 15:10:10+00:00;False;19;19;6855;0c8974375956535e15741bc67dd4d34038a8557d;7;noreply@github.com;45561153+kaydelaney@users.noreply.github.com
utils.test.ts;MODIFY;1285;-656.0;Decreased;True;2022-10-20 00:03:44+00:00;False;23;23;5695;e3c2859e83ba9b4ca6068d1ed4557071c0548b0e;9;noreply@github.com;ryantxu@gmail.com
utils.test.ts;MODIFY;1297;12.0;Grew;True;2022-10-21 18:58:23+00:00;False;23;23;5779;7f3b567657b87ea0cd52cdf5efce066bf3c4f596;2;noreply@github.com;zoltan.bedi@gmail.com
utils.test.ts;MODIFY;1297;0.0;Equal;True;2022-11-03 13:24:01+00:00;False;23;23;5777;4d88e2b542c62bf287a60af01fddfa2e6de220b4;2;noreply@github.com;leeoniya@gmail.com
utils.test.ts;MODIFY;1941;644.0;Grew;True;2023-01-31 16:40:00+00:00;False;19;19;6855;e7bfc4e749f7e626ed77d9bc1e46e15e475437fc;8;noreply@github.com;wbrowne@users.noreply.github.com
utils.test.ts;MODIFY;1297;-644.0;Decreased;True;2023-03-30 15:30:49+00:00;False;23;23;5681;89f3f289ebbc69a7bc15b051284237cdd0f3f9c2;2;noreply@github.com;leeoniya@gmail.com
utils.test.ts;MODIFY;1958;661.0;Grew;True;2023-12-19 14:08:28+00:00;False;23;23;6947;315dd757678282d9a621301ebb341d1943df57b4;2;noreply@github.com;jaroslav.benc@grafana.com
utils.test.ts;MODIFY;1297;-661.0;Decreased;True;2024-01-25 09:20:09+00:00;False;23;23;5681;c74169733382f2a97f2057516d61cf47bc0b5bcf;2;noreply@github.com;ashley.harrison@grafana.com
utils.test.ts;MODIFY;1959;662.0;Grew;True;2024-12-06 15:01:51+00:00;False;23;23;6952;1fc9b4bfc1ee0a83e93ab863d9cd2924819b2db1;159;noreply@github.com;jack.westbrook@gmail.com
