file_name;change_type;n_loc;lines_balance;size_change;is_large;date;swapped_classification;complexity;methods;tokens;hash;files_on_commit;committer_email;author_email
collections.ts;RENAME;not calculated;0.0;Equal;False;2022-12-02 08:05:35+00:00;False;not calculated;0;not calculated;3d004f2322018ab00837fd0caa86e13ef5ec2123;535;andrewbastin.k@gmail.com;andrewbastin.k@gmail.com
collections.ts;MODIFY;742.0;0.0;Grew;False;2023-02-14 08:47:00+00:00;False;48;44;3445;b27fe871c4bc1e0697fe5adeb73704581fbb0eae;11;andrewbastin.k@gmail.com;andrewbastin.k@gmail.com
collections.ts;MODIFY;911.0;169.0;Grew;False;2023-02-24 13:39:07+00:00;False;54;50;4292;4ca6e9ec3aa91ba3bc132aeb34e3a7798196b5b7;24;noreply@github.com;53208152+nivedin@users.noreply.github.com
collections.ts;MODIFY;742.0;-169.0;Grew;False;2023-02-28 07:43:27+00:00;False;48;44;3445;3f595978644195781452d4d07379f2552ffdfd7d;219;noreply@github.com;70131076+JoelJacobStephen@users.noreply.github.com
collections.ts;MODIFY;916.0;174.0;Grew;True;2023-03-14 08:31:47+00:00;True;56;51;4309;2179ce6fff78d214344b703c16be625dbf314b81;9;noreply@github.com;53208152+nivedin@users.noreply.github.com
collections.ts;MODIFY;919.0;3.0;Grew;True;2023-03-14 08:46:45+00:00;False;56;51;4323;1372681b8768b219f2ad953b3d64b59ae24c8a7d;1;noreply@github.com;57758277+amk-dev@users.noreply.github.com
collections.ts;MODIFY;931.0;12.0;Grew;True;2023-03-29 06:30:20+00:00;False;56;51;4380;39afeab5f8f10c4b151532990997983ef5c66597;1;noreply@github.com;57758277+amk-dev@users.noreply.github.com
collections.ts;MODIFY;936.0;5.0;Grew;True;2023-03-30 19:15:42+00:00;False;56;51;4410;defece95fc5f2fa3f6c961bdabd399b1c4fbf749;63;noreply@github.com;anwaarulislaam@gmail.com
collections.ts;MODIFY;978.0;42.0;Grew;True;2023-04-05 10:08:57+00:00;False;56;51;4595;1d397af6743a9d03f1c010dda6a50a8cccbb5193;10;noreply@github.com;53208152+nivedin@users.noreply.github.com
collections.ts;MODIFY;1136.0;158.0;Grew;True;2023-04-11 09:00:01+00:00;False;75;59;5128;eeee8af8061084408b581ad08b1b668419c6f757;7;andrewbastin.k@gmail.com;57758277+amk-dev@users.noreply.github.com
collections.ts;MODIFY;1136.0;0.0;Equal;True;2023-08-21 03:36:30+00:00;False;75;59;5129;8c57d8171897bee35349c9e535997929ae2b95fe;56;noreply@github.com;57758277+amk-dev@users.noreply.github.com
collections.ts;MODIFY;1139.0;3.0;Grew;True;2023-10-11 12:51:07+00:00;False;75;59;5153;ba31cdabeae2e13c78735072361663274f315548;60;noreply@github.com;anwaarulislaam@gmail.com
collections.ts;MODIFY;1139.0;0.0;Equal;True;2023-12-06 15:54:29+00:00;False;75;59;5153;ab7c29d2282545fb7c541858f5a652945edb282a;90;noreply@github.com;57758277+amk-dev@users.noreply.github.com
collections.ts;MODIFY;1215.0;76.0;Grew;True;2023-12-13 17:13:18+00:00;False;82;64;5569;47e009267b77c859d7c2f771311a0fe58a5b7bbb;95;noreply@github.com;53208152+nivedin@users.noreply.github.com
collections.ts;MODIFY;1224.0;9.0;Grew;True;2023-12-19 11:34:24+00:00;False;82;64;5612;74359ea74eb392018c104df59761e995e7817dcc;2;noreply@github.com;53208152+nivedin@users.noreply.github.com
collections.ts;MODIFY;1224.0;0.0;Equal;True;2024-01-23 16:54:18+00:00;False;82;64;5612;9e1466a87721ff0ab4ccf553738b858a274cb116;11;noreply@github.com;53208152+nivedin@users.noreply.github.com
collections.ts;MODIFY;1224.0;0.0;Equal;True;2024-03-05 12:19:01+00:00;False;83;64;5614;de8929ab1846be88222d21b437061dabcc0235aa;16;noreply@github.com;jamesgeorge998001@gmail.com
collections.ts;MODIFY;1313.0;89.0;Grew;True;2024-07-29 13:07:34+00:00;False;85;66;6076;c9f92282bf83e82c73fd226e68911d59247eed24;26;noreply@github.com;25279263+jamesgeorge007@users.noreply.github.com
collections.ts;MODIFY;1313.0;0.0;Equal;True;2024-08-30 08:30:13+00:00;False;85;66;6076;703b71de2ceda0783916d27edd1ff6af928ae3a4;26;noreply@github.com;anwaarulislaam@gmail.com
collections.ts;MODIFY;1319.0;6.0;Grew;True;2024-11-22 17:01:00+00:00;False;86;67;6117;e040f44245d499063b4259930669a1aa98ac04b8;6;noreply@github.com;25279263+jamesgeorge007@users.noreply.github.com
collections.ts;MODIFY;1357.0;38.0;Grew;True;2024-11-26 10:26:09+00:00;False;93;69;6272;e8ed938b4c841a20901ab16908691088c32e1e51;66;noreply@github.com;anwaarulislaam@gmail.com
collections.ts;MODIFY;1411.0;54.0;Grew;True;2024-11-28 12:25:00+00:00;False;110;72;6531;e2e769db71ce4c3f543e6cfc87e982328861628f;10;noreply@github.com;anwaarulislaam@gmail.com
