file_name;change_type;n_loc;lines_balance;size_change;is_large;date;swapped_classification;complexity;methods;tokens;hash;files_on_commit;committer_email;author_email
runner.ts;RENAME;1098;0.0;Equal;True;2021-09-07 17:25:37+00:00;True;not calculated;0;not calculated;6cbfeaeb366f21203c2b2602dddd3058643a8556;91;jess@jessicasachs.io;jess@jessicasachs.io
runner.ts;MODIFY;1098;0.0;Equal;True;2021-09-07 17:28:16+00:00;False;332;136;6420;901338866ad3bb8189d8a628e9fa8f8fc8837a1b;153;jess@jessicasachs.io;jess@jessicasachs.io
runner.ts;MODIFY;1102;4.0;Grew;True;2021-09-09 13:16:11+00:00;False;332;136;6435;22a51fa6b58e349a1d5db09bab554fd4a993f6aa;2;noreply@github.com;14625260+Bkucera@users.noreply.github.com
runner.ts;MODIFY;1102;0.0;Equal;True;2021-10-12 20:18:19+00:00;False;332;136;6435;53c2328da876b85f72f62fb68c59fc7c2a467a23;8;blue@everblue.info;blue@everblue.info
runner.ts;MODIFY;1102;0.0;Equal;True;2021-10-15 15:50:04+00:00;False;332;136;6435;ec7ee7468639613e07acda082a9d925a0ae08c40;14;blue@everblue.info;blue@everblue.info
runner.ts;MODIFY;1105;3.0;Grew;True;2021-10-25 18:49:32+00:00;False;333;136;6451;776b7301fd1ccedca1999ca744fbf4c67b3857a1;16;noreply@github.com;blue@cypress.io
runner.ts;MODIFY;1103;-2.0;Decreased;True;2021-11-03 01:28:51+00:00;False;332;136;6445;69d316e42841ce7fab72def9e6f30e873b4a306b;50;noreply@github.com;lachlan.miller.1990@outlook.com
runner.ts;MODIFY;1111;8.0;Grew;True;2021-11-09 19:19:05+00:00;False;336;138;6485;99c8d466c8dc675b381a98d5a16c50f05232dc78;65;noreply@github.com;emilyrohrbough@users.noreply.github.com
runner.ts;MODIFY;1112;1.0;Grew;True;2022-02-14 19:42:08+00:00;False;336;138;6499;191dc92dafbf867d8e13dc81ab0c50554029db3a;18;noreply@github.com;mjhenkes@gmail.com
runner.ts;MODIFY;1112;0.0;Equal;True;2022-02-24 22:41:31+00:00;False;336;138;6499;a0c6f00a99dc9a2c7903dd59201474be7d23b001;9;noreply@github.com;mjhenkes@gmail.com
runner.ts;MODIFY;1121;9.0;Grew;True;2022-02-25 22:42:31+00:00;False;323;141;6661;995798c3f93f5c4efb251fdde8c077ba39800ca0;17;noreply@github.com;sainthkh@naver.com
runner.ts;MODIFY;1121;0.0;Equal;True;2022-03-09 15:45:07+00:00;False;323;141;6656;7d87da9a73f9cc01d294fa99632bd550e803dbb5;5;noreply@github.com;sainthkh@naver.com
runner.ts;MODIFY;1122;1.0;Grew;True;2022-03-10 16:16:59+00:00;False;323;141;6665;188b9a742ee2ef51102167bfd84b3696a3f72a26;5;noreply@github.com;emilyrohrbough@users.noreply.github.com
runner.ts;MODIFY;1122;0.0;Equal;True;2022-04-04 19:17:09+00:00;False;323;141;6670;15a60c17deffccfae953abe1f022b7ac88c3a432;11;noreply@github.com;mjhenkes@gmail.com
runner.ts;MODIFY;1121;-1.0;Decreased;True;2022-04-05 22:18:39+00:00;False;323;141;6656;d0fc93b0dc5c59e85a49d3e097d30980077294f2;22;noreply@github.com;emilyrohrbough@users.noreply.github.com
runner.ts;MODIFY;1122;1.0;Grew;True;2022-04-07 14:40:25+00:00;False;323;141;6665;0caba93a7ad49cdf4da35f3a68d4b7b66032c4c2;17;noreply@github.com;emilyrohrbough@users.noreply.github.com
runner.ts;MODIFY;1127;5.0;Grew;True;2022-04-28 12:59:21+00:00;False;325;142;6711;d94c586f1077b978f2c7fa0b71d90a7ad18dc17b;12;noreply@github.com;estrada9166@gmail.com
runner.ts;MODIFY;1122;-5.0;Decreased;True;2022-05-13 18:57:12+00:00;False;323;141;6672;38bd1bb0488d2c6c36b090e3a4b13d67293320b7;29;noreply@github.com;sainthkh@naver.com
runner.ts;MODIFY;1143;21.0;Grew;True;2022-08-10 19:53:05+00:00;False;326;141;6770;0129a808830e6909d7763e74665ecac6a87a1ee9;13;noreply@github.com;emilyrohrbough@users.noreply.github.com
runner.ts;MODIFY;1146;3.0;Grew;True;2022-08-15 14:46:24+00:00;False;326;141;6780;0aa89fa5b347f50d7a1f4a5c3853f773101ab362;15;noreply@github.com;sainthkh@naver.com
runner.ts;MODIFY;1149;3.0;Grew;True;2022-09-08 20:12:13+00:00;False;328;141;6796;8552e505ea84ec0635b412666816eaf398127777;2;noreply@github.com;emilyrohrbough@users.noreply.github.com
runner.ts;MODIFY;1141;-8.0;Decreased;True;2022-09-08 22:19:13+00:00;False;326;140;6749;0f00d4ca60fb74913467a19ae66a5ac4e52a5e96;1;noreply@github.com;emilyrohrbough@users.noreply.github.com
runner.ts;MODIFY;1130;-11.0;Decreased;True;2022-09-09 21:38:13+00:00;False;329;140;6711;499c0d1566903dfde73516c2823c6e09f49bc30d;8;noreply@github.com;emilyrohrbough@users.noreply.github.com
runner.ts;MODIFY;1133;3.0;Grew;True;2022-09-19 20:18:21+00:00;False;330;140;6744;6968c8ea7ad633de354f063ad01ed88f7a0561e5;12;emilyrohrbough@yahoo.com;emilyrohrbough@yahoo.com
runner.ts;MODIFY;1136;3.0;Grew;True;2022-09-29 23:28:52+00:00;False;330;140;6763;2e363d98a1d95fe71c094b828fc300b9fc0471e9;11;noreply@github.com;lachlan.miller.1990@outlook.com
runner.ts;MODIFY;1135;-1.0;Decreased;True;2022-10-14 14:54:24+00:00;False;329;139;6820;c48b1e0145c04a62e3cc85e4d5d09488bd58e3a2;15;noreply@github.com;emilyrohrbough@users.noreply.github.com
runner.ts;MODIFY;1135;0.0;Equal;True;2022-11-10 15:51:33+00:00;False;329;139;6822;847929e92149bf09d5da921ade13685cadaf151a;54;noreply@github.com;emilyrohrbough@users.noreply.github.com
runner.ts;MODIFY;1135;0.0;Equal;True;2022-11-17 14:10:50+00:00;False;329;139;6822;e3435b6fba05480765769974d829e69cf1e42ca0;77;noreply@github.com;adams@cypress.io
runner.ts;MODIFY;1135;0.0;Equal;True;2022-11-18 22:02:31+00:00;False;329;139;6822;79ea4537649ec49b72286fc6ba48089a0b9ff879;201;noreply@github.com;emilyrohrbough@users.noreply.github.com
runner.ts;MODIFY;1135;0.0;Equal;True;2022-12-29 19:38:55+00:00;False;329;139;6824;6fc13e6f20f203fd58aa18c0a736414aea5e0556;9;noreply@github.com;emilyrohrbough@users.noreply.github.com
runner.ts;MODIFY;1183;48.0;Grew;True;2023-01-31 15:00:03+00:00;False;345;143;7153;660ff675782dba8725e16620ca35fc38e004c23f;173;noreply@github.com;stokes@cypress.io
runner.ts;MODIFY;1183;0.0;Equal;True;2023-03-27 17:14:46+00:00;False;345;143;7153;eed04d57ea8090bf2876f23f5c3fc0178f297e99;6;noreply@github.com;mschile@cypress.io
runner.ts;MODIFY;1184;1.0;Grew;True;2023-05-18 01:48:39+00:00;False;345;143;7159;0db0387a48e1bcbfdc43a74d6db4da9872b63256;11;noreply@github.com;mschile@cypress.io
runner.ts;MODIFY;1194;10.0;Grew;True;2023-06-15 18:59:48+00:00;False;348;145;7216;0dedccfcd18e7e9ee61cbaa7385b34f709d36dfd;11;noreply@github.com;ryanm@cypress.io
runner.ts;MODIFY;1215;21.0;Grew;True;2023-07-05 20:55:33+00:00;False;354;147;7358;d2058a3e002e9f565ba67b5effc20b64defe0157;14;noreply@github.com;ryanm@cypress.io
runner.ts;MODIFY;1216;1.0;Grew;True;2023-07-20 13:44:24+00:00;False;354;147;7362;8be24a1562065fd2ab8a87a704be125aba2b3485;7;noreply@github.com;ryanm@cypress.io
runner.ts;MODIFY;1218;2.0;Grew;True;2023-07-25 20:12:45+00:00;False;356;147;7388;fb68512bfaa7d64a7308e16f5df1e88e49119ec3;4;noreply@github.com;dave.m.kasper@gmail.com
runner.ts;MODIFY;1229;11.0;Grew;True;2023-08-11 18:38:40+00:00;False;362;148;7512;8b14bc4a7c815fb06a8909edef8aded6a41316b6;9;noreply@github.com;ryanm@cypress.io
runner.ts;MODIFY;1231;2.0;Grew;True;2023-10-10 18:06:38+00:00;False;364;148;7522;b3b7d3ba65d8ccdc72eb73c8943da8c896281ad5;2;noreply@github.com;145067587+young-robot@users.noreply.github.com
runner.ts;MODIFY;1272;41.0;Grew;True;2023-10-26 18:06:14+00:00;False;380;150;7775;201e9f366e2a297b4e10bb6ea3c4ebd5d37ca3bb;65;noreply@github.com;bglesias@gmail.com
runner.ts;MODIFY;1276;4.0;Grew;True;2023-11-02 20:23:25+00:00;False;381;150;7789;969d28c59c27f941b813929e0a362deee9395f6c;11;noreply@github.com;mschile@cypress.io
