file_name;change_type;n_loc;lines_balance;size_change;is_large;date;swapped_classification;complexity;methods;tokens;hash;files_on_commit;committer_email;author_email
interp.py;ADD;421;0.0;Grew;False;2022-08-11 05:58:02+00:00;False;3;3;3678;67eb7ec4080c8cbf0cb309407017b4657279615c;1;ganlinzhao@hotmail.com;ganlinzhao@hotmail.com
interp.py;MODIFY;442;21.0;Grew;False;2022-08-18 11:04:26+00:00;False;3;3;3830;4344ba56f51c1c177ce7c6c6d9ed736620ddce7d;1;ganlinzhao@hotmail.com;ganlinzhao@hotmail.com
interp.py;MODIFY;438;-4.0;Decreased;False;2022-08-19 02:05:55+00:00;False;3;3;3796;823fbf9f777e62855c9ba0db0645e2536cba72c9;1;ganlinzhao@hotmail.com;ganlinzhao@hotmail.com
interp.py;MODIFY;466;28.0;Grew;False;2022-08-25 02:56:29+00:00;False;3;3;4017;c254546e3b12182a821e91c0854d0e66cb4847b0;1;ganlinzhao@hotmail.com;ganlinzhao@hotmail.com
interp.py;MODIFY;478;12.0;Grew;False;2022-08-25 03:07:34+00:00;False;8;3;4137;487a1f26aed2581ba7c82c43d9ab5916a1a456e9;1;ganlinzhao@hotmail.com;ganlinzhao@hotmail.com
interp.py;MODIFY;478;0.0;Equal;False;2022-09-22 02:32:14+00:00;False;8;3;4137;22c9f0a82b543e3d84f25861761a96504d411ac7;1;hjliao@taosdata.com;hjliao@taosdata.com
interp.py;MODIFY;661;183.0;Grew;False;2022-09-28 06:08:08+00:00;False;8;3;5789;a2c1c8eaf3102165f0d54ce12da30a10f40e4bc7;1;ganlinzhao@hotmail.com;ganlinzhao@hotmail.com
interp.py;MODIFY;690;29.0;Grew;False;2022-09-28 06:18:25+00:00;False;9;3;6058;49f4aa8f5958174c687a00fad753756a2fc51e72;1;ganlinzhao@hotmail.com;ganlinzhao@hotmail.com
interp.py;MODIFY;719;29.0;Grew;False;2022-10-24 09:46:21+00:00;False;9;3;6177;af6a9aeb13c5d1aa529d3149dee7ee3c0830789b;5;wpan@taosdata.com;wpan@taosdata.com
interp.py;MODIFY;717;-2.0;Equal;False;2022-10-25 07:35:46+00:00;False;9;3;6164;54a5b122a2bb29779653d063bef13751184e6dd5;1;wpan@taosdata.com;wpan@taosdata.com
interp.py;MODIFY;713;-4.0;Equal;False;2022-10-25 09:44:13+00:00;False;9;3;6138;c0106e9ad616be28b04996252bc6bf35f4284628;1;wpan@taosdata.com;wpan@taosdata.com
interp.py;MODIFY;694;-19.0;Grew;False;2022-10-26 03:11:26+00:00;False;9;3;6084;fe25112b59fcaf40244f011620518c1f5a613ab6;1;“happy_guoxy@163.com”;“happy_guoxy@163.com”
interp.py;MODIFY;690;-4.0;Equal;False;2022-10-29 04:54:39+00:00;False;9;3;6060;bae6d824c2576e9fcc84ebade3992b6f93adb8f8;2;hjliao@taosdata.com;hjliao@taosdata.com
interp.py;MODIFY;717;27.0;Equal;False;2022-10-31 06:41:59+00:00;False;9;3;6168;851f34ff36d0c390f58bda312b090bfb231608ae;211;haoran920c@163.com;haoran920c@163.com
interp.py;MODIFY;718;1.0;Grew;False;2022-11-02 09:33:44+00:00;False;9;3;6176;49eee4c074fc8608dd4042b22c6c77c952ca6713;268;haoran920c@163.com;haoran920c@163.com
interp.py;MODIFY;749;31.0;Grew;False;2022-11-08 06:52:18+00:00;False;9;3;6458;df3ae1341fe69192915a2ac8c30e3aab5a25c8a4;1;ganlinzhao@hotmail.com;ganlinzhao@hotmail.com
interp.py;MODIFY;953;204.0;Grew;False;2022-11-08 10:26:07+00:00;False;9;3;8132;7500f3e27eb52874b278703b6430c3dd72a3c20b;1;ganlinzhao@hotmail.com;ganlinzhao@hotmail.com
interp.py;MODIFY;1192;239.0;Grew;False;2022-11-18 06:35:44+00:00;False;9;3;10529;7291f2bd5adb979f7a8bfa449c4765000a037340;2;ganlinzhao@hotmail.com;ganlinzhao@hotmail.com
interp.py;MODIFY;1222;30.0;Grew;False;2022-11-18 07:54:25+00:00;False;9;3;10821;4703ccc4bcc4b8c967948b0f4d698079915c4706;2;ganlinzhao@hotmail.com;ganlinzhao@hotmail.com
interp.py;MODIFY;1581;359.0;Grew;False;2022-11-18 08:31:22+00:00;False;9;3;14367;53fbc7b2567889558c088bfef7a39a396f0eebc7;1;ganlinzhao@hotmail.com;ganlinzhao@hotmail.com
interp.py;MODIFY;1741;160.0;Grew;True;2022-12-15 02:55:11+00:00;True;10;3;15959;17542879b234ed10e2f02164e11578aa8232cdce;2;ganlinzhao@hotmail.com;ganlinzhao@hotmail.com
interp.py;MODIFY;1583;-158.0;Grew;False;2023-02-14 06:25:03+00:00;True;9;3;14381;10e01c0512de659d91d6b622389db379681289d3;1;ganlinzhao@hotmail.com;ganlinzhao@hotmail.com
interp.py;MODIFY;1745;162.0;Grew;True;2023-04-04 07:24:14+00:00;True;10;3;15986;7d9befbe3af49ab9b0755c80f053755d71cfa29f;1;shenglian_zhou@163.com;shenglian_zhou@163.com
interp.py;MODIFY;2042;297.0;Grew;True;2023-04-10 10:36:15+00:00;False;10;3;18753;89e4b15d8e7b8a61d13030026cf630d98ce65400;1;ganlinzhao@hotmail.com;ganlinzhao@hotmail.com
interp.py;MODIFY;2048;6.0;Grew;True;2023-04-13 06:36:16+00:00;False;10;3;18794;be3082c85e3255e2b2cd100ec912f503145eaf14;1;ganlinzhao@hotmail.com;ganlinzhao@hotmail.com
interp.py;MODIFY;2184;136.0;Grew;True;2023-05-04 10:58:07+00:00;False;10;3;20069;7b01cad063afcfc6ab037a375ba24dad2b5efe97;1;ganlinzhao@hotmail.com;ganlinzhao@hotmail.com
interp.py;MODIFY;2421;237.0;Grew;True;2023-05-05 07:43:04+00:00;False;71;3;22217;a3b84b05819363ea26205ae0006dbf24b3e2ea78;1;ganlinzhao@hotmail.com;ganlinzhao@hotmail.com
interp.py;MODIFY;2424;3.0;Grew;True;2023-05-06 02:34:20+00:00;False;71;3;22238;b5026a8775f0131b6a40ba5a0079125f36df347b;1;ganlinzhao@hotmail.com;ganlinzhao@hotmail.com
interp.py;MODIFY;2426;2.0;Grew;True;2023-05-09 07:06:06+00:00;False;71;3;22252;6afc40110d90ca95e8506abad5fe81c15fcb8ec3;1;ganlinzhao@hotmail.com;ganlinzhao@hotmail.com
interp.py;MODIFY;3170;744.0;Grew;True;2023-05-17 06:56:19+00:00;False;91;3;29088;1a59ac6c0acee70d5637a1b2b53cec277295f0cf;1;ganlinzhao@hotmail.com;ganlinzhao@hotmail.com
interp.py;MODIFY;3278;108.0;Grew;True;2023-05-17 07:57:44+00:00;False;113;3;30098;18530e8b33758bf0b867a478dea663deec02a86b;1;ganlinzhao@hotmail.com;ganlinzhao@hotmail.com
interp.py;MODIFY;2450;-828.0;Grew;True;2023-05-17 09:17:36+00:00;False;71;3;22464;30b152c434b1b1031afe7e5550431e49ac1cd318;1;ganlinzhao@hotmail.com;ganlinzhao@hotmail.com
interp.py;MODIFY;2455;5.0;Grew;True;2023-05-17 09:53:36+00:00;False;71;3;22498;312e77f7c2b49118ee6a9737d38a5c6056cafb7c;1;ganlinzhao@hotmail.com;ganlinzhao@hotmail.com
interp.py;MODIFY;2462;7.0;Grew;True;2023-05-18 10:48:00+00:00;False;71;3;22547;0a41ba157386e8ef08dff818d6b012a017ce686d;2;ganlinzhao@hotmail.com;ganlinzhao@hotmail.com
interp.py;MODIFY;2462;0.0;Equal;True;2023-05-19 02:39:33+00:00;False;71;3;22547;807ec0b967ade95aef75ed17f35c43a5e6591566;1;ganlinzhao@hotmail.com;ganlinzhao@hotmail.com
interp.py;MODIFY;2463;1.0;Grew;True;2023-05-19 07:09:30+00:00;False;71;3;22554;0de1c61cea47771b01688990b87fdf4371f664ec;1;ganlinzhao@hotmail.com;ganlinzhao@hotmail.com
interp.py;MODIFY;3285;822.0;Grew;True;2023-05-19 08:44:08+00:00;False;113;3;30147;836efcac9587dca2ac3431bb41b4b6cdfc5e3e55;1;ganlinzhao@hotmail.com;ganlinzhao@hotmail.com
interp.py;MODIFY;2463;-822.0;Equal;True;2023-05-19 08:54:40+00:00;False;71;3;22554;91414ed8e3a5ffb96360be289c0295c3c391afac;1;ganlinzhao@hotmail.com;ganlinzhao@hotmail.com
interp.py;MODIFY;4357;1894.0;Grew;True;2023-05-30 06:21:47+00:00;False;129;3;39166;0dc8baede48f7669ef42ed8a051a5f6a0f0d25d7;1;ganlinzhao@hotmail.com;ganlinzhao@hotmail.com
interp.py;MODIFY;3322;-1035.0;Equal;True;2023-06-05 03:26:45+00:00;False;113;3;30449;8aa2e96d4ed9bc8c2837bfb10340f7431f573f7e;1;wpan@taosdata.com;wpan@taosdata.com
interp.py;MODIFY;3440;118.0;Grew;True;2023-06-05 08:41:09+00:00;False;113;3;31569;384aa4d70bc1751037ec9af1be813eba490af5ad;1;ganlinzhao@hotmail.com;ganlinzhao@hotmail.com
interp.py;MODIFY;3442;2.0;Grew;True;2023-06-07 10:39:33+00:00;False;113;3;31583;46baeefea73e2c6edf038482a96e373335d7edef;1;ganlinzhao@hotmail.com;ganlinzhao@hotmail.com
interp.py;MODIFY;4513;1071.0;Grew;True;2023-06-15 03:01:07+00:00;False;129;3;40634;99ae96daf635585ba92c7713d99c20c04414da75;1;ganlinzhao@hotmail.com;ganlinzhao@hotmail.com
interp.py;MODIFY;4560;47.0;Grew;True;2023-07-10 03:29:14+00:00;False;130;3;41139;33940d711af8a07560cbded7bac62e522829c4f0;1;ganlinzhao@hotmail.com;ganlinzhao@hotmail.com
interp.py;MODIFY;4743;183.0;Grew;True;2023-07-21 02:35:41+00:00;False;133;3;42986;3da83700dd3a88f770b2933d566a9ea5da532410;1;ganlinzhao@hotmail.com;ganlinzhao@hotmail.com
interp.py;MODIFY;4773;30.0;Grew;True;2023-08-11 02:19:45+00:00;False;133;3;43198;b6e0e076679007c2fa4343a0e58430eb00f26bda;1;ganlinzhao@hotmail.com;ganlinzhao@hotmail.com
interp.py;MODIFY;4788;15.0;Grew;True;2023-09-19 08:52:03+00:00;False;133;3;43341;3026c80073e5e63bb4f7c1b593a8ca2d098dffa0;5;285808407@qq.com;285808407@qq.com
interp.py;MODIFY;4786;-2.0;Decreased;True;2024-04-08 03:33:26+00:00;False;133;3;43327;33b1391b9aea51537fde9d84dc205a2d35e8c27c;2;hjliao@taosdata.com;hjliao@taosdata.com
interp.py;MODIFY;4802;16.0;Grew;True;2024-05-29 06:36:14+00:00;False;134;4;43420;9e842929e81f25e192b2e2dd8eea10549e9b4a27;1;pxiao@taosdata.com;pxiao@taosdata.com
interp.py;MODIFY;4976;174.0;Grew;True;2024-07-21 16:06:47+00:00;False;135;5;44343;ebe0074da42821fa6ca6e84e1b561d4e50546d2e;10;285808407@qq.com;285808407@qq.com
interp.py;MODIFY;5013;37.0;Grew;True;2024-07-22 03:34:52+00:00;False;135;5;44585;c01984941334c2ac8866411a320a363a98902763;1;285808407@qq.com;285808407@qq.com
interp.py;MODIFY;5045;32.0;Grew;True;2024-09-27 01:08:17+00:00;False;138;5;44905;77e63d0922f6d230a314d28863744185faab8aa5;2;simondominic9997@outlook.com;simondominic9997@outlook.com
interp.py;MODIFY;5013;-32.0;Decreased;True;2024-10-16 00:05:53+00:00;False;135;5;44585;2b83a20c69008dcbc532e88215dc96a4390e9caa;2;simondominic9997@outlook.com;simondominic9997@outlook.com
