file_name;change_type;n_loc;lines_balance;size_change;is_large;date;swapped_classification;complexity;methods;tokens;hash;files_on_commit;committer_email;author_email
provider.test.ts;RENAME;838;0.0;Equal;False;2024-02-10 13:50:24+00:00;False;100;88;6324;357c253b38bc88d4f26777570c1843c34b142aed;313;noreply@github.com;30977845+Torres-ssf@users.noreply.github.com
provider.test.ts;MODIFY;838;0.0;Equal;False;2024-02-14 15:18:18+00:00;False;96;84;5902;1a607fa0fd4d52fb0e9d38e222a2a17f044d8e17;9;noreply@github.com;30977845+Torres-ssf@users.noreply.github.com
provider.test.ts;MODIFY;838;0.0;Equal;False;2024-02-15 18:36:35+00:00;False;96;84;5902;a2b1a545b66adf9424bbd3be049025f65e4f7a8b;4;noreply@github.com;anderson@arboleya.me
provider.test.ts;MODIFY;839;1.0;Grew;False;2024-02-21 14:56:10+00:00;False;96;84;5907;f5466b6c3972d98c3cf76dd192c1f61c99498687;92;noreply@github.com;djbate23@gmail.com
provider.test.ts;MODIFY;838;-1.0;Decreased;False;2024-02-26 21:11:44+00:00;False;95;84;5910;30e21d14c270371922c7aabd658802ca1c87e1d2;21;noreply@github.com;peter@blueoceancomputing.co.uk
provider.test.ts;MODIFY;918;80.0;Grew;True;2024-03-07 15:53:47+00:00;True;119;99;6541;950f9be3856bbd00ee11c1d41f38729e0ea9c653;6;noreply@github.com;nedim.salkic@fuel.sh
provider.test.ts;MODIFY;981;63.0;Grew;True;2024-03-08 17:44:57+00:00;False;129;106;6904;468b4cfe5fae7fee550072802f7e14f77bc5cddd;5;noreply@github.com;30977845+Torres-ssf@users.noreply.github.com
provider.test.ts;MODIFY;981;0.0;Equal;True;2024-03-29 11:00:15+00:00;False;129;106;6904;6da02a583c9abe4e5c3ac9a5dc4cb7d86fc73c25;10;noreply@github.com;peter@blueoceancomputing.co.uk
provider.test.ts;MODIFY;980;-1.0;Decreased;True;2024-04-11 15:54:37+00:00;False;129;106;6885;498cffe74d92132b27c9ee55d5422d2670b44dd9;10;noreply@github.com;30977845+Torres-ssf@users.noreply.github.com
provider.test.ts;MODIFY;980;0.0;Equal;True;2024-04-15 15:57:41+00:00;False;129;106;6885;dc2911e5537b3ecd54d1b01f9a725f7579a5c786;15;noreply@github.com;nedim.salkic@fuel.sh
provider.test.ts;MODIFY;1184;204.0;Grew;True;2024-04-16 18:21:36+00:00;False;155;121;8236;3c0aacce00a970e7d9563b26f9a2ee4b378661d8;3;noreply@github.com;nedim.salkic@fuel.sh
provider.test.ts;MODIFY;1202;18.0;Grew;True;2024-04-25 18:22:34+00:00;False;157;123;8390;b026feb04876a17c7dc3cd84b80ecc5a90dbc706;105;noreply@github.com;djbate23@gmail.com
provider.test.ts;MODIFY;1204;2.0;Grew;True;2024-04-25 21:27:07+00:00;False;156;123;8407;9c3c094d810b8400e8c0b9ac2830f75ca2ca70b5;169;noreply@github.com;30977845+Torres-ssf@users.noreply.github.com
provider.test.ts;MODIFY;1211;7.0;Grew;True;2024-04-29 21:37:14+00:00;False;157;124;8467;4aca0b80bfdb844a7c028a55488145ae4fa53365;9;noreply@github.com;dhaiwatpandya@gmail.com
provider.test.ts;MODIFY;1220;9.0;Grew;True;2024-05-04 08:38:12+00:00;False;157;124;8608;2990edbb806085665f003b6014f701ef0db1da0d;49;noreply@github.com;30977845+Torres-ssf@users.noreply.github.com
provider.test.ts;MODIFY;1230;10.0;Grew;True;2024-05-05 23:02:42+00:00;False;155;122;8710;f7eacb4ddb86e200473ccf7ce363e0e83add97f6;5;noreply@github.com;nedim.salkic@fuel.sh
provider.test.ts;MODIFY;1230;0.0;Equal;True;2024-05-10 12:51:25+00:00;False;155;122;8710;9bc893ba130f4446abdeb7b097d53886a93f4a83;10;noreply@github.com;30977845+Torres-ssf@users.noreply.github.com
provider.test.ts;MODIFY;1227;-3.0;Decreased;True;2024-05-24 12:18:53+00:00;False;155;122;8682;83bbb7fd57239d031db00fdcdacb17bf70c617e9;40;noreply@github.com;30977845+Torres-ssf@users.noreply.github.com
provider.test.ts;MODIFY;1227;0.0;Equal;True;2024-05-31 11:48:04+00:00;False;155;122;8682;eb6460b53ca4b10c5e5e98bdc5790f407f1b1b2f;15;noreply@github.com;peter@blueoceancomputing.co.uk
provider.test.ts;MODIFY;1243;16.0;Grew;True;2024-06-06 16:58:37+00:00;False;154;121;8771;bb5a123f46313f10d444d361fcfcf52e40f2430c;57;noreply@github.com;nedim.salkic@fuel.sh
provider.test.ts;MODIFY;1243;0.0;Equal;True;2024-06-13 10:28:34+00:00;False;154;121;8771;69c3e511c75edc2e8c779820a06beef4453da756;10;noreply@github.com;30977845+Torres-ssf@users.noreply.github.com
provider.test.ts;MODIFY;1243;0.0;Equal;True;2024-06-14 10:46:07+00:00;False;154;121;8771;e165e37307d65deda99f675723ea26470bf807d8;20;noreply@github.com;peter@blueoceancomputing.co.uk
provider.test.ts;MODIFY;1243;0.0;Equal;True;2024-06-18 11:26:18+00:00;False;154;121;8771;81a77d3f58133bd9370248874cd1a366fc7eabff;10;noreply@github.com;anderson@arboleya.me
provider.test.ts;MODIFY;1243;0.0;Equal;True;2024-06-18 14:59:30+00:00;False;154;121;8771;90e8cbac5e9198d057cfb9743436bafee6d9c0b9;10;noreply@github.com;anderson@arboleya.me
provider.test.ts;MODIFY;1243;0.0;Equal;True;2024-07-09 13:18:35+00:00;False;154;121;8771;4a3c184a87d330596047b26d15e0f88d7e1777cf;8;noreply@github.com;anderson@arboleya.me
provider.test.ts;MODIFY;1470;227.0;Grew;True;2024-07-10 15:48:03+00:00;False;172;138;10402;aa7e6563aa88d59dbeaaca8e4aa54cac686363a8;22;noreply@github.com;30977845+Torres-ssf@users.noreply.github.com
provider.test.ts;MODIFY;1471;1.0;Grew;True;2024-07-22 15:28:54+00:00;False;172;138;10401;83bcfcfe039b41d83e54f5a350c0dd6aca3cfce1;3;noreply@github.com;migueloliveiradev@gmail.com
provider.test.ts;MODIFY;1472;1.0;Grew;True;2024-07-23 06:06:34+00:00;False;172;138;10391;d4c4e555b2d1277b8447f6e6128cc2158e3b198d;31;noreply@github.com;peter@blueoceancomputing.co.uk
provider.test.ts;MODIFY;1296;-176.0;Decreased;True;2024-07-29 21:00:01+00:00;False;159;124;9311;16ee1bfe66733551d00f0a76c21e8a09ea33006f;7;noreply@github.com;30977845+Torres-ssf@users.noreply.github.com
provider.test.ts;MODIFY;1340;44.0;Grew;True;2024-08-07 06:17:09+00:00;False;161;126;9538;0110fd8d74f799d5b34437e7c221e3dbda87c8b8;5;noreply@github.com;migueloliveiradev@gmail.com
provider.test.ts;MODIFY;1380;40.0;Grew;True;2024-08-08 20:19:29+00:00;False;163;128;9722;1d2abd7d0ecd1071042c680b3a9a8d41eb342635;5;noreply@github.com;30977845+Torres-ssf@users.noreply.github.com
provider.test.ts;MODIFY;1445;65.0;Grew;True;2024-08-09 12:18:34+00:00;False;165;133;10290;c7e01b4438552a7afbbd654b7c6baa37371fa5fc;13;noreply@github.com;30977845+Torres-ssf@users.noreply.github.com
provider.test.ts;MODIFY;1445;0.0;Equal;True;2024-08-14 11:04:45+00:00;False;165;133;10290;03ac5508ed49d5185d24333d8bf0517e32fdb5dd;65;noreply@github.com;djbate23@gmail.com
provider.test.ts;MODIFY;1466;21.0;Grew;True;2024-08-15 11:26:09+00:00;False;164;132;10452;5e8a0871a2b98364bf445426aec1d6742b2a269a;106;noreply@github.com;chad.nehemiah94@gmail.com
provider.test.ts;MODIFY;1466;0.0;Equal;True;2024-08-19 07:59:08+00:00;False;164;132;10462;bbd794a78e1850bfdd79f2eaaa400c32a9d46eb6;6;noreply@github.com;nedim.salkic@fuel.sh
provider.test.ts;MODIFY;1466;0.0;Equal;True;2024-08-19 11:41:54+00:00;False;164;132;10462;93095989f54d0a8db23be28b4d3b00b6f4ba048e;5;noreply@github.com;djbate23@gmail.com
provider.test.ts;MODIFY;1499;33.0;Grew;True;2024-08-19 17:49:33+00:00;False;170;136;10769;2be4a5ec5d9d870a94bfbf46636e005c40d6f1cf;3;noreply@github.com;30977845+Torres-ssf@users.noreply.github.com
provider.test.ts;MODIFY;1499;0.0;Equal;True;2024-08-27 01:34:00+00:00;False;170;136;10769;986a247f0a89bbafd0ef47482fff8a4d96711e8d;6;noreply@github.com;30977845+Torres-ssf@users.noreply.github.com
provider.test.ts;MODIFY;1499;0.0;Equal;True;2024-08-27 06:07:14+00:00;False;170;136;10769;ccd94fc250e4590406fbb052c3a8d627a7d9abc8;7;noreply@github.com;30977845+Torres-ssf@users.noreply.github.com
provider.test.ts;MODIFY;1559;60.0;Grew;True;2024-08-30 13:33:20+00:00;False;172;138;11073;a36626ad22f1f4db7186bd367763e7078613bdc0;8;noreply@github.com;chad.nehemiah94@gmail.com
provider.test.ts;MODIFY;1593;34.0;Grew;True;2024-09-03 11:11:25+00:00;False;174;140;11333;90a1d0feaa5afcde31429c09d78768912e1ff0f2;3;noreply@github.com;nedim.salkic@fuel.sh
provider.test.ts;MODIFY;1593;0.0;Equal;True;2024-09-03 19:05:28+00:00;False;174;140;11333;b00fd0225f2630899efb3ebe584dc75344541668;7;noreply@github.com;chad.nehemiah94@gmail.com
provider.test.ts;MODIFY;1600;7.0;Grew;True;2024-09-04 10:20:58+00:00;False;174;140;11386;4cbba829a4cd8510b065202172521e9415fa125f;3;noreply@github.com;30977845+Torres-ssf@users.noreply.github.com
provider.test.ts;MODIFY;1654;54.0;Grew;True;2024-09-04 10:58:36+00:00;False;176;142;11823;121eca3ae946f20b8de438c0f532aab635c2d614;5;noreply@github.com;30977845+Torres-ssf@users.noreply.github.com
provider.test.ts;MODIFY;1617;-37.0;Decreased;True;2024-09-04 11:22:13+00:00;False;175;141;11615;6faabd29932e1968eed8f10e283c6e597cd41250;2;noreply@github.com;30977845+Torres-ssf@users.noreply.github.com
provider.test.ts;MODIFY;1698;81.0;Grew;True;2024-09-11 17:22:16+00:00;False;182;148;12253;aef72824790e95267bff0d58e8ee519b0f31fd7e;6;noreply@github.com;peter@blueoceancomputing.co.uk
provider.test.ts;MODIFY;1698;0.0;Equal;True;2024-09-18 14:25:14+00:00;False;182;148;12253;20d2ac21fef0fa472cf8dba1ba7d98242151dd51;7;noreply@github.com;peter@blueoceancomputing.co.uk
provider.test.ts;MODIFY;1698;0.0;Equal;True;2024-10-07 02:09:20+00:00;False;182;148;12253;c2f05996d03c721e02b226a81dc931fc082c1ad5;41;noreply@github.com;anderson@arboleya.me
provider.test.ts;MODIFY;1698;0.0;Equal;True;2024-10-07 08:37:11+00:00;False;182;148;12253;d4e839f238ba3625689c80ec6401816e946ae04c;9;noreply@github.com;djbate23@gmail.com
provider.test.ts;MODIFY;1698;0.0;Equal;True;2024-10-08 12:48:04+00:00;False;182;148;12255;735bb1cca73a12b3dbee3e6e6f39e8302c1d543a;11;noreply@github.com;dhaiwatpandya@gmail.com
provider.test.ts;MODIFY;1710;12.0;Grew;True;2024-10-09 09:34:31+00:00;False;183;149;12372;c84abb3c07261a934900d20d1f9f6b355e0ed03c;3;noreply@github.com;djbate23@gmail.com
provider.test.ts;MODIFY;1670;-40.0;Decreased;True;2024-10-09 22:11:50+00:00;False;177;145;11991;74991ad5eb160ecf1c586bbe5e6d3c675096da98;4;noreply@github.com;nedim.salkic@fuel.sh
provider.test.ts;MODIFY;1707;37.0;Grew;True;2024-10-10 15:34:25+00:00;False;179;147;12292;9c70eba6857e51d7986ceb9ab0d93b859789cf73;5;noreply@github.com;peter@blueoceancomputing.co.uk
provider.test.ts;MODIFY;1711;4.0;Grew;True;2024-10-10 16:18:34+00:00;False;182;150;12297;45f4a86097ce249d79769451fc8e8ec0b5192717;4;noreply@github.com;30977845+Torres-ssf@users.noreply.github.com
provider.test.ts;MODIFY;1711;0.0;Equal;True;2024-10-10 17:02:02+00:00;False;182;150;12297;fcbcc22c35008854ef289c0428d9806639e3c9dc;3;noreply@github.com;djbate23@gmail.com
provider.test.ts;MODIFY;1733;22.0;Grew;True;2024-10-14 00:31:45+00:00;False;184;152;12463;b78d032e26882c139ebd4025423ab80086916303;5;noreply@github.com;30977845+Torres-ssf@users.noreply.github.com
provider.test.ts;MODIFY;1749;16.0;Grew;True;2024-10-14 01:21:35+00:00;False;185;153;12590;987aed3e5a08b1df9260f8e7a92e12bd96e4fff2;8;noreply@github.com;30977845+Torres-ssf@users.noreply.github.com
provider.test.ts;MODIFY;1766;17.0;Grew;True;2024-10-14 01:55:33+00:00;False;187;155;12738;6b7b6ded33b3343192d852bff14a6372a34ad615;4;noreply@github.com;chad.nehemiah94@gmail.com
provider.test.ts;MODIFY;1768;2.0;Grew;True;2024-10-21 14:04:23+00:00;False;187;155;12751;9dba357cb757abcf1dcaa346eccdedf656b33390;13;noreply@github.com;anderson@arboleya.me
provider.test.ts;MODIFY;1797;29.0;Grew;True;2024-11-12 07:20:36+00:00;False;189;157;12984;8c77765aad82427a3569ca6d8f3f84c9b9767fff;3;noreply@github.com;30977845+Torres-ssf@users.noreply.github.com
provider.test.ts;MODIFY;1801;4.0;Grew;True;2024-11-13 11:34:04+00:00;False;189;157;13012;1226ac3627d8380f021ce6dfcf25dae46654a0fb;7;noreply@github.com;30977845+Torres-ssf@users.noreply.github.com
provider.test.ts;MODIFY;1801;0.0;Equal;True;2024-12-09 20:03:28+00:00;False;193;161;13052;560664d941a7f166f2e160c9d3e2645f57f2c94d;16;noreply@github.com;peter@blueoceancomputing.co.uk
provider.test.ts;MODIFY;1813;12.0;Grew;True;2024-12-11 16:00:09+00:00;False;193;161;13089;ebe5ecd263536b9bb12ecd934b102766c22054d9;27;noreply@github.com;dhaiwatpandya@gmail.com
