file_name;change_type;n_loc;lines_balance;size_change;is_large;date;swapped_classification;complexity;methods;tokens;hash;files_on_commit;committer_email;author_email
context_plan_test.go;RENAME;5940;0.0;Equal;True;2021-05-17 21:09:07+00:00;True;not calculated;0;not calculated;36d0a50427309875e9f7e8084936072db055e124;778;mart@degeneration.co.uk;mart@degeneration.co.uk
context_plan_test.go;MODIFY;5940;0.0;Equal;True;2021-06-25 16:49:07+00:00;False;825;168;41975;d9dfd451ea572219871bb9c5503a471418258e40;38;j.bardin@gmail.com;j.bardin@gmail.com
context_plan_test.go;MODIFY;5940;0.0;Equal;True;2021-07-19 20:42:26+00:00;False;825;168;41968;66a5950acbec653aff0e91cc41c7c84932e73f0b;1;j.bardin@gmail.com;j.bardin@gmail.com
context_plan_test.go;MODIFY;5803;-137.0;Decreased;True;2021-08-30 20:59:14+00:00;False;822;168;42275;89b05050ec0d1cae275fb9a3072e85364ba37a22;55;mart@degeneration.co.uk;mart@degeneration.co.uk
context_plan_test.go;MODIFY;5835;32.0;Grew;True;2021-09-23 21:37:08+00:00;False;832;170;42553;a1a713cf281d9d07ef2dad96d625703051e3e1c6;11;mart@degeneration.co.uk;mart@degeneration.co.uk
context_plan_test.go;MODIFY;5829;-6.0;Decreased;True;2021-10-01 21:43:58+00:00;False;831;170;42502;8d193ad268c6601ac917194e24f581ad36bb91d0;17;mart@degeneration.co.uk;mart@degeneration.co.uk
context_plan_test.go;MODIFY;5830;1.0;Grew;True;2021-11-02 19:38:36+00:00;False;831;170;42516;6b8b0617bbdb36689180628d9f7d8d400de9c625;3;j.bardin@gmail.com;j.bardin@gmail.com
context_plan_test.go;MODIFY;5829;-1.0;Decreased;True;2021-12-14 22:58:10+00:00;False;831;170;42502;d469e86331a6dc4eee9a6d45e00c12dae80bcb32;3;j.bardin@gmail.com;j.bardin@gmail.com
context_plan_test.go;MODIFY;5830;1.0;Grew;True;2022-01-10 20:26:54+00:00;False;831;170;42610;36c4d4c241b3402d7fbf677e4e7850f6ab80e66f;15;mart@degeneration.co.uk;mart@degeneration.co.uk
context_plan_test.go;MODIFY;5848;18.0;Grew;True;2022-05-09 18:12:47+00:00;False;835;170;42751;4cffff24b1d1e0af43aed445e411f4e9cc6e6238;12;mart@degeneration.co.uk;mart@degeneration.co.uk
context_plan_test.go;MODIFY;5893;45.0;Grew;True;2022-05-11 18:01:38+00:00;False;841;173;43031;289bb60ce10cd26a7411bbbe2a307fff994a911a;6;mart@degeneration.co.uk;mart@degeneration.co.uk
context_plan_test.go;MODIFY;5899;6.0;Grew;True;2022-06-23 20:52:23+00:00;False;843;173;43066;90ea7b0bc51b4beb4018449473b8905c67969883;11;mart@degeneration.co.uk;mart@degeneration.co.uk
context_plan_test.go;MODIFY;5899;0.0;Equal;True;2022-08-22 17:59:12+00:00;False;843;173;43066;783a07d9e8a48057544f44f7b6e332519efbb4b7;38;mart@degeneration.co.uk;mart@degeneration.co.uk
context_plan_test.go;MODIFY;5905;6.0;Grew;True;2022-09-06 20:29:08+00:00;False;845;174;43110;673d6ca2bc402630d6ff875a18304f187ed5c338;2;j.bardin@gmail.com;j.bardin@gmail.com
context_plan_test.go;MODIFY;5909;4.0;Grew;True;2022-09-20 15:00:19+00:00;False;846;174;43152;3e281e1edac45ac0675b7818f6266c0f9ecc8d2d;3;j.bardin@gmail.com;j.bardin@gmail.com
context_plan_test.go;MODIFY;5965;56.0;Grew;True;2022-09-30 13:19:29+00:00;False;851;176;43522;92f3a835306d1c3e8a993276074a77bb8d1f0cb0;2;j.bardin@gmail.com;j.bardin@gmail.com
context_plan_test.go;MODIFY;5965;0.0;Equal;True;2023-05-02 15:33:06+00:00;False;851;176;43522;325d18262e9eeb20546e0d27ef002a14fbc21118;1286;noreply@github.com;110428419+hashicorp-copywrite[bot]@users.noreply.github.com
context_plan_test.go;MODIFY;5965;0.0;Equal;True;2023-08-10 22:43:27+00:00;False;851;176;43522;53c34ff49cfbc1f70d7cdd3dca8040551c53737a;1293;noreply@github.com;110428419+hashicorp-copywrite[bot]@users.noreply.github.com
context_plan_test.go;MODIFY;5981;16.0;Grew;True;2023-11-29 18:08:40+00:00;False;855;176;43633;94b32421231b2b94db94edae55b8b1f4b538c875;6;mart@degeneration.co.uk;mart@degeneration.co.uk
context_plan_test.go;MODIFY;5983;2.0;Grew;True;2023-12-07 17:56:36+00:00;False;855;176;43638;b0b8d4aa6faa818480aa5a598b563d0adbdf7ba7;37;mart@degeneration.co.uk;mart@degeneration.co.uk
context_plan_test.go;MODIFY;6023;40.0;Grew;True;2024-02-09 17:24:27+00:00;False;863;176;43830;884e1fb2a4b870185179b98b3368300eb89946fd;52;mart@degeneration.co.uk;mart@degeneration.co.uk
context_plan_test.go;MODIFY;6024;1.0;Grew;True;2024-02-16 09:35:29+00:00;False;863;176;43834;f0b61090a2b5d7c8a6f041c9b478211ba64c3e8e;39;noreply@github.com;liam.cervante@hashicorp.com
context_plan_test.go;MODIFY;6024;0.0;Equal;True;2024-02-21 09:47:35+00:00;False;863;176;43844;c46515c5da92ad9efdbd9d2a6dfce2f8ecc83184;10;noreply@github.com;liam.cervante@hashicorp.com
context_plan_test.go;MODIFY;6125;101.0;Grew;True;2024-04-05 21:01:48+00:00;False;871;178;44410;79479f52c978b443b5a98db4f85f823528b96e69;10;mart@degeneration.co.uk;mart@degeneration.co.uk
context_plan_test.go;MODIFY;6120;-5.0;Decreased;True;2024-04-18 14:32:52+00:00;False;869;178;44307;30e2fd65250979c9cab936b8301a77303b7d7cbd;36;mart@degeneration.co.uk;mart@degeneration.co.uk
context_plan_test.go;MODIFY;6120;0.0;Equal;True;2024-04-23 20:12:59+00:00;False;869;178;44307;015f795ff09d409696c819ae03841ecc946641e1;91;sebastian.rivera@hashicorp.com;sebastian.rivera@hashicorp.com
context_plan_test.go;MODIFY;6116;-4.0;Decreased;True;2024-05-22 15:14:45+00:00;False;869;178;44298;3b620bfe69a8ea67a02b38ce39440ffe60acc565;14;mart@degeneration.co.uk;mart@degeneration.co.uk
context_plan_test.go;MODIFY;6116;0.0;Equal;True;2024-09-11 18:09:12+00:00;False;869;178;44298;2cbb6bf92fce17e8de5e681dcc47ed85f32e9b23;19;j.bardin@gmail.com;j.bardin@gmail.com
context_plan_test.go;MODIFY;6120;4.0;Grew;True;2024-12-12 09:56:40+00:00;False;869;178;44314;3a962e8e7ef7ea8679c96febf5a4db519cd2179d;13;danielmschmidt92@gmail.com;danielmschmidt92@gmail.com
