file_name;change_type;n_loc;lines_balance;size_change;is_large;date;swapped_classification;complexity;methods;tokens;hash;files_on_commit;committer_email;author_email
modeling_reformer.py;RENAME;1877;0.0;Equal;True;2020-11-17 02:43:42+00:00;True;262;78;11708;c89bdfbe720bc8f41c7dc6db5473a2cb0955f224;381;noreply@github.com;35901082+sgugger@users.noreply.github.com
modeling_reformer.py;MODIFY;1877;0.0;Equal;True;2020-11-18 00:00:44+00:00;False;262;78;11708;b592728eff9996e2cff1c5107438c4989aaa8149;1;noreply@github.com;johannes.schaffrath@mail.de
modeling_reformer.py;MODIFY;1881;4.0;Grew;True;2020-12-02 18:19:50+00:00;False;264;80;11738;443f67e887a030d8254eba126e5f2cdb8b70eb63;30;noreply@github.com;patrick.v.platen@gmail.com
modeling_reformer.py;MODIFY;1883;2.0;Grew;True;2021-03-05 21:18:48+00:00;False;264;80;11751;7da995c00c025c4180c7fb0357256b7f83d342ef;27;noreply@github.com;35901082+sgugger@users.noreply.github.com
modeling_reformer.py;MODIFY;1884;1.0;Grew;True;2021-03-05 23:06:55+00:00;False;264;80;11754;90ecc29656ce37fdbe7279cf586511ed678c0cb7;47;noreply@github.com;38571110+danielpatrickhug@users.noreply.github.com
modeling_reformer.py;MODIFY;1871;-13.0;Decreased;True;2021-03-31 14:00:27+00:00;False;268;80;11563;acc3bd9d2a73fcc7d3509767d65b2f40962d9330;224;noreply@github.com;35901082+sgugger@users.noreply.github.com
modeling_reformer.py;MODIFY;1874;3.0;Grew;True;2021-04-20 22:23:37+00:00;False;268;80;11571;95dab34d5588fb155dfed8293ac2fbb1217a95a7;1;noreply@github.com;mori@mi.t.u-tokyo.ac.jp
modeling_reformer.py;MODIFY;1874;0.0;Equal;True;2021-04-26 11:50:34+00:00;False;268;80;11571;32dbb2d954d646f3307f66c889c6c418a40acf88;105;noreply@github.com;patrick.v.platen@gmail.com
modeling_reformer.py;MODIFY;1874;0.0;Equal;True;2021-04-26 13:14:25+00:00;False;268;80;11571;b24ead87e1be6bce17e4ec5c953b6d028e4b3af7;77;noreply@github.com;LSinev@users.noreply.github.com
modeling_reformer.py;MODIFY;1885;11.0;Grew;True;2021-05-04 06:23:40+00:00;False;275;80;11673;c40c7e213bdd0479bdca69df0c500004a7294d39;30;noreply@github.com;1183441+abhi1thakur@users.noreply.github.com
modeling_reformer.py;MODIFY;1888;3.0;Grew;True;2021-05-20 13:55:13+00:00;False;276;80;11688;469384a777131e8c6d6bf7851ab0f77f2fbe3cb0;15;noreply@github.com;35901082+sgugger@users.noreply.github.com
modeling_reformer.py;MODIFY;1888;0.0;Equal;True;2021-06-01 12:28:41+00:00;False;276;80;11696;7e73601f3240b99d952c34b63bf4f8b78ca1462d;25;noreply@github.com;zhangfan.tju@gmail.com
modeling_reformer.py;MODIFY;1888;0.0;Equal;True;2021-06-07 15:21:59+00:00;False;276;80;11700;f8bd8c6c7eef0a7280cd58f89016ede5b77f142f;25;noreply@github.com;francois.lagunas@gmail.com
modeling_reformer.py;MODIFY;1888;0.0;Equal;True;2021-06-14 16:44:28+00:00;False;276;80;11698;1ed2ebf60d87ef12bd063c7c58e484e19189c754;63;noreply@github.com;stas00@users.noreply.github.com
modeling_reformer.py;MODIFY;1891;3.0;Grew;True;2021-07-26 12:30:05+00:00;False;277;80;11714;0c1c42c120519eca74082f819a20bfe3f02fe027;24;noreply@github.com;philip@may.la
modeling_reformer.py;MODIFY;1893;2.0;Grew;True;2021-08-06 18:41:39+00:00;False;278;81;11729;7fcee113c163a95d1b125ef35dc49a0a1aa13a50;10;noreply@github.com;35901082+sgugger@users.noreply.github.com
modeling_reformer.py;MODIFY;1893;0.0;Equal;True;2021-10-15 22:48:37+00:00;False;278;81;11729;f5af87361718be29a1d3ddb2d8ef23f85b1c70c3;74;noreply@github.com;patrick.v.platen@gmail.com
modeling_reformer.py;MODIFY;1893;0.0;Equal;True;2021-10-29 13:29:28+00:00;False;278;81;11729;dc540dd316819dc77d8c9d719c89c74df42b4d05;4;noreply@github.com;patry.nicolas@protonmail.com
modeling_reformer.py;MODIFY;1893;0.0;Grew;True;2021-11-18 13:38:09+00:00;False;278;81;11729;d83b0e0c079f0826d186270a86622ff5f1efd9c1;70;noreply@github.com;35901082+sgugger@users.noreply.github.com
modeling_reformer.py;MODIFY;1884;-9.0;Decreased;True;2021-12-21 10:37:32+00:00;False;278;81;11729;7af80f6618adc4aa5337f94038676f7bc1b5a967;155;noreply@github.com;35901082+sgugger@users.noreply.github.com
modeling_reformer.py;MODIFY;1888;4.0;Grew;True;2021-12-27 21:31:21+00:00;False;278;81;11729;87e6e4fe5c7e65cb69e70306f22de6daf16b6e14;437;noreply@github.com;35901082+sgugger@users.noreply.github.com
modeling_reformer.py;MODIFY;1888;0.0;Equal;True;2022-02-09 14:28:57+00:00;False;278;81;11729;7732d0fe7a759c9844215920e9f1c5540eafb1a6;91;noreply@github.com;lysandre.debut@reseau.eseo.fr
modeling_reformer.py;MODIFY;1888;0.0;Equal;True;2022-03-15 17:59:59+00:00;False;278;81;12112;88f7c564f022a82a90717f63a758a78091d53f21;1;noreply@github.com;48134725+Tegzes@users.noreply.github.com
modeling_reformer.py;MODIFY;1888;0.0;Equal;True;2022-03-23 14:26:33+00:00;False;278;81;12109;4975002df50c472cbb6f8ac3580e475f570606ab;583;noreply@github.com;35901082+sgugger@users.noreply.github.com
modeling_reformer.py;MODIFY;1888;0.0;Equal;True;2022-03-25 11:25:20+00:00;False;278;81;12109;088c1880b7bfd47777778d0d0fcc20e921bcf21e;222;noreply@github.com;35901082+sgugger@users.noreply.github.com
modeling_reformer.py;MODIFY;1889;1.0;Grew;True;2022-04-12 16:38:50+00:00;False;278;81;12112;a315988baeddd64da3eb4f030ca804ef92a73d1f;54;noreply@github.com;anmolsjoshi@gmail.com
modeling_reformer.py;MODIFY;1993;104.0;Grew;True;2022-04-12 16:52:31+00:00;False;278;81;12106;1bac40db8abf9f513e2e20f64c379b24a921bf51;2;noreply@github.com;45531573+hiromu166@users.noreply.github.com
modeling_reformer.py;MODIFY;2015;22.0;Grew;True;2022-05-12 20:25:55+00:00;False;278;81;12130;afe5d42d8d1d80af911ed980c2936bfe887078f6;578;noreply@github.com;35901082+sgugger@users.noreply.github.com
modeling_reformer.py;MODIFY;2016;1.0;Grew;True;2022-11-09 15:03:36+00:00;False;278;81;12135;bac2d29a802803a7f2db8e8597a2ec81730afcc9;65;noreply@github.com;patry.nicolas@protonmail.com
modeling_reformer.py;MODIFY;2018;2.0;Grew;True;2023-01-08 09:21:40+00:00;False;278;81;12135;f0577df6de36e7e7f28e90fa76da0657de038a39;84;noreply@github.com;48595927+ArthurZucker@users.noreply.github.com
modeling_reformer.py;MODIFY;1980;-38.0;Decreased;True;2023-01-20 18:19:58+00:00;False;278;81;12110;7fc1cb150c6f7b2d94ab2f09c9e00aaddfb53a74;13;noreply@github.com;35901082+sgugger@users.noreply.github.com
modeling_reformer.py;MODIFY;1978;-2.0;Decreased;True;2023-01-23 14:34:14+00:00;False;278;81;12110;cb6b56859a251b1f0e8e0ba5df05f8113e353b51;1;noreply@github.com;2521628+ydshieh@users.noreply.github.com
modeling_reformer.py;MODIFY;1978;0.0;Equal;True;2023-01-23 19:33:18+00:00;False;278;81;12110;fd5cdaeea6eafac32e9d967327bfa3dc0e0d962d;246;noreply@github.com;35901082+sgugger@users.noreply.github.com
modeling_reformer.py;MODIFY;1978;0.0;Decreased;True;2023-02-06 23:10:56+00:00;False;278;81;12110;6f79d264422245d88c7a34032c1a8254a0c65752;1211;noreply@github.com;35901082+sgugger@users.noreply.github.com
modeling_reformer.py;MODIFY;1978;0.0;Equal;True;2023-02-07 08:51:35+00:00;False;278;81;12110;12eb528b5a88d66b81957139ae452acec99a083a;61;noreply@github.com;48595927+ArthurZucker@users.noreply.github.com
modeling_reformer.py;MODIFY;1975;-3.0;Decreased;True;2023-02-10 14:44:14+00:00;False;278;81;12083;51c3f42d8e51f1edfd5f5e04e6ee275ec870edf3;1;noreply@github.com;find@findhao.net
modeling_reformer.py;MODIFY;1975;0.0;Equal;True;2023-02-22 08:14:54+00:00;False;278;81;12074;5e8c8eb5bad1d43212b2e8bf724114fe5cdfd807;230;noreply@github.com;skylion.aaron@gmail.com
modeling_reformer.py;MODIFY;1975;0.0;Equal;True;2023-02-27 10:46:02+00:00;False;278;81;12074;c51dc4f92755c67a83f3fc8a0bd6b3e64df199e4;17;noreply@github.com;48595927+ArthurZucker@users.noreply.github.com
modeling_reformer.py;MODIFY;1974;-1.0;Decreased;True;2023-03-01 09:49:21+00:00;False;278;81;12093;44e3e3fb4930298f092f336c2b7add3ebf051928;15;noreply@github.com;48595927+ArthurZucker@users.noreply.github.com
modeling_reformer.py;MODIFY;1976;2.0;Grew;True;2023-06-13 15:38:39+00:00;False;278;81;12107;695928e1e573e5a9953ad540c0f8345767348feb;100;noreply@github.com;35901082+sgugger@users.noreply.github.com
modeling_reformer.py;MODIFY;1975;-1.0;Decreased;True;2023-06-27 18:45:40+00:00;False;278;81;12126;8e5d1619b3e57367701d74647e87b95f8dba5409;138;noreply@github.com;35901082+sgugger@users.noreply.github.com
modeling_reformer.py;MODIFY;1976;1.0;Grew;True;2023-08-08 08:49:21+00:00;False;278;81;12134;5ea2595ecde9a89079d4d289bc65dc5f8dc02ef6;77;noreply@github.com;1557853+hackyon@users.noreply.github.com
modeling_reformer.py;MODIFY;1976;0.0;Equal;True;2023-09-14 15:00:52+00:00;False;278;81;12154;8881f38a4f48d26c7b2dfe2cb892bfdd63a8ce0b;53;noreply@github.com;pfldy2850@gmail.com
modeling_reformer.py;MODIFY;1976;0.0;Equal;True;2023-12-11 11:59:29+00:00;False;278;81;12154;e49c385266e06355cd9960bd8cfea665ade9ec7f;7;noreply@github.com;ranchlai@163.com
modeling_reformer.py;MODIFY;1973;-3.0;Decreased;True;2024-03-25 09:33:38+00:00;False;278;81;12154;39114c03838f9cb0c8805b64366d534007021d85;842;noreply@github.com;hi@lysand.re
modeling_reformer.py;MODIFY;1978;5.0;Grew;True;2024-05-07 09:12:21+00:00;False;279;81;12198;54a2361a29abe9e0e6a299f5c9986fd85e5d1699;42;noreply@github.com;1557853+hackyon@users.noreply.github.com
modeling_reformer.py;MODIFY;1977;-1.0;Decreased;True;2024-05-09 12:15:56+00:00;False;279;81;12190;297b732bdf25ca60df7ea624f06826f5b14aa6c8;723;noreply@github.com;hi@lysand.re
modeling_reformer.py;MODIFY;1978;1.0;Grew;True;2024-09-23 17:28:36+00:00;False;279;81;12197;e15687fffe5c9d20598a19aeab721ae0a7580f8a;126;noreply@github.com;joaofranciscocardosogante@gmail.com
modeling_reformer.py;MODIFY;1978;0.0;Grew;True;2024-10-09 11:15:48+00:00;False;279;81;12197;295a90cb40468ddd607577448e674348cff55adc;68;noreply@github.com;joaofranciscocardosogante@gmail.com
