file_name;change_type;n_loc;lines_balance;size_change;is_large;date;swapped_classification;complexity;methods;tokens;hash;files_on_commit;committer_email;author_email
tf_utils.py;ADD;3192;0.0;Equal;True;2022-11-09 15:34:08+00:00;True;618;56;16480;f270b960d6b755d5355a0f193ba71f47131c86b8;116;noreply@github.com;joaofranciscocardosogante@gmail.com
tf_utils.py;MODIFY;3196;4.0;Grew;True;2022-11-10 15:30:39+00:00;False;618;56;16480;6dda14dc47d82f0e32df05fea8ba6444ba52b90a;1;noreply@github.com;joaofranciscocardosogante@gmail.com
tf_utils.py;MODIFY;3196;0.0;Equal;True;2022-11-14 15:42:48+00:00;False;618;56;16480;7b55bb4540e749acd532d3387c8aed3692c4c270;1;noreply@github.com;joaofranciscocardosogante@gmail.com
tf_utils.py;MODIFY;3196;0.0;Equal;True;2022-11-21 16:20:27+00:00;False;619;56;16484;4cf38148dc98b3df1df6eb2f06e4f02448026b19;4;noreply@github.com;joaofranciscocardosogante@gmail.com
tf_utils.py;MODIFY;2387;-809.0;Decreased;True;2023-01-02 10:25:44+00:00;False;441;44;12248;588faad1062198e45cf3aebed21dc1fc1e1ed0d7;2;noreply@github.com;joaofranciscocardosogante@gmail.com
tf_utils.py;MODIFY;2384;-3.0;Decreased;True;2023-01-03 10:54:56+00:00;False;439;43;12218;4fd89e49788f60b021b4e2c578a1fb12f1e900e4;23;noreply@github.com;joaofranciscocardosogante@gmail.com
tf_utils.py;MODIFY;2292;-92.0;Decreased;True;2023-01-04 18:23:20+00:00;False;407;44;11886;a6c850e4f437c3f07086df60f016d66d445e320a;4;noreply@github.com;joaofranciscocardosogante@gmail.com
tf_utils.py;MODIFY;2292;0.0;Equal;True;2023-01-05 11:38:37+00:00;False;407;44;11886;480799f718ffeefc28cf81f39f34671cedd9f92c;1;noreply@github.com;joaofranciscocardosogante@gmail.com
tf_utils.py;MODIFY;2292;0.0;Equal;True;2023-01-05 11:52:58+00:00;False;408;44;11902;beb24f2a363afd5250acadf967696c146ee82336;3;noreply@github.com;joaofranciscocardosogante@gmail.com
tf_utils.py;MODIFY;2296;4.0;Grew;True;2023-01-08 09:21:40+00:00;False;408;44;11905;f0577df6de36e7e7f28e90fa76da0657de038a39;84;noreply@github.com;48595927+ArthurZucker@users.noreply.github.com
tf_utils.py;MODIFY;2297;1.0;Grew;True;2023-01-17 13:42:52+00:00;False;408;44;11913;7b5e943cb6999474e29cd86e0ba7ace453133232;1;noreply@github.com;joaofranciscocardosogante@gmail.com
tf_utils.py;MODIFY;2238;-59.0;Decreased;True;2023-01-17 17:23:48+00:00;False;408;44;11913;02488103007fe64577e3fa38732792bc58ca5b14;5;noreply@github.com;kafooster@gmail.com
tf_utils.py;MODIFY;2238;0.0;Equal;True;2023-01-30 17:53:54+00:00;False;406;44;11909;42b60f8b02941b0c40c42e150a101eb372c3856e;5;noreply@github.com;joaofranciscocardosogante@gmail.com
tf_utils.py;MODIFY;2243;5.0;Grew;True;2023-02-03 10:24:02+00:00;False;408;44;11962;f21af2627996be9350fb62febb15ca411a0e02f5;10;noreply@github.com;joaofranciscocardosogante@gmail.com
tf_utils.py;MODIFY;2272;29.0;Grew;True;2023-02-06 15:44:47+00:00;False;414;45;12076;4943331015329d40b2cf60721c580aa3617d45e3;5;noreply@github.com;joaofranciscocardosogante@gmail.com
tf_utils.py;MODIFY;2278;6.0;Grew;True;2023-02-06 23:10:56+00:00;False;414;45;12078;6f79d264422245d88c7a34032c1a8254a0c65752;1211;noreply@github.com;35901082+sgugger@users.noreply.github.com
tf_utils.py;MODIFY;2334;56.0;Grew;True;2023-02-07 11:18:23+00:00;False;434;46;12421;1e4cf8bb446fcbfcd428b15377bd12e254ad8baa;4;noreply@github.com;joaofranciscocardosogante@gmail.com
tf_utils.py;MODIFY;2521;187.0;Grew;True;2023-02-08 16:36:43+00:00;False;437;47;13055;1d9c26a4b8c0f7def1264651bcc2e9821e47c5e8;5;noreply@github.com;joaofranciscocardosogante@gmail.com
tf_utils.py;MODIFY;2523;2.0;Grew;True;2023-02-09 11:10:13+00:00;False;437;47;13055;e69f9715eb5ba2161c0abd62be8bbdef7b30b355;3;noreply@github.com;joaofranciscocardosogante@gmail.com
tf_utils.py;MODIFY;2527;4.0;Grew;True;2023-02-09 12:52:30+00:00;False;438;47;13069;2edf9a857be94677cc14870bdb646ddbfdf2a137;3;noreply@github.com;joaofranciscocardosogante@gmail.com
tf_utils.py;MODIFY;2562;35.0;Grew;True;2023-02-13 12:24:22+00:00;False;442;47;13302;eb6c59bc7826529122e916fb0ac8b303b23e8d64;5;noreply@github.com;joaofranciscocardosogante@gmail.com
tf_utils.py;MODIFY;2574;12.0;Grew;True;2023-02-13 17:04:49+00:00;False;444;47;13379;fa4bdb0a4060fd7a78bcad90dcc96a645ce11d31;4;noreply@github.com;joaofranciscocardosogante@gmail.com
tf_utils.py;MODIFY;2580;6.0;Grew;True;2023-02-14 10:46:46+00:00;False;448;47;13428;13e03e619da0eded113be1cd1f4be9d4494033a0;4;noreply@github.com;joaofranciscocardosogante@gmail.com
tf_utils.py;MODIFY;2579;-1.0;Decreased;True;2023-02-14 14:16:22+00:00;False;446;48;13305;a81fe4e1df788a65c0bcd83be824d0ac93e7fd05;3;noreply@github.com;joaofranciscocardosogante@gmail.com
tf_utils.py;MODIFY;2581;2.0;Grew;True;2023-02-23 09:50:37+00:00;False;447;48;13319;1d4b79785263077f9f09ddde5a75ae4f116e85d7;3;noreply@github.com;joaofranciscocardosogante@gmail.com
tf_utils.py;MODIFY;2581;0.0;Equal;True;2023-03-10 13:28:30+00:00;False;447;48;13319;7014fc360d902b08ef884b984b906c3f8476c743;3;noreply@github.com;joaofranciscocardosogante@gmail.com
tf_utils.py;MODIFY;2559;-22.0;Decreased;True;2023-03-22 15:00:20+00:00;False;443;48;13255;12febc20dbb5e93afe9b9f509dfdc12c5c800c6a;2;noreply@github.com;joaofranciscocardosogante@gmail.com
tf_utils.py;MODIFY;2577;18.0;Grew;True;2023-04-13 18:51:13+00:00;False;448;48;13387;9dfd6a4baa0dde80db0a206b84c15c8dea1164c1;6;noreply@github.com;joaofranciscocardosogante@gmail.com
tf_utils.py;MODIFY;2576;-1.0;Decreased;True;2023-04-20 12:08:03+00:00;False;448;48;13384;aa43a765380693cbb0657b3de216886e0a6a674c;3;noreply@github.com;quentin.ambard@gmail.com
tf_utils.py;MODIFY;2576;0.0;Equal;True;2023-05-04 17:36:23+00:00;False;448;48;13384;b369e507aaa78103baf5d3f3563952b44a0408a1;5;noreply@github.com;joaofranciscocardosogante@gmail.com
tf_utils.py;MODIFY;2576;0.0;Equal;True;2023-06-13 17:23:30+00:00;False;448;48;13384;e64d99fa6b2aa7855d7af3c7388bd690feba1ec8;3;noreply@github.com;ivanreznikov@gmail.com
tf_utils.py;MODIFY;2576;0.0;Equal;True;2023-06-27 11:15:49+00:00;False;448;48;13376;239ace152bfa84188d78d3802d2e69b64752be7e;44;noreply@github.com;nsnq@qq.com
tf_utils.py;MODIFY;2576;0.0;Equal;True;2023-07-11 15:21:29+00:00;False;448;48;13376;2642d8d04b14c18199ebe7b35f976da02df61752;30;noreply@github.com;joaofranciscocardosogante@gmail.com
tf_utils.py;MODIFY;2575;-1.0;Decreased;True;2023-07-25 12:20:37+00:00;False;449;48;13381;f2c1df93f5bb13a57de21e355836b7aa7c820d63;5;noreply@github.com;48595927+ArthurZucker@users.noreply.github.com
tf_utils.py;MODIFY;2559;-16.0;Decreased;True;2023-08-07 14:38:24+00:00;False;441;47;13230;7d65697da746066aa75238347d8c86bde1acbf1b;4;noreply@github.com;joaofranciscocardosogante@gmail.com
tf_utils.py;MODIFY;2559;0.0;Equal;True;2023-08-16 14:30:54+00:00;False;441;47;13230;3f9cb335047315edfd4b6ad666ef148e98cc4850;5;noreply@github.com;joaofranciscocardosogante@gmail.com
tf_utils.py;MODIFY;2561;2.0;Grew;True;2023-09-12 11:08:17+00:00;False;442;47;13243;3319eb5490103b3639e671da2b629fa6303a294c;6;noreply@github.com;joaofranciscocardosogante@gmail.com
tf_utils.py;MODIFY;2561;0.0;Equal;True;2023-09-13 15:50:58+00:00;False;443;47;13250;86ffef87b642a1e2f5bd579931bf80241bcac6bf;3;noreply@github.com;joaofranciscocardosogante@gmail.com
tf_utils.py;MODIFY;2561;0.0;Equal;True;2023-10-12 08:28:40+00:00;False;443;47;13250;40ea9ab2a1ad99f12e71c3a26215ad33df082ef9;154;noreply@github.com;37621491+tomaarsen@users.noreply.github.com
tf_utils.py;MODIFY;2568;7.0;Grew;True;2023-10-17 09:32:49+00:00;False;445;47;13287;4b423e607455a7aca1edc4beaa713da58e78ef0b;2;noreply@github.com;joaofranciscocardosogante@gmail.com
tf_utils.py;MODIFY;2591;23.0;Grew;True;2023-12-08 13:10:13+00:00;False;445;47;13358;3ac9945e56cc10092492e3cc3e656a5fc0350b97;1;noreply@github.com;qiuxin.nju@gmail.com
tf_utils.py;MODIFY;2596;5.0;Grew;True;2024-01-12 15:21:15+00:00;False;445;47;13368;d026498830ccd8ed18ccc9ba653edc6162de3846;2;noreply@github.com;joaofranciscocardosogante@gmail.com
tf_utils.py;MODIFY;2596;0.0;Equal;True;2024-02-16 07:16:58+00:00;False;445;47;13368;f497f564bb76697edab09184a252fc1b1a326d1e;561;noreply@github.com;hi@lysand.re
tf_utils.py;MODIFY;2595;-1.0;Decreased;True;2024-02-20 11:34:31+00:00;False;445;47;13363;a7755d24096306c84a3557394b54a95db7a0f76f;6;noreply@github.com;joaofranciscocardosogante@gmail.com
tf_utils.py;MODIFY;2547;-48.0;Decreased;True;2024-03-07 10:44:43+00:00;False;441;46;13096;ffe60fdcd60c17c3f216694160c2521da90f984c;14;noreply@github.com;joaofranciscocardosogante@gmail.com
tf_utils.py;MODIFY;2547;0.0;Equal;True;2024-04-30 19:02:26+00:00;False;441;46;13096;b8ac4d035c392bc518c6a12b28e84cc446911287;3;noreply@github.com;raushan@huggingface.co
