file_name;change_type;n_loc;lines_balance;size_change;is_large;date;swapped_classification;complexity;methods;tokens;hash;files_on_commit;committer_email;author_email
data-usage-cache_gen.go;ADD;394;0.0;Grew;False;2020-03-18 23:19:29+00:00;False;88;20;2403;8d9866263334a644ed8a80a427ed7bad792c1dce;61;noreply@github.com;klauspost@gmail.com
data-usage-cache_gen.go;MODIFY;444;50.0;Grew;False;2020-04-27 17:06:21+00:00;False;101;20;2704;073aac3d92c8986e353b60ed3214a9c47c123018;24;noreply@github.com;klauspost@gmail.com
data-usage-cache_gen.go;MODIFY;634;190.0;Grew;False;2020-06-12 17:28:21+00:00;False;146;25;3795;43d6e3ae06993205c51f8dc3d890204d87ea281c;18;noreply@github.com;klauspost@gmail.com
data-usage-cache_gen.go;MODIFY;697;63.0;Grew;False;2020-12-01 20:07:39+00:00;False;162;25;4223;e6ea5c27039aadc0d3ab5197a00e2e7cf1151623;8;noreply@github.com;klauspost@gmail.com
data-usage-cache_gen.go;MODIFY;761;64.0;Grew;False;2020-12-07 21:47:48+00:00;False;174;25;4631;038bcd907938c2a9a5f36ceb031e9fe11213cdc9;10;noreply@github.com;kerneltime@gmail.com
data-usage-cache_gen.go;MODIFY;1159;398.0;Grew;False;2021-01-13 17:58:08+00:00;False;267;35;7038;628ef081d18ab7276ac5626d88419086822e141c;3;noreply@github.com;harsha@minio.io
data-usage-cache_gen.go;MODIFY;1182;23.0;Grew;False;2021-01-19 10:40:52+00:00;False;273;35;7215;e0055609bb2e3f1c7fbfa1d79257b5168929287b;7;noreply@github.com;harsha@minio.io
data-usage-cache_gen.go;MODIFY;1803;621.0;Grew;False;2021-04-03 16:03:42+00:00;False;410;50;11012;47c09a1e6fbf8f8de1b37d76864118585d56ce4a;36;noreply@github.com;poornas@users.noreply.github.com
data-usage-cache_gen.go;MODIFY;1803;0.0;Decreased;False;2021-04-23 18:58:53+00:00;False;410;50;11012;c829e3a13bd99383b41dba6c55ab6e3109aaea37;302;harsha@minio.io;krisis@users.noreply.github.com
data-usage-cache_gen.go;MODIFY;1803;0.0;Grew;False;2021-04-23 18:58:53+00:00;False;410;50;11012;069432566fcfac1f1053677cc925ddafd750730a;977;harsha@minio.io;harsha@minio.io
data-usage-cache_gen.go;MODIFY;1887;84.0;Grew;False;2021-05-12 01:36:15+00:00;False;433;48;11155;229d83bb75e0251245667dc8aaa34a4f3a51ea87;9;noreply@github.com;klauspost@gmail.com
data-usage-cache_gen.go;MODIFY;2437;550.0;Grew;True;2021-09-18 20:31:35+00:00;True;561;61;14304;c4373ef290344fd01981864cb9feca9410cf5b21;52;noreply@github.com;poornas@users.noreply.github.com
data-usage-cache_gen.go;MODIFY;2640;203.0;Grew;True;2021-09-21 16:01:51+00:00;False;601;66;15574;0b55a0423e3abb4151b4c3b1a828bd723496152c;4;noreply@github.com;poornas@users.noreply.github.com
data-usage-cache_gen.go;MODIFY;3685;1045.0;Grew;True;2021-10-24 01:38:33+00:00;False;859;85;21214;939fbb3c38b7b9c92b0f9b025e90a36ed9123f7f;12;noreply@github.com;krisis@users.noreply.github.com
data-usage-cache_gen.go;MODIFY;3412;-273.0;Decreased;True;2022-01-26 16:34:56+00:00;False;788;85;19441;57118919d2449fa4ee32253925e701c43a916374;8;noreply@github.com;harsha@minio.io
data-usage-cache_gen.go;MODIFY;3497;85.0;Grew;True;2022-07-05 21:45:49+00:00;False;807;88;20078;ac055b09e9833dc9cf324eae7145ebe014ce10d5;55;noreply@github.com;klauspost@gmail.com
data-usage-cache_gen.go;MODIFY;3503;6.0;Grew;True;2022-08-31 19:28:03+00:00;False;807;88;20096;bcedc2b0d972de0bf9fe8b99f10560ddd3e73fcb;6;noreply@github.com;harsha@minio.io
data-usage-cache_gen.go;MODIFY;3451;-52.0;Decreased;True;2023-02-24 03:33:31+00:00;False;794;88;19792;9acf1024e459b4b00b0316ec887bf0d87e7043ad;17;noreply@github.com;klauspost@gmail.com
data-usage-cache_gen.go;MODIFY;3576;125.0;Grew;True;2023-03-10 16:53:59+00:00;False;826;93;20573;d85da9236eaacca674242a576dba1035ef02407d;10;noreply@github.com;klauspost@gmail.com
data-usage-cache_gen.go;MODIFY;3599;23.0;Grew;True;2023-07-18 17:49:40+00:00;False;832;93;20718;0120ff93bc4b9cfaf2865e55850e9b20e5ef703d;8;noreply@github.com;krisis@users.noreply.github.com
data-usage-cache_gen.go;MODIFY;3666;67.0;Grew;True;2023-08-30 08:00:59+00:00;False;848;93;21109;b48bbe08b2b9c99ec900f6c1351cf67bca260476;31;noreply@github.com;poornas@users.noreply.github.com
data-usage-cache_gen.go;MODIFY;4156;490.0;Grew;True;2024-01-13 07:51:08+00:00;False;975;104;23790;cba3dd276bef9544532d584474a3834e47bf6e5b;6;noreply@github.com;krisis@users.noreply.github.com
data-usage-cache_gen.go;MODIFY;4160;4.0;Grew;True;2024-03-21 17:21:35+00:00;False;975;104;23806;da81c6cc278fd2cb02c5e933b3cbdf16149c3a78;15;noreply@github.com;krisis@users.noreply.github.com
data-usage-cache_gen.go;MODIFY;4650;490.0;Grew;True;2024-06-17 23:39:11+00:00;False;1099;104;26593;bbb64eaade06b8edbf5ce91955984fb43c14db5a;10;noreply@github.com;harsha@minio.io
data-usage-cache_gen.go;MODIFY;4160;-490.0;Decreased;True;2024-06-18 16:11:04+00:00;False;975;104;23806;2f9018f03bf7d4d55ba1db4a43777bb4b6d86777;10;noreply@github.com;klauspost@gmail.com
data-usage-cache_gen.go;MODIFY;3073;-1087.0;Decreased;True;2024-10-04 22:23:33+00:00;False;732;84;17626;28322124e21d3738b5b25b6495279d22c8560735;5;noreply@github.com;poornas@users.noreply.github.com
data-usage-cache_gen.go;MODIFY;3105;32.0;Grew;True;2024-10-22 15:30:50+00:00;False;740;84;17746;51410c9023faed20ab1a4fb8318c1949775e4699;11;noreply@github.com;klauspost@gmail.com
data-usage-cache_gen.go;MODIFY;3479;374.0;Grew;True;2024-12-15 22:50:12+00:00;False;829;84;19981;02f770a0c00a3b3eece70f5e39b3d2964c082f79;8;noreply@github.com;harsha@minio.io
