file_name;change_type;n_loc;lines_balance;size_change;is_large;date;swapped_classification;complexity;methods;tokens;hash;files_on_commit;committer_email;author_email
posts_controller_spec.rb;MODIFY;105;0.0;Equal;False;2018-11-01 12:56:18+00:00;False;7;7;464;797afb1c9b0c985243716fa8ea384c705d374c15;13;frank.rousseau@free.fr;frank.rousseau@free.fr
posts_controller_spec.rb;MODIFY;105;0.0;Equal;False;2018-11-01 12:56:18+00:00;False;7;7;464;3532a340c2465ed9ea07fc0d90d2c42bd0a8ee8f;10;frank.rousseau@free.fr;frank.rousseau@free.fr
posts_controller_spec.rb;MODIFY;165;60.0;Grew;False;2018-11-01 12:56:18+00:00;False;8;8;702;c1ece44c53eaf0ef21cf1fc47af39531af00a5f2;6;frank.rousseau@free.fr;frank.rousseau@free.fr
posts_controller_spec.rb;MODIFY;72;-93.0;Grew;False;2018-11-01 12:56:18+00:00;False;7;7;429;50e034769f47e0dc0c83a728978a9261d83e16a6;20;frank.rousseau@free.fr;frank.rousseau@free.fr
posts_controller_spec.rb;MODIFY;72;0.0;Equal;False;2018-11-01 12:56:18+00:00;False;7;7;429;ea3395378f89e1cf81754c8b2bbf0a1828a39a34;6;frank.rousseau@free.fr;kent@kentshikama.com
posts_controller_spec.rb;ADD;72;0.0;Grew;False;2018-11-01 12:56:18+00:00;False;7;7;429;c432bb48911dd9a4eb2887fb9ccfd305edebc578;3;frank.rousseau@free.fr;kent@kentshikama.com
posts_controller_spec.rb;MODIFY;167;95.0;Grew;False;2018-11-01 12:56:18+00:00;False;8;8;722;4370315d6c02c031eed25c062e430a6691a78ff1;1;frank.rousseau@free.fr;frank.rousseau@free.fr
posts_controller_spec.rb;MODIFY;165;-2.0;Equal;False;2018-11-01 12:56:18+00:00;False;8;8;702;a7ea3ba25423ee32e2fb579ffe9900b65c7b566d;4;frank.rousseau@free.fr;frank.rousseau@free.fr
posts_controller_spec.rb;MODIFY;105;-60.0;Grew;False;2018-11-01 12:56:18+00:00;False;7;7;465;b00df8c2e78ad34f83a7e2ca8e20528a33ed80c1;7;frank.rousseau@free.fr;frank.rousseau@free.fr
posts_controller_spec.rb;MODIFY;617;512.0;Grew;False;2018-11-05 13:30:54+00:00;False;41;38;3253;6798ba974c95d4d361529d726fdd496c0f19cade;8;hankgrabowski@gmail.com;hankgrabowski@gmail.com
posts_controller_spec.rb;MODIFY;626;9.0;Grew;False;2018-12-26 19:13:13+00:00;False;44;41;3259;a8d69c48dc00ea166f072fc898f14ca220cef3b1;48;hankgrabowski@gmail.com;hankgrabowski@gmail.com
posts_controller_spec.rb;MODIFY;664;38.0;Grew;True;2018-12-30 16:50:58+00:00;True;46;43;3381;f07912ebddefc39f27af6e4591f46394029f708a;50;hankgrabowski@gmail.com;hankgrabowski@gmail.com
posts_controller_spec.rb;MODIFY;72;-592.0;Grew;False;2018-12-30 21:31:33+00:00;True;7;7;429;72a3b92b509a9824f36d72b34b680cf50757f385;20;frank.rousseau@free.fr;frank.rousseau@free.fr
posts_controller_spec.rb;MODIFY;165;93.0;Grew;False;2018-12-30 21:31:33+00:00;False;8;8;702;f8969ddfeb204e75768307feb22498522591cd7e;6;frank.rousseau@free.fr;frank.rousseau@free.fr
posts_controller_spec.rb;MODIFY;617;452.0;Grew;False;2018-12-30 21:31:33+00:00;False;41;38;3253;bb2261b47dabb3d03f489d53a04235e72710fbc0;8;frank.rousseau@free.fr;hankgrabowski@gmail.com
posts_controller_spec.rb;MODIFY;105;-512.0;Equal;False;2018-12-30 21:31:33+00:00;False;7;7;464;b4dc13f1cedc402b6861b2df2696ecbedc2cfd48;10;frank.rousseau@free.fr;frank.rousseau@free.fr
posts_controller_spec.rb;MODIFY;105;0.0;Grew;False;2018-12-30 21:31:33+00:00;False;7;7;465;064beb6f4e352f97ad668035cb488bb0df3146ff;7;frank.rousseau@free.fr;frank.rousseau@free.fr
posts_controller_spec.rb;MODIFY;105;0.0;Equal;False;2018-12-30 21:31:33+00:00;False;7;7;464;f6b57384e73865e858c463a74f930b1ae0d01c36;13;frank.rousseau@free.fr;frank.rousseau@free.fr
posts_controller_spec.rb;ADD;72;-33.0;Grew;False;2018-12-30 21:31:33+00:00;False;7;7;429;552d3efb294e5904e6618373d602f5986ef85da3;3;frank.rousseau@free.fr;kent@kentshikama.com
posts_controller_spec.rb;MODIFY;165;93.0;Equal;False;2018-12-30 21:31:33+00:00;False;8;8;702;5326ddf6c33435913e784a9e1b3873a5b019bef6;4;frank.rousseau@free.fr;frank.rousseau@free.fr
posts_controller_spec.rb;MODIFY;167;2.0;Grew;False;2018-12-30 21:31:33+00:00;False;8;8;722;758c673f68d16d1f03511a7c85994b1f6c2e19b8;1;frank.rousseau@free.fr;frank.rousseau@free.fr
posts_controller_spec.rb;MODIFY;72;-95.0;Equal;False;2018-12-30 21:31:33+00:00;False;7;7;429;c9ba1ee1974c96bce2f490835477bdb43aee9664;6;frank.rousseau@free.fr;kent@kentshikama.com
posts_controller_spec.rb;MODIFY;626;554.0;Grew;False;2018-12-30 21:33:04+00:00;False;44;41;3259;9c730fc0f38bd6f02b78b2a6633ea8d6961ac881;48;frank.rousseau@free.fr;hankgrabowski@gmail.com
posts_controller_spec.rb;MODIFY;664;38.0;Grew;True;2018-12-30 21:33:04+00:00;True;46;43;3381;e127502be59ba4bcdf57cec924cc354aab1b6574;50;frank.rousseau@free.fr;hankgrabowski@gmail.com
posts_controller_spec.rb;MODIFY;667;3.0;Grew;True;2019-04-27 14:01:54+00:00;False;46;43;3417;9b8f10358a0f0505e1ed7733cd25c4bdf60c2e54;16;jonne.hass@offerista.com;jonne.hass@offerista.com
posts_controller_spec.rb;MODIFY;667;0.0;Equal;True;2019-04-27 14:04:44+00:00;False;46;43;3421;52e4e9f903407e944c86e6755c386572552a430f;2;jonne.hass@offerista.com;jonne.hass@offerista.com
posts_controller_spec.rb;MODIFY;671;4.0;Grew;True;2020-01-21 22:34:00+00:00;False;46;43;3477;16e754f4c71f1389a4fd6c5ef5e9a778d8285aa7;27;me@jhass.eu;jonne.hass@offerista.com
posts_controller_spec.rb;MODIFY;671;0.0;Equal;True;2020-01-24 15:59:04+00:00;False;46;43;3486;654b81b8f138006d7d5d6a18cbfc1dd794232d37;13;me@jhass.eu;me@jhass.eu
posts_controller_spec.rb;MODIFY;657;-14.0;Equal;False;2020-02-02 17:04:11+00:00;True;46;43;3192;6bbcb7415bff1bb648ae2e826c6918af19d94d9d;29;me@jhass.eu;me@jhass.eu
posts_controller_spec.rb;MODIFY;657;0.0;Decreased;False;2020-02-02 17:04:11+00:00;False;46;43;3262;e8b9a70fbf7fa97d786733ee030e1fd0af2b6181;31;me@jhass.eu;me@jhass.eu
posts_controller_spec.rb;MODIFY;683;26.0;Grew;True;2020-02-02 17:13:55+00:00;True;48;45;3421;fbd0a518291b72e5d7864d8c4c667de5333189ab;4;me@jhass.eu;me@jhass.eu
posts_controller_spec.rb;MODIFY;683;0.0;Equal;True;2020-02-02 17:31:46+00:00;False;48;45;3423;b921b71b97c097dde379e1d116fb90233a020374;2;me@jhass.eu;me@jhass.eu
posts_controller_spec.rb;MODIFY;695;12.0;Grew;True;2020-02-02 19:15:36+00:00;False;49;46;3551;5921cd0176a7de35776d47d4f762a3a7d498f703;4;me@jhass.eu;me@jhass.eu
posts_controller_spec.rb;MODIFY;702;7.0;Grew;True;2020-02-02 19:15:36+00:00;False;50;47;3605;b1f357849bbc2fb2b8fce620e4c265e9538e822c;4;me@jhass.eu;me@jhass.eu
posts_controller_spec.rb;MODIFY;705;3.0;Grew;True;2020-02-09 10:04:59+00:00;False;50;47;3658;6dbef95951424ed8d093739b35b2d887d33fa2b4;6;me@jhass.eu;me@jhass.eu
posts_controller_spec.rb;MODIFY;758;53.0;Grew;True;2020-02-20 17:50:32+00:00;False;54;51;3877;cd6e02ccec636f5fa109f32c1a5b36ba15671f43;3;me@jhass.eu;me@jhass.eu
posts_controller_spec.rb;MODIFY;758;0.0;Equal;True;2021-04-10 23:51:38+00:00;False;54;51;3877;671e8476ba30b78fa0478955bf2b41a03c26de9d;191;me@jhass.eu;s.ntavranis@beta-cae.com
