|File Name|Change Type|Local File PATH Old|Local File PATH New|Complexity|Methods|Tokens|Lines Of Code (nloc)|Lines Added|Lines Deleted
0|ia_css_debug.c|MODIFY|drivers/staging/media/atomisp/pci/runtime/debug/src/ia_css_debug.c|drivers/staging/media/atomisp/pci/runtime/debug/src/ia_css_debug.c|287|43|7978|1537|0|9
