file_name;change_type;n_loc;lines_balance;size_change;is_large;date;swapped_classification;complexity;methods;tokens;hash;files_on_commit;committer_email;author_email
class-wp-rest-users-controller.php;ADD;676;0.0;Grew;False;2016-10-20 02:55:32+00:00;False;327;227;4885;e4a7c0a397b07764999aae94f4bf1567ebf4a9d1;27;rachel@rachelbaker.me;rachel@rachelbaker.me
class-wp-rest-users-controller.php;MODIFY;674;-2.0;Decreased;False;2016-10-27 14:37:36+00:00;False;327;227;4853;d42acc530cdcb9f9f86d778ac0f4ff45211559b7;2;rachel@rachelbaker.me;rachel@rachelbaker.me
class-wp-rest-users-controller.php;MODIFY;676;2.0;Grew;False;2016-10-28 02:07:35+00:00;False;327;227;4885;60eb1ddc5cabe34b54e76dc98c5816b3fae04579;2;gary@pento.net;gary@pento.net
class-wp-rest-users-controller.php;MODIFY;680;4.0;Grew;False;2016-10-30 18:52:30+00:00;False;327;227;4885;993b3a5c6eb592493bbef988bf6e1c599bdd0aad;2;info@drewapicture.com;info@drewapicture.com
class-wp-rest-users-controller.php;MODIFY;683;3.0;Grew;False;2016-10-31 01:48:41+00:00;False;329;229;4895;6c1e98d1fbe9758357fd476a7fc7e6d482a3f379;6;gary@pento.net;gary@pento.net
class-wp-rest-users-controller.php;MODIFY;686;3.0;Grew;False;2016-10-31 11:11:29+00:00;False;331;231;4905;03e34ab461c19f62967334df903e99759febe7d4;2;gary@pento.net;gary@pento.net
class-wp-rest-users-controller.php;MODIFY;684;-2.0;Decreased;False;2016-11-02 03:44:30+00:00;False;331;231;4873;ba039f7546f35927c08a7a80a3a1a2f241b25d10;2;me@ryanmccue.info;me@ryanmccue.info
class-wp-rest-users-controller.php;MODIFY;696;12.0;Grew;False;2016-11-02 06:24:29+00:00;False;339;236;4962;862724274e24e224d9a1a5e6099e4fb32849c176;2;me@ryanmccue.info;me@ryanmccue.info
class-wp-rest-users-controller.php;MODIFY;732;36.0;Grew;False;2016-11-02 06:53:32+00:00;False;355;252;5160;624def0ec3ae39b2f3f8486e76d3f817b315a41c;2;me@ryanmccue.info;me@ryanmccue.info
class-wp-rest-users-controller.php;MODIFY;732;0.0;Equal;False;2016-11-02 21:21:32+00:00;False;355;252;5168;37858faf96423cde172e3f8741382cb7e7ba8844;2;joehoyle@gmail.com;joehoyle@gmail.com
class-wp-rest-users-controller.php;MODIFY;728;-4.0;Decreased;False;2016-11-03 02:18:29+00:00;False;349;246;5148;dcb12c35cfe5d154b748e75c4d45663ba74f743d;7;rachel@rachelbaker.me;rachel@rachelbaker.me
class-wp-rest-users-controller.php;MODIFY;728;0.0;Equal;False;2016-11-03 02:22:29+00:00;False;349;246;5148;d544c6ddd069775b1d43842a0e6c7ee3b6331dd9;10;joehoyle@gmail.com;joehoyle@gmail.com
class-wp-rest-users-controller.php;MODIFY;732;4.0;Grew;False;2016-11-04 17:11:29+00:00;False;344;249;5183;5564716a074d6fa3d857c55f186f648701d2f9ba;6;rachel@rachelbaker.me;rachel@rachelbaker.me
class-wp-rest-users-controller.php;MODIFY;732;0.0;Equal;False;2016-11-08 23:01:31+00:00;False;344;249;5185;548ac82b06a6e26a1b327b0eb6633f9d3b7935e5;5;pascal.birchler@gmail.com;pascal.birchler@gmail.com
class-wp-rest-users-controller.php;MODIFY;736;4.0;Grew;False;2016-11-09 01:35:30+00:00;False;346;249;5223;4060c68f85fc090a9feadd619aaf58a88642d3c9;2;me@ryanmccue.info;me@ryanmccue.info
class-wp-rest-users-controller.php;MODIFY;766;30.0;Grew;False;2016-11-14 07:13:31+00:00;False;360;258;5521;65664731e97a3f93686174d31fa4cbed05abbf67;2;me@ryanmccue.info;me@ryanmccue.info
class-wp-rest-users-controller.php;MODIFY;766;0.0;Grew;False;2016-11-14 16:42:31+00:00;False;360;258;5526;a4fa8c528f313b81d20e60c0eccbb21c0be939ec;4;joehoyle@gmail.com;joehoyle@gmail.com
class-wp-rest-users-controller.php;MODIFY;766;0.0;Equal;False;2016-11-15 04:28:31+00:00;False;360;258;5526;705f17cea279084127d4b9446928e78feea1f131;6;me@ryanmccue.info;me@ryanmccue.info
class-wp-rest-users-controller.php;MODIFY;766;0.0;Grew;False;2016-11-15 05:39:32+00:00;False;360;258;5526;0f5a44e093a270d068a83bf2ad56b5d2d88792c1;5;me@ryanmccue.info;me@ryanmccue.info
class-wp-rest-users-controller.php;MODIFY;772;6.0;Grew;False;2016-11-15 18:16:30+00:00;False;365;263;5556;d049f7245910b0453a9f6a80fd83a544ea87d3fc;6;joehoyle@gmail.com;joehoyle@gmail.com
class-wp-rest-users-controller.php;MODIFY;772;0.0;Equal;False;2016-11-15 22:23:30+00:00;False;365;263;5556;07cf16f7ba4da733de3929d710c5ac57d32e8490;8;sergeybiryukov.ru@gmail.com;sergeybiryukov.ru@gmail.com
class-wp-rest-users-controller.php;MODIFY;772;0.0;Equal;False;2016-11-16 12:18:33+00:00;False;365;263;5556;ce74afdae26940bac5e074053df32181dff9aa52;7;sergeybiryukov.ru@gmail.com;sergeybiryukov.ru@gmail.com
class-wp-rest-users-controller.php;MODIFY;772;0.0;Equal;False;2016-11-16 13:28:37+00:00;False;365;263;5556;b92266a72b9b5c6faaba64f765957ef3cca3b84a;5;sergeybiryukov.ru@gmail.com;sergeybiryukov.ru@gmail.com
class-wp-rest-users-controller.php;MODIFY;772;0.0;Equal;False;2016-11-17 15:53:33+00:00;False;365;263;5556;acc30b09d7daa44b6efb88c955c7949551fbe7b7;11;sergeybiryukov.ru@gmail.com;sergeybiryukov.ru@gmail.com
class-wp-rest-users-controller.php;MODIFY;772;0.0;Equal;False;2016-11-18 23:53:30+00:00;False;365;263;5556;9cb0a09d1f64d3ae30471e876a972b184d154f47;4;sergeybiryukov.ru@gmail.com;sergeybiryukov.ru@gmail.com
class-wp-rest-users-controller.php;MODIFY;772;0.0;Equal;False;2016-11-19 01:46:32+00:00;False;365;263;5556;5ded4db04cbfbde9098cdb84cb780ec9f1e6d453;6;sergeybiryukov.ru@gmail.com;sergeybiryukov.ru@gmail.com
class-wp-rest-users-controller.php;MODIFY;772;0.0;Equal;False;2016-11-19 02:16:30+00:00;False;365;263;5556;dca7d8d0ea4ca90a715c1cbc46d5fb3cd1bcbdb2;4;sergeybiryukov.ru@gmail.com;sergeybiryukov.ru@gmail.com
class-wp-rest-users-controller.php;MODIFY;772;0.0;Equal;False;2016-11-19 02:21:31+00:00;False;365;263;5556;4811484433395b389fb12fdbd4afc4c2b284d114;5;sergeybiryukov.ru@gmail.com;sergeybiryukov.ru@gmail.com
class-wp-rest-users-controller.php;MODIFY;772;0.0;Equal;False;2016-11-23 02:42:30+00:00;False;365;263;5556;d711f2c18d570d0f5f8bc122e4eeb1b11816c147;10;joehoyle@gmail.com;joehoyle@gmail.com
class-wp-rest-users-controller.php;MODIFY;774;2.0;Grew;False;2016-11-23 15:33:31+00:00;False;365;263;5574;a985a4d126a561e662c35163ed9a6c51d07ef95d;6;rachel@rachelbaker.me;rachel@rachelbaker.me
class-wp-rest-users-controller.php;MODIFY;774;0.0;Equal;False;2016-12-01 02:12:41+00:00;False;365;263;5560;606c9905ef3a53dc99e8a07796b0539c9b4948e5;3;rachel@rachelbaker.me;rachel@rachelbaker.me
class-wp-rest-users-controller.php;MODIFY;787;13.0;Grew;False;2016-12-02 06:54:42+00:00;False;375;269;5648;161a41e44c3984f728f4e6c1956d50fa196e6c4e;2;gary@pento.net;gary@pento.net
class-wp-rest-users-controller.php;MODIFY;790;3.0;Grew;False;2016-12-02 22:10:42+00:00;False;376;270;5675;1797ea7098c00fb3e6c49286a0ca0a805892cad7;2;jeremy.felt@gmail.com;jeremy.felt@gmail.com
class-wp-rest-users-controller.php;MODIFY;790;0.0;Equal;False;2016-12-20 01:37:40+00:00;False;376;270;5675;5b39869860ff208015d0cb4e46d02c7e9eba6617;5;jnylen@gmail.com;jnylen@gmail.com
class-wp-rest-users-controller.php;MODIFY;790;0.0;Grew;False;2016-12-27 09:28:40+00:00;False;376;270;5675;80a839de13ef0beeb8a262ec45619e7489d430fc;13;johnbillion@git.wordpress.org;johnbillion@git.wordpress.org
class-wp-rest-users-controller.php;MODIFY;790;0.0;Equal;False;2017-01-04 13:23:40+00:00;False;376;270;5675;fd78085a92664db7d7c6414e1b4c4d7c99e0ca3f;6;sergeybiryukov.ru@gmail.com;sergeybiryukov.ru@gmail.com
class-wp-rest-users-controller.php;MODIFY;790;0.0;Equal;False;2017-01-11 14:14:42+00:00;False;377;271;5685;daf358983cc1ce0c77bf6d2de2ebbb43df2add60;2;aaron@xavisys.com;aaron@xavisys.com
class-wp-rest-users-controller.php;MODIFY;814;24.0;Grew;False;2017-01-26 13:39:41+00:00;False;385;274;5764;e357195ce303017d517aff944644a7a1232926f7;10;joehoyle@gmail.com;joehoyle@gmail.com
class-wp-rest-users-controller.php;MODIFY;814;0.0;Equal;False;2017-02-23 22:37:44+00:00;False;385;274;5758;eb8457d3f489e51bc457604a7744d8eb541707ae;2;felix-arntz@leaves-and-love.net;felix-arntz@leaves-and-love.net
class-wp-rest-users-controller.php;MODIFY;814;0.0;Decreased;False;2017-04-05 22:25:43+00:00;False;388;277;5731;99b13790c2ab9feccfb2b8a333e184368e007970;2;jnylen@gmail.com;jnylen@gmail.com
class-wp-rest-users-controller.php;MODIFY;814;0.0;Decreased;False;2017-07-27 00:41:44+00:00;False;388;277;5731;0860bb2771ea82a37c08e8cb7ce54989ebf4c6f2;136;info@drewapicture.com;info@drewapicture.com
class-wp-rest-users-controller.php;MODIFY;817;3.0;Grew;False;2017-08-03 21:41:45+00:00;False;389;277;5745;7e2ca92e690e9a6fc5534982ec4e475f20dc2652;5;felix-arntz@leaves-and-love.net;felix-arntz@leaves-and-love.net
class-wp-rest-users-controller.php;MODIFY;824;7.0;Grew;False;2017-08-03 21:59:44+00:00;False;390;277;5785;1d0478d4b1f335556da4c7cb9f2cc45443cf5953;2;felix-arntz@leaves-and-love.net;felix-arntz@leaves-and-love.net
class-wp-rest-users-controller.php;MODIFY;824;0.0;Grew;False;2017-09-24 22:29:46+00:00;False;390;277;5790;4a42f4e835bcc4d89ea234930d82c5de990ed62c;6;sergeybiryukov.ru@gmail.com;sergeybiryukov.ru@gmail.com
class-wp-rest-users-controller.php;MODIFY;824;0.0;Equal;False;2017-10-04 14:52:46+00:00;False;390;277;5790;18d9cc6051514a1171acc279a3caa4f726e14e29;10;kadamwhite@gmail.com;kadamwhite@gmail.com
class-wp-rest-users-controller.php;MODIFY;826;2.0;Grew;False;2017-10-05 00:37:47+00:00;False;391;278;5796;30827e4a4faccdc4ab981ea24d95c9f02282b306;5;kadamwhite@gmail.com;kadamwhite@gmail.com
class-wp-rest-users-controller.php;MODIFY;837;11.0;Grew;False;2017-11-30 23:11:00+00:00;False;401;279;5797;aaf99e691391cfceb004d848450dbbf3344b1bee;610;gary@pento.net;gary@pento.net
class-wp-rest-users-controller.php;MODIFY;837;0.0;Equal;False;2018-02-27 02:31:31+00:00;False;401;279;5795;0e802a627d1b0fd24b993b645fa61fb5b6f25afe;21;sergeybiryukov.ru@gmail.com;sergeybiryukov.ru@gmail.com
class-wp-rest-users-controller.php;MODIFY;858;21.0;Grew;False;2018-04-25 13:06:21+00:00;False;405;284;5940;41968f7ea9c82fbe92ef152b0da307a24d566b84;2;gary@pento.net;gary@pento.net
class-wp-rest-users-controller.php;MODIFY;858;0.0;Equal;False;2018-05-02 01:25:21+00:00;False;405;284;5887;2f792d442bf771a3aade170cc9cae459f024c57b;11;gary@pento.net;gary@pento.net
class-wp-rest-users-controller.php;MODIFY;859;1.0;Grew;False;2018-05-03 06:52:21+00:00;False;406;284;5896;4c43e714783612d5a5ff8454cf1dfa5d652c10e6;2;sergeybiryukov.ru@gmail.com;sergeybiryukov.ru@gmail.com
class-wp-rest-users-controller.php;MODIFY;865;6.0;Grew;False;2018-08-17 01:51:36+00:00;False;406;284;5896;56c162fbc9867f923862f64f1b4570d885f1ff03;359;gary@pento.net;gary@pento.net
class-wp-rest-users-controller.php;MODIFY;867;2.0;Grew;False;2018-12-12 21:12:24+00:00;False;406;284;5918;6e3adbfe8ca720506ecdbe45c6c5571b545d3f60;6;desrosj@git.wordpress.org;desrosj@git.wordpress.org
class-wp-rest-users-controller.php;MODIFY;868;1.0;Grew;False;2019-01-17 21:25:51+00:00;False;406;284;5917;56bb62543d485f491f7f614c827638e426019d93;2;desrosj@git.wordpress.org;desrosj@git.wordpress.org
class-wp-rest-users-controller.php;MODIFY;868;0.0;Equal;False;2019-04-25 00:08:52+00:00;False;406;284;5920;0b6f00fde269c38acc42de281ac223dfb71d3553;7;kadamwhite@gmail.com;kadamwhite@gmail.com
class-wp-rest-users-controller.php;MODIFY;868;0.0;Equal;False;2019-05-26 00:12:54+00:00;False;406;284;5920;c77e771c849a85b63cef1b9457ad1a501a331afa;26;sergeybiryukov.ru@gmail.com;sergeybiryukov.ru@gmail.com
class-wp-rest-users-controller.php;MODIFY;869;1.0;Grew;False;2019-07-02 23:42:58+00:00;False;399;284;5922;4803fc405e3448e825bbc63b23cde2a6a86225a9;76;gary@pento.net;gary@pento.net
class-wp-rest-users-controller.php;MODIFY;869;0.0;Equal;False;2019-07-14 14:35:56+00:00;False;399;284;5920;e85a5c64a36f6fcb7c8c93add19b5865ef9e2090;4;sergeybiryukov.ru@gmail.com;sergeybiryukov.ru@gmail.com
class-wp-rest-users-controller.php;MODIFY;873;4.0;Grew;False;2019-08-15 21:09:55+00:00;False;399;284;5946;5dbb64d0dd3224649d61b7d6ead335e473d5757a;17;kadamwhite@gmail.com;kadamwhite@gmail.com
class-wp-rest-users-controller.php;MODIFY;873;0.0;Equal;False;2019-09-03 00:41:05+00:00;False;399;284;5946;e1996633228749cdc2d92bc04cc535d45367bfa4;361;sergeybiryukov.ru@gmail.com;sergeybiryukov.ru@gmail.com
class-wp-rest-users-controller.php;MODIFY;873;0.0;Equal;False;2019-09-05 23:05:55+00:00;False;399;284;5946;65747e3c912b3f5fb85f55ea1d17a78251021ec2;9;sergeybiryukov.ru@gmail.com;sergeybiryukov.ru@gmail.com
class-wp-rest-users-controller.php;MODIFY;873;0.0;Equal;False;2019-09-05 23:18:55+00:00;False;399;284;5948;6cab9557fb69541c9eb08d722fa4871eb051e931;2;sergeybiryukov.ru@gmail.com;sergeybiryukov.ru@gmail.com
class-wp-rest-users-controller.php;MODIFY;873;0.0;Equal;False;2019-11-11 02:43:03+00:00;False;399;284;5948;3d623995a8d070e608f4ff297512799cf89bb2c0;28;sergeybiryukov.ru@gmail.com;sergeybiryukov.ru@gmail.com
class-wp-rest-users-controller.php;MODIFY;873;0.0;Equal;False;2019-11-29 22:04:02+00:00;False;399;284;5950;1d1c74385f9f0e6e2e8424fff3e1c2ddabe153f9;5;sergeybiryukov.ru@gmail.com;sergeybiryukov.ru@gmail.com
class-wp-rest-users-controller.php;MODIFY;873;0.0;Equal;False;2019-12-06 22:43:04+00:00;False;399;284;5950;f93ee2ca76164bcae721e4730c92ee1455fa1dd9;27;johnbillion@git.wordpress.org;johnbillion@git.wordpress.org
class-wp-rest-users-controller.php;MODIFY;870;-3.0;Decreased;False;2020-01-03 02:28:03+00:00;False;398;284;5938;9bec6f1e54e8f7e5f480b2a45be57d5d8b933728;4;sergeybiryukov.ru@gmail.com;sergeybiryukov.ru@gmail.com
class-wp-rest-users-controller.php;MODIFY;870;0.0;Equal;False;2020-01-08 11:32:02+00:00;False;398;284;5938;ea6e0cc3cada3e892f93abea0937168ac1176272;2;sergeybiryukov.ru@gmail.com;sergeybiryukov.ru@gmail.com
class-wp-rest-users-controller.php;MODIFY;994;124.0;Grew;True;2020-01-29 00:45:18+00:00;True;398;284;5938;001ffe81fbec4438a9f594f330e18103d21fbcd7;497;sergeybiryukov.ru@gmail.com;sergeybiryukov.ru@gmail.com
class-wp-rest-users-controller.php;MODIFY;994;0.0;Equal;True;2020-02-17 03:56:06+00:00;False;398;284;5938;8f877dc87503f62b840c15a2d9258ef203a5e9ab;2;sergeybiryukov.ru@gmail.com;sergeybiryukov.ru@gmail.com
class-wp-rest-users-controller.php;MODIFY;994;0.0;Equal;True;2020-02-17 05:33:06+00:00;False;398;284;5938;61986acde9680b2e987635992919ff44ea8077d2;2;sergeybiryukov.ru@gmail.com;sergeybiryukov.ru@gmail.com
class-wp-rest-users-controller.php;MODIFY;994;0.0;Equal;True;2020-03-01 10:38:07+00:00;False;398;284;5938;056dad9c2c1e642a353529cc3aa14b1335881162;15;johnbillion@git.wordpress.org;johnbillion@git.wordpress.org
class-wp-rest-users-controller.php;MODIFY;994;0.0;Equal;True;2020-06-19 22:55:12+00:00;False;398;284;5938;1a77bb81d802828ee8cf7b1bfe70be88fed7ec19;27;johnbillion@git.wordpress.org;johnbillion@git.wordpress.org
class-wp-rest-users-controller.php;MODIFY;994;0.0;Decreased;True;2020-06-20 11:18:09+00:00;False;398;284;5938;a576a13246f85dfa76183911041d666a5cd42818;30;sergeybiryukov.ru@gmail.com;sergeybiryukov.ru@gmail.com
class-wp-rest-users-controller.php;MODIFY;994;0.0;Equal;True;2020-06-27 23:44:09+00:00;False;398;284;5938;37d48e2f2e3db179be62e4dd0d6b561b9154d379;2;sergeybiryukov.ru@gmail.com;sergeybiryukov.ru@gmail.com
class-wp-rest-users-controller.php;MODIFY;995;1.0;Grew;True;2020-07-21 12:03:05+00:00;False;399;285;5942;b8d5e161eb73a2200a198e8d24ac95f1b2649ffd;5;TimothyBlynJacobs@git.wordpress.org;TimothyBlynJacobs@git.wordpress.org
class-wp-rest-users-controller.php;MODIFY;998;3.0;Grew;True;2020-07-30 12:28:06+00:00;False;399;285;5947;bb0630caa994eb3664b0f60cd94dbb39d74bcc38;2;sergeybiryukov.ru@gmail.com;sergeybiryukov.ru@gmail.com
class-wp-rest-users-controller.php;MODIFY;998;0.0;Equal;True;2020-08-11 00:34:08+00:00;False;399;285;5947;1f85e7484f154912d8869886ee3e5b68b06c0bc4;67;sergeybiryukov.ru@gmail.com;sergeybiryukov.ru@gmail.com
class-wp-rest-users-controller.php;MODIFY;998;0.0;Equal;True;2020-10-10 20:02:05+00:00;False;399;285;5947;905460bd5e6cc772d172879a8d12d2e79b0335dd;26;johnbillion@git.wordpress.org;johnbillion@git.wordpress.org
class-wp-rest-users-controller.php;MODIFY;998;0.0;Equal;True;2020-12-10 23:59:03+00:00;False;399;285;5947;bf83c368fdfcee2b879d00b193f505038e1681f0;12;johnbillion@git.wordpress.org;johnbillion@git.wordpress.org
class-wp-rest-users-controller.php;MODIFY;998;0.0;Equal;True;2020-12-25 14:54:07+00:00;False;399;285;5947;c3b89441f7b90fcc9f513db94d3b6787528133a8;2;sergeybiryukov.ru@gmail.com;sergeybiryukov.ru@gmail.com
class-wp-rest-users-controller.php;MODIFY;998;0.0;Equal;True;2021-01-10 22:23:09+00:00;False;399;285;5947;35e1b34f8ee4fcfc8f5e12d48f665b8d599c6e89;13;johnbillion@git.wordpress.org;johnbillion@git.wordpress.org
class-wp-rest-users-controller.php;MODIFY;998;0.0;Equal;True;2021-05-25 13:12:58+00:00;False;399;285;5947;cc95428f75c81e686aece8c439637d245c9fd10b;20;sergeybiryukov.ru@gmail.com;sergeybiryukov.ru@gmail.com
class-wp-rest-users-controller.php;MODIFY;998;0.0;Grew;True;2021-06-30 12:34:56+00:00;False;399;285;5947;d72eb14abfe3f680ff129e7815101d060e31f06a;6;sergeybiryukov.ru@gmail.com;sergeybiryukov.ru@gmail.com
class-wp-rest-users-controller.php;MODIFY;999;1.0;Grew;True;2021-09-09 18:36:57+00:00;False;399;285;5951;41307cd4e6236bbf120d1b14f98e9781c66b0f45;18;hellofromTonya@git.wordpress.org;hellofromTonya@git.wordpress.org
class-wp-rest-users-controller.php;MODIFY;1014;15.0;Grew;True;2021-10-27 18:43:57+00:00;False;407;291;6025;a225165010b5671a86f73401161bd1744f617c47;7;pascal.birchler@gmail.com;pascal.birchler@gmail.com
class-wp-rest-users-controller.php;MODIFY;1027;13.0;Grew;True;2021-11-09 02:17:17+00:00;False;414;298;6121;c421e9b34a1a056a56860d7eb4ac7d2634ce7506;88;noisysocks@git.wordpress.org;noisysocks@git.wordpress.org
class-wp-rest-users-controller.php;MODIFY;1027;0.0;Equal;True;2022-03-22 16:25:03+00:00;False;414;298;6121;223cda987f3f4406182e326eaa555958610e1c17;70;audrasjb@git.wordpress.org;audrasjb@git.wordpress.org
class-wp-rest-users-controller.php;MODIFY;1029;2.0;Grew;True;2022-07-22 14:00:12+00:00;False;416;298;6139;16dfb05173f7e53dd8fc3a42e58610a9045dc36d;22;spacedmonkey@git.wordpress.org;spacedmonkey@git.wordpress.org
class-wp-rest-users-controller.php;MODIFY;1032;3.0;Grew;True;2022-09-26 21:46:09+00:00;False;417;298;6155;d7893c3cea49a8c344de8529bb85e9571826431e;2;hellofromTonya@git.wordpress.org;hellofromTonya@git.wordpress.org
class-wp-rest-users-controller.php;MODIFY;1032;0.0;Equal;True;2022-11-29 15:51:14+00:00;False;417;298;6157;3ba44120d0ffa7ac330a1b7e3f8b363ce78f8060;50;sergeybiryukov.ru@gmail.com;sergeybiryukov.ru@gmail.com
class-wp-rest-users-controller.php;MODIFY;1025;-7.0;Decreased;True;2023-02-13 23:10:20+00:00;False;415;297;6131;5584cf60c0c6cdab77c8f8d0f8bb788f25384b23;2;hellofromTonya@git.wordpress.org;hellofromTonya@git.wordpress.org
class-wp-rest-users-controller.php;MODIFY;1025;0.0;Equal;True;2023-06-22 14:36:26+00:00;False;415;297;6129;1ce5dc7444eae8cf284f2118b085ad98603a754a;101;sergeybiryukov.ru@gmail.com;sergeybiryukov.ru@gmail.com
class-wp-rest-users-controller.php;MODIFY;1025;0.0;Grew;True;2023-07-10 23:19:23+00:00;False;415;297;6129;58ebfc61f1ed51a5331d671993a8fe71d429825a;6;audrasjb@git.wordpress.org;audrasjb@git.wordpress.org
class-wp-rest-users-controller.php;MODIFY;1025;0.0;Grew;True;2023-09-14 12:46:20+00:00;False;415;297;6129;1aca5e48e53dab950b36430ae98850412477381c;31;sergeybiryukov.ru@gmail.com;sergeybiryukov.ru@gmail.com
class-wp-rest-users-controller.php;MODIFY;1028;3.0;Grew;True;2023-10-12 12:30:20+00:00;False;415;297;6155;4cfb52760fa82d3ac22624f904633d19d7b7e847;2;audrasjb@git.wordpress.org;audrasjb@git.wordpress.org
class-wp-rest-users-controller.php;MODIFY;1028;0.0;Equal;True;2024-02-17 15:24:08+00:00;False;415;297;6158;f97698702d0e8dd808bd90ad4285c863ac4f04c1;21;pascal.birchler@gmail.com;pascal.birchler@gmail.com
class-wp-rest-users-controller.php;MODIFY;1031;3.0;Grew;True;2024-06-02 20:03:13+00:00;False;417;299;6180;21978f3c31db85711d01a18164c28bf55ffc6ac5;2;TimothyBlynJacobs@git.wordpress.org;TimothyBlynJacobs@git.wordpress.org
class-wp-rest-users-controller.php;MODIFY;1031;0.0;Equal;True;2024-06-13 15:06:07+00:00;False;417;299;6180;2889f4d90ea48f9cf8255e89b0c7d25d3d828a6b;10;desrosj@git.wordpress.org;desrosj@git.wordpress.org
class-wp-rest-users-controller.php;MODIFY;1031;0.0;Equal;True;2024-11-05 23:09:20+00:00;False;416;298;6182;f1ea02c64e78b7e1e89911dd16bad0046a46c24f;2;sergeybiryukov.ru@gmail.com;sergeybiryukov.ru@gmail.com
