file_name;change_type;n_loc;lines_balance;size_change;is_large;date;swapped_classification;complexity;methods;tokens;hash;files_on_commit;committer_email;author_email
data.js;ADD;2161;0.0;Equal;True;2018-12-14 04:41:57+00:00;True;697;352;15001;ca804660392b51b90d874810c7d321590d3241e1;79;desrosj@git.wordpress.org;desrosj@git.wordpress.org
data.js;MODIFY;1828;-333.0;Decreased;True;2018-12-14 11:02:53+00:00;False;595;319;13096;cc13a1f3a03fbf80fe5872b314c4af1b2b1b7edb;44;atimmer@git.wordpress.org;atimmer@git.wordpress.org
data.js;MODIFY;1862;34.0;Grew;True;2018-12-15 11:00:40+00:00;False;603;323;13310;7616bf91af512bab90f4b696b37b05eff57ffa86;25;atimmer@git.wordpress.org;atimmer@git.wordpress.org
data.js;MODIFY;2002;140.0;Grew;True;2018-12-17 04:52:00+00:00;False;636;342;14263;9d7aa3436e0aad52f15d3e7780019362fac76213;94;desrosj@git.wordpress.org;desrosj@git.wordpress.org
data.js;MODIFY;1934;-68.0;Decreased;True;2018-12-17 15:37:00+00:00;False;622;331;13804;4f86a03258f6987defb5c4db0006646f823dfb88;130;desrosj@git.wordpress.org;desrosj@git.wordpress.org
data.js;MODIFY;1726;-208.0;Decreased;True;2018-12-18 03:14:52+00:00;False;582;296;12237;8f4440eb10068689ad9b9431071b1195b978ae03;113;sergeybiryukov.ru@gmail.com;sergeybiryukov.ru@gmail.com
data.js;MODIFY;1729;3.0;Grew;True;2018-12-19 03:16:48+00:00;False;583;296;12276;d6e8d9341219e3948f49765880d88586354244d8;50;desrosj@git.wordpress.org;desrosj@git.wordpress.org
data.js;MODIFY;1732;3.0;Grew;True;2019-01-04 19:38:57+00:00;False;583;296;12283;0ee1a0e4e18ff7a852faf5764aced4244707865b;37;desrosj@git.wordpress.org;desrosj@git.wordpress.org
data.js;MODIFY;1816;84.0;Grew;True;2019-03-07 09:09:59+00:00;False;603;310;12903;2d58d57e382425ae8db16647b34b4ce54bd996bb;106;youknowriad@git.wordpress.org;youknowriad@git.wordpress.org
data.js;MODIFY;2367;551.0;Grew;True;2019-03-21 12:48:00+00:00;False;782;371;16390;2aa1b8ff485a7c959130463fa3e94356ea68118a;121;*@iseulde.com;*@iseulde.com
data.js;MODIFY;2367;0.0;Equal;True;2019-04-22 12:40:04+00:00;False;782;371;16390;0feb55f633237996b03d9e66c777a71b29f5715c;60;aduth@git.wordpress.org;aduth@git.wordpress.org
data.js;MODIFY;2342;-25.0;Decreased;True;2019-06-27 11:28:19+00:00;False;771;368;16223;5cf8452ae9d045905c492bf7a325f599489f303b;88;youknowriad@git.wordpress.org;youknowriad@git.wordpress.org
data.js;MODIFY;2235;-107.0;Decreased;True;2019-09-19 15:19:18+00:00;False;729;350;15414;03390f00c58a5d1a21052397e414ee43be845dd3;134;gziolo@git.wordpress.org;gziolo@git.wordpress.org
data.js;MODIFY;2235;0.0;Equal;True;2019-10-15 15:37:08+00:00;False;729;350;15414;aca0d9968f113828d7b71344eda87cfa3e751d0b;87;gziolo@git.wordpress.org;gziolo@git.wordpress.org
data.js;MODIFY;2235;0.0;Equal;True;2019-10-15 16:17:12+00:00;False;729;350;15414;16571b1bfb82a6e50ceaf6f0d01aa7be7f95945c;114;jorgefilipecosta@git.wordpress.org;jorgefilipecosta@git.wordpress.org
data.js;MODIFY;1756;-479.0;Decreased;True;2020-01-03 13:17:24+00:00;False;582;303;12532;355c05ea716ac2c8f8be8c36898e659a9f74acce;156;gziolo@git.wordpress.org;gziolo@git.wordpress.org
data.js;MODIFY;1868;112.0;Grew;True;2020-01-08 11:57:23+00:00;False;614;316;13231;80ce3727615f4d4ee20298e81ada5d0037840654;217;jorgefilipecosta@git.wordpress.org;jorgefilipecosta@git.wordpress.org
data.js;MODIFY;1881;13.0;Grew;True;2020-01-22 22:06:21+00:00;False;617;317;13344;48299521c6a3950ecd7cdbafba3fc07693d6601e;216;jorgefilipecosta@git.wordpress.org;jorgefilipecosta@git.wordpress.org
data.js;MODIFY;1910;29.0;Grew;True;2020-02-06 21:03:31+00:00;False;677;345;14550;d69005e1d865822fd9e8a3165f589f503dc2d5ee;221;jorgefilipecosta@git.wordpress.org;jorgefilipecosta@git.wordpress.org
data.js;MODIFY;1912;2.0;Grew;True;2020-02-10 22:33:27+00:00;False;677;345;14560;56906bcf59b90e75f53890ecd384c8ed1ebbbedc;218;jorgefilipecosta@git.wordpress.org;jorgefilipecosta@git.wordpress.org
data.js;MODIFY;1912;0.0;Equal;True;2020-03-02 23:21:15+00:00;False;677;345;14560;cc17fee0895374cfb0d1857e4e686dc69fc1f2f7;71;jorgefilipecosta@git.wordpress.org;jorgefilipecosta@git.wordpress.org
data.js;MODIFY;1912;0.0;Equal;True;2020-03-10 14:53:18+00:00;False;676;345;14565;da43022d3f4e113d3bbbe4946e6b4fbd29bd244e;42;jorgefilipecosta@git.wordpress.org;jorgefilipecosta@git.wordpress.org
data.js;MODIFY;1912;0.0;Equal;True;2020-03-16 22:07:16+00:00;False;676;345;14565;7c8f8d776fe27104b5a4c2ef1c2f4e7094350fe3;76;jorgefilipecosta@git.wordpress.org;jorgefilipecosta@git.wordpress.org
data.js;MODIFY;1949;37.0;Grew;True;2020-03-23 23:40:19+00:00;False;697;351;14928;61ddc8d5820159ccb3eab61b7eb55df166ab49eb;99;jorgefilipecosta@git.wordpress.org;jorgefilipecosta@git.wordpress.org
data.js;MODIFY;1948;-1.0;Decreased;True;2020-06-26 13:33:47+00:00;False;697;351;14934;c0db9a2f3d552b19975344d7c883cbcaef2fc9d8;165;ellatrix@git.wordpress.org;ellatrix@git.wordpress.org
data.js;MODIFY;1948;0.0;Equal;True;2020-06-29 11:50:29+00:00;False;697;351;14934;7d19adab35256f45a6372a81766aee6a6e944955;96;gziolo@git.wordpress.org;gziolo@git.wordpress.org
data.js;MODIFY;1948;0.0;Equal;True;2020-07-07 14:43:35+00:00;False;697;351;14934;c3e3c7ed6c8672c8ee87a8b3c0ac79b8c17d7ac4;159;ellatrix@git.wordpress.org;ellatrix@git.wordpress.org
data.js;MODIFY;1948;0.0;Equal;True;2020-07-07 16:08:28+00:00;False;697;351;14934;ef78b5ba5abc0d1ce0afaae1555674740114c146;94;youknowriad@git.wordpress.org;youknowriad@git.wordpress.org
data.js;MODIFY;1948;0.0;Equal;True;2020-07-14 11:39:09+00:00;False;697;351;14934;cc32e7f753284864b06f0fd8586bb87e8b683927;55;ellatrix@git.wordpress.org;ellatrix@git.wordpress.org
data.js;MODIFY;1948;0.0;Equal;True;2020-07-21 12:14:37+00:00;False;697;351;14934;ec05ee2f5d7b172124dc9c85393fe766d4697d1f;103;ellatrix@git.wordpress.org;ellatrix@git.wordpress.org
data.js;MODIFY;1948;0.0;Equal;True;2020-07-27 20:10:36+00:00;False;697;351;14934;8e433f2a57578159f7d32dd781c50e82ff86797d;55;youknowriad@git.wordpress.org;youknowriad@git.wordpress.org
data.js;MODIFY;1982;34.0;Grew;True;2020-10-13 13:10:30+00:00;False;710;356;15168;b667105f6010f77193144bee71067d5a53a7354c;174;jorgefilipecosta@git.wordpress.org;jorgefilipecosta@git.wordpress.org
data.js;MODIFY;2055;73.0;Grew;True;2020-10-20 13:36:16+00:00;False;729;368;15804;d6cff7965a10c89e629a87eb6e4ecb0ed9614d50;184;youknowriad@git.wordpress.org;youknowriad@git.wordpress.org
data.js;MODIFY;2055;0.0;Equal;True;2020-12-01 12:19:43+00:00;False;729;368;15804;a9490c4639a2c1d679aa7c41c5cfd4514a25734a;104;sergeybiryukov.ru@gmail.com;sergeybiryukov.ru@gmail.com
data.js;MODIFY;2104;49.0;Grew;True;2021-01-28 02:04:13+00:00;False;747;380;16197;43e36a3541777dee2935bb31cce6d151a5ef63c0;195;noisysocks@git.wordpress.org;noisysocks@git.wordpress.org
data.js;MODIFY;2071;-33.0;Decreased;True;2021-02-02 05:17:13+00:00;False;746;386;16028;351400af80c88db8d44d4380a06c29bca36be208;137;noisysocks@git.wordpress.org;noisysocks@git.wordpress.org
data.js;MODIFY;2074;3.0;Grew;True;2021-02-08 03:37:09+00:00;False;753;386;16139;d5fd2d8ea781097ef5e2802bed99a7b0ee9b4d85;40;noisysocks@git.wordpress.org;noisysocks@git.wordpress.org
data.js;MODIFY;2076;2.0;Grew;True;2021-04-15 15:19:43+00:00;False;753;386;16148;ad48a153873cdef28ab03c54a034de807e729052;180;gziolo@git.wordpress.org;gziolo@git.wordpress.org
data.js;MODIFY;2007;-69.0;Decreased;True;2021-05-07 11:48:27+00:00;False;756;376;15779;b8871304cff82e705e03f659916d6a1b7e201f79;144;gziolo@git.wordpress.org;gziolo@git.wordpress.org
data.js;MODIFY;1674;-333.0;Decreased;True;2021-05-19 15:09:27+00:00;False;551;288;11528;c3ea09ebb8034be04f42e5aaf5f523cbead7e2a4;307;gziolo@git.wordpress.org;gziolo@git.wordpress.org
data.js;MODIFY;1674;0.0;Equal;True;2021-05-20 12:20:04+00:00;False;551;288;11528;6e4458c93526336c55eb0347d8dee1b7454e0c53;96;gziolo@git.wordpress.org;gziolo@git.wordpress.org
data.js;MODIFY;1673;-1.0;Decreased;True;2021-06-15 08:52:30+00:00;False;551;288;11524;c114304471b93dc74ddd72cd415793f6877c8cd1;63;youknowriad@git.wordpress.org;youknowriad@git.wordpress.org
data.js;MODIFY;1712;39.0;Grew;True;2021-09-01 19:08:24+00:00;False;578;292;11765;c886de61f9c3faac6129aaf25924461254cc326f;31;desrosj@git.wordpress.org;desrosj@git.wordpress.org
data.js;MODIFY;1768;56.0;Grew;True;2021-11-08 14:29:21+00:00;False;600;307;12039;ebca9841e81c3d3b1cea8d9583898a40cdf9b677;513;youknowriad@git.wordpress.org;youknowriad@git.wordpress.org
data.js;MODIFY;1829;61.0;Grew;True;2021-11-15 12:50:17+00:00;False;625;308;12730;c2d0fb204006b319ea0c27a5a28f6f56027536f3;115;noisysocks@git.wordpress.org;noisysocks@git.wordpress.org
data.js;MODIFY;1820;-9.0;Decreased;True;2021-12-21 07:02:34+00:00;False;625;308;12717;49393937992f6e9d147829a83af4065a58a415a5;79;isabel_brison@git.wordpress.org;isabel_brison@git.wordpress.org
data.js;MODIFY;1816;-4.0;Decreased;True;2022-04-11 12:04:30+00:00;False;596;289;11997;2ec4c366e613aa7b81aab6d0c9facb9d85d191f2;131;gziolo@git.wordpress.org;gziolo@git.wordpress.org
data.js;MODIFY;2094;278.0;Grew;True;2022-04-12 15:12:47+00:00;False;725;309;14339;ab8a964858e7eba50c2caed21cc9415282f89d14;449;gziolo@git.wordpress.org;gziolo@git.wordpress.org
data.js;MODIFY;2095;1.0;Grew;True;2022-04-19 15:11:17+00:00;False;725;309;14350;6aead54d17a1903e123b0c43cc3dbd7be5fd1bae;29;gziolo@git.wordpress.org;gziolo@git.wordpress.org
data.js;MODIFY;2053;-42.0;Decreased;True;2022-09-20 15:43:29+00:00;False;678;327;13459;1044eb572a2043ab9f43e94830c5695a812c723a;483;gziolo@git.wordpress.org;gziolo@git.wordpress.org
data.js;MODIFY;2043;-10.0;Decreased;True;2023-02-07 07:04:52+00:00;False;678;323;13189;a41c798835f620b8fd0a8890b028240ae1a48383;411;youknowriad@git.wordpress.org;youknowriad@git.wordpress.org
data.js;MODIFY;2043;0.0;Equal;True;2023-02-14 15:44:36+00:00;False;678;323;13189;8588041fd2d4bc3e409ac6c42ccefac921d3e216;41;hellofromTonya@git.wordpress.org;hellofromTonya@git.wordpress.org
data.js;MODIFY;2123;80.0;Grew;True;2023-06-27 14:24:19+00:00;False;698;351;13082;00401e16b30c2929e8adb5e07521b3ace4dbf826;477;Bernhard Reiter@git.wordpress.org;Bernhard Reiter@git.wordpress.org
data.js;MODIFY;2117;-6.0;Decreased;True;2023-07-03 09:14:26+00:00;False;697;350;13072;919ea56557940839d033bdef6324975a928258a1;53;isabel_brison@git.wordpress.org;isabel_brison@git.wordpress.org
data.js;MODIFY;2121;4.0;Grew;True;2023-07-07 07:21:17+00:00;False;698;350;13086;2405b7fbf715435ee8aafe73671d9e301332fbfe;58;isabel_brison@git.wordpress.org;isabel_brison@git.wordpress.org
data.js;MODIFY;2121;0.0;Equal;True;2023-08-11 16:04:29+00:00;False;652;304;12995;afd36de0b5912287c65d7c4a529132f855693cb4;292;desrosj@git.wordpress.org;desrosj@git.wordpress.org
data.js;MODIFY;2121;0.0;Equal;True;2023-09-21 13:26:32+00:00;False;698;350;13086;3c8457e747658455d9f29dee76687d615ebd5a15;290;desrosj@git.wordpress.org;desrosj@git.wordpress.org
data.js;MODIFY;2274;153.0;Grew;True;2023-09-26 14:23:26+00:00;False;735;364;13889;04f631f2327a9248f12c22d40a851300e49ead43;326;tammie@automattic.com;tammie@automattic.com
data.js;MODIFY;2274;0.0;Equal;True;2023-10-12 13:58:15+00:00;False;735;364;13889;5ac76255a9317c10d9f9f0c2ace9530afa188296;41;hellofromTonya@git.wordpress.org;hellofromTonya@git.wordpress.org
data.js;MODIFY;2274;0.0;Equal;True;2023-11-05 17:16:25+00:00;False;735;364;13889;a95a0b32b5eb9a2f2ce32c4bdd788518aa78de34;24;hellofromTonya@git.wordpress.org;hellofromTonya@git.wordpress.org
data.js;MODIFY;2303;29.0;Grew;True;2024-01-29 21:07:12+00:00;False;753;364;14082;1de40f71be71a2ae45fb615e06a2279b8ad363a0;312;youknowriad@git.wordpress.org;youknowriad@git.wordpress.org
data.js;MODIFY;2303;0.0;Equal;True;2024-01-31 12:59:56+00:00;False;706;317;13989;9aaa49f5a75320dbd94f57c1252d96481741eb76;321;youknowriad@git.wordpress.org;youknowriad@git.wordpress.org
data.js;MODIFY;2303;0.0;Equal;True;2024-02-15 16:53:15+00:00;False;706;317;13989;d4a8067885ef63f0a8e0115eaedf5355ed109007;133;desrosj@git.wordpress.org;desrosj@git.wordpress.org
data.js;MODIFY;2312;9.0;Grew;True;2024-05-23 19:39:28+00:00;False;707;317;14032;1fbf5fa51d90b9e778878e7edfcd33b101dcf994;381;ellatrix@git.wordpress.org;ellatrix@git.wordpress.org
data.js;MODIFY;2314;2.0;Grew;True;2024-05-31 18:59:00+00:00;False;706;316;14034;aca0884138dcc4ac87adcb6d1e60fdd9a342ca9e;240;ellatrix@git.wordpress.org;ellatrix@git.wordpress.org
data.js;MODIFY;2317;3.0;Grew;True;2024-06-11 10:07:32+00:00;False;704;315;14040;47e24c67914722f8d81748839d8e7ae484df22f2;79;ellatrix@git.wordpress.org;ellatrix@git.wordpress.org
data.js;MODIFY;2317;0.0;Equal;True;2024-06-18 13:19:30+00:00;False;704;315;14040;6e426b04c13674b7ce937ee5a1d0eea3e6d51e9d;75;ellatrix@git.wordpress.org;ellatrix@git.wordpress.org
data.js;MODIFY;2317;0.0;Equal;True;2024-09-20 01:55:35+00:00;False;704;315;14040;f6df3fba165d978a9db59f95a10d450fa21db2da;386;noisysocks@git.wordpress.org;noisysocks@git.wordpress.org
data.js;MODIFY;2315;-2.0;Decreased;True;2024-12-13 19:06:24+00:00;False;703;314;14030;26335af1ac0e11d22232c205b43f96512991a34b;254;desrosj@git.wordpress.org;desrosj@git.wordpress.org
