file_name;change_type;n_loc;lines_balance;size_change;is_large;date;swapped_classification;complexity;methods;tokens;hash;files_on_commit;committer_email;author_email
date.js;ADD;987;0.0;Equal;True;2018-12-14 04:41:57+00:00;True;287;98;8374;ca804660392b51b90d874810c7d321590d3241e1;79;desrosj@git.wordpress.org;desrosj@git.wordpress.org
date.js;MODIFY;988;1.0;Grew;True;2018-12-14 04:53:54+00:00;False;287;98;8378;47b6c4e0d7cad44d2e2f423c2de9a2aa15be6f06;37;gary@pento.net;gary@pento.net
date.js;MODIFY;1004;16.0;Grew;True;2018-12-14 11:02:53+00:00;False;291;102;8483;cc13a1f3a03fbf80fe5872b314c4af1b2b1b7edb;44;atimmer@git.wordpress.org;atimmer@git.wordpress.org
date.js;MODIFY;1022;18.0;Grew;True;2018-12-17 04:52:00+00:00;False;296;106;8625;9d7aa3436e0aad52f15d3e7780019362fac76213;94;desrosj@git.wordpress.org;desrosj@git.wordpress.org
date.js;MODIFY;994;-28.0;Decreased;True;2018-12-17 15:37:00+00:00;False;289;100;8408;4f86a03258f6987defb5c4db0006646f823dfb88;130;desrosj@git.wordpress.org;desrosj@git.wordpress.org
date.js;MODIFY;994;0.0;Equal;True;2018-12-18 03:14:52+00:00;False;289;100;8408;8f4440eb10068689ad9b9431071b1195b978ae03;113;sergeybiryukov.ru@gmail.com;sergeybiryukov.ru@gmail.com
date.js;MODIFY;995;1.0;Grew;True;2018-12-19 03:16:48+00:00;False;289;100;8413;d6e8d9341219e3948f49765880d88586354244d8;50;desrosj@git.wordpress.org;desrosj@git.wordpress.org
date.js;MODIFY;995;0.0;Equal;True;2019-03-07 09:09:59+00:00;False;289;100;8413;2d58d57e382425ae8db16647b34b4ce54bd996bb;106;youknowriad@git.wordpress.org;youknowriad@git.wordpress.org
date.js;MODIFY;995;0.0;Equal;True;2019-03-21 12:48:00+00:00;False;289;100;8413;2aa1b8ff485a7c959130463fa3e94356ea68118a;121;*@iseulde.com;*@iseulde.com
date.js;MODIFY;1005;10.0;Grew;True;2019-06-27 11:28:19+00:00;False;292;102;8488;5cf8452ae9d045905c492bf7a325f599489f303b;88;youknowriad@git.wordpress.org;youknowriad@git.wordpress.org
date.js;MODIFY;1006;1.0;Grew;True;2019-09-19 15:19:18+00:00;False;293;102;8508;03390f00c58a5d1a21052397e414ee43be845dd3;134;gziolo@git.wordpress.org;gziolo@git.wordpress.org
date.js;MODIFY;1006;0.0;Equal;True;2019-10-05 19:49:10+00:00;False;293;102;7315;0e21d3290048cabbfaaecb984bf8e20c3cfc765e;199;aaron@jorb.in;aaron@jorb.in
date.js;MODIFY;1006;0.0;Equal;True;2019-10-15 15:37:08+00:00;False;293;102;7315;aca0d9968f113828d7b71344eda87cfa3e751d0b;87;gziolo@git.wordpress.org;gziolo@git.wordpress.org
date.js;MODIFY;1006;0.0;Equal;True;2019-10-15 16:17:12+00:00;False;293;102;7315;16571b1bfb82a6e50ceaf6f0d01aa7be7f95945c;114;jorgefilipecosta@git.wordpress.org;jorgefilipecosta@git.wordpress.org
date.js;MODIFY;1006;0.0;Equal;True;2020-01-03 13:17:24+00:00;False;293;102;7315;355c05ea716ac2c8f8be8c36898e659a9f74acce;156;gziolo@git.wordpress.org;gziolo@git.wordpress.org
date.js;MODIFY;1006;0.0;Equal;True;2020-01-08 11:57:23+00:00;False;293;102;7315;80ce3727615f4d4ee20298e81ada5d0037840654;217;jorgefilipecosta@git.wordpress.org;jorgefilipecosta@git.wordpress.org
date.js;MODIFY;1006;0.0;Equal;True;2020-01-22 22:06:21+00:00;False;293;102;7315;48299521c6a3950ecd7cdbafba3fc07693d6601e;216;jorgefilipecosta@git.wordpress.org;jorgefilipecosta@git.wordpress.org
date.js;MODIFY;1006;0.0;Equal;True;2020-02-06 21:03:31+00:00;False;293;102;7315;d69005e1d865822fd9e8a3165f589f503dc2d5ee;221;jorgefilipecosta@git.wordpress.org;jorgefilipecosta@git.wordpress.org
date.js;MODIFY;1006;0.0;Equal;True;2020-02-10 22:33:27+00:00;False;293;102;7315;56906bcf59b90e75f53890ecd384c8ed1ebbbedc;218;jorgefilipecosta@git.wordpress.org;jorgefilipecosta@git.wordpress.org
date.js;MODIFY;1074;68.0;Grew;True;2020-02-25 00:18:15+00:00;False;307;113;7724;f616ffb9c1a0abcdbe3306fd9e695ef3173a18c6;25;jorgefilipecosta@git.wordpress.org;jorgefilipecosta@git.wordpress.org
date.js;MODIFY;1074;0.0;Equal;True;2020-03-16 22:07:16+00:00;False;307;113;7724;7c8f8d776fe27104b5a4c2ef1c2f4e7094350fe3;76;jorgefilipecosta@git.wordpress.org;jorgefilipecosta@git.wordpress.org
date.js;MODIFY;1074;0.0;Equal;True;2020-03-23 23:40:19+00:00;False;307;113;7724;61ddc8d5820159ccb3eab61b7eb55df166ab49eb;99;jorgefilipecosta@git.wordpress.org;jorgefilipecosta@git.wordpress.org
date.js;MODIFY;1110;36.0;Grew;True;2020-06-26 13:33:47+00:00;False;322;117;7970;c0db9a2f3d552b19975344d7c883cbcaef2fc9d8;165;ellatrix@git.wordpress.org;ellatrix@git.wordpress.org
date.js;MODIFY;1110;0.0;Equal;True;2020-06-29 11:50:29+00:00;False;322;117;7970;7d19adab35256f45a6372a81766aee6a6e944955;96;gziolo@git.wordpress.org;gziolo@git.wordpress.org
date.js;MODIFY;1110;0.0;Equal;True;2020-07-07 14:43:35+00:00;False;322;117;7970;c3e3c7ed6c8672c8ee87a8b3c0ac79b8c17d7ac4;159;ellatrix@git.wordpress.org;ellatrix@git.wordpress.org
date.js;MODIFY;1110;0.0;Equal;True;2020-07-07 16:08:28+00:00;False;322;117;7970;ef78b5ba5abc0d1ce0afaae1555674740114c146;94;youknowriad@git.wordpress.org;youknowriad@git.wordpress.org
date.js;MODIFY;1110;0.0;Equal;True;2020-07-21 12:14:37+00:00;False;322;117;7970;ec05ee2f5d7b172124dc9c85393fe766d4697d1f;103;ellatrix@git.wordpress.org;ellatrix@git.wordpress.org
date.js;MODIFY;1111;1.0;Grew;True;2020-10-13 13:10:30+00:00;False;322;117;7974;b667105f6010f77193144bee71067d5a53a7354c;174;jorgefilipecosta@git.wordpress.org;jorgefilipecosta@git.wordpress.org
date.js;MODIFY;1111;0.0;Equal;True;2020-10-20 13:36:16+00:00;False;322;117;7974;d6cff7965a10c89e629a87eb6e4ecb0ed9614d50;184;youknowriad@git.wordpress.org;youknowriad@git.wordpress.org
date.js;MODIFY;1111;0.0;Equal;True;2020-12-01 12:19:43+00:00;False;322;117;7974;a9490c4639a2c1d679aa7c41c5cfd4514a25734a;104;sergeybiryukov.ru@gmail.com;sergeybiryukov.ru@gmail.com
date.js;MODIFY;1111;0.0;Equal;True;2021-01-28 02:04:13+00:00;False;322;117;7974;43e36a3541777dee2935bb31cce6d151a5ef63c0;195;noisysocks@git.wordpress.org;noisysocks@git.wordpress.org
date.js;MODIFY;1111;0.0;Equal;True;2021-02-02 05:17:13+00:00;False;322;117;7974;351400af80c88db8d44d4380a06c29bca36be208;137;noisysocks@git.wordpress.org;noisysocks@git.wordpress.org
date.js;MODIFY;1114;3.0;Grew;True;2021-04-15 15:19:43+00:00;False;323;118;7997;ad48a153873cdef28ab03c54a034de807e729052;180;gziolo@git.wordpress.org;gziolo@git.wordpress.org
date.js;MODIFY;1114;0.0;Equal;True;2021-05-07 11:48:27+00:00;False;323;118;7997;b8871304cff82e705e03f659916d6a1b7e201f79;144;gziolo@git.wordpress.org;gziolo@git.wordpress.org
date.js;MODIFY;1104;-10.0;Decreased;True;2021-05-19 15:09:27+00:00;False;298;113;7825;c3ea09ebb8034be04f42e5aaf5f523cbead7e2a4;307;gziolo@git.wordpress.org;gziolo@git.wordpress.org
date.js;MODIFY;1104;0.0;Equal;True;2021-05-20 12:20:04+00:00;False;298;113;7825;6e4458c93526336c55eb0347d8dee1b7454e0c53;96;gziolo@git.wordpress.org;gziolo@git.wordpress.org
date.js;MODIFY;1104;0.0;Equal;True;2021-11-08 14:29:21+00:00;False;298;113;7825;ebca9841e81c3d3b1cea8d9583898a40cdf9b677;513;youknowriad@git.wordpress.org;youknowriad@git.wordpress.org
date.js;MODIFY;1112;8.0;Grew;True;2021-11-15 12:50:17+00:00;False;323;118;7967;c2d0fb204006b319ea0c27a5a28f6f56027536f3;115;noisysocks@git.wordpress.org;noisysocks@git.wordpress.org
date.js;MODIFY;1111;-1.0;Decreased;True;2022-04-11 12:04:30+00:00;False;324;119;7779;2ec4c366e613aa7b81aab6d0c9facb9d85d191f2;131;gziolo@git.wordpress.org;gziolo@git.wordpress.org
date.js;MODIFY;1120;9.0;Grew;True;2022-04-12 15:12:47+00:00;False;325;120;7897;ab8a964858e7eba50c2caed21cc9415282f89d14;449;gziolo@git.wordpress.org;gziolo@git.wordpress.org
date.js;MODIFY;1132;12.0;Grew;True;2022-09-20 15:43:29+00:00;False;327;122;7943;1044eb572a2043ab9f43e94830c5695a812c723a;483;gziolo@git.wordpress.org;gziolo@git.wordpress.org
date.js;MODIFY;1132;0.0;Equal;True;2023-02-07 07:04:52+00:00;False;327;122;7943;a41c798835f620b8fd0a8890b028240ae1a48383;411;youknowriad@git.wordpress.org;youknowriad@git.wordpress.org
date.js;MODIFY;1130;-2.0;Decreased;True;2023-06-27 14:24:19+00:00;False;305;119;7868;00401e16b30c2929e8adb5e07521b3ace4dbf826;477;Bernhard Reiter@git.wordpress.org;Bernhard Reiter@git.wordpress.org
date.js;MODIFY;1130;0.0;Equal;True;2023-08-11 16:04:29+00:00;False;293;107;7845;afd36de0b5912287c65d7c4a529132f855693cb4;292;desrosj@git.wordpress.org;desrosj@git.wordpress.org
date.js;MODIFY;1130;0.0;Equal;True;2023-09-21 13:26:32+00:00;False;305;119;7868;3c8457e747658455d9f29dee76687d615ebd5a15;290;desrosj@git.wordpress.org;desrosj@git.wordpress.org
date.js;MODIFY;1138;8.0;Grew;True;2023-09-26 14:23:26+00:00;False;306;119;7937;04f631f2327a9248f12c22d40a851300e49ead43;326;tammie@automattic.com;tammie@automattic.com
date.js;MODIFY;1138;0.0;Equal;True;2024-01-31 12:59:56+00:00;False;294;107;7914;9aaa49f5a75320dbd94f57c1252d96481741eb76;321;youknowriad@git.wordpress.org;youknowriad@git.wordpress.org
date.js;MODIFY;1139;1.0;Grew;True;2024-02-09 18:22:22+00:00;False;294;107;7920;f7c63b630c0adf7205e76c187dfaca0a198f5256;227;youknowriad@git.wordpress.org;youknowriad@git.wordpress.org
date.js;MODIFY;1139;0.0;Equal;True;2024-02-15 16:53:15+00:00;False;294;107;7920;d4a8067885ef63f0a8e0115eaedf5355ed109007;133;desrosj@git.wordpress.org;desrosj@git.wordpress.org
date.js;MODIFY;1139;0.0;Equal;True;2024-12-13 19:06:24+00:00;False;294;107;7920;26335af1ac0e11d22232c205b43f96512991a34b;254;desrosj@git.wordpress.org;desrosj@git.wordpress.org
