file_name;change_type;n_loc;lines_balance;size_change;is_large;date;swapped_classification;complexity;methods;tokens;hash;files_on_commit;committer_email;author_email
edit-widgets.js;ADD;2730;0.0;Grew;True;2021-05-25 08:40:25+00:00;True;543;340;19954;81f62198c388a0e0619d8dcb2f1e34b2f07e2bfb;43;noisysocks@git.wordpress.org;noisysocks@git.wordpress.org
edit-widgets.js;MODIFY;2720;-10.0;Decreased;True;2021-06-01 08:10:04+00:00;False;540;335;19695;e335b68afc9d64077be5db2abb05890ba758238d;54;youknowriad@git.wordpress.org;youknowriad@git.wordpress.org
edit-widgets.js;MODIFY;2716;-4.0;Decreased;True;2021-06-08 08:09:53+00:00;False;540;335;19693;1516d051282958be7d9a868f295a7526e218b6b1;64;youknowriad@git.wordpress.org;youknowriad@git.wordpress.org
edit-widgets.js;MODIFY;2716;0.0;Equal;True;2021-06-08 17:33:22+00:00;False;540;335;19693;1a7f28b3cd53b7f8348697c505646b1cb74cb1d6;41;youknowriad@git.wordpress.org;youknowriad@git.wordpress.org
edit-widgets.js;MODIFY;2734;18.0;Grew;True;2021-06-15 08:52:30+00:00;False;540;335;19865;c114304471b93dc74ddd72cd415793f6877c8cd1;63;youknowriad@git.wordpress.org;youknowriad@git.wordpress.org
edit-widgets.js;MODIFY;2786;52.0;Grew;True;2021-06-22 10:00:50+00:00;False;543;335;20155;ab2519189567c714d906ff782b9961b3988a2b48;64;jorgefilipecosta@git.wordpress.org;jorgefilipecosta@git.wordpress.org
edit-widgets.js;MODIFY;2800;14.0;Grew;True;2021-06-25 15:52:22+00:00;False;548;335;20286;be0d5b25347bfc69f32ff2967c035df138929984;48;youknowriad@git.wordpress.org;youknowriad@git.wordpress.org
edit-widgets.js;MODIFY;2800;0.0;Grew;True;2021-06-28 16:01:36+00:00;False;548;335;20284;687fcda03f7eef67e0805281512dfe16763f522f;30;youknowriad@git.wordpress.org;youknowriad@git.wordpress.org
edit-widgets.js;MODIFY;2817;17.0;Grew;True;2021-07-06 14:38:40+00:00;False;556;337;20412;5ab81a5f388ce06b8e718070ff640b4346e0384d;32;youknowriad@git.wordpress.org;youknowriad@git.wordpress.org
edit-widgets.js;MODIFY;2825;8.0;Grew;True;2021-07-15 18:55:29+00:00;False;557;337;20448;e76d4e1bcde33d79efa7422bd2ff43d88a54d4ee;21;youknowriad@git.wordpress.org;youknowriad@git.wordpress.org
edit-widgets.js;MODIFY;2910;85.0;Grew;True;2021-09-01 19:08:24+00:00;False;568;348;20960;c886de61f9c3faac6129aaf25924461254cc326f;31;desrosj@git.wordpress.org;desrosj@git.wordpress.org
edit-widgets.js;MODIFY;3022;112.0;Grew;True;2021-11-08 14:29:21+00:00;False;586;356;21978;ebca9841e81c3d3b1cea8d9583898a40cdf9b677;513;youknowriad@git.wordpress.org;youknowriad@git.wordpress.org
edit-widgets.js;MODIFY;3123;101.0;Grew;True;2021-11-15 12:50:17+00:00;False;617;360;22534;c2d0fb204006b319ea0c27a5a28f6f56027536f3;115;noisysocks@git.wordpress.org;noisysocks@git.wordpress.org
edit-widgets.js;MODIFY;3124;1.0;Grew;True;2021-11-23 05:40:38+00:00;False;617;360;22538;121c824ccde0a020f2e92b6d287d3a6fc35a913f;75;noisysocks@git.wordpress.org;noisysocks@git.wordpress.org
edit-widgets.js;MODIFY;3124;0.0;Equal;True;2021-12-21 07:02:34+00:00;False;617;360;22536;49393937992f6e9d147829a83af4065a58a415a5;79;isabel_brison@git.wordpress.org;isabel_brison@git.wordpress.org
edit-widgets.js;MODIFY;3125;1.0;Grew;True;2022-01-18 03:39:26+00:00;False;617;360;22545;cd191ca6fe49b98217d1021d59041c2bba8eb90d;25;noisysocks@git.wordpress.org;noisysocks@git.wordpress.org
edit-widgets.js;MODIFY;2957;-168.0;Decreased;True;2022-04-11 12:04:30+00:00;False;529;284;19840;2ec4c366e613aa7b81aab6d0c9facb9d85d191f2;131;gziolo@git.wordpress.org;gziolo@git.wordpress.org
edit-widgets.js;MODIFY;2879;-78.0;Decreased;True;2022-04-12 15:12:47+00:00;False;497;277;19513;ab8a964858e7eba50c2caed21cc9415282f89d14;449;gziolo@git.wordpress.org;gziolo@git.wordpress.org
edit-widgets.js;MODIFY;2882;3.0;Grew;True;2022-04-19 15:11:17+00:00;False;497;277;19547;6aead54d17a1903e123b0c43cc3dbd7be5fd1bae;29;gziolo@git.wordpress.org;gziolo@git.wordpress.org
edit-widgets.js;MODIFY;2882;0.0;Equal;True;2022-05-10 14:49:35+00:00;False;497;277;19547;6a989e83f6e62d362b6ee50da7a40846cc539dc4;35;gziolo@git.wordpress.org;gziolo@git.wordpress.org
edit-widgets.js;MODIFY;2979;97.0;Grew;True;2022-09-20 15:43:29+00:00;False;524;284;20004;1044eb572a2043ab9f43e94830c5695a812c723a;483;gziolo@git.wordpress.org;gziolo@git.wordpress.org
edit-widgets.js;MODIFY;3020;41.0;Grew;True;2023-02-07 07:04:52+00:00;False;531;287;20120;a41c798835f620b8fd0a8890b028240ae1a48383;411;youknowriad@git.wordpress.org;youknowriad@git.wordpress.org
edit-widgets.js;MODIFY;3020;0.0;Equal;True;2023-02-14 15:44:36+00:00;False;531;287;20120;8588041fd2d4bc3e409ac6c42ccefac921d3e216;41;hellofromTonya@git.wordpress.org;hellofromTonya@git.wordpress.org
edit-widgets.js;MODIFY;3020;0.0;Equal;True;2023-02-21 13:09:42+00:00;False;531;287;20118;2b08f8960bb2b95b14529aca835f9d0011a151c5;44;gziolo@git.wordpress.org;gziolo@git.wordpress.org
edit-widgets.js;MODIFY;2997;-23.0;Decreased;True;2023-06-27 14:24:19+00:00;False;504;288;19677;00401e16b30c2929e8adb5e07521b3ace4dbf826;477;Bernhard Reiter@git.wordpress.org;Bernhard Reiter@git.wordpress.org
edit-widgets.js;MODIFY;3024;27.0;Grew;True;2023-06-28 07:04:13+00:00;False;513;295;19793;9dcce378a0866f5d00e2fc3e53b6b6409e4578c1;28;isabel_brison@git.wordpress.org;isabel_brison@git.wordpress.org
edit-widgets.js;MODIFY;3024;0.0;Grew;True;2023-08-11 16:04:29+00:00;False;465;247;19698;afd36de0b5912287c65d7c4a529132f855693cb4;292;desrosj@git.wordpress.org;desrosj@git.wordpress.org
edit-widgets.js;MODIFY;3024;0.0;Decreased;True;2023-09-21 13:26:32+00:00;False;513;295;19793;3c8457e747658455d9f29dee76687d615ebd5a15;290;desrosj@git.wordpress.org;desrosj@git.wordpress.org
edit-widgets.js;MODIFY;3069;45.0;Decreased;True;2023-09-26 14:23:26+00:00;False;517;297;19865;04f631f2327a9248f12c22d40a851300e49ead43;326;tammie@automattic.com;tammie@automattic.com
edit-widgets.js;MODIFY;3069;0.0;Equal;True;2023-10-12 13:58:15+00:00;False;517;297;19865;5ac76255a9317c10d9f9f0c2ace9530afa188296;41;hellofromTonya@git.wordpress.org;hellofromTonya@git.wordpress.org
edit-widgets.js;MODIFY;3127;58.0;Grew;True;2024-01-29 21:07:12+00:00;False;530;302;20296;1de40f71be71a2ae45fb615e06a2279b8ad363a0;312;youknowriad@git.wordpress.org;youknowriad@git.wordpress.org
edit-widgets.js;MODIFY;3127;0.0;Grew;True;2024-01-31 12:59:56+00:00;False;480;252;20197;9aaa49f5a75320dbd94f57c1252d96481741eb76;321;youknowriad@git.wordpress.org;youknowriad@git.wordpress.org
edit-widgets.js;MODIFY;3153;26.0;Grew;True;2024-02-09 18:22:22+00:00;False;493;254;20328;f7c63b630c0adf7205e76c187dfaca0a198f5256;227;youknowriad@git.wordpress.org;youknowriad@git.wordpress.org
edit-widgets.js;MODIFY;3153;0.0;Equal;True;2024-02-15 16:53:15+00:00;False;493;254;20328;d4a8067885ef63f0a8e0115eaedf5355ed109007;133;desrosj@git.wordpress.org;desrosj@git.wordpress.org
edit-widgets.js;MODIFY;3163;10.0;Decreased;True;2024-05-23 19:39:28+00:00;False;492;246;20468;1fbf5fa51d90b9e778878e7edfcd33b101dcf994;381;ellatrix@git.wordpress.org;ellatrix@git.wordpress.org
edit-widgets.js;MODIFY;3346;183.0;Grew;True;2024-05-31 18:59:00+00:00;False;432;239;20920;aca0884138dcc4ac87adcb6d1e60fdd9a342ca9e;240;ellatrix@git.wordpress.org;ellatrix@git.wordpress.org
edit-widgets.js;MODIFY;3346;0.0;Equal;True;2024-06-18 13:19:30+00:00;False;432;239;20920;6e426b04c13674b7ce937ee5a1d0eea3e6d51e9d;75;ellatrix@git.wordpress.org;ellatrix@git.wordpress.org
edit-widgets.js;MODIFY;3367;21.0;Grew;True;2024-09-20 01:55:35+00:00;False;438;241;21043;f6df3fba165d978a9db59f95a10d450fa21db2da;386;noisysocks@git.wordpress.org;noisysocks@git.wordpress.org
edit-widgets.js;MODIFY;3370;3.0;Grew;True;2024-09-23 06:52:26+00:00;False;438;241;21053;3bb03c76540bcad133713fc913b2757b0b3e50ed;33;noisysocks@git.wordpress.org;noisysocks@git.wordpress.org
edit-widgets.js;MODIFY;3372;2.0;Grew;True;2024-10-14 11:47:24+00:00;False;439;242;21072;decedc1b937b127144d67bd1d9db292167febb87;64;kevin940726@git.wordpress.org;kevin940726@git.wordpress.org
edit-widgets.js;MODIFY;3372;0.0;Equal;True;2024-10-31 04:09:28+00:00;False;439;242;21074;1522e2f0011e31dc92ea2b39668cf36f60ce5825;24;kevin940726@git.wordpress.org;kevin940726@git.wordpress.org
edit-widgets.js;MODIFY;3372;0.0;Equal;True;2024-12-13 19:06:24+00:00;False;439;242;21074;26335af1ac0e11d22232c205b43f96512991a34b;254;desrosj@git.wordpress.org;desrosj@git.wordpress.org
