file_name;change_type;n_loc;lines_balance;size_change;is_large;date;swapped_classification;complexity;methods;tokens;hash;files_on_commit;committer_email;author_email
react-dom.js;ADD;12856;0.0;Equal;True;2018-12-14 04:41:57+00:00;True;3332;774;74933;ca804660392b51b90d874810c7d321590d3241e1;79;desrosj@git.wordpress.org;desrosj@git.wordpress.org
react-dom.js;MODIFY;13921;1065.0;Grew;True;2018-12-17 15:37:00+00:00;False;3499;817;81127;4f86a03258f6987defb5c4db0006646f823dfb88;130;desrosj@git.wordpress.org;desrosj@git.wordpress.org
react-dom.js;MODIFY;15155;1234.0;Grew;True;2019-03-21 12:48:00+00:00;False;3644;911;88372;2aa1b8ff485a7c959130463fa3e94356ea68118a;121;*@iseulde.com;*@iseulde.com
react-dom.js;MODIFY;18356;3201.0;Grew;True;2019-09-25 08:20:57+00:00;False;3985;1166;104323;bd344c19eaf0dbb540d87fc8b91339f66083fc2c;6;gziolo@git.wordpress.org;gziolo@git.wordpress.org
react-dom.js;MODIFY;17182;-1174.0;Decreased;True;2020-10-15 23:08:26+00:00;False;3657;1053;94535;3c1961faa14994356dd772bf91d68384785d3e1e;6;desrosj@git.wordpress.org;desrosj@git.wordpress.org
react-dom.js;MODIFY;18071;889.0;Grew;True;2021-11-12 00:05:15+00:00;False;3708;1085;98472;33bb9d7c6bd1f9d1668235fe01684fed161b3938;5;noisysocks@git.wordpress.org;noisysocks@git.wordpress.org
react-dom.js;MODIFY;18071;0.0;Equal;True;2022-04-12 15:12:47+00:00;False;3708;1085;98472;ab8a964858e7eba50c2caed21cc9415282f89d14;449;gziolo@git.wordpress.org;gziolo@git.wordpress.org
react-dom.js;MODIFY;20527;2456.0;Grew;True;2023-02-07 07:04:52+00:00;False;4376;1234;110858;a41c798835f620b8fd0a8890b028240ae1a48383;411;youknowriad@git.wordpress.org;youknowriad@git.wordpress.org
react-dom.js;MODIFY;20569;42.0;Grew;True;2024-05-23 19:39:28+00:00;False;4389;1235;111149;1fbf5fa51d90b9e778878e7edfcd33b101dcf994;381;ellatrix@git.wordpress.org;ellatrix@git.wordpress.org
react-dom.js;MODIFY;40;-20529.0;Decreased;False;2024-05-31 18:56:14+00:00;True;8;7;196;13df6623cf44ac4af01e4261c8da14a3e60e7d9f;11;ellatrix@git.wordpress.org;ellatrix@git.wordpress.org
react-dom.js;MODIFY;20569;20529.0;Grew;True;2024-07-22 10:02:15+00:00;True;4389;1235;111149;97eacaa791b587af64eb0d5b39ae23a2a75edf75;7;youknowriad@git.wordpress.org;youknowriad@git.wordpress.org
