file_name;change_type;n_loc;lines_balance;size_change;is_large;date;swapped_classification;complexity;methods;tokens;hash;files_on_commit;committer_email;author_email
injectorSpec.js;RENAME;not calculated;0.0;Equal;False;2012-03-28 18:16:35+00:00;False;not calculated;0;not calculated;2430f52bb97fa9d682e5f028c977c5bf94c5ec38;305;misko@hevery.com;misko@hevery.com
injectorSpec.js;MODIFY;598.0;0.0;Grew;False;2012-03-29 18:21:04+00:00;False;218;217;4932;2cb907a8366e3273890f5ef6174b2e3970cd1720;2;igor@angularjs.org;igor@angularjs.org
injectorSpec.js;MODIFY;601.0;3.0;Grew;False;2012-06-01 17:57:51+00:00;False;219;218;4955;4361efb03b79e71bf0cea92b94ff377ed718bad4;2;misko@hevery.com;misko@hevery.com
injectorSpec.js;MODIFY;606.0;5.0;Grew;False;2012-07-20 04:56:22+00:00;False;220;219;4991;e3e8813e3c586093c79cffe2b17418c0c1797d4a;2;igor@angularjs.org;jpsugar@google.com
injectorSpec.js;MODIFY;606.0;0.0;Equal;False;2012-09-06 23:06:24+00:00;False;220;219;4991;d9eff86ef77dd76208cef21e882239d4db0eac1e;2;misko@hevery.com;misko@hevery.com
injectorSpec.js;MODIFY;618.0;12.0;Grew;False;2012-12-01 17:41:59+00:00;False;224;223;5082;2c405f417125c80c387a51baece8bf6e1e0c0a81;2;pkozlowski.opensource@gmail.com;sudhir.j@gmail.com
injectorSpec.js;MODIFY;624.0;6.0;Grew;False;2013-05-02 19:22:16+00:00;False;226;225;5152;80341cb9badd952fdc80094df4123629313b4cc4;3;misko@hevery.com;misko@hevery.com
injectorSpec.js;MODIFY;624.0;0.0;Grew;False;2013-05-25 00:03:21+00:00;False;226;225;5152;b8ea7f6aba2e675b85826b0bee1f21ddd7b866a5;35;vojta.jina@gmail.com;igor@angularjs.org
injectorSpec.js;MODIFY;624.0;0.0;Equal;False;2013-06-17 20:29:30+00:00;False;226;225;5152;003861d2fdb37b83e1d0939d49b70fbc67766997;35;igor@angularjs.org;ovrkenthousand@gmail.com
injectorSpec.js;MODIFY;632.0;8.0;Grew;False;2013-07-02 18:05:30+00:00;False;225;224;5363;4f0f2437712a5ae3e79780e2d6fa32b70abe1a52;4;igor@angularjs.org;igor@angularjs.org
injectorSpec.js;MODIFY;631.0;-1.0;Decreased;False;2013-08-15 20:23:18+00:00;False;225;224;5372;37123cd2858b4e318ed8109af745312df4848577;24;ovrkenthousand@gmail.com;ovrkenthousand@gmail.com
injectorSpec.js;MODIFY;641.0;10.0;Grew;False;2013-10-07 15:45:25+00:00;False;229;228;5461;9af8f4e5855133857d185babace73cd1f9b4d680;1;vojta.jina@gmail.com;pete@bacondarwin.com
injectorSpec.js;MODIFY;655.0;14.0;Grew;False;2013-10-07 16:01:13+00:00;False;236;235;5562;7a586e5c19f3d1ecc3fefef084ce992072ee7f60;24;vojta.jina@gmail.com;pete@bacondarwin.com
injectorSpec.js;MODIFY;662.0;7.0;Grew;False;2013-10-18 22:26:51+00:00;False;239;238;5609;c22adbf160f32c1839fbb35382b7a8c6bcec2927;2;igor@angularjs.org;vojta.jina@gmail.com
injectorSpec.js;MODIFY;662.0;0.0;Equal;False;2013-10-25 20:52:46+00:00;False;239;238;5609;280354c3f948b77a116225d9b5099dadaeaf75b3;1;pete@bacondarwin.com;arun.israel@gmail.com
injectorSpec.js;MODIFY;670.0;8.0;Grew;False;2013-12-31 09:24:41+00:00;False;242;241;5670;07084e1c8bd4efa28b3f02aea353640af0cf37d6;1;igor@angularjs.org;igor@angularjs.org
injectorSpec.js;MODIFY;670.0;0.0;Equal;False;2014-03-06 00:30:51+00:00;False;242;241;5670;933537860247de35c21db060ae9ae1f87bb30d53;8;tbosch1009@gmail.com;timojeajea@gmail.com
injectorSpec.js;MODIFY;724.0;54.0;Grew;False;2014-04-10 21:51:15+00:00;False;271;270;6050;4b1695ec61aac8de7fcac1dfe8b4b420f9842c38;8;caitpotter88@gmail.com;caitpotter88@gmail.com
injectorSpec.js;MODIFY;726.0;2.0;Grew;False;2014-04-27 20:20:31+00:00;False;271;270;6062;accd35b7471bbf58cd5b569a004824fa60fa640a;69;pete@bacondarwin.com;shahar.talmi@gmail.com
injectorSpec.js;MODIFY;747.0;21.0;Grew;False;2014-05-02 18:12:22+00:00;False;278;277;6194;c0b4e2db9cbc8bc3164cedc4646145d3ab72536e;4;caitpotter88@gmail.com;caitpotter88@gmail.com
injectorSpec.js;MODIFY;747.0;0.0;Equal;False;2014-06-13 00:23:09+00:00;False;278;277;6194;545d22b47006c1efa420ba551d4850affdba8016;2;rody@rodyhaddad.com;tero@teropa.info
injectorSpec.js;MODIFY;767.0;20.0;Grew;False;2014-06-17 00:43:16+00:00;False;283;282;6340;2f0a4488731fdb0e8217325dbb52a576defd09bd;6;caitpotter88@gmail.com;shahar.talmi@gmail.com
injectorSpec.js;MODIFY;771.0;4.0;Grew;False;2014-09-19 21:24:48+00:00;False;285;284;6373;f0ee3353112fd84a48cf3214174536ab19e5823d;1;pete@bacondarwin.com;ciroanunes@gmail.com
injectorSpec.js;MODIFY;779.0;8.0;Grew;False;2014-10-08 20:49:38+00:00;False;290;289;6457;0d3b69a5f27b41745b504c7ffd8d72653bac1f85;3;caitpotter88@gmail.com;caitpotter88@gmail.com
injectorSpec.js;MODIFY;792.0;13.0;Grew;False;2014-10-09 12:04:18+00:00;False;294;293;6538;372fa6993b2b1b4848aa4be3c3e11f69244fca6f;2;caitpotter88@gmail.com;caitpotter88@gmail.com
injectorSpec.js;MODIFY;792.0;0.0;Equal;False;2014-10-09 12:40:25+00:00;False;294;293;6538;944408edf8fa9fb7ea49f97a976770e13e1aa7b7;1;caitpotter88@gmail.com;caitpotter88@gmail.com
injectorSpec.js;MODIFY;792.0;0.0;Equal;False;2014-10-20 09:39:32+00:00;False;294;293;6536;8b921617e932632ac3cc10c661436f417febc032;8;pete@bacondarwin.com;hi@henryzoo.com
injectorSpec.js;MODIFY;792.0;0.0;Equal;False;2014-10-20 09:39:46+00:00;False;294;293;6536;483ce91da28cc623926308f32c4816589ded26bc;28;pete@bacondarwin.com;hi@henryzoo.com
injectorSpec.js;MODIFY;792.0;0.0;Equal;False;2014-10-23 19:59:25+00:00;False;294;293;6536;7f65f97919be5b8dcb18176df814eb30db28ea05;72;caitpotter88@gmail.com;hi@henryzoo.com
injectorSpec.js;MODIFY;792.0;0.0;Grew;False;2014-10-23 19:59:25+00:00;False;294;293;6536;922162853b40bd1170a56352ee99f61963607ab9;7;caitpotter88@gmail.com;hi@henryzoo.com
injectorSpec.js;MODIFY;792.0;0.0;Grew;False;2014-10-23 19:59:26+00:00;False;294;293;6536;d3b1f502e3099d91042a1827a006ad112ea67d36;798;caitpotter88@gmail.com;hi@henryzoo.com
injectorSpec.js;MODIFY;792.0;0.0;Equal;False;2014-10-31 15:27:16+00:00;False;294;293;6536;030101a43a5af69679b438969cccd0121e1576ae;736;caitpotter88@gmail.com;hi@henryzoo.com
injectorSpec.js;MODIFY;792.0;0.0;Equal;False;2014-11-09 14:51:01+00:00;False;294;293;6536;06016bb12c5bed0da3a941d7e0859d6a0dc9ab38;46;pkozlowski.opensource@gmail.com;hi@henryzoo.com
injectorSpec.js;MODIFY;806.0;14.0;Grew;False;2014-12-02 17:19:15+00:00;False;299;298;6650;013b522c9e690665aecb0e0f656e4557a673ec09;2;caitpotter88@gmail.com;olivier.combe@gmail.com
injectorSpec.js;MODIFY;810.0;4.0;Grew;False;2015-01-28 13:47:46+00:00;False;300;299;6694;0baa17a3b7ad2b242df2b277b81cebdf75b04287;4;pete@bacondarwin.com;shahar.talmi@gmail.com
injectorSpec.js;MODIFY;810.0;0.0;Equal;False;2015-01-30 12:36:18+00:00;False;300;299;6694;1f3ab484a77d2a425f9c3ce340b09e26956604d1;6;pete@bacondarwin.com;hi@henryzoo.com
injectorSpec.js;MODIFY;814.0;4.0;Grew;False;2015-08-03 08:18:19+00:00;False;302;301;6728;5abf593e6b3535cc836c99db4018a4e2fc2dbc3b;2;lgalfaso@gmail.com;martin@probst.io
injectorSpec.js;MODIFY;819.0;5.0;Grew;False;2015-08-09 10:20:31+00:00;False;304;302;6773;44a96a4c140873d9fd8484d870af83a0bb9acabd;2;lgalfaso@gmail.com;lgalfaso@gmail.com
injectorSpec.js;MODIFY;819.0;0.0;Grew;False;2015-08-09 10:40:28+00:00;False;304;302;6773;1363cbd6b49410a82a969dc3aeae094becc44997;1;lgalfaso@gmail.com;lgalfaso@gmail.com
injectorSpec.js;MODIFY;819.0;0.0;Equal;False;2015-08-09 11:03:48+00:00;False;304;302;6773;0827e88e210bc9ec1ba5e29834751ba4398e4588;1;lgalfaso@gmail.com;lgalfaso@gmail.com
injectorSpec.js;MODIFY;825.0;6.0;Grew;False;2015-09-20 14:41:27+00:00;False;306;304;6827;79577c5d316c7bf0204d7d1747ddc5b15bfe2955;2;lgalfaso@gmail.com;kent+github@doddsfamily.us
injectorSpec.js;MODIFY;836.0;11.0;Grew;False;2015-09-21 05:49:19+00:00;False;310;308;6927;03726f7fbd5d71c0604b8dd40e97cb2fb0fb777f;2;shahart@wix.com;shahart@wix.com
injectorSpec.js;MODIFY;850.0;14.0;Grew;False;2015-10-26 21:10:41+00:00;False;315;312;7038;29a05984fe46c2c18ca51404f07c866dd92d1eec;2;lgalfaso@gmail.com;lgalfaso@gmail.com
injectorSpec.js;MODIFY;858.0;8.0;Grew;False;2015-12-10 20:17:42+00:00;False;318;314;7124;8b6b42827186e5e4eb7a56f6b824c560a5058bd2;2;lgalfaso@gmail.com;martin@probst.io
injectorSpec.js;MODIFY;865.0;7.0;Grew;False;2016-01-07 19:53:16+00:00;False;321;314;7135;fabc6ab5b01dc687aa8385da067752ba34da6524;3;lgalfaso@gmail.com;lgalfaso@gmail.com
injectorSpec.js;MODIFY;865.0;0.0;Equal;False;2016-03-16 09:15:21+00:00;False;321;314;7135;eb16611c5155bcfcdfb11cb2681d06e15254d016;68;pete@bacondarwin.com;lgalfaso@gmail.com
injectorSpec.js;MODIFY;871.0;6.0;Grew;False;2016-04-11 09:58:50+00:00;False;324;317;7195;a0b5e1a85893f65a45f6c776b5a8a2ef96be9580;2;g.kalpakas@hotmail.com;ahmad.ibrahim510@gmail.com
injectorSpec.js;MODIFY;871.0;0.0;Grew;False;2016-04-28 11:21:38+00:00;False;324;317;7195;afcedff34c8a44dda0d558d9d6337962f5f03d7b;2;g.kalpakas@hotmail.com;g.kalpakas@hotmail.com
injectorSpec.js;MODIFY;889.0;18.0;Grew;False;2016-06-27 10:28:32+00:00;False;326;318;7279;c855c3fb9f998a13fbb9f21f6bb76a1a6c4c32e4;2;kalpakas.g@gmail.com;g.kalpakas@hotmail.com
injectorSpec.js;MODIFY;889.0;0.0;Grew;False;2016-08-05 20:18:32+00:00;False;326;318;7284;c3220325a0a95484724a03bedca24e1bbf05dc80;308;m.goleb@gmail.com;m.goleb@gmail.com
injectorSpec.js;MODIFY;889.0;0.0;Equal;False;2016-08-10 19:52:38+00:00;False;326;318;7284;9360aa2d27fd4b35c377ecff3eea2a656ecf7114;172;m.goleb@gmail.com;m.goleb@gmail.com
injectorSpec.js;MODIFY;889.0;0.0;Equal;False;2016-10-05 16:11:12+00:00;False;326;318;7276;fbf30b28e0a3de717e3f8eb605a4920da080211b;4;kalpakas.g@gmail.com;kalpakas.g@gmail.com
injectorSpec.js;MODIFY;889.0;0.0;Equal;False;2016-10-29 15:40:21+00:00;False;326;318;7276;305e201b71710f1d7742662d36450b1926f4aeb6;4;mjstaffa@googlemail.com;jsoref@users.noreply.github.com
injectorSpec.js;MODIFY;889.0;0.0;Equal;False;2016-10-29 15:40:21+00:00;False;326;318;7276;5cce6e233e332d24383123f185351a28e2c65d56;34;mjstaffa@googlemail.com;jsoref@users.noreply.github.com
injectorSpec.js;MODIFY;889.0;0.0;Equal;False;2016-11-29 13:25:56+00:00;False;326;318;7274;736b6c7fed79c8305786bbb86d39dd7af891a162;36;pete@bacondarwin.com;pete@bacondarwin.com
injectorSpec.js;MODIFY;889.0;0.0;Decreased;False;2017-01-25 21:20:18+00:00;False;326;318;7274;641e13acc180000a8b1293a1bf9dfef29673e2ea;16;kalpakas.g@gmail.com;kalpakas.g@gmail.com
injectorSpec.js;MODIFY;889.0;0.0;Decreased;False;2017-02-01 15:02:11+00:00;False;326;318;7274;813117da31bfc8731e8af26336915e29878b4294;2;pete@bacondarwin.com;m.goleb@gmail.com
injectorSpec.js;MODIFY;916.0;27.0;Grew;False;2017-03-02 08:22:08+00:00;False;332;324;7605;550f309dba4d3c1530c128b1c97a1678c2be0da1;2;pete@bacondarwin.com;pete@bacondarwin.com
injectorSpec.js;MODIFY;914.0;-2.0;Decreased;False;2017-05-09 13:08:35+00:00;False;331;324;7590;30eb1943419038250627fb93a7c8f411e6f79231;5;noreply@github.com;m.goleb@gmail.com
injectorSpec.js;MODIFY;914.0;0.0;Equal;False;2017-05-25 14:14:31+00:00;False;331;324;7590;b4651e5278cccba79af9376c0cfe0b4313d3967b;4;noreply@github.com;m.goleb@gmail.com
injectorSpec.js;MODIFY;1048.0;134.0;Grew;True;2017-09-21 12:52:46+00:00;True;376;369;9110;34237f929927295392bbb1a600e78cbde581839a;2;pete@bacondarwin.com;craig@leyshan.com[C
injectorSpec.js;MODIFY;1032.0;-16.0;Decreased;True;2018-05-30 20:01:52+00:00;False;375;368;9039;8e104ee508418bc2ebb65e5b4ac73d22285cc224;5;kalpakas.g@gmail.com;thorn.mailbox@gmail.com
injectorSpec.js;MODIFY;1048.0;16.0;Grew;True;2018-06-11 13:58:54+00:00;False;376;369;9110;42e622b751d1ad1520b824473f9ad31e7efb75b3;5;kalpakas.g@gmail.com;kalpakas.g@gmail.com
