file_name;change_type;n_loc;lines_balance;size_change;is_large;date;swapped_classification;complexity;methods;tokens;hash;files_on_commit;committer_email;author_email
ngModelSpec.js;ADD;1167;0.0;Equal;True;2014-12-24 13:07:07+00:00;True;199;179;9508;3e42b22b0e9df95994624d45502e612398d2fc1d;8;pete@bacondarwin.com;pete@bacondarwin.com
ngModelSpec.js;MODIFY;1634;467.0;Grew;True;2014-12-24 23:19:39+00:00;False;248;227;12772;0f9fd2f642ee251e61f8fb80132500c94db5e47a;6;pete@bacondarwin.com;pete@bacondarwin.com
ngModelSpec.js;MODIFY;1657;23.0;Grew;True;2015-01-08 11:36:54+00:00;False;250;229;12936;9c9c6b3fe4edfe78ae275c413ee3eefb81f1ebf6;2;lgalfaso@gmail.com;shahar.talmi@gmail.com
ngModelSpec.js;MODIFY;1671;14.0;Grew;True;2015-01-23 14:37:17+00:00;False;251;230;13066;31a5b8353ae5f1a5cb283322829880995e877833;4;pete@bacondarwin.com;caitpotter88@gmail.com
ngModelSpec.js;MODIFY;1657;-14.0;Decreased;True;2015-01-26 22:50:48+00:00;False;250;229;12936;76df11657410a8246466ade36361fdf2b81d8570;4;middlefloor@gmail.com;middlefloor@gmail.com
ngModelSpec.js;MODIFY;1727;70.0;Grew;True;2015-02-13 12:34:22+00:00;False;264;233;13492;056a31700803c0a6014b43cfcc36c5c500cc596e;2;pete@bacondarwin.com;pete@bacondarwin.com
ngModelSpec.js;MODIFY;1743;16.0;Grew;True;2015-04-03 06:11:27+00:00;False;269;238;13598;948120ecdbc4dd07880c0107564c50c7675b8a93;2;pete@bacondarwin.com;mjstaffa@googlemail.com
ngModelSpec.js;MODIFY;1743;0.0;Equal;True;2015-04-09 21:44:54+00:00;False;269;238;13594;c8700f04fb6fb5dc21ac24de8665c0476d6db5ef;39;matias@yearofmoo.com;matias@yearofmoo.com
ngModelSpec.js;MODIFY;1762;19.0;Grew;True;2015-06-11 21:25:08+00:00;False;271;240;13741;0934b76b72cec86093414834ac4cb7f0946b651d;2;lgalfaso@gmail.com;lgalfaso@gmail.com
ngModelSpec.js;MODIFY;1762;0.0;Equal;True;2015-09-04 09:42:51+00:00;False;271;240;13739;f8a07dd9fecfa35616fe609cd389a8c32fb533bf;3;mjstaffa@googlemail.com;mjstaffa@googlemail.com
ngModelSpec.js;MODIFY;1731;-31.0;Decreased;True;2015-09-22 09:16:13+00:00;False;264;237;13502;496a67c10ef0554735bee31a2ca83852f81a1048;1;pete@bacondarwin.com;pete@bacondarwin.com
ngModelSpec.js;MODIFY;1748;17.0;Grew;True;2015-09-22 09:16:49+00:00;False;267;238;13656;630280c7fb04a83208d09c97c2efb81be3a3db74;3;pete@bacondarwin.com;pete@bacondarwin.com
ngModelSpec.js;MODIFY;1748;0.0;Equal;True;2016-01-19 14:05:45+00:00;False;267;238;13656;ba6d37756e9553afa2ebdda18fb52d49c911e3aa;3;g.kalpakas@hotmail.com;g.kalpakas@hotmail.com
ngModelSpec.js;MODIFY;1748;0.0;Equal;True;2016-03-07 10:35:54+00:00;False;267;238;13635;db281c133de4c1a1968c1da5c98aeb56fdbb9628;18;pete@bacondarwin.com;m_ma7med@hotmail.com
ngModelSpec.js;MODIFY;1743;-5.0;Decreased;True;2016-03-16 09:15:21+00:00;False;265;236;13634;eb16611c5155bcfcdfb11cb2681d06e15254d016;68;pete@bacondarwin.com;lgalfaso@gmail.com
ngModelSpec.js;MODIFY;1743;0.0;Equal;True;2016-08-05 20:18:32+00:00;False;265;236;13634;c3220325a0a95484724a03bedca24e1bbf05dc80;308;m.goleb@gmail.com;m.goleb@gmail.com
ngModelSpec.js;MODIFY;1743;0.0;Equal;True;2016-08-10 19:52:38+00:00;False;265;236;13634;9360aa2d27fd4b35c377ecff3eea2a656ecf7114;172;m.goleb@gmail.com;m.goleb@gmail.com
ngModelSpec.js;MODIFY;1819;76.0;Grew;True;2016-09-02 19:40:12+00:00;False;278;249;14339;87a2ff76af5d0a9268d8eb84db5755077d27c84c;5;pete@bacondarwin.com;pete@bacondarwin.com
ngModelSpec.js;MODIFY;1839;20.0;Grew;True;2016-10-05 19:42:02+00:00;False;280;251;14483;7bc71adc63bb6bb609b44dd2d3ea8fb0cd3f300b;2;pete@bacondarwin.com;bobchao87@gmail.com
ngModelSpec.js;MODIFY;1829;-10.0;Decreased;True;2016-10-09 18:07:08+00:00;False;276;247;14443;faf0c3e4c1b6f79b00f92f1231491f7569ecd25e;1;mjstaffa@googlemail.com;bobchao87@gmail.com
ngModelSpec.js;MODIFY;1753;-76.0;Decreased;True;2016-11-16 13:40:46+00:00;False;263;234;13738;fb0225a36afb08ab14a808a2fd2d2f39c13fce32;4;pete@bacondarwin.com;pete@bacondarwin.com
ngModelSpec.js;MODIFY;1272;-481.0;Decreased;True;2016-11-16 13:46:13+00:00;False;216;188;10362;296cfce40c25e9438bfa46a0eb27240707a10ffa;6;pete@bacondarwin.com;pete@bacondarwin.com
ngModelSpec.js;MODIFY;1272;0.0;Equal;True;2016-11-29 13:25:56+00:00;False;219;188;10435;736b6c7fed79c8305786bbb86d39dd7af891a162;36;pete@bacondarwin.com;pete@bacondarwin.com
ngModelSpec.js;MODIFY;1310;38.0;Grew;True;2017-02-01 12:19:37+00:00;False;224;193;10790;2b00e8893e9611bccc001119bca11626f48f6360;2;pete@bacondarwin.com;pete@bacondarwin.com
ngModelSpec.js;MODIFY;1384;74.0;Grew;True;2017-09-29 11:12:18+00:00;False;233;202;11513;05fdf918d97a379634c8b0e15da8615edfc6fb8d;2;noreply@github.com;mjstaffa@googlemail.com
ngModelSpec.js;MODIFY;1384;0.0;Equal;True;2017-12-04 10:17:32+00:00;False;233;202;11513;74b04c9403af4fc7df5b6420f22c9f45a3e84140;4;noreply@github.com;mjstaffa@googlemail.com
ngModelSpec.js;MODIFY;1388;4.0;Grew;True;2018-05-31 07:51:53+00:00;False;234;203;11538;459997b482ef9597ce3505d16f7ebc3b9a14b9cb;2;kalpakas.g@gmail.com;kalpakas.g@gmail.com
ngModelSpec.js;MODIFY;1388;0.0;Equal;True;2018-12-05 13:06:43+00:00;False;234;203;11538;0637a2124c4515311a317e0e39926521228fc0af;7;noreply@github.com;mjstaffa@googlemail.com
