file_name;change_type;n_loc;lines_balance;size_change;is_large;date;swapped_classification;complexity;methods;tokens;hash;files_on_commit;committer_email;author_email
ngRepeatSpec.js;RENAME;227;0.0;Equal;False;2012-03-28 18:16:35+00:00;False;not calculated;0;not calculated;2430f52bb97fa9d682e5f028c977c5bf94c5ec38;305;misko@hevery.com;misko@hevery.com
ngRepeatSpec.js;MODIFY;227;0.0;Equal;False;2012-04-09 16:52:27+00:00;False;27;27;1905;82d90a409692e97a79c3bf4708ee80796c7de2d6;54;igor@angularjs.org;igor@angularjs.org
ngRepeatSpec.js;MODIFY;227;0.0;Equal;False;2012-04-09 18:48:54+00:00;False;27;27;1905;0f89383d981d0144c6db92b163edcc545d6b5222;22;igor@angularjs.org;igor@angularjs.org
ngRepeatSpec.js;MODIFY;241;14.0;Grew;False;2012-05-22 21:18:15+00:00;False;27;27;1970;1d388676e3b97b6171fc498e82545bd437ee6fd1;2;igor@angularjs.org;max@cupmanager.net
ngRepeatSpec.js;MODIFY;331;90.0;Grew;False;2012-08-30 22:20:40+00:00;False;29;29;2980;0a71753ce3f4fe241e15fa489617b82710be4648;4;misko@hevery.com;zhenbo.zhang1981@gmail.com
ngRepeatSpec.js;MODIFY;241;-90.0;Decreased;False;2012-08-31 20:59:03+00:00;False;27;27;1970;5e9041818bca770c9261a3963e05dbb3c7ca2f06;4;igor@angularjs.org;igor@angularjs.org
ngRepeatSpec.js;MODIFY;331;90.0;Grew;False;2012-09-06 23:06:21+00:00;False;29;29;2980;f2b7fffdc0b0ad80cebb24f5fea743e9e4a439d5;4;misko@hevery.com;zhenbo.zhang1981@gmail.com
ngRepeatSpec.js;MODIFY;340;9.0;Grew;False;2012-11-26 19:17:11+00:00;False;29;29;3149;e7d37ee45ac48b0ff2a3d43f7236d316be6c241e;1;igor@angularjs.org;igor@angularjs.org
ngRepeatSpec.js;MODIFY;340;0.0;Equal;False;2012-11-26 19:36:52+00:00;False;30;30;3091;c8e9105fe685e95340336b57cb85faebbc7955cc;1;igor@angularjs.org;igor@angularjs.org
ngRepeatSpec.js;MODIFY;352;12.0;Grew;False;2012-11-26 19:36:53+00:00;False;31;31;3217;1b17dfa693c36607ea86c7129a8612f7771c2f22;2;igor@angularjs.org;igor@angularjs.org
ngRepeatSpec.js;MODIFY;365;13.0;Grew;False;2013-01-17 08:25:30+00:00;False;32;32;3294;7e746015ea7dec3e9eb81bc4678fa9b6a83bc47c;2;igor@angularjs.org;pete@bacondarwin.com
ngRepeatSpec.js;MODIFY;386;21.0;Grew;False;2013-03-30 06:01:52+00:00;False;34;33;3418;61f2767ce65562257599649d9eaf9da08f321655;5;misko@hevery.com;misko@hevery.com
ngRepeatSpec.js;MODIFY;549;163.0;Grew;False;2013-04-02 21:05:06+00:00;False;53;45;4812;0b6f1ce5f89f47f9302ff1e8cd8f4b92f837c413;25;misko@hevery.com;misko@hevery.com
ngRepeatSpec.js;MODIFY;561;12.0;Grew;False;2013-04-11 21:15:20+00:00;False;55;47;4892;1351ba2632b5011ad6eaddf004a7f0411bea8453;8;misko@hevery.com;matias@yearofmoo.com
ngRepeatSpec.js;MODIFY;577;16.0;Grew;False;2013-04-12 06:06:07+00:00;False;56;48;5035;570463a465fae02efc33e5a1fa963437cdc275dd;8;misko@hevery.com;misko@hevery.com
ngRepeatSpec.js;MODIFY;576;-1.0;Decreased;False;2013-04-12 06:06:07+00:00;False;56;48;5026;a0bc71e27107c58282e71415c4e8d89e916ae99c;3;misko@hevery.com;misko@hevery.com
ngRepeatSpec.js;MODIFY;575;-1.0;Decreased;False;2013-05-01 12:57:44+00:00;False;57;49;5020;660605bdb834bbbb31529b86f5b870c5861ff497;3;pete@bacondarwin.com;pete@bacondarwin.com
ngRepeatSpec.js;MODIFY;591;16.0;Grew;False;2013-05-02 14:12:37+00:00;False;58;50;5113;1d8e11ddfbd6b08ff02df4331f6df125f49da3dc;2;pete@bacondarwin.com;gonzalo.ruizdevilla@adesis.com
ngRepeatSpec.js;MODIFY;591;0.0;Equal;False;2013-05-08 22:40:37+00:00;False;58;50;5113;88c3480aff79e1ff5b1ed8bd7f1e05df8ea1e068;11;misko@hevery.com;matias@yearofmoo.com
ngRepeatSpec.js;MODIFY;591;0.0;Equal;False;2013-05-08 23:03:31+00:00;False;58;50;5113;11f712bc3e310302eb2e8691cf6d110bdcde1810;14;misko@hevery.com;matias@yearofmoo.com
ngRepeatSpec.js;MODIFY;591;0.0;Equal;False;2013-05-25 00:03:21+00:00;False;58;50;5113;b8ea7f6aba2e675b85826b0bee1f21ddd7b866a5;35;vojta.jina@gmail.com;igor@angularjs.org
ngRepeatSpec.js;MODIFY;608;17.0;Grew;False;2013-06-11 20:14:34+00:00;False;59;51;5235;4953b49761a791d9ea74bcbe78769fec15d91083;2;misko@hevery.com;misko@hevery.com
ngRepeatSpec.js;MODIFY;608;0.0;Equal;False;2013-06-17 20:29:30+00:00;False;59;51;5235;003861d2fdb37b83e1d0939d49b70fbc67766997;35;igor@angularjs.org;ovrkenthousand@gmail.com
ngRepeatSpec.js;MODIFY;683;75.0;Grew;False;2013-06-28 04:30:24+00:00;False;71;63;5779;15e1a29cd08993b599f390e83a249ec17f753972;3;misko@hevery.com;igor@angularjs.org
ngRepeatSpec.js;MODIFY;683;0.0;Equal;False;2013-06-28 07:28:06+00:00;False;71;63;5780;bd5c9a03713e38418a16a3074b7e4381adfe5b3a;1;pete@bacondarwin.com;pete@bacondarwin.com
ngRepeatSpec.js;MODIFY;683;0.0;Equal;False;2013-07-01 21:30:43+00:00;False;71;63;5780;0c6fb665a4e2e1e7ceb11372153963658d4b53b1;1;igor@angularjs.org;igor@angularjs.org
ngRepeatSpec.js;MODIFY;683;0.0;Equal;False;2013-07-02 18:07:59+00:00;False;71;63;5780;c46c5924c4a7c6131086429c6e0ccae8151137be;1;igor@angularjs.org;igor@angularjs.org
ngRepeatSpec.js;MODIFY;685;2.0;Grew;False;2013-07-02 18:11:52+00:00;False;73;63;5791;726e0c246bfbece82fcf606493e64b97d3e6e711;1;igor@angularjs.org;igor@angularjs.org
ngRepeatSpec.js;MODIFY;734;49.0;Grew;False;2013-07-03 05:35:39+00:00;False;77;67;6066;69f42b76548d00f52b231ec91150e4f0b008c730;2;igor@angularjs.org;igor@angularjs.org
ngRepeatSpec.js;MODIFY;738;4.0;Grew;False;2013-07-15 16:30:54+00:00;False;78;68;6092;031da1f96b3e0074e682e35ac909256c37c91864;7;igor@angularjs.org;matias@yearofmoo.com
ngRepeatSpec.js;MODIFY;778;40.0;Grew;False;2013-07-18 23:10:38+00:00;False;83;73;6385;715d97d5c87c9250f8ac8b5801b8c7f3b197e815;1;btford@umich.edu;btford@umich.edu
ngRepeatSpec.js;MODIFY;787;9.0;Grew;False;2013-07-24 21:16:26+00:00;False;84;74;6456;47a2a9829f0a847bbee61cd142c43000d73ea98b;2;igor@angularjs.org;rory1douglas@gmail.com
ngRepeatSpec.js;MODIFY;840;53.0;Grew;False;2013-07-24 22:37:10+00:00;False;87;77;6768;52b8211fd0154b9d6b771a83573a161f5580d92c;2;ovrkenthousand@gmail.com;petter.envall@gmail.com
ngRepeatSpec.js;MODIFY;762;-78.0;Decreased;False;2013-07-27 06:49:54+00:00;False;73;70;6061;81923f1e41560327f7de6e8fddfda0d2612658f3;40;misko@hevery.com;matias@yearofmoo.com
ngRepeatSpec.js;MODIFY;779;17.0;Grew;False;2013-07-31 18:08:56+00:00;False;75;72;6193;fad626f3047cd4ff31fe7a4181ca63f275adbae6;2;ovrkenthousand@gmail.com;daniel.c.herman@gmail.com
ngRepeatSpec.js;MODIFY;779;0.0;Equal;False;2013-08-03 06:52:37+00:00;False;75;72;6193;85d705ab69a89cc5b0c8d2636dede4827d0d8141;8;misko@hevery.com;matias@yearofmoo.com
ngRepeatSpec.js;MODIFY;779;0.0;Equal;False;2013-08-15 20:23:18+00:00;False;75;72;6316;37123cd2858b4e318ed8109af745312df4848577;24;ovrkenthousand@gmail.com;ovrkenthousand@gmail.com
ngRepeatSpec.js;MODIFY;795;16.0;Grew;False;2013-09-25 16:42:01+00:00;False;76;73;6430;31c56f540045b5270f5b8e235873da855caf3486;2;igor@angularjs.org;jan@jankuca.com
ngRepeatSpec.js;MODIFY;801;6.0;Grew;False;2013-10-07 16:01:13+00:00;False;77;74;6483;7a586e5c19f3d1ecc3fefef084ce992072ee7f60;24;vojta.jina@gmail.com;pete@bacondarwin.com
ngRepeatSpec.js;MODIFY;893;92.0;Grew;False;2013-10-09 22:19:10+00:00;False;83;80;7146;9efa46ae640cde17487c341daa9a75c0bd79da02;5;vojta.jina@gmail.com;jan@jankuca.com
ngRepeatSpec.js;MODIFY;922;29.0;Grew;False;2013-10-12 00:12:24+00:00;False;90;87;7379;63c5334c84b7269428c710226764d1f08a36e0d4;3;igor@angularjs.org;igor@angularjs.org
ngRepeatSpec.js;MODIFY;949;27.0;Grew;False;2013-11-15 04:59:50+00:00;False;96;93;7532;90f87072e83234ae366cfeb3c281503c31dad738;11;vojta.jina@gmail.com;tbosch1009@gmail.com
ngRepeatSpec.js;MODIFY;968;19.0;Grew;True;2013-12-06 06:16:25+00:00;True;98;95;7689;b0972a2e75909e41dbac6e4413ada7df2d51df3a;7;tbosch1009@gmail.com;tbosch1009@gmail.com
ngRepeatSpec.js;MODIFY;981;13.0;Grew;True;2013-12-16 18:37:18+00:00;False;100;97;7766;cbb3ce2c309052b951d0cc87e4c6daa9c48a3dd8;2;igor@angularjs.org;rhysbrettbowen@google.com
ngRepeatSpec.js;MODIFY;990;9.0;Grew;True;2014-01-03 00:14:16+00:00;False;101;98;7834;c9705b755645a4bfe066243f2ba15a733c3787e1;2;igor@angularjs.org;balancetraveller+github@gmail.com
ngRepeatSpec.js;MODIFY;1002;12.0;Grew;True;2014-02-06 06:21:41+00:00;False;101;98;7990;906fdad0f95465842e336e057ea97d0633712189;9;matias@yearofmoo.com;matias@yearofmoo.com
ngRepeatSpec.js;MODIFY;1002;0.0;Equal;True;2014-02-06 06:22:14+00:00;False;101;98;7990;4224cd5182bc93e4a210f75e0a4e4de7f3c544e8;10;matias@yearofmoo.com;matias@yearofmoo.com
ngRepeatSpec.js;MODIFY;1002;0.0;Equal;True;2014-02-27 09:52:21+00:00;False;101;98;7990;a20e76ea80cf6e395a39aa58c2d59ab223e530b3;1;btford@umich.edu;lajos@dred.com
ngRepeatSpec.js;MODIFY;1003;1.0;Grew;True;2014-04-27 20:20:31+00:00;False;101;98;7992;accd35b7471bbf58cd5b569a004824fa60fa640a;69;pete@bacondarwin.com;shahar.talmi@gmail.com
ngRepeatSpec.js;MODIFY;1033;30.0;Grew;True;2014-05-23 21:40:51+00:00;False;103;100;8264;cee429f0aaebf32ef1c9aedd8447a48f163dd0a4;13;igor@angularjs.org;lgalfaso@gmail.com
ngRepeatSpec.js;MODIFY;1050;17.0;Grew;True;2014-05-29 19:52:12+00:00;False;106;103;8371;b87e5fc0920915991122ba5dac87b619847b3568;2;vojta.jina@gmail.com;pete@bacondarwin.com
ngRepeatSpec.js;MODIFY;1062;12.0;Grew;True;2014-05-29 19:53:06+00:00;False;110;107;8454;0c8a2cd2da3a4a9f5d2ee9c25ea8ed56d74a93ab;2;vojta.jina@gmail.com;vojta.jina@gmail.com
ngRepeatSpec.js;MODIFY;1062;0.0;Equal;True;2014-06-13 18:35:26+00:00;False;110;107;8454;8c6a8171f9bdaa5cdabc0cc3f7d3ce10af7b434d;5;rody@rodyhaddad.com;igor@angularjs.org
ngRepeatSpec.js;MODIFY;1032;-30.0;Decreased;True;2014-07-15 20:28:17+00:00;False;108;105;8182;bcf72cacb5afcbeb6d2deb856b7f6e2f19285a24;13;rody@rodyhaddad.com;rody@rodyhaddad.com
ngRepeatSpec.js;MODIFY;1062;30.0;Grew;True;2014-07-15 20:29:38+00:00;False;110;107;8454;86d55c1ded21a5be6091344493d70c6dc4194e43;13;rody@rodyhaddad.com;rody@rodyhaddad.com
ngRepeatSpec.js;MODIFY;1103;41.0;Grew;True;2014-07-22 02:16:45+00:00;False;113;110;8714;e0adb9c452e172295209f785b62472688225fffb;2;matias@yearofmoo.com;matias@yearofmoo.com
ngRepeatSpec.js;MODIFY;1097;-6.0;Decreased;True;2014-08-17 04:51:56+00:00;False;112;109;8661;13d113c522f124b91a1fd8606c22bbd399abf121;3;igor@angularjs.org;igor@angularjs.org
ngRepeatSpec.js;MODIFY;1138;41.0;Grew;True;2014-08-21 22:58:54+00:00;False;115;112;8863;09b298705f74255aff55bb7e4ba200c4200d712d;3;caitpotter88@gmail.com;caitpotter88@gmail.com
ngRepeatSpec.js;MODIFY;1166;28.0;Grew;True;2014-08-22 13:50:22+00:00;False;117;114;9013;d713ad1b6607389649fbb8d12ac103565b02a1d4;2;caitpotter88@gmail.com;caitpotter88@gmail.com
ngRepeatSpec.js;MODIFY;1184;18.0;Grew;True;2014-08-22 21:02:13+00:00;False;121;118;9125;ffbd276d6def6ff35bfdb30553346e985f4a0de6;5;tbosch1009@gmail.com;tbosch1009@gmail.com
ngRepeatSpec.js;MODIFY;1186;2.0;Grew;True;2014-08-29 20:46:37+00:00;False;121;118;9137;0604bb7b7a6156e33679396e805e327662d9a178;2;btford@umich.edu;smitha.milli@gmail.com
ngRepeatSpec.js;MODIFY;1187;1.0;Grew;True;2014-09-09 14:19:46+00:00;False;121;118;9143;732d72d991cb3213cb89cb98764b06326c14fd13;1;igor@angularjs.org;igor@angularjs.org
ngRepeatSpec.js;MODIFY;1213;26.0;Grew;True;2014-09-09 14:19:47+00:00;False;123;119;9330;ed6373300028deda9a0878b3975699d183c1f75c;2;igor@angularjs.org;igor@angularjs.org
ngRepeatSpec.js;MODIFY;1219;6.0;Grew;True;2014-09-16 12:12:58+00:00;False;123;119;9370;fca6be71274e537c7df86ae9e27a3bd1597e9ffa;6;igor@angularjs.org;jason+github@jbedard.ca
ngRepeatSpec.js;MODIFY;1217;-2.0;Decreased;True;2014-10-07 00:04:09+00:00;False;121;119;9359;e843ae7a4cfb746760e1d8c3578d9ec613c3e2ee;17;igor@angularjs.org;lgalfaso@gmail.com
ngRepeatSpec.js;MODIFY;1217;0.0;Equal;True;2014-10-19 10:09:16+00:00;False;121;119;9359;ed3f799b5c43f36cd162f3cdcdbdb43c33abde07;33;pete@bacondarwin.com;hi@henryzoo.com
ngRepeatSpec.js;MODIFY;1217;0.0;Equal;True;2014-10-23 19:59:25+00:00;False;121;119;9359;7f65f97919be5b8dcb18176df814eb30db28ea05;72;caitpotter88@gmail.com;hi@henryzoo.com
ngRepeatSpec.js;MODIFY;1217;0.0;Equal;True;2014-10-23 19:59:26+00:00;False;121;119;9359;d3b1f502e3099d91042a1827a006ad112ea67d36;798;caitpotter88@gmail.com;hi@henryzoo.com
ngRepeatSpec.js;MODIFY;1226;9.0;Grew;True;2014-12-14 09:22:38+00:00;False;122;120;9418;ef640cbc2af5794c987e75472c12e63a59590044;2;pkozlowski.opensource@gmail.com;sekib.omazic@gmail.com
ngRepeatSpec.js;MODIFY;1226;0.0;Equal;True;2015-01-19 09:39:08+00:00;False;122;120;9418;c260e7386391877625eda086480de73e8a0ba921;2;pete@bacondarwin.com;caitpotter88@gmail.com
ngRepeatSpec.js;MODIFY;1228;2.0;Grew;True;2015-01-20 15:39:55+00:00;False;122;120;9422;c2031b1e9e52ecaa89da5d489941488e62643ff5;3;caitpotter88@gmail.com;kelionweb@gmail.com
ngRepeatSpec.js;MODIFY;1228;0.0;Equal;True;2015-04-09 21:44:54+00:00;False;122;120;9426;c8700f04fb6fb5dc21ac24de8665c0476d6db5ef;39;matias@yearofmoo.com;matias@yearofmoo.com
ngRepeatSpec.js;MODIFY;1228;0.0;Equal;True;2015-05-05 18:58:16+00:00;False;122;120;9426;2ea23e06850bcd9d5f0dbc603091cfb9156f1815;1;pete@bacondarwin.com;nick.anderson@meyouhealth.com
ngRepeatSpec.js;MODIFY;1228;0.0;Equal;True;2015-08-19 17:40:37+00:00;False;122;120;9422;dc48aadd26bbf1797c1c408f63ffde99d67414a9;16;matias@yearofmoo.com;matias@yearofmoo.com
ngRepeatSpec.js;MODIFY;1243;15.0;Grew;True;2015-09-07 21:06:41+00:00;False;123;121;9520;7ea2c7f36ef854391df3f6b127ad42a2d5cbf1a3;2;pete@bacondarwin.com;heberlopez@gmail.com
ngRepeatSpec.js;MODIFY;1252;9.0;Grew;True;2015-10-25 14:54:11+00:00;False;124;122;9587;2c8d87e064dca99a49ed35d1db885b1f2e40dcf4;3;pete@bacondarwin.com;jackcviers@gmail.com
ngRepeatSpec.js;MODIFY;1252;0.0;Equal;True;2016-01-11 13:49:51+00:00;False;124;122;9583;2764536e8f8168d033209545a7b30e89dfd87e63;7;g.kalpakas@hotmail.com;g.kalpakas@hotmail.com
ngRepeatSpec.js;MODIFY;1252;0.0;Equal;True;2016-08-05 20:18:32+00:00;False;124;122;9587;c3220325a0a95484724a03bedca24e1bbf05dc80;308;m.goleb@gmail.com;m.goleb@gmail.com
ngRepeatSpec.js;MODIFY;1252;0.0;Equal;True;2016-08-10 19:52:38+00:00;False;124;122;9587;9360aa2d27fd4b35c377ecff3eea2a656ecf7114;172;m.goleb@gmail.com;m.goleb@gmail.com
ngRepeatSpec.js;MODIFY;1253;1.0;Grew;True;2016-10-05 16:11:45+00:00;False;123;121;9448;e8aebb38ff6a171b95001540e85ff730dc828c13;8;kalpakas.g@gmail.com;kalpakas.g@gmail.com
ngRepeatSpec.js;MODIFY;1254;1.0;Grew;True;2017-10-13 13:39:53+00:00;False;123;121;9474;656c8fa8f23b1277cc5c214c4d0237f3393afa1e;6;noreply@github.com;mjstaffa@googlemail.com
ngRepeatSpec.js;MODIFY;1284;30.0;Grew;True;2018-12-06 03:40:01+00:00;False;127;125;9798;3ea8c2b880b10d091e09cae6aa12bca5aaec7aac;2;jason+github@jbedard.ca;jason+github@jbedard.ca
