|File Name|Change Type|Local File PATH Old|Local File PATH New|Complexity|Methods|Tokens|Lines Of Code (nloc)|Lines Added|Lines Deleted
0|attr.c|MODIFY|fs/hfs/attr.c|fs/hfs/attr.c|26|4|698|123|1|1
