file_name;change_type;n_loc;lines_balance;size_change;is_large;date;swapped_classification;complexity;methods;tokens;hash;files_on_commit;committer_email;author_email
AppConfigTest.php;RENAME;260;0.0;Equal;False;2016-05-20 13:38:20+00:00;False;58;54;2104;94ad54ec9b96d41a614fbbad4a97b34c41a6901f;257;DeepDiver1975@users.noreply.github.com;nickvergessen@gmx.de
AppConfigTest.php;MODIFY;255;-5.0;Decreased;False;2016-10-20 13:19:41+00:00;False;57;53;2061;122edcd0c1b652f25c36c52cc7541eb62695bf37;4;coding@schilljs.com;coding@schilljs.com
AppConfigTest.php;MODIFY;274;19.0;Grew;False;2017-01-12 09:49:22+00:00;False;62;58;2178;5dc6899d1a3e11841b62971a52f0aa8e577c3065;3;coding@schilljs.com;coding@schilljs.com
AppConfigTest.php;MODIFY;276;2.0;Grew;False;2019-07-26 11:31:14+00:00;False;64;60;2188;78201bcb729567915b772d0259d992adb2be1991;2;blizzz@arthur-schiwon.de;blizzz@arthur-schiwon.de
AppConfigTest.php;MODIFY;276;0.0;Equal;False;2019-11-27 12:34:41+00:00;False;56;52;2192;c007ca624f4a95e1a491221d425fcb2fa6e5589a;679;roeland@famdouma.nl;roeland@famdouma.nl
AppConfigTest.php;MODIFY;276;0.0;Equal;False;2019-11-27 14:27:18+00:00;False;56;52;2192;3a7cf40aaa678bea1df143d2982d603b7a334eec;442;roeland@famdouma.nl;roeland@famdouma.nl
AppConfigTest.php;MODIFY;276;0.0;Equal;False;2020-04-09 09:48:10+00:00;False;56;52;2192;41b5e5923a44965e435d35d01b5009abb2dd5c97;408;christoph@winzerhof-wurst.at;christoph@winzerhof-wurst.at
AppConfigTest.php;MODIFY;276;0.0;Equal;False;2020-08-12 11:55:19+00:00;False;56;52;2192;234b510652d117bb3ef9ef3b6315db3a2c2eb91b;347;hey@morrisjobke.de;hey@morrisjobke.de
AppConfigTest.php;MODIFY;277;1.0;Grew;False;2020-11-10 14:34:35+00:00;False;56;52;2201;2050517d44267facdbcd9e1d075fdfbd939aec4a;3;coding@schilljs.com;jus@bitgrid.net
AppConfigTest.php;MODIFY;277;0.0;Equal;False;2020-12-07 14:44:04+00:00;False;56;52;2201;c02e6fcae218387a67d201d4171b312e2e82d310;2;roeland@famdouma.nl;roeland@famdouma.nl
AppConfigTest.php;MODIFY;278;1.0;Grew;False;2021-01-08 10:45:19+00:00;False;56;52;2256;8b64e92b9262d2a2eec6345685ce421050f95c66;106;christoph@winzerhof-wurst.at;christoph@winzerhof-wurst.at
AppConfigTest.php;MODIFY;277;-1.0;Decreased;False;2024-01-15 16:45:13+00:00;False;53;49;2457;f7d0c74b1003af6c47dd6ec74f4ef904a2681d62;24;maxence@artificial-owl.com;maxence@artificial-owl.com
AppConfigTest.php;ADD;1064;787.0;Grew;True;2024-02-07 13:32:32+00:00;True;25;16;9249;44b76cbe8fee587657933180d6c2a7611d992a41;1;maxence@artificial-owl.com;maxence@artificial-owl.com
AppConfigTest.php;MODIFY;1135;71.0;Grew;True;2024-03-06 21:27:14+00:00;False;53;44;9904;24607a37d8cede93dccf4ba84df594426468bdc9;3;coding@schilljs.com;coding@schilljs.com
AppConfigTest.php;MODIFY;1141;6.0;Grew;True;2024-03-06 21:58:59+00:00;False;53;44;9970;3a67080a96e59337acd614738aa123f6a49b02b9;2;coding@schilljs.com;coding@schilljs.com
AppConfigTest.php;MODIFY;1155;14.0;Grew;True;2024-04-05 18:49:34+00:00;False;53;44;10032;cc813fec23561398a217f7c1e7a98991cf849064;3;maxence@artificial-owl.com;maxence@artificial-owl.com
AppConfigTest.php;MODIFY;1155;0.0;Equal;True;2024-04-17 17:28:02+00:00;False;53;44;10021;a624a2b34f87f7655b008f940ad5427739501fed;3;maxence@artificial-owl.com;maxence@artificial-owl.com
AppConfigTest.php;MODIFY;1155;0.0;Equal;True;2024-09-15 20:32:31+00:00;False;49;40;10029;49dd79eabb2b8902559a7a4e8f8fcad54f46b604;670;christoph@winzerhof-wurst.at;christoph@winzerhof-wurst.at
AppConfigTest.php;MODIFY;1155;0.0;Equal;True;2024-09-19 12:21:20+00:00;False;49;40;10031;9836e9b16484582d309c8437ab46d82e34956941;595;kate@provokateurin.de;kate@provokateurin.de
AppConfigTest.php;MODIFY;1155;0.0;Equal;True;2024-12-13 12:08:20+00:00;False;49;40;10031;815991741d2001f7610047ef9627283037c1beec;5;maxence@artificial-owl.com;maxence@artificial-owl.com
AppConfigTest.php;MODIFY;1159;4.0;Grew;True;2024-12-13 12:08:20+00:00;False;49;40;10063;96586ba7095b3d955b093bc34d696654faa80252;18;maxence@artificial-owl.com;maxence@artificial-owl.com
