file_name;change_type;n_loc;lines_balance;size_change;is_large;date;swapped_classification;complexity;methods;tokens;hash;files_on_commit;committer_email;author_email
CalDavBackendTest.php;RENAME;379;0.0;Grew;False;2016-05-25 14:09:18+00:00;False;46;41;3109;5882e21b3bff0afe2152eb3971d674bdb91e45a2;62;nickvergessen@owncloud.com;nickvergessen@owncloud.com
CalDavBackendTest.php;MODIFY;379;0.0;Grew;False;2016-05-26 17:57:24+00:00;False;46;41;3109;aba539703c0b0388f5ebf8757067bafab56774ce;855;lukas@owncloud.com;lukas@owncloud.com
CalDavBackendTest.php;MODIFY;384;5.0;Grew;False;2016-06-09 09:09:13+00:00;False;53;48;3174;fbdec59f22a23a84b36248001bc8680d3746bb7b;3;thomas.mueller@tmit.eu;thomas.mueller@tmit.eu
CalDavBackendTest.php;MODIFY;286;-98.0;Decreased;False;2016-06-09 09:09:14+00:00;False;39;39;2579;082f456b8b835efc3fa37af7e1628da8d5781331;6;thomas.mueller@tmit.eu;thomas.mueller@tmit.eu
CalDavBackendTest.php;MODIFY;292;6.0;Grew;False;2016-07-01 11:42:35+00:00;False;42;42;2636;7d95cde37d8e26e1187a828f612addd8bba251a1;2;DeepDiver1975@users.noreply.github.com;tcit@tcit.fr
CalDavBackendTest.php;MODIFY;292;0.0;Grew;False;2016-07-21 16:13:57+00:00;False;42;42;2636;813f0a0f40dd42b28cd35d91616f3f87ef400861;679;coding@schilljs.com;coding@schilljs.com
CalDavBackendTest.php;MODIFY;293;1.0;Grew;False;2016-08-31 13:08:29+00:00;False;42;42;2654;344945bfe9c6d446742fb1d8020862c3c474776a;6;robin@icewind.nl;robin@icewind.nl
CalDavBackendTest.php;MODIFY;305;12.0;Grew;False;2016-09-26 09:55:38+00:00;False;43;43;2788;77216e7ca97e763ab12d30c471d0a73b44faeeba;2;lukas@statuscode.ch;tcit@tcit.fr
CalDavBackendTest.php;MODIFY;313;8.0;Grew;False;2016-09-26 09:55:41+00:00;False;43;43;2886;f0421e1f75179a42e76973a4b11d8474ee571d08;2;lukas@statuscode.ch;tcit@tcit.fr
CalDavBackendTest.php;MODIFY;313;0.0;Equal;False;2016-09-26 09:55:42+00:00;False;43;43;2874;d884370844c7f807b10aa09e63cb814927011572;11;lukas@statuscode.ch;thomas.mueller@tmit.eu
CalDavBackendTest.php;MODIFY;313;0.0;Equal;False;2016-09-26 09:55:43+00:00;False;43;43;2874;9c75b00850f940993fc5f6e5bb52bccf58b43023;1;lukas@statuscode.ch;tcit@tcit.fr
CalDavBackendTest.php;MODIFY;312;-1.0;Decreased;False;2016-11-03 11:07:58+00:00;False;43;43;2850;07f6747305d23dfb16ad3c63b968f974771aa145;10;coding@schilljs.com;coding@schilljs.com
CalDavBackendTest.php;MODIFY;357;45.0;Grew;False;2016-11-03 11:28:12+00:00;False;43;43;3210;e8f82c6b61ec293c354c417762d4279a877372a4;2;coding@schilljs.com;coding@schilljs.com
CalDavBackendTest.php;MODIFY;357;0.0;Equal;False;2016-11-04 12:35:10+00:00;False;43;43;3210;c778b1bade02ea772f23c75cb8de804d645feac4;19;roeland@famdouma.nl;DeepDiver1975@users.noreply.github.com
CalDavBackendTest.php;MODIFY;355;-2.0;Decreased;False;2017-03-02 11:28:56+00:00;False;43;43;3150;2da490bf256382af599a67cbf7633c2137c49ed2;1;coding@schilljs.com;coding@schilljs.com
CalDavBackendTest.php;MODIFY;375;20.0;Grew;False;2017-03-02 11:28:56+00:00;False;51;51;3236;d8b769bd856cb9b57243ce38fb994e96463f239e;2;coding@schilljs.com;coding@schilljs.com
CalDavBackendTest.php;MODIFY;371;-4.0;Decreased;False;2017-04-20 08:44:11+00:00;False;51;51;3176;c2d1e6e7ff82e46e3c933e27ca6a24f9250da14d;3;coding@schilljs.com;coding@schilljs.com
CalDavBackendTest.php;MODIFY;373;2.0;Grew;False;2017-04-23 09:26:49+00:00;False;51;51;3206;c89e057d2765f0e594224ec24fcc424b75a01a87;6;developer@georgehrke.com;developer@georgehrke.com
CalDavBackendTest.php;MODIFY;490;117.0;Grew;False;2017-04-28 18:21:36+00:00;False;76;76;3649;8d00458b568185dfb405c79f38930bc4a64855ff;3;developer@georgehrke.com;developer@georgehrke.com
CalDavBackendTest.php;MODIFY;490;0.0;Equal;False;2017-05-21 11:26:46+00:00;False;76;76;3650;4b5379309e0efd8c125cb445ebf842412da6a342;2;developer@georgehrke.com;developer@georgehrke.com
CalDavBackendTest.php;MODIFY;496;6.0;Grew;False;2017-10-05 10:48:10+00:00;False;76;76;3696;3b4ab6560b1195a8ebd1d0627e142e440b644f1a;11;coding@schilljs.com;coding@schilljs.com
CalDavBackendTest.php;MODIFY;496;0.0;Equal;False;2017-10-09 10:57:41+00:00;False;76;76;3696;dbaad22472a2ed9cd9033e3ef0a82b5f7530eec2;1;coding@schilljs.com;coding@schilljs.com
CalDavBackendTest.php;MODIFY;573;77.0;Grew;False;2017-11-06 13:25:08+00:00;False;78;78;4187;4df08f296b6242f9df7b1fc729801b7bd221be25;3;developer@georgehrke.com;developer@georgehrke.com
CalDavBackendTest.php;MODIFY;496;-77.0;Grew;False;2017-11-06 15:56:19+00:00;False;76;76;3696;0eebff152a177dd59ed8773df26f1679f8a88e90;1081;hey@morrisjobke.de;hey@morrisjobke.de
CalDavBackendTest.php;MODIFY;496;0.0;Equal;False;2017-11-06 19:38:59+00:00;False;76;76;3696;31c5c2a59277fa2f597836097601da50ee1430ea;109;hey@morrisjobke.de;hey@morrisjobke.de
CalDavBackendTest.php;MODIFY;668;172.0;Grew;False;2017-11-09 14:14:58+00:00;False;85;83;4405;fa416e031b1d630d443c4b484f269d0290e372be;8;developer@georgehrke.com;developer@georgehrke.com
CalDavBackendTest.php;MODIFY;576;-92.0;Grew;False;2017-11-10 22:05:04+00:00;False;78;78;4220;dc346220083443376642a14c01c5da5af5d56e81;8;developer@georgehrke.com;developer@georgehrke.com
CalDavBackendTest.php;MODIFY;672;96.0;Grew;False;2018-01-24 17:10:16+00:00;False;85;83;4449;870023365c928e6bc3bd39d0d7f9b4d976dad33e;19;coding@schilljs.com;coding@schilljs.com
CalDavBackendTest.php;MODIFY;742;70.0;Grew;False;2018-08-06 11:53:32+00:00;False;88;86;4476;c05a0b9fa6c55e2c392bdca43c6563ecffc36479;2;losinski@wh2.tu-dresden.de;thomas.mueller@tmit.eu
CalDavBackendTest.php;MODIFY;806;64.0;Grew;False;2018-11-07 12:25:14+00:00;False;90;88;4672;30d13bb760b233eb4b55b46066deb4bf05d41ce4;20;developer@georgehrke.com;developer@georgehrke.com
CalDavBackendTest.php;MODIFY;818;12.0;Grew;False;2019-01-16 12:58:33+00:00;False;91;89;4828;943d48cb3e9ab2b97ad6a72c953df59318c2f17e;5;tcit@tcit.fr;tcit@tcit.fr
CalDavBackendTest.php;MODIFY;818;0.0;Equal;False;2019-11-22 19:52:10+00:00;False;91;89;4828;68748d4f85dd23238aaafb787b1c341f0f2f0419;1071;roeland@famdouma.nl;roeland@famdouma.nl
CalDavBackendTest.php;MODIFY;820;2.0;Equal;False;2019-11-27 14:27:18+00:00;False;91;89;4851;3a7cf40aaa678bea1df143d2982d603b7a334eec;442;roeland@famdouma.nl;roeland@famdouma.nl
CalDavBackendTest.php;MODIFY;820;0.0;Grew;False;2019-12-05 14:38:45+00:00;False;91;89;4851;5bf3d1bb384da56adbf205752be8f840aac3b0c5;2476;christoph@winzerhof-wurst.at;christoph@winzerhof-wurst.at
CalDavBackendTest.php;MODIFY;821;1.0;Decreased;False;2020-03-22 13:24:13+00:00;False;93;91;4908;01db6d4609036831e2d5559f65086c9a429b855b;1;roeland@famdouma.nl;tcit@tcit.fr
CalDavBackendTest.php;MODIFY;821;0.0;Grew;False;2020-03-22 13:24:13+00:00;False;91;90;4874;b0fbba05f28624d5357859465073d2bbe613b3f9;1;roeland@famdouma.nl;github@dartcafe.de
CalDavBackendTest.php;MODIFY;821;0.0;Equal;False;2020-03-25 21:21:27+00:00;False;93;91;4903;2ee65f177e4f7e09ad2287f14d564e7068d322fb;230;christoph@winzerhof-wurst.at;christoph@winzerhof-wurst.at
CalDavBackendTest.php;MODIFY;821;0.0;Equal;False;2020-03-26 15:34:56+00:00;False;94;92;4902;b80ebc96748b45fd2e0ba9323308657c4b00b7ec;454;christoph@winzerhof-wurst.at;christoph@winzerhof-wurst.at
CalDavBackendTest.php;MODIFY;821;0.0;Grew;False;2020-03-31 12:52:54+00:00;False;94;92;4902;1a9330cd69631ef12b71239c4f98836e09e021ea;540;christoph@winzerhof-wurst.at;christoph@winzerhof-wurst.at
CalDavBackendTest.php;MODIFY;821;0.0;Equal;False;2020-04-09 08:16:08+00:00;False;94;92;4902;2fbad1ed72bc9ef591a6f35558eb02e7b76ffd1b;145;christoph@winzerhof-wurst.at;christoph@winzerhof-wurst.at
CalDavBackendTest.php;MODIFY;821;0.0;Equal;False;2020-04-09 11:54:22+00:00;False;94;92;4902;afbd9c4e6ed834e713039f2cff88ba3eec03dadb;384;christoph@winzerhof-wurst.at;christoph@winzerhof-wurst.at
CalDavBackendTest.php;MODIFY;820;-1.0;Decreased;False;2020-04-10 12:19:56+00:00;False;94;92;4902;caff1023ea72bb2ea94130e18a2a6e2ccf819e5f;1757;christoph@winzerhof-wurst.at;christoph@winzerhof-wurst.at
CalDavBackendTest.php;MODIFY;820;0.0;Equal;False;2020-07-23 15:11:29+00:00;False;94;92;4892;7e6c0ec2845a0133dd16248b40ea2faa1df7f9c9;2;hey@morrisjobke.de;hey@morrisjobke.de
CalDavBackendTest.php;MODIFY;1085;265.0;Grew;True;2020-08-04 14:01:59+00:00;True;97;95;5460;900617e7d7260804ec89a03ca0201340d7585c8b;14;developer@georgehrke.com;developer@georgehrke.com
CalDavBackendTest.php;MODIFY;1085;0.0;Equal;True;2020-08-12 11:55:19+00:00;False;97;95;5460;234b510652d117bb3ef9ef3b6315db3a2c2eb91b;347;hey@morrisjobke.de;hey@morrisjobke.de
CalDavBackendTest.php;MODIFY;1085;0.0;Equal;True;2020-08-18 19:40:57+00:00;False;97;95;5460;67f1ef46583e5135cfb6d0e5cbfbe441be0803a6;34;hey@morrisjobke.de;developer@georgehrke.com
CalDavBackendTest.php;MODIFY;1085;0.0;Grew;True;2020-08-24 12:54:25+00:00;False;97;95;5460;2a054e6c04e0a40421510eb889cbf59f153c5177;554;christoph@winzerhof-wurst.at;christoph@winzerhof-wurst.at
CalDavBackendTest.php;MODIFY;1085;0.0;Equal;True;2020-10-05 18:25:24+00:00;False;97;95;5460;d9015a8c94bfd71fe484618a06d276701d3bf9ff;335;hey@morrisjobke.de;christoph@winzerhof-wurst.at
CalDavBackendTest.php;MODIFY;1087;2.0;Grew;True;2020-10-29 04:07:00+00:00;False;99;97;5508;a40a307b65eee6104a000ddcc0b205eaaba188a4;2;online-nextcloud@eleith.com;online-nextcloud@eleith.com
CalDavBackendTest.php;MODIFY;1087;0.0;Grew;True;2020-12-16 17:48:22+00:00;False;99;97;5508;d89a75be0b01f0423a7c1ad2d58aac73c3cc1f3a;564;christoph@winzerhof-wurst.at;christoph@winzerhof-wurst.at
CalDavBackendTest.php;MODIFY;1092;5.0;Grew;True;2021-04-29 13:31:19+00:00;False;101;99;5541;63eb3694e4a2d87342f8b478bd02fff79a8c73e7;10;christoph@winzerhof-wurst.at;christoph@winzerhof-wurst.at
CalDavBackendTest.php;MODIFY;1100;8.0;Grew;True;2021-05-07 08:53:45+00:00;False;105;103;5597;d512a5629ec01fecd87944836eb9b02eb11257b8;7;christoph@winzerhof-wurst.at;christoph@winzerhof-wurst.at
CalDavBackendTest.php;MODIFY;1103;3.0;Grew;True;2021-05-07 10:10:58+00:00;False;106;104;5620;f808267949e5513188961ca5f6fc38d57f6c7fd1;5;christoph@winzerhof-wurst.at;christoph@winzerhof-wurst.at
CalDavBackendTest.php;MODIFY;1114;11.0;Grew;True;2021-05-07 10:13:45+00:00;False;111;109;5699;257613e6efd429dd1c6cde4abbcbb590d32408e8;6;christoph@winzerhof-wurst.at;christoph@winzerhof-wurst.at
CalDavBackendTest.php;MODIFY;1117;3.0;Grew;True;2021-05-07 14:58:33+00:00;False;112;110;5722;884e34b12a90f8958ac46e0b8c135d61c3895cd5;5;christoph@winzerhof-wurst.at;christoph@winzerhof-wurst.at
CalDavBackendTest.php;MODIFY;1119;2.0;Grew;True;2021-05-07 15:09:37+00:00;False;113;111;5736;cebe951b8ecd1586b5fae4e0e7f6307679e36f51;4;christoph@winzerhof-wurst.at;christoph@winzerhof-wurst.at
CalDavBackendTest.php;MODIFY;1119;0.0;Equal;True;2021-05-31 05:49:19+00:00;False;113;111;5740;d6d8e9215c69a9e8d4bfa2035c657b0a037f3a2f;42;christoph@winzerhof-wurst.at;christoph@winzerhof-wurst.at
CalDavBackendTest.php;MODIFY;1082;-37.0;Decreased;True;2021-06-04 08:57:41+00:00;False;100;98;5498;e1e5026df28b9311e241788ba86b4ab2fcec3592;2;coding@schilljs.com;coding@schilljs.com
CalDavBackendTest.php;MODIFY;1119;37.0;Decreased;True;2021-06-04 20:02:41+00:00;False;113;111;5740;215aef3cbdc1963be1bb6bca5218ee0a4b7f1665;2900;skjnldsv@protonmail.com;skjnldsv@protonmail.com
CalDavBackendTest.php;MODIFY;1077;-42.0;Decreased;True;2021-06-07 08:31:14+00:00;False;100;98;5453;e238b93234549a3d6234b06dc8f83dbe053ada2e;2;hey@morrisjobke.de;hey@morrisjobke.de
CalDavBackendTest.php;MODIFY;1080;3.0;Grew;True;2022-03-16 11:48:50+00:00;False;100;98;5509;0745fc50126e92406ec95265ef1ff5d4b5575d3e;20;anna@nextcloud.com;anna@nextcloud.com
CalDavBackendTest.php;MODIFY;1077;-3.0;Decreased;True;2022-05-17 13:09:46+00:00;False;100;98;5485;4bb31c021e02d1076b5edc13d352e9c058e7c253;22;tcit@tcit.fr;tcit@tcit.fr
CalDavBackendTest.php;MODIFY;1082;5.0;Grew;True;2022-05-18 09:17:27+00:00;False;100;98;5537;cf8b98bf5f1da01a5992bd88ea4a8ed83e797eba;3;tcit@tcit.fr;tcit@tcit.fr
CalDavBackendTest.php;MODIFY;1079;-3.0;Equal;True;2022-09-05 12:59:54+00:00;False;100;98;5513;9d26671f05275055619960a66981201ed660bdd2;67;nextcloud-command@users.noreply.github.com;luzpaz@github.com
CalDavBackendTest.php;MODIFY;1123;44.0;Grew;True;2022-10-27 20:12:13+00:00;False;100;98;5731;6f158733211749ca6d70858ee58ba35e85d46e81;10;szaimen@e.mail.de;tcit@tcit.fr
CalDavBackendTest.php;MODIFY;1123;0.0;Equal;True;2023-01-20 07:38:43+00:00;False;74;73;5765;898d2923cce4e61e21a26fed06ad402452c0b3b1;120;christoph@winzerhof-wurst.at;christoph@winzerhof-wurst.at
CalDavBackendTest.php;MODIFY;1127;4.0;Grew;True;2023-02-07 10:23:32+00:00;False;74;73;5792;d315bce30041b8521db1433ea115a021b261ebf6;3;come.chilliet@nextcloud.com;come.chilliet@nextcloud.com
CalDavBackendTest.php;MODIFY;1134;7.0;Grew;True;2023-02-07 10:23:34+00:00;False;74;73;5833;476d5dceb272e897e93e6c64f0990f351cc729c8;1;come.chilliet@nextcloud.com;come.chilliet@nextcloud.com
CalDavBackendTest.php;MODIFY;1188;54.0;Grew;True;2023-06-05 18:40:34+00:00;False;74;73;6212;5ad24991d7cc33b979e121f109583e186a9640d5;2;charno@charno.ch;charno@charno.ch
CalDavBackendTest.php;MODIFY;1189;1.0;Grew;True;2023-06-27 11:16:47+00:00;False;73;72;6224;3886b00a333199dae86a39dc49c7e8180283149a;2;miaulalala@users.noreply.github.com;tcit@tcit.fr
CalDavBackendTest.php;MODIFY;1189;0.0;Equal;True;2023-08-14 14:28:28+00:00;False;73;72;6224;8857599656f0ad14253084388fab7570208b21db;1;come.chilliet@nextcloud.com;come.chilliet@nextcloud.com
CalDavBackendTest.php;MODIFY;1253;64.0;Grew;True;2023-09-21 21:28:35+00:00;False;81;80;6548;ace08819f98b346b713b7ae2639582a7b9d0261e;2;richard@steinmetz.cloud;richard@steinmetz.cloud
CalDavBackendTest.php;MODIFY;1269;16.0;Grew;True;2024-02-15 17:01:12+00:00;False;81;80;6639;dce69154ba335b610d70094f9daaded3b642f8cb;26;anna@nextcloud.com;anna@nextcloud.com
CalDavBackendTest.php;MODIFY;1355;86.0;Grew;True;2024-03-12 11:44:00+00:00;False;81;80;6897;f40f962c2e744b2b7ae74b62a4065aee7fc5eff3;7;christoph@winzerhof-wurst.at;christoph@winzerhof-wurst.at
CalDavBackendTest.php;MODIFY;1359;4.0;Grew;True;2024-03-21 17:37:21+00:00;False;81;80;6944;3dea99f42b4a8956f0cbe6a726e30afedace39a4;10;christoph@winzerhof-wurst.at;christoph@winzerhof-wurst.at
CalDavBackendTest.php;MODIFY;1359;0.0;Decreased;True;2024-05-28 12:41:28+00:00;False;81;80;6944;56d4f3aa2d0e80dffc54d2e5977a2bdda025272f;240;info@andy-scherzinger.de;info@andy-scherzinger.de
CalDavBackendTest.php;MODIFY;1500;141.0;Grew;True;2024-05-28 17:56:36+00:00;False;102;101;7734;4718a7e4e0c2b738e1076979dbdc08661bd5f305;8;mail@danielkesselberg.de;mail@danielkesselberg.de
CalDavBackendTest.php;MODIFY;1532;32.0;Grew;True;2024-05-28 17:56:36+00:00;False;106;105;7954;b769dc4304862af35946386a235d5e6fdb658ce9;5;mail@danielkesselberg.de;mail@danielkesselberg.de
CalDavBackendTest.php;MODIFY;1565;33.0;Grew;True;2024-08-01 17:20:47+00:00;False;113;112;8403;a56d0dbf4b7ff83d36d9e0c2b0c1c115aff37f62;3;krupinskis05@gmail.com;krupinskis05@gmail.com
CalDavBackendTest.php;MODIFY;1565;0.0;Equal;True;2024-08-25 17:34:58+00:00;False;113;112;8403;af6de04e9e141466dc229e444ff3f146f4a34765;872;mail@danielkesselberg.de;mail@danielkesselberg.de
CalDavBackendTest.php;MODIFY;1565;0.0;Equal;True;2024-09-15 20:32:31+00:00;False;112;111;8413;49dd79eabb2b8902559a7a4e8f8fcad54f46b604;670;christoph@winzerhof-wurst.at;christoph@winzerhof-wurst.at
CalDavBackendTest.php;MODIFY;1565;0.0;Equal;True;2024-09-19 18:53:31+00:00;False;112;111;8413;051ee7e7fd9c2563cf554a29ec790cef7066d609;71;opensource@fthiessen.de;opensource@fthiessen.de
