file_name;change_type;n_loc;lines_balance;size_change;is_large;date;swapped_classification;complexity;methods;tokens;hash;files_on_commit;committer_email;author_email
CheckerTest.php;RENAME;937;0.0;Equal;False;2016-05-20 13:38:20+00:00;False;not calculated;0;not calculated;94ad54ec9b96d41a614fbbad4a97b34c41a6901f;257;DeepDiver1975@users.noreply.github.com;nickvergessen@gmx.de
CheckerTest.php;MODIFY;937;0.0;Equal;False;2016-09-07 18:42:37+00:00;False;84;84;4905;ba3a90d30c2079a370d66bb9a143174d14cd48bc;1;roeland@famdouma.nl;roeland@famdouma.nl
CheckerTest.php;MODIFY;962;25.0;Grew;False;2016-09-07 21:06:18+00:00;False;84;84;5130;9d00f367f9a00722cf64ee519397c8ed66769af2;1;roeland@famdouma.nl;roeland@famdouma.nl
CheckerTest.php;MODIFY;962;0.0;Equal;False;2016-09-13 14:50:36+00:00;False;84;84;5130;a3c8534b7b0a9446cf6fdb0a5a3cb7e5b69745de;5;coding@schilljs.com;coding@schilljs.com
CheckerTest.php;MODIFY;976;14.0;Grew;False;2016-12-16 16:51:03+00:00;False;85;85;5231;e536313451d071aa9693411b3964ef26ce75c904;1;lukas@statuscode.ch;victor.dubiniuk@gmail.com
CheckerTest.php;MODIFY;1020;44.0;Grew;True;2016-12-19 14:35:31+00:00;True;87;87;5553;3eb3e437c8a0520192ec7c1018d4d1c55e780dc0;6;lukas@statuscode.ch;lukas@statuscode.ch
CheckerTest.php;MODIFY;1020;0.0;Equal;True;2017-12-18 20:06:52+00:00;False;87;87;5553;094d41937a5889e4c545ecf575aa1acbcf489a55;5;roeland@famdouma.nl;roeland@famdouma.nl
CheckerTest.php;MODIFY;1022;2.0;Grew;True;2018-02-21 20:09:08+00:00;False;87;87;5572;72e745be26647b1ce1ca3240cb2ffbe20cfe91dc;2;roeland@famdouma.nl;roeland@famdouma.nl
CheckerTest.php;MODIFY;1022;0.0;Equal;True;2019-03-04 10:24:10+00:00;False;87;87;5572;92b5743bf43e2f881d5413ac5ae26f6b097ffa81;4;hey@morrisjobke.de;hey@morrisjobke.de
CheckerTest.php;MODIFY;1020;-2.0;Decreased;True;2019-03-04 11:14:22+00:00;False;87;87;5572;c6a69ba92514587814d0f03b51e1d1f026a49350;19;hey@morrisjobke.de;coding@schilljs.com
CheckerTest.php;MODIFY;1025;5.0;Grew;True;2019-05-30 12:50:07+00:00;False;87;87;5604;7cb62653787860e15664c78dad9d3421e7c73f0e;1;myrtajxheni@gmail.com;myrtajxheni@gmail.com
CheckerTest.php;MODIFY;1274;249.0;Grew;True;2019-07-04 08:35:36+00:00;False;289;289;6664;9211e34aecb726b3c26e46a9fc93304903de3efc;3;myrtajxheni@gmail.com;myrtajxheni@gmail.com
CheckerTest.php;MODIFY;1274;0.0;Equal;True;2019-11-22 19:52:10+00:00;False;289;289;6664;68748d4f85dd23238aaafb787b1c341f0f2f0419;1071;roeland@famdouma.nl;roeland@famdouma.nl
CheckerTest.php;MODIFY;1274;0.0;Equal;True;2019-11-27 12:34:41+00:00;False;288;288;6666;c007ca624f4a95e1a491221d425fcb2fa6e5589a;679;roeland@famdouma.nl;roeland@famdouma.nl
CheckerTest.php;MODIFY;1282;8.0;Grew;True;2019-11-27 14:27:18+00:00;False;288;288;6734;3a7cf40aaa678bea1df143d2982d603b7a334eec;442;roeland@famdouma.nl;roeland@famdouma.nl
CheckerTest.php;MODIFY;1282;0.0;Equal;True;2020-03-25 21:21:27+00:00;False;288;288;6269;2ee65f177e4f7e09ad2287f14d564e7068d322fb;230;christoph@winzerhof-wurst.at;christoph@winzerhof-wurst.at
CheckerTest.php;MODIFY;1282;0.0;Equal;True;2020-03-26 15:34:56+00:00;False;288;288;6267;b80ebc96748b45fd2e0ba9323308657c4b00b7ec;454;christoph@winzerhof-wurst.at;christoph@winzerhof-wurst.at
CheckerTest.php;MODIFY;1282;0.0;Equal;True;2020-04-09 08:16:08+00:00;False;288;288;6267;2fbad1ed72bc9ef591a6f35558eb02e7b76ffd1b;145;christoph@winzerhof-wurst.at;christoph@winzerhof-wurst.at
CheckerTest.php;MODIFY;1282;0.0;Equal;True;2020-04-09 11:54:22+00:00;False;288;288;6267;afbd9c4e6ed834e713039f2cff88ba3eec03dadb;384;christoph@winzerhof-wurst.at;christoph@winzerhof-wurst.at
CheckerTest.php;MODIFY;1282;0.0;Equal;True;2020-04-10 12:19:56+00:00;False;288;288;6267;caff1023ea72bb2ea94130e18a2a6e2ccf819e5f;1757;christoph@winzerhof-wurst.at;christoph@winzerhof-wurst.at
CheckerTest.php;MODIFY;1282;0.0;Equal;True;2020-08-12 11:55:19+00:00;False;288;288;6267;234b510652d117bb3ef9ef3b6315db3a2c2eb91b;347;hey@morrisjobke.de;hey@morrisjobke.de
CheckerTest.php;MODIFY;1179;-103.0;Decreased;True;2020-10-17 16:38:48+00:00;False;191;191;5854;47ebcdff9e7b1785550c22d1742fa7f46a72deef;1;i@actom.me;i@actom.me
CheckerTest.php;MODIFY;1179;0.0;Equal;True;2020-10-17 16:38:57+00:00;False;191;191;5854;2d175586b4f4785ff6993ece1946f28d543eadae;1;i@actom.me;i@actom.me
CheckerTest.php;MODIFY;1282;103.0;Grew;True;2020-12-07 14:44:03+00:00;False;288;288;6267;6b7731a852630db901409f1ee65133c5a2c13a16;1;roeland@famdouma.nl;roeland@famdouma.nl
CheckerTest.php;MODIFY;1288;6.0;Grew;True;2020-12-28 05:59:10+00:00;False;294;294;6289;d9db6ae84e934028d2e2f692cfc6424deccb8e29;2;i@actom.me;i@actom.me
CheckerTest.php;MODIFY;1286;-2.0;Decreased;True;2021-01-18 10:32:50+00:00;False;294;294;6271;90c3013d4015354f8d9f954e6d685bbc0a9d99a1;3;coding@schilljs.com;coding@schilljs.com
CheckerTest.php;MODIFY;1298;12.0;Grew;True;2021-10-13 16:10:37+00:00;False;306;306;6319;2f38781c965904ad10da1953be445fa690adc2cd;2;jus@bitgrid.net;jus@bitgrid.net
CheckerTest.php;MODIFY;1066;-232.0;Decreased;True;2022-06-07 19:54:27+00:00;False;88;88;5486;50ed84fe17791861f141cd33020ad4f4d86e6673;4;jus@bitgrid.net;jus@bitgrid.net
CheckerTest.php;MODIFY;1013;-53.0;Decreased;True;2022-06-20 08:53:06+00:00;False;88;88;5078;6a1510f8ee48494a19dc1239fd2584dc2188e18d;9;come.chilliet@nextcloud.com;come.chilliet@nextcloud.com
CheckerTest.php;MODIFY;1013;0.0;Equal;True;2023-01-20 10:45:08+00:00;False;88;88;5078;f5c361cf44739058b79f322576a1bad2d8c142d9;887;come.chilliet@nextcloud.com;come.chilliet@nextcloud.com
CheckerTest.php;MODIFY;1013;0.0;Equal;True;2023-04-05 15:42:14+00:00;False;88;88;5078;8d5165e8dc40289b5d523523c4140f780b2fe293;38;come.chilliet@nextcloud.com;come.chilliet@nextcloud.com
CheckerTest.php;MODIFY;1018;5.0;Grew;True;2024-03-11 11:59:43+00:00;False;88;88;5107;0a79884abfb37983fe2d9874d46b6a6aab6f3a16;3;maxence@artificial-owl.com;maxence@artificial-owl.com
CheckerTest.php;MODIFY;1018;0.0;Equal;True;2024-05-13 15:41:36+00:00;False;88;88;5107;1f7e2ba599b147fcb587644cd6dc84807a9abad9;790;info@andy-scherzinger.de;info@andy-scherzinger.de
CheckerTest.php;MODIFY;1018;0.0;Equal;True;2024-08-25 17:34:58+00:00;False;88;88;5107;af6de04e9e141466dc229e444ff3f146f4a34765;872;mail@danielkesselberg.de;mail@danielkesselberg.de
CheckerTest.php;MODIFY;1018;0.0;Equal;True;2024-09-13 08:08:44+00:00;False;88;88;5107;76f2bc0bfc86a9d1ed34d37c574c7e7a327c0fab;14;come.chilliet@nextcloud.com;come.chilliet@nextcloud.com
CheckerTest.php;MODIFY;1018;0.0;Equal;True;2024-09-15 20:32:31+00:00;False;59;59;5165;49dd79eabb2b8902559a7a4e8f8fcad54f46b604;670;christoph@winzerhof-wurst.at;christoph@winzerhof-wurst.at
CheckerTest.php;MODIFY;1018;0.0;Equal;True;2024-09-19 12:21:20+00:00;False;59;59;5165;9836e9b16484582d309c8437ab46d82e34956941;595;kate@provokateurin.de;kate@provokateurin.de
CheckerTest.php;MODIFY;1023;5.0;Grew;True;2024-09-20 12:53:34+00:00;False;59;59;5194;606241caebda2e01702c0d08adbc35ace8d01f13;44;jus@bitgrid.net;jus@bitgrid.net
