file_name;change_type;n_loc;lines_balance;size_change;is_large;date;swapped_classification;complexity;methods;tokens;hash;files_on_commit;committer_email;author_email
CompositeByteBuf.java;RENAME;606;0.0;Equal;False;2012-06-10 02:08:43+00:00;False;119;43;4455;5164d91255a5cd68bcd1fade07e6ef4fdb3c7646;184;trustin@gmail.com;trustin@gmail.com
CompositeByteBuf.java;MODIFY;606;0.0;Equal;False;2012-06-10 02:31:39+00:00;False;119;43;4455;a849d1187761b720253bb5ea99cac01cba7ed8ea;111;trustin@gmail.com;trustin@gmail.com
CompositeByteBuf.java;MODIFY;606;0.0;Equal;False;2012-06-11 08:02:29+00:00;False;119;43;4455;876847fd2060d455930c682d9e82e9fa871bf69f;117;trustin@gmail.com;trustin@gmail.com
CompositeByteBuf.java;MODIFY;601;-5.0;Decreased;False;2012-06-11 11:24:44+00:00;False;118;42;4445;754392aaa92b5edd72d941873a1fadbd1029f279;27;trustin@gmail.com;trustin@gmail.com
CompositeByteBuf.java;MODIFY;601;0.0;Equal;False;2012-06-11 13:54:28+00:00;False;118;42;4437;6211e53e86139349a4430a4e0f524d5a625c8118;74;trustin@gmail.com;trustin@gmail.com
CompositeByteBuf.java;MODIFY;604;3.0;Grew;False;2012-06-24 13:14:17+00:00;False;119;43;4449;1be9bbf62c7242b6ac5510bc21a5dd1ed5b0ef82;1;trustin@gmail.com;trustin@gmail.com
CompositeByteBuf.java;MODIFY;620;16.0;Grew;False;2012-06-28 00:24:18+00:00;False;124;44;4558;cb8c9767f6acad1ffc94d4a8895b042624412f76;1;cruz@massive-dynamics.biz;cruz@massive-dynamics.biz
CompositeByteBuf.java;MODIFY;613;-7.0;Decreased;False;2012-06-28 00:29:11+00:00;False;122;44;4513;332a35f9ed00e1d5631085729f30c45c6ea42ea0;1;cruz@massive-dynamics.biz;cruz@massive-dynamics.biz
CompositeByteBuf.java;MODIFY;613;0.0;Equal;False;2012-06-28 00:31:49+00:00;False;122;44;4513;49f0e32428aa634c1653a4b358d1e3393097f360;1;cruz@massive-dynamics.biz;cruz@massive-dynamics.biz
CompositeByteBuf.java;MODIFY;612;-1.0;Grew;False;2012-06-28 09:01:16+00:00;False;122;44;4504;42f3a6750a3085829a3992beaac6c3aeda6b1f61;1;cruz@massive-dynamics.biz;cruz@massive-dynamics.biz
CompositeByteBuf.java;MODIFY;612;0.0;Decreased;False;2012-06-28 09:33:54+00:00;False;122;44;4502;a504aa1159092a6ef4fbc285c49f3678c83bb45c;1;cruz@massive-dynamics.biz;cruz@massive-dynamics.biz
CompositeByteBuf.java;MODIFY;612;0.0;Equal;False;2012-06-28 09:34:52+00:00;False;122;44;4502;e2989719e1df2d6c6ebe1a34a1b8549c8e756d7c;1;cruz@massive-dynamics.biz;cruz@massive-dynamics.biz
CompositeByteBuf.java;MODIFY;612;0.0;Equal;False;2012-06-29 03:38:53+00:00;False;122;44;4502;c55e10c12aa851918dd727f12643d1a0d9ab839d;1;cruz@massive-dynamics.biz;cruz@massive-dynamics.biz
CompositeByteBuf.java;MODIFY;612;0.0;Equal;False;2012-06-29 09:27:41+00:00;False;122;44;4502;c52cb0ea21ce78a3c2ef1928acea489732ed2a27;1;cruz@massive-dynamics.biz;cruz@massive-dynamics.biz
CompositeByteBuf.java;MODIFY;612;0.0;Grew;False;2012-06-29 10:28:08+00:00;False;122;44;4502;07095a41f481e50b57e4a39c3372c4c2865ca545;2;norman@apache.org;norman@apache.org
CompositeByteBuf.java;MODIFY;612;0.0;Equal;False;2012-06-29 10:49:58+00:00;False;122;44;4502;27b83a480b764a5dbbee41259fde5b79aeb63df3;1;norman@apache.org;norman@apache.org
CompositeByteBuf.java;MODIFY;612;0.0;Decreased;False;2012-06-30 10:30:56+00:00;False;122;44;4502;b9d16663d9e78c52c762168146ee8eeff0942abc;1;cruz@massive-dynamics.biz;cruz@massive-dynamics.biz
CompositeByteBuf.java;MODIFY;604;-8.0;Grew;False;2012-07-07 05:30:24+00:00;False;119;43;4449;c77af321427537be8d7526782ec9232c1a17ea3a;1;trustin@gmail.com;trustin@gmail.com
CompositeByteBuf.java;MODIFY;612;8.0;Equal;False;2012-07-07 05:30:25+00:00;False;122;44;4502;efce2624ddeb88a77ec81d85d279347dce2e8c2e;1;trustin@gmail.com;norman@apache.org
CompositeByteBuf.java;MODIFY;613;1.0;Decreased;False;2012-07-07 05:30:25+00:00;False;122;44;4513;0d8ed47c3e66379f92025f9048bdcd2960c0ef96;1;trustin@gmail.com;cruz@massive-dynamics.biz
CompositeByteBuf.java;MODIFY;612;-1.0;Grew;False;2012-07-07 05:30:25+00:00;False;122;44;4504;a92ed57b182a0e19f0de13a59f3a572034f8759f;1;trustin@gmail.com;cruz@massive-dynamics.biz
CompositeByteBuf.java;MODIFY;613;1.0;Equal;False;2012-07-07 05:30:25+00:00;False;122;44;4513;580c6069fa37c0ad5ee45f04e7be83b2ee70ccbf;1;trustin@gmail.com;cruz@massive-dynamics.biz
CompositeByteBuf.java;MODIFY;612;-1.0;Decreased;False;2012-07-07 05:30:25+00:00;False;122;44;4502;4324c618833138c3a673c6366e62e0c36b4ad78f;1;trustin@gmail.com;cruz@massive-dynamics.biz
CompositeByteBuf.java;MODIFY;612;0.0;Grew;False;2012-07-07 05:30:25+00:00;False;122;44;4502;ce90550f64c58a60f6367983dd36c9e046ea9bf3;2;trustin@gmail.com;norman@apache.org
CompositeByteBuf.java;MODIFY;612;0.0;Equal;False;2012-07-07 05:30:25+00:00;False;122;44;4502;0a413af35d7ad111bb7714da5e285a483806c80f;1;trustin@gmail.com;cruz@massive-dynamics.biz
CompositeByteBuf.java;MODIFY;620;8.0;Grew;False;2012-07-07 05:30:25+00:00;False;124;44;4558;343d6748394bbc4729c253eeec41bd0ab1ff87ae;1;trustin@gmail.com;cruz@massive-dynamics.biz
CompositeByteBuf.java;MODIFY;612;-8.0;Equal;False;2012-07-07 05:30:25+00:00;False;122;44;4502;0ae4a64db2d79c56748482b6b56b751d8c4e22c8;1;trustin@gmail.com;cruz@massive-dynamics.biz
CompositeByteBuf.java;MODIFY;612;0.0;Decreased;False;2012-07-07 05:30:25+00:00;False;122;44;4502;d2f1c85f24c5114e9ee8a7914fb9dbe667ec1dea;1;trustin@gmail.com;cruz@massive-dynamics.biz
CompositeByteBuf.java;MODIFY;612;0.0;Equal;False;2012-07-07 05:30:25+00:00;False;122;44;4502;dc300f2c812b2231b527c761f4c73d5155137516;1;trustin@gmail.com;cruz@massive-dynamics.biz
CompositeByteBuf.java;MODIFY;17;-595.0;Decreased;False;2012-07-19 11:25:47+00:00;False;not calculated;0;121;5a613f379e24da75cf872fb1217af5a500d6fb05;54;trustin@gmail.com;trustin@gmail.com
CompositeByteBuf.java;MODIFY;17;0.0;Equal;False;2012-07-20 03:33:17+00:00;False;not calculated;0;126;8d813b127c572fc83a08a1166fbdb273be050887;11;trustin@gmail.com;trustin@gmail.com
CompositeByteBuf.java;MODIFY;21;4.0;Grew;False;2012-07-20 04:18:17+00:00;False;not calculated;0;168;26e64eb3051b7d159a9c31a985aced079709b60d;5;trustin@gmail.com;trustin@gmail.com
CompositeByteBuf.java;MODIFY;22;1.0;Grew;False;2012-08-05 09:32:30+00:00;False;not calculated;0;173;728306b64f36fad457037bc9b0557821fffa5347;3;trustin@gmail.com;trustin@gmail.com
CompositeByteBuf.java;MODIFY;25;3.0;Grew;False;2012-08-07 13:39:46+00:00;False;not calculated;0;199;f7e0366baec96d508180cebeef5eeb293853fd59;2;norman@apache.org;norman@apache.org
CompositeByteBuf.java;MODIFY;22;-3.0;Decreased;False;2012-08-13 00:29:07+00:00;False;not calculated;0;173;06fd86971163c61c9a0866d92c67c190cd47fb13;12;john.fallows@kaazing.com;john.fallows@kaazing.com
CompositeByteBuf.java;MODIFY;141;119.0;Grew;False;2012-10-18 06:57:23+00:00;False;not calculated;0;862;cbcabaf29b24fb4c04334c851c33ce9a278a3389;14;nmaurer@redhat.com;nmaurer@redhat.com
CompositeByteBuf.java;MODIFY;147;6.0;Grew;False;2012-12-17 08:41:21+00:00;False;not calculated;0;883;03e68482bba54aa0c0d35649ac9c090b0ab75473;32;trustin@gmail.com;trustin@gmail.com
CompositeByteBuf.java;MODIFY;147;0.0;Grew;False;2012-12-21 21:22:40+00:00;False;not calculated;0;883;8a7bc2c6068d699df21fc1b1f6326e8ede69b930;25;nmaurer@redhat.com;nmaurer@redhat.com
CompositeByteBuf.java;MODIFY;147;0.0;Equal;False;2013-01-10 06:23:58+00:00;False;not calculated;0;883;eb337ff5a789cf85be33e496175c40cd72ef85f4;47;trustin@gmail.com;trustin@gmail.com
CompositeByteBuf.java;MODIFY;147;0.0;Equal;False;2013-01-31 17:11:06+00:00;False;not calculated;0;883;42c65cca3a523a030cd8afc81f5642220f62f084;26;nmaurer@redhat.com;trustin@gmail.com
CompositeByteBuf.java;MODIFY;151;4.0;Grew;False;2013-02-14 06:39:44+00:00;False;not calculated;0;899;537057340067de07d445513cacb45613b414eef6;39;nmaurer@redhat.com;nmaurer@redhat.com
CompositeByteBuf.java;MODIFY;151;0.0;Grew;False;2013-03-25 09:58:50+00:00;False;not calculated;0;899;4eb01722517dc1332c5e31c63ab86872b1c2b148;1;nmaurer@redhat.com;nmaurer@redhat.com
CompositeByteBuf.java;MODIFY;147;-4.0;Decreased;False;2013-06-10 07:10:39+00:00;False;not calculated;0;885;14158070bf8b3f831702061ffd657c84179fc639;357;t@motd.kr;t@motd.kr
CompositeByteBuf.java;MODIFY;149;2.0;Grew;False;2013-07-05 05:00:46+00:00;False;not calculated;0;899;0b9235f072f8bdac8bfa2f3e365a9cbcdbb0fe81;8;t@motd.kr;t@motd.kr
CompositeByteBuf.java;MODIFY;1211;1062.0;Grew;True;2013-07-08 05:59:52+00:00;True;254;130;8032;65c2a6ed46c163081fed5307f33489a606177f33;10;t@motd.kr;t@motd.kr
CompositeByteBuf.java;MODIFY;1213;2.0;Grew;True;2013-07-23 05:06:58+00:00;False;255;130;8040;764741c5ce73f42f6451027c8f87d4021deac0e1;10;t@motd.kr;t@motd.kr
CompositeByteBuf.java;MODIFY;1234;21.0;Grew;True;2013-07-24 05:35:51+00:00;False;262;130;8147;8a673db92b728a668564563f6d7fb0c2664ef91f;2;nmaurer@redhat.com;nmaurer@redhat.com
CompositeByteBuf.java;MODIFY;1209;-25.0;Decreased;True;2013-09-01 09:00:58+00:00;False;256;128;7951;795182843dbf500643f3f8304f31ddb4ce5d693c;1;nmaurer@redhat.com;nmaurer@redhat.com
CompositeByteBuf.java;MODIFY;1225;16.0;Grew;True;2013-09-02 12:15:19+00:00;False;260;129;8084;5416f2315e222acf8d9a36a51bcd4142a0f1c022;15;nmaurer@redhat.com;nmaurer@redhat.com
CompositeByteBuf.java;MODIFY;1226;1.0;Grew;True;2013-09-09 18:29:30+00:00;False;260;129;8087;451e91d1429c08ce8f92bb8ce0b9ad8c28afb904;2;nmaurer@redhat.com;nmaurer@redhat.com
CompositeByteBuf.java;MODIFY;1226;0.0;Equal;True;2013-09-16 04:41:08+00:00;False;260;129;8087;f1d4f813ed6404b83d539a5f68166bea89fc95df;2;nmaurer@redhat.com;greg@firebase.com
CompositeByteBuf.java;MODIFY;1231;5.0;Grew;True;2013-09-19 05:29:58+00:00;False;261;129;8118;23baef8fb48fa363ffd0ed9f5d803a36a05e715f;2;nmaurer@redhat.com;nmaurer@redhat.com
CompositeByteBuf.java;MODIFY;1237;6.0;Grew;True;2013-09-26 18:37:31+00:00;False;263;129;8149;2b9a07cac90f7a5a5e6e5fb7859ae19e6c11323c;2;nmaurer@redhat.com;nmaurer@redhat.com
CompositeByteBuf.java;MODIFY;1235;-2.0;Decreased;True;2013-10-08 05:21:01+00:00;False;263;129;8140;1c73be21fca57474c8fb1db61e32c311ebd4beff;1;nmaurer@redhat.com;nmaurer@redhat.com
CompositeByteBuf.java;MODIFY;1236;1.0;Grew;True;2013-11-09 19:13:24+00:00;False;263;129;8141;b00f8c63901369babae2009e48f6c4d12b9f4097;2;nmaurer@redhat.com;nmaurer@redhat.com
CompositeByteBuf.java;MODIFY;1244;8.0;Grew;True;2014-02-14 02:16:25+00:00;False;265;131;8182;8837afddf85dab7cc09e210dae1ba6e0ec24c16f;78;t@motd.kr;t@motd.kr
CompositeByteBuf.java;MODIFY;1250;6.0;Grew;True;2014-02-14 02:24:36+00:00;False;267;131;8196;51349352e29d0a400b0fa8a883912fba682b8ede;1;t@motd.kr;t@motd.kr
CompositeByteBuf.java;MODIFY;1248;-2.0;Decreased;True;2014-06-30 05:14:25+00:00;False;267;131;8188;9594a81b958cb22bc51d9e766477faa12e7a2d0d;7;nmaurer@redhat.com;nmaurer@redhat.com
CompositeByteBuf.java;MODIFY;1248;0.0;Decreased;True;2014-07-02 10:55:07+00:00;False;267;131;8188;d0912f27091e4548466df81f545c017a25c9d256;150;t@motd.kr;t@motd.kr
CompositeByteBuf.java;MODIFY;1249;1.0;Grew;True;2014-07-08 19:08:14+00:00;False;267;131;8209;ac8ac591488b976aba5ebe7a1bbfb24f5e1ecc09;1;nmaurer@redhat.com;brendt@idnet.com
CompositeByteBuf.java;MODIFY;1249;0.0;Equal;True;2014-07-20 07:26:04+00:00;False;267;131;8210;ad1389be9d808b637aa10889a29aad0eb7c55ea0;8;nmaurer@redhat.com;Idel.Pivnitskiy@gmail.com
CompositeByteBuf.java;MODIFY;1250;1.0;Grew;True;2014-12-22 10:18:32+00:00;False;267;131;8227;66294892a0eb7ec5c28bb75e173de205ea86100b;2;norman.maurer@googlemail.com;norman_maurer@apple.com
CompositeByteBuf.java;MODIFY;1281;31.0;Grew;True;2014-12-30 06:56:53+00:00;False;275;131;8287;155c0e2f369eaebe78f91d69e7eada7c1ac64ea7;1;t@motd.kr;t@motd.kr
CompositeByteBuf.java;MODIFY;1279;-2.0;Decreased;True;2015-02-12 15:09:41+00:00;False;275;131;8280;41fd857a7c749257c862ffb368af0b926c72ebfe;2;norman_maurer@apple.com;norman_maurer@apple.com
CompositeByteBuf.java;MODIFY;1280;1.0;Grew;True;2015-04-12 11:38:27+00:00;False;275;131;8287;18627749a98591b29f4b9040af4608e6facbb429;1;norman_maurer@apple.com;norman_maurer@apple.com
CompositeByteBuf.java;MODIFY;1308;28.0;Grew;True;2015-04-20 08:45:37+00:00;False;281;134;8423;8b1f247a1af6a17757c491922675f0ed9dd2a8e1;2;norman_maurer@apple.com;norman_maurer@apple.com
CompositeByteBuf.java;MODIFY;1404;96.0;Grew;True;2015-11-26 19:30:24+00:00;False;305;142;9336;0f9492c9affc528c766f9677952412564d4a3f6d;21;norman_maurer@apple.com;oleksandr.petrov@gmail.com
CompositeByteBuf.java;MODIFY;1403;-1.0;Grew;True;2016-01-18 09:14:39+00:00;False;304;144;9333;cdb70d31eebdf19e93191840bb817bcb351cbe3c;8;norman_maurer@apple.com;norman_maurer@apple.com
CompositeByteBuf.java;MODIFY;1433;30.0;Grew;True;2016-02-02 19:38:11+00:00;False;309;144;9479;6312c2f00b6c53fa4b84830b03126f7430bec4ed;1;scott_mitchell@apple.com;scott_mitchell@apple.com
CompositeByteBuf.java;MODIFY;1500;67.0;Grew;True;2016-02-15 04:37:37+00:00;False;323;146;9847;ccb08706003b4aed2a6a95d009f7fd736f723b23;19;norman_maurer@apple.com;linxiaoyan18@gmail.com
CompositeByteBuf.java;MODIFY;1515;15.0;Grew;True;2016-05-21 17:52:16+00:00;False;328;150;9990;7b25402e80979a075387fae5a55cf99fe1ada425;22;norman_maurer@apple.com;norman_maurer@apple.com
CompositeByteBuf.java;MODIFY;1519;4.0;Grew;True;2016-07-30 19:16:44+00:00;False;329;151;10058;e85d43739819e6408c3a4a4e2f9e71bcf6905a2e;3;norman_maurer@apple.com;norman_maurer@apple.com
CompositeByteBuf.java;MODIFY;1516;-3.0;Decreased;True;2017-02-01 17:45:54+00:00;False;327;151;10036;66b17310418230d12c21f1f91287c22022d8d847;29;norman_maurer@apple.com;norman_maurer@apple.com
CompositeByteBuf.java;MODIFY;1516;0.0;Equal;True;2017-02-06 06:51:10+00:00;False;327;151;10036;756b78b7dfcf235ea84450a741312d6292b2040b;7;norman_maurer@apple.com;norman_maurer@apple.com
CompositeByteBuf.java;MODIFY;1516;0.0;Equal;True;2017-11-10 15:17:16+00:00;False;327;151;10034;cc069722a2d3ecdd6ec1dc9ae8245eca3e8d734f;3;norman_maurer@apple.com;norman_maurer@apple.com
CompositeByteBuf.java;MODIFY;1528;12.0;Grew;True;2017-12-12 08:08:58+00:00;False;329;153;10104;1988cd041d3d5eaa5f52e58d3d3f773b9ef17fe7;1;norman_maurer@apple.com;norman_maurer@apple.com
CompositeByteBuf.java;MODIFY;1530;2.0;Grew;True;2018-06-20 14:09:23+00:00;False;330;153;10148;9b95b8ee628983e3e4434da93fffb893edff4aa2;2;norman_maurer@apple.com;nickhill@us.ibm.com
CompositeByteBuf.java;MODIFY;1530;0.0;Equal;True;2018-06-29 05:56:04+00:00;False;330;153;10140;83710cb2e1060d37ba7bac90afbaea15e9db11ed;30;noreply@github.com;norman_maurer@apple.com
CompositeByteBuf.java;MODIFY;1533;3.0;Grew;True;2018-08-07 09:31:24+00:00;False;331;153;10160;0bea8ecf5d851b108f788eec21a2c21098e04f99;1;norman_maurer@apple.com;vincent.grosbois@gmail.com
CompositeByteBuf.java;MODIFY;1528;-5.0;Decreased;True;2018-10-19 06:05:22+00:00;False;330;153;10153;69545aedc444a380729c3b4cf441cf5b438f939d;2;noreply@github.com;norman_maurer@apple.com
CompositeByteBuf.java;MODIFY;1524;-4.0;Decreased;True;2018-10-28 09:28:18+00:00;False;330;153;10143;48c45cf4aceb1e6e9dce8a0670af79570a11f369;2;norman_maurer@apple.com;nickhill@us.ibm.com
CompositeByteBuf.java;MODIFY;1560;36.0;Grew;True;2018-10-30 18:35:39+00:00;False;336;158;10419;44cca1a26f5c395420111fafa122bed5aeecfeb7;2;norman_maurer@apple.com;nickhill@us.ibm.com
CompositeByteBuf.java;MODIFY;1730;170.0;Grew;True;2018-11-03 09:37:07+00:00;False;392;173;11172;10539f4dc738c48e8d63c46b72ca32906d7f40ec;6;norman_maurer@apple.com;nickhill@us.ibm.com
CompositeByteBuf.java;MODIFY;1734;4.0;Grew;True;2018-11-13 19:56:09+00:00;False;393;173;11185;804e1fa9ccf426603e6d478f63c63bc00baae0fa;2;norman_maurer@apple.com;nickhill@us.ibm.com
CompositeByteBuf.java;MODIFY;1734;0.0;Equal;True;2018-12-05 07:42:23+00:00;False;393;173;11185;d0d30f1fbe2117cd0a7b2ad103cd3ff596a2d7f9;2;norman_maurer@apple.com;n.e.travers@gmail.com
CompositeByteBuf.java;MODIFY;1734;0.0;Equal;True;2019-01-14 06:24:34+00:00;False;393;173;11185;6fdd7fcddbe964b2f30d7492a926f4f0bf0f083f;17;norman_maurer@apple.com;kashike@vq.lc
CompositeByteBuf.java;MODIFY;1735;1.0;Grew;True;2019-01-24 11:47:04+00:00;False;393;173;11191;1d5b7be3a7e01b506f0b56cd58902a14fe7d9025;2;norman_maurer@apple.com;nickhill@us.ibm.com
CompositeByteBuf.java;MODIFY;1719;-16.0;Decreased;True;2019-02-01 09:31:53+00:00;False;393;173;11118;98aa5fbd66093bbb3b9ed6e6724586074d6f804f;1;norman_maurer@apple.com;nickhill@us.ibm.com
CompositeByteBuf.java;MODIFY;1727;8.0;Grew;True;2019-02-28 19:40:41+00:00;False;394;174;11151;0811409ca3f4a8df94c9d2e921c47c7487e90793;9;norman_maurer@apple.com;nickhill@us.ibm.com
CompositeByteBuf.java;MODIFY;1734;7.0;Grew;True;2019-03-22 10:18:10+00:00;False;396;174;11212;b36f75044f5e2d7347d8eb9ebf229ababb3433be;2;norman_maurer@apple.com;nickhill@us.ibm.com
CompositeByteBuf.java;MODIFY;1796;62.0;Grew;True;2019-04-08 18:48:08+00:00;False;413;175;11590;9f2221ebd448487bc0bc6c17b1a6857367cddbae;4;norman_maurer@apple.com;nickhill@us.ibm.com
CompositeByteBuf.java;MODIFY;1796;0.0;Equal;True;2019-04-17 16:03:08+00:00;False;413;175;11590;e01c4bce08b9f3c389aed5f01c1ac985c83b51ba;2;noreply@github.com;norman_maurer@apple.com
CompositeByteBuf.java;MODIFY;1799;3.0;Grew;True;2019-05-22 09:07:06+00:00;False;415;176;11618;507e0a05b5685f0769174cec12bc92bcfc1f6dc6;2;norman_maurer@apple.com;nickhill@us.ibm.com
CompositeByteBuf.java;MODIFY;1799;0.0;Equal;True;2019-05-27 13:32:08+00:00;False;415;176;11614;385dadcfbc9fe52c63acf3f97042a8774798fdce;4;norman_maurer@apple.com;nickhill@us.ibm.com
CompositeByteBuf.java;MODIFY;1805;6.0;Grew;True;2019-09-02 11:52:17+00:00;False;421;179;11594;1039f69e53792ff58f3f61f5ab6f7b89ef1fecf0;2;norman_maurer@apple.com;nickhill@us.ibm.com
CompositeByteBuf.java;MODIFY;1803;-2.0;Equal;True;2019-12-09 08:47:35+00:00;False;420;179;11597;0cde4d9cb4d19ddc0ecafc5be7c5f7c781a1f6e9;216;norman_maurer@apple.com;442367943@qq.com
CompositeByteBuf.java;MODIFY;1814;11.0;Grew;True;2020-04-21 10:04:25+00:00;False;423;179;11678;232c669fa413a9079ee6216056b57a647143f4b6;2;noreply@github.com;norman_maurer@apple.com
CompositeByteBuf.java;MODIFY;1819;5.0;Grew;True;2020-05-05 11:56:40+00:00;False;424;179;11702;c3db0391affb7eca0cd95a49d0b1063e3a2c3599;3;noreply@github.com;nickhill@us.ibm.com
CompositeByteBuf.java;MODIFY;1821;2.0;Grew;True;2020-06-02 08:07:50+00:00;False;424;180;11722;6e0d22335d3419d91ae60cb40811a0faa25bed50;1;noreply@github.com;norman_maurer@apple.com
CompositeByteBuf.java;MODIFY;1821;0.0;Equal;True;2020-10-23 12:44:18+00:00;False;424;180;11722;e5951d46fc89db507ba7d2968d2ede26378f0b04;2758;noreply@github.com;artem.smotrakov@sap.com
CompositeByteBuf.java;MODIFY;1825;4.0;Grew;True;2021-03-18 16:51:02+00:00;False;425;180;11739;9f242d27e05651a909571f232dd1f5afb1aed20c;2;noreply@github.com;christianvest_hansen@apple.com
CompositeByteBuf.java;MODIFY;1828;3.0;Grew;True;2021-04-22 06:21:20+00:00;False;425;180;11745;1d802d9da599997aa569d304712b8db2bb6111b0;1;noreply@github.com;qhdxssm@qq.com
CompositeByteBuf.java;MODIFY;1828;0.0;Equal;True;2021-08-26 06:03:35+00:00;False;425;180;11745;60f8ed01cd540f01602ba6ff6bf83414af8ada98;2;noreply@github.com;norman_maurer@apple.com
CompositeByteBuf.java;MODIFY;1832;4.0;Grew;True;2021-08-26 06:20:17+00:00;False;426;180;11760;6b7c58a2f971ba792483b09c10075512fefa9622;2;noreply@github.com;norman_maurer@apple.com
CompositeByteBuf.java;MODIFY;1833;1.0;Grew;True;2021-09-22 06:39:24+00:00;False;426;180;11760;23405e2000427e9cad104913e7071d8d08e91a3c;2;noreply@github.com;norman_maurer@apple.com
CompositeByteBuf.java;MODIFY;1833;0.0;Equal;True;2023-07-22 12:40:14+00:00;False;426;180;11758;8b803abf36a757911e77f747b338b55a02822022;15;noreply@github.com;aayush@shieldblaze.com
