|File Name|Change Type|Local File PATH Old|Local File PATH New|Complexity|Methods|Tokens|Lines Of Code (nloc)|Lines Added|Lines Deleted
0|sonycd535.c|ADD|new file|drivers/cdrom/sonycd535.c|223|30|6123|1039|1692|0
