file_name;change_type;n_loc;lines_balance;size_change;is_large;date;swapped_classification;complexity;methods;tokens;hash;files_on_commit;committer_email;author_email
test_buffer_file_chunk.rb;ADD;563;0.0;Grew;False;2016-04-18 06:39:32+00:00;False;6;6;4207;1ef535fd96b09bceef0c7863cc8d1502f4de00af;6;tagomoris@gmail.com;tagomoris@gmail.com
test_buffer_file_chunk.rb;MODIFY;563;0.0;Equal;False;2016-04-19 05:42:26+00:00;False;6;6;4219;a3f3a7fd46253ee7c1c7213ae8842baa68d027b0;2;tagomoris@gmail.com;tagomoris@gmail.com
test_buffer_file_chunk.rb;MODIFY;564;1.0;Grew;False;2016-04-19 06:44:01+00:00;False;6;6;4225;14d19d070856de144fe994ae818b872a82d3c5a6;2;tagomoris@gmail.com;tagomoris@gmail.com
test_buffer_file_chunk.rb;MODIFY;617;53.0;Grew;False;2016-04-22 07:40:56+00:00;False;6;6;4808;6596c9a7af1832f6d4bc94026bd567d29861b056;7;tagomoris@gmail.com;tagomoris@gmail.com
test_buffer_file_chunk.rb;MODIFY;617;0.0;Equal;False;2016-04-26 05:45:11+00:00;False;6;6;4808;cd973b2881c72e1ac3fbc56aedeaf087004faa7d;6;tagomoris@gmail.com;tagomoris@gmail.com
test_buffer_file_chunk.rb;MODIFY;617;0.0;Equal;False;2016-05-13 05:55:42+00:00;False;6;6;4800;682615628e648b87e8cd9353c1d93e8abb67c6f4;26;tagomoris@gmail.com;okkez000@gmail.com
test_buffer_file_chunk.rb;MODIFY;617;0.0;Equal;False;2016-07-19 06:15:46+00:00;False;6;6;4800;0012d4685e96d36048df71f92e60b4ce6f01b353;5;tagomoris@gmail.com;tagomoris@gmail.com
test_buffer_file_chunk.rb;MODIFY;618;1.0;Grew;False;2016-07-26 09:12:55+00:00;False;6;6;4807;3e1308656cd80c2447b11e8e51f0602228688065;1;tagomoris@gmail.com;tagomoris@gmail.com
test_buffer_file_chunk.rb;MODIFY;644;26.0;Grew;False;2016-09-02 06:51:32+00:00;False;6;6;4979;d6d05d3632b02c330f8beb9d8122d9ab4aa9705d;7;ganmacs@gmail.com;ganmacs@gmail.com
test_buffer_file_chunk.rb;MODIFY;644;0.0;Equal;False;2016-09-02 06:51:32+00:00;False;6;6;4979;06e38edf9fa157c73c8d8ee88e9d47c1381645fc;3;ganmacs@gmail.com;ganmacs@gmail.com
test_buffer_file_chunk.rb;MODIFY;642;-2.0;Grew;False;2016-09-02 06:51:32+00:00;False;6;6;4959;8f932021ea36b4dd775bca68716d440794a2da6b;4;ganmacs@gmail.com;ganmacs@gmail.com
test_buffer_file_chunk.rb;MODIFY;670;28.0;Grew;True;2016-09-02 06:51:32+00:00;True;6;6;5127;e9b6f15f57d50ff4fd2e48942bc799fdf2dcf979;6;ganmacs@gmail.com;ganmacs@gmail.com
test_buffer_file_chunk.rb;MODIFY;668;-2.0;Decreased;True;2016-09-02 06:51:32+00:00;False;6;6;5107;fe1f42c341b86cdba200267809a5324cfb5dc813;3;ganmacs@gmail.com;ganmacs@gmail.com
test_buffer_file_chunk.rb;MODIFY;668;0.0;Equal;True;2016-09-02 06:51:32+00:00;False;6;6;5109;0abf6da3c6f7575e57cf2c9d1099811bca7495c8;4;ganmacs@gmail.com;ganmacs@gmail.com
test_buffer_file_chunk.rb;MODIFY;675;7.0;Grew;True;2016-09-02 06:59:20+00:00;False;6;6;5182;1709b780fa3d16b95fceb809f31c69b6aca660b6;6;ganmacs@gmail.com;ganmacs@gmail.com
test_buffer_file_chunk.rb;MODIFY;675;0.0;Equal;True;2017-01-30 02:24:42+00:00;False;6;6;5212;94baf7da790558b712a107cf41cf62c7e635c9df;3;tagomoris@gmail.com;tagomoris@gmail.com
test_buffer_file_chunk.rb;MODIFY;690;15.0;Grew;True;2019-08-12 10:02:02+00:00;False;9;6;5287;aef6dcba66ab2a0ab07acb458340c998568b79d3;2;ganmacs@gmail.com;ganmacs@gmail.com
test_buffer_file_chunk.rb;MODIFY;704;14.0;Grew;True;2019-09-02 07:22:07+00:00;False;9;6;5395;3027c180f20a54d0d98effc0065f8f2ad14f6552;2;ganmacs@gmail.com;ganmacs@gmail.com
test_buffer_file_chunk.rb;MODIFY;691;-13.0;Grew;True;2019-09-06 06:32:29+00:00;False;9;6;5294;92f56a400e1379128a2162451937d8969f007be5;3;ganmacs@gmail.com;ganmacs@gmail.com
test_buffer_file_chunk.rb;MODIFY;705;14.0;Equal;True;2019-09-25 15:44:46+00:00;False;9;6;5402;01264bcd36e4638f08efaaf98137ca3dc6b2bdc7;4;2799194073@qq.com;2799194073@qq.com
test_buffer_file_chunk.rb;MODIFY;696;-9.0;Decreased;True;2019-10-31 09:24:41+00:00;False;9;6;5307;b30e297e7e1332625fb7aeab1c2791e043bc78cd;8;ganmacs@gmail.com;ganmacs@gmail.com
test_buffer_file_chunk.rb;MODIFY;696;0.0;Grew;True;2020-02-14 07:34:01+00:00;False;9;6;5302;14fe002a86d14589d568df37ba318a59b6eb97d6;1;ganmacs@gmail.com;ganmacs@gmail.com
test_buffer_file_chunk.rb;MODIFY;696;0.0;Equal;True;2020-02-14 07:34:01+00:00;False;9;6;5329;71a346d34560772bf6b48d154edfdd7b60d8f0ca;2;ganmacs@gmail.com;ganmacs@gmail.com
test_buffer_file_chunk.rb;MODIFY;696;0.0;Equal;True;2020-02-25 08:28:32+00:00;False;9;6;5321;bb89be7c879e6bee5f61efcb4a3f83f6c62c73a2;12;ganmacs@gmail.com;ganmacs@gmail.com
