file_name;change_type;n_loc;lines_balance;size_change;is_large;date;swapped_classification;complexity;methods;tokens;hash;files_on_commit;committer_email;author_email
test_in_forward.rb;RENAME;144;0.0;Equal;False;2014-04-21 06:53:21+00:00;False;not calculated;0;not calculated;01889e6107836a66747e877f33c5b8735db878ee;24;repeatedly@gmail.com;repeatedly@gmail.com
test_in_forward.rb;MODIFY;144;0.0;Equal;False;2014-05-01 11:50:55+00:00;False;15;12;920;4230e16fc34e2fe24cc4487e3273b7ea7722b082;2;tagomoris@gmail.com;tagomoris@gmail.com
test_in_forward.rb;MODIFY;142;-2.0;Decreased;False;2014-05-01 11:50:55+00:00;False;15;12;890;1b25fc7a129fa36d99565b350f4dec7fe2620bbe;2;tagomoris@gmail.com;tagomoris@gmail.com
test_in_forward.rb;MODIFY;144;2.0;Grew;False;2014-05-12 13:15:39+00:00;False;15;12;922;ddf42463c4d559347883b665b84cd77127de01ce;2;repeatedly@gmail.com;repeatedly@gmail.com
test_in_forward.rb;MODIFY;161;17.0;Grew;False;2014-05-15 07:22:22+00:00;False;17;13;1074;01dbb98baaae0f9dcce20fce3ba0ba5a07972183;2;repeatedly@gmail.com;repeatedly@gmail.com
test_in_forward.rb;MODIFY;156;-5.0;Decreased;False;2014-08-07 10:27:29+00:00;False;17;13;1054;7315bca87e858f07c1c6598ee943d479e2f5e772;3;t.yuichi111@gmail.com;t.yuichi111@gmail.com
test_in_forward.rb;MODIFY;156;0.0;Equal;False;2014-09-30 06:36:56+00:00;False;17;13;1054;066225d23b5a347145ef1e5504ddf494aa236ce7;25;nahi@ruby-lang.org;nahi@ruby-lang.org
test_in_forward.rb;MODIFY;311;155.0;Grew;False;2014-10-03 07:00:45+00:00;False;28;21;2017;4941f5a37c3fc6cd30b0d779228b00b219f80363;4;tagomoris@gmail.com;t.yuichi111@gmail.com
test_in_forward.rb;MODIFY;312;1.0;Grew;False;2014-10-03 07:01:58+00:00;False;28;21;2047;6868bcbab6b7b6e3c83df0f17dd0d12c9beda025;3;tagomoris@gmail.com;tagomoris@gmail.com
test_in_forward.rb;MODIFY;312;0.0;Equal;False;2014-11-26 17:37:07+00:00;False;28;21;2047;b5abaa02aeea78264065bc4509b003c5df6e6f17;35;sonots@gmail.com;sonots@gmail.com
test_in_forward.rb;MODIFY;325;13.0;Grew;False;2015-06-10 19:54:47+00:00;False;29;22;2136;d39c532441c20c367f2ba89de8dd465a4b01b8ea;2;repeatedly@gmail.com;repeatedly@gmail.com
test_in_forward.rb;MODIFY;326;1.0;Grew;False;2015-10-08 06:31:07+00:00;False;29;22;2183;67e25502d222326d5247c511d706c9834059e7af;17;yuki@gnnk.net;yuki@gnnk.net
test_in_forward.rb;MODIFY;326;0.0;Equal;False;2015-10-08 06:31:53+00:00;False;29;22;2183;3588d0449c228a7ce417aabe3412cea1a1949cee;27;yuki@gnnk.net;yuki@gnnk.net
test_in_forward.rb;MODIFY;325;-1.0;Decreased;False;2015-10-08 06:31:54+00:00;False;29;22;2244;6a71f7ec7a57c49800a089c8f671862ddef24481;9;yuki@gnnk.net;yuki@gnnk.net
test_in_forward.rb;MODIFY;326;1.0;Grew;False;2015-10-08 06:31:54+00:00;False;29;22;2233;17e29d710f46912dbe16490c68c473bd79972e38;3;yuki@gnnk.net;yuki@gnnk.net
test_in_forward.rb;MODIFY;362;36.0;Grew;False;2015-10-08 06:31:55+00:00;False;32;25;2512;308f8dda4aa17062576ecef832de2a72a24e9e74;1;yuki@gnnk.net;yuki@gnnk.net
test_in_forward.rb;MODIFY;362;0.0;Equal;False;2015-10-08 06:31:55+00:00;False;32;25;2447;905ad91044f82bff83fb28d8c6783159e2c0fbaf;11;yuki@gnnk.net;yuki@gnnk.net
test_in_forward.rb;MODIFY;362;0.0;Equal;False;2015-10-08 06:31:56+00:00;False;32;25;2447;9a1a4b1a1eb10978fd6e31d9f8d458a2b6dc6fb3;34;yuki@gnnk.net;yuki@gnnk.net
test_in_forward.rb;MODIFY;404;42.0;Grew;False;2016-01-19 20:13:58+00:00;False;36;28;2901;6f9c99bed241e1c98301dbab1a04ed186f7024c8;1;repeatedly@gmail.com;repeatedly@gmail.com
test_in_forward.rb;MODIFY;406;2.0;Grew;False;2016-02-09 15:40:24+00:00;False;36;28;2905;7d4baa06b8dc8c89cb05e7ce7950ed867b5c4a98;78;tagomoris@gmail.com;tagomoris@gmail.com
test_in_forward.rb;MODIFY;416;10.0;Grew;False;2016-05-10 16:47:13+00:00;False;38;30;2946;83c711e403d60de37f765a792c30450b1ef981b2;10;narittan@gmail.com;narittan@gmail.com
test_in_forward.rb;MODIFY;416;0.0;Equal;False;2016-05-13 05:55:42+00:00;False;38;30;2946;682615628e648b87e8cd9353c1d93e8abb67c6f4;26;tagomoris@gmail.com;okkez000@gmail.com
test_in_forward.rb;MODIFY;435;19.0;Grew;False;2016-08-04 05:14:31+00:00;False;39;31;3079;80c418f2112846e43bf40b8abb8d00537fc750c6;2;ganmacs@gmail.com;ganmacs@gmail.com
test_in_forward.rb;MODIFY;476;41.0;Grew;False;2016-08-10 07:53:33+00:00;False;40;32;3317;98ca682f787767cfe573ab6eb39c23a99732c71c;2;repeatedly@gmail.com;repeatedly@gmail.com
test_in_forward.rb;MODIFY;476;0.0;Equal;False;2016-08-10 08:55:10+00:00;False;40;32;3317;180d5f502a08e0195338b71cd3ccce9e568a0fa0;2;repeatedly@gmail.com;repeatedly@gmail.com
test_in_forward.rb;MODIFY;857;381.0;Grew;True;2016-09-02 04:30:34+00:00;True;107;34;5248;36da1427a12880b7681acf548ca743c817493016;2;tagomoris@gmail.com;tagomoris@gmail.com
test_in_forward.rb;MODIFY;873;16.0;Grew;True;2016-09-02 04:30:34+00:00;False;108;35;5352;b8ab659046f41ef71b12838ee95ae1e677a13beb;2;tagomoris@gmail.com;tagomoris@gmail.com
test_in_forward.rb;MODIFY;857;-16.0;Decreased;True;2016-09-02 04:30:34+00:00;False;107;34;5248;46ea54a7b88a1aa6940f5c095e1fc11e51a7a7ec;2;tagomoris@gmail.com;tagomoris@gmail.com
test_in_forward.rb;MODIFY;873;16.0;Grew;True;2016-09-08 03:11:10+00:00;False;108;35;5358;7871a6c25599ea7e8d9075daf351f0e7cd466c8e;1;ganmacs@gmail.com;ganmacs@gmail.com
test_in_forward.rb;MODIFY;922;49.0;Grew;True;2016-09-13 04:31:13+00:00;False;110;37;5666;335d3b2b709ad368da6655636e8ab401b116ae4b;8;tagomoris@gmail.com;ganmacs@gmail.com
test_in_forward.rb;MODIFY;912;-10.0;Decreased;True;2016-10-26 10:05:33+00:00;False;108;37;5630;a98bdaa95e144d2f35c3edc13be1dbd11e780209;1;tagomoris@gmail.com;tagomoris@gmail.com
test_in_forward.rb;MODIFY;916;4.0;Grew;True;2016-11-07 08:40:03+00:00;False;30;11;5195;4d9e1a7d2dbcd09530a0c995a135d24e66482ae7;2;tagomoris@gmail.com;tagomoris@gmail.com
test_in_forward.rb;MODIFY;916;0.0;Equal;True;2016-11-08 09:56:01+00:00;False;30;11;5195;f873e578da62f5ae214a2a39c7a969c68f370018;1;tagomoris@gmail.com;tagomoris@gmail.com
test_in_forward.rb;MODIFY;863;-53.0;Decreased;True;2016-11-28 06:33:16+00:00;False;30;11;5035;5c6ffceb632d5c6a538fca00e8c1dfdde895ccb0;2;tagomoris@gmail.com;tagomoris@gmail.com
test_in_forward.rb;MODIFY;896;33.0;Grew;True;2016-12-20 07:19:21+00:00;False;34;11;5207;05f29ab9a551fd450287a416eb705ebf0434dc26;2;tagomoris@gmail.com;tagomoris@gmail.com
test_in_forward.rb;MODIFY;898;2.0;Grew;True;2016-12-20 10:14:44+00:00;False;34;11;5269;ddd7baa8492fa083fd26e78531e3d5dcfab02092;1;tagomoris@gmail.com;tagomoris@gmail.com
test_in_forward.rb;MODIFY;898;0.0;Equal;True;2016-12-21 03:17:55+00:00;False;34;11;5267;e587df77234e16252c8b0d99c1e06e95b7450b6a;1;tagomoris@gmail.com;tagomoris@gmail.com
test_in_forward.rb;MODIFY;916;18.0;Grew;True;2019-03-28 08:16:42+00:00;False;34;11;5327;a79c6d2f7246a9fa277c7fdfd5aa8657ed8f1557;4;coolwizard11@gmail.com;coolwizard11@gmail.com
test_in_forward.rb;MODIFY;966;50.0;Grew;True;2019-04-23 13:19:54+00:00;False;34;11;5631;a28487634b7129fb2bf7c7402a7721c05c271c74;2;repeatedly@gmail.com;repeatedly@gmail.com
test_in_forward.rb;MODIFY;973;7.0;Grew;True;2019-04-25 04:30:50+00:00;False;34;11;5672;2a0ce32a0b11fc8a17066eb44b08892524bc16b6;2;repeatedly@gmail.com;repeatedly@gmail.com
test_in_forward.rb;MODIFY;973;0.0;Equal;True;2019-10-18 06:43:30+00:00;False;34;11;5654;9c0ba50adfd181f476118c85029f294b638e0c06;13;ganmacs@gmail.com;ganmacs@gmail.com
test_in_forward.rb;MODIFY;972;-1.0;Decreased;True;2020-01-16 05:55:54+00:00;False;34;11;5697;66ffd023a5fa9a4f8db7bb66551c8875d716d6b7;1;ganmacs@gmail.com;ganmacs@gmail.com
test_in_forward.rb;MODIFY;972;0.0;Equal;True;2020-03-09 08:21:33+00:00;False;34;11;5697;53c6652ccf0290f95f179432fd5db63cf4b939ea;1;hatake@clear-code.com;hatake@clear-code.com
test_in_forward.rb;MODIFY;949;-23.0;Decreased;True;2021-06-02 01:38:38+00:00;False;36;13;5682;10bc7a659969ba7dd404cc7178d3da0ddab7dcce;1;ashie@clear-code.com;ashie@clear-code.com
test_in_forward.rb;MODIFY;947;-2.0;Decreased;True;2022-02-25 00:53:37+00:00;False;36;13;5666;81d35f620a168324c41eb3535a6a93b26e37e5c2;4;fukuda@clear-code.com;fukuda@clear-code.com
test_in_forward.rb;MODIFY;947;0.0;Equal;True;2023-06-14 09:52:53+00:00;False;36;13;5656;ae2a1d5c4c8f9627929b129e9c6c2dd8947b3ba7;11;christian.menges@outlook.com;christian.menges@outlook.com
test_in_forward.rb;MODIFY;947;0.0;Equal;True;2024-08-15 02:33:37+00:00;False;36;13;5656;1be2f6ce826e5b5dd60f66a67cedf15acced0a62;10;noreply@github.com;watson1978@gmail.com
test_in_forward.rb;MODIFY;947;0.0;Equal;True;2024-10-20 08:26:44+00:00;False;36;13;5660;0634bd5e4488c2a11895beaf60e341074914ff82;14;fujita@clear-code.com;fujita@clear-code.com
