file_name;change_type;n_loc;lines_balance;size_change;is_large;date;swapped_classification;complexity;methods;tokens;hash;files_on_commit;committer_email;author_email
test_fluentd.rb;ADD;249;0.0;Equal;False;2016-12-08 11:51:43+00:00;False;25;7;1192;08278a7481e91c077900768c7ca2659e79aafbf4;4;tagomoris@gmail.com;tagomoris@gmail.com
test_fluentd.rb;MODIFY;264;15.0;Grew;False;2016-12-14 08:26:51+00:00;False;36;7;1262;17a4880d888542c060304593989bc75c33ae5bd8;2;tagomoris@gmail.com;tagomoris@gmail.com
test_fluentd.rb;MODIFY;309;45.0;Grew;False;2016-12-19 07:40:13+00:00;False;36;7;1454;047fade1db3432f31c2cb95b400d046928cb38f9;8;tagomoris@gmail.com;tagomoris@gmail.com
test_fluentd.rb;MODIFY;361;52.0;Grew;False;2017-01-04 08:06:35+00:00;False;37;7;1691;6de5a26c6ebba00cf53525dec0c47364f1131340;4;tagomoris@gmail.com;tagomoris@gmail.com
test_fluentd.rb;MODIFY;440;79.0;Grew;False;2017-01-06 08:29:26+00:00;False;37;7;1967;d9b24f313211897c86d9fa63b0f0baf470077641;8;tagomoris@gmail.com;tagomoris@gmail.com
test_fluentd.rb;MODIFY;440;0.0;Equal;False;2017-01-06 10:09:48+00:00;False;37;7;1970;fecfd33cbf649d018b35607b8a537a688c51d81d;1;tagomoris@gmail.com;tagomoris@gmail.com
test_fluentd.rb;MODIFY;440;0.0;Equal;False;2017-01-06 16:37:40+00:00;False;37;7;1967;aeba4819907f2d98ed2a4f4faf60b469b4a3677b;1;tagomoris@gmail.com;tagomoris@gmail.com
test_fluentd.rb;MODIFY;440;0.0;Equal;False;2017-01-10 04:21:14+00:00;False;37;7;1967;7436df786b48afe4901ec378eb0713b2556c0616;1;tagomoris@gmail.com;tagomoris@gmail.com
test_fluentd.rb;MODIFY;563;123.0;Grew;False;2017-01-10 04:24:14+00:00;False;37;7;2375;3314d7eab1ddb9596ee7aeaaaa94cdfa7d4e0e68;1;tagomoris@gmail.com;tagomoris@gmail.com
test_fluentd.rb;MODIFY;562;-1.0;Decreased;False;2017-01-10 04:24:14+00:00;False;37;7;2373;21fb0e9604e9e844b23e18eaa3171303252157c0;2;tagomoris@gmail.com;tagomoris@gmail.com
test_fluentd.rb;MODIFY;562;0.0;Equal;False;2017-01-10 06:59:38+00:00;False;37;7;2373;7eb317716900f157089742a6e09e23581c9b3750;2;tagomoris@gmail.com;tagomoris@gmail.com
test_fluentd.rb;MODIFY;752;190.0;Grew;True;2017-03-23 08:08:38+00:00;True;37;7;3025;08ab6ec24732f439cfa68c9e3b8beeb07fab3362;10;yuki@gnnk.net;yuki@gnnk.net
test_fluentd.rb;MODIFY;758;6.0;Grew;True;2017-04-10 08:50:26+00:00;False;42;12;3009;de737893a9652fe33fee47dc9671aed858337829;1;yuki@gnnk.net;yuki@gnnk.net
test_fluentd.rb;MODIFY;798;40.0;Grew;True;2017-05-22 09:10:57+00:00;False;42;12;3167;8e3963e0b570ff63814f3425e988278c54cdb246;4;yuki@gnnk.net;yuki@gnnk.net
test_fluentd.rb;MODIFY;798;0.0;Equal;True;2018-01-10 10:58:27+00:00;False;42;12;3171;ebd5797fc85c89674f0d3eb8e6c807f9ba5ee5fc;3;repeatedly@gmail.com;repeatedly@gmail.com
test_fluentd.rb;MODIFY;798;0.0;Equal;True;2018-12-27 09:19:28+00:00;False;42;12;3171;e5b6335a54c156550408187eb3b3061598858136;1;repeatedly@gmail.com;repeatedly@gmail.com
test_fluentd.rb;MODIFY;798;0.0;Equal;True;2019-02-21 04:00:18+00:00;False;42;12;3171;9ae4473e80d3d4886ff4b702125113512ebce884;13;tuanvc@vn.fujitsu.com;tuanvc@vn.fujitsu.com
test_fluentd.rb;MODIFY;828;30.0;Grew;True;2019-06-12 14:08:19+00:00;False;42;12;3301;08a31d20c0f6158b2d804ea5bac131938d8c5551;3;repeatedly@gmail.com;repeatedly@gmail.com
test_fluentd.rb;MODIFY;828;0.0;Equal;True;2019-08-20 14:34:23+00:00;False;42;12;3301;f0fdbd33b950188e6df8db7dbe5551770ac83424;4;guangming.wang@daocloud.io;guangming.wang@daocloud.io
test_fluentd.rb;MODIFY;831;3.0;Grew;True;2019-10-31 08:43:26+00:00;False;43;13;3311;4db63ce411de172ccf72c3534cbb9431e91b9667;2;ganmacs@gmail.com;ganmacs@gmail.com
test_fluentd.rb;MODIFY;833;2.0;Grew;True;2019-11-08 02:46:05+00:00;False;43;13;3315;e86b4fd5186ee63f8d01630b43bf373e77335d0f;2;repeatedly@gmail.com;repeatedly@gmail.com
test_fluentd.rb;MODIFY;849;16.0;Grew;True;2020-01-31 08:21:05+00:00;False;43;13;3392;f2eb1cd9cbfafd041b1b27b47f22d862558e2fe3;2;ganmacs@gmail.com;ganmacs@gmail.com
test_fluentd.rb;MODIFY;849;0.0;Equal;True;2020-02-03 07:21:05+00:00;False;43;13;3390;cb9fd339595aa5ca7ba4e19455a1e586309c0d57;1;ganmacs@gmail.com;ganmacs@gmail.com
test_fluentd.rb;MODIFY;866;17.0;Grew;True;2020-02-03 07:22:24+00:00;False;43;13;3445;77ccc5d22ff75d9676c29e3c03d78cc32e1c2c59;2;ganmacs@gmail.com;ganmacs@gmail.com
test_fluentd.rb;MODIFY;897;31.0;Grew;True;2020-02-04 06:15:32+00:00;False;43;13;3552;bdb8d2b1b3a75baadbe2f278a1de959beb5b611a;2;ganmacs@gmail.com;ganmacs@gmail.com
test_fluentd.rb;MODIFY;903;6.0;Grew;True;2020-02-04 09:08:58+00:00;False;43;13;3580;f51154699ca30485473c4097208148e91d15e3ab;2;ganmacs@gmail.com;ganmacs@gmail.com
test_fluentd.rb;MODIFY;917;14.0;Grew;True;2020-02-19 05:37:16+00:00;False;43;13;3655;16c7edc44c8b96ef519808ba19f9575a48ea80af;3;ganmacs@gmail.com;ganmacs@gmail.com
test_fluentd.rb;MODIFY;922;5.0;Grew;True;2020-03-04 09:19:49+00:00;False;44;13;3694;b283a0c6e5d9b9b6d41fc54f229aab925a7af66f;1;hatake@clear-code.com;hatake@clear-code.com
test_fluentd.rb;MODIFY;928;6.0;Grew;True;2020-03-04 09:19:56+00:00;False;44;13;3734;08caf6b600f2e85d4a824e197892e29eca4580e2;1;hatake@clear-code.com;hatake@clear-code.com
test_fluentd.rb;MODIFY;926;-2.0;Decreased;True;2020-03-04 09:19:56+00:00;False;44;13;3722;0f7c5169bf87c4c3c58bcc05b4eb27cac7329846;1;hatake@clear-code.com;hatake@clear-code.com
test_fluentd.rb;MODIFY;938;12.0;Grew;True;2020-03-19 06:12:44+00:00;False;47;14;3771;19a195d42e79b35f34fec647f2011c7094529815;1;ganmacs@gmail.com;ganmacs@gmail.com
test_fluentd.rb;MODIFY;969;31.0;Grew;True;2020-04-02 07:44:33+00:00;False;47;14;3913;3f1008eb75f29bd0674faa1137842be4e0fb0b15;2;ashie@clear-code.com;ashie@clear-code.com
test_fluentd.rb;MODIFY;969;0.0;Equal;True;2020-04-02 07:44:36+00:00;False;47;14;3913;8ec8f3ea0de291cad2fa524aa667ceef07156c5d;1;ashie@clear-code.com;ashie@clear-code.com
test_fluentd.rb;MODIFY;982;13.0;Grew;True;2020-04-06 08:59:47+00:00;False;49;14;3961;6dc3955c1c04a7479b145926c7cbeb9ea538c0c1;1;ashie@clear-code.com;ashie@clear-code.com
test_fluentd.rb;MODIFY;982;0.0;Equal;True;2020-04-06 09:12:27+00:00;False;49;14;3971;2dd1d37eec483ff3fa8eceb0dc4851641402594a;1;ashie@clear-code.com;ashie@clear-code.com
test_fluentd.rb;MODIFY;982;0.0;Equal;True;2020-04-06 09:14:30+00:00;False;49;14;3971;5c129dd1aec3ca9e539a4526615f9d1063ab0e73;1;ashie@clear-code.com;ashie@clear-code.com
test_fluentd.rb;MODIFY;1009;27.0;Grew;True;2021-02-15 08:37:40+00:00;False;49;14;4088;3bdd5dde88f94493662e83d9aa469fb01a11300a;5;ashie@clear-code.com;ashie@clear-code.com
test_fluentd.rb;MODIFY;1017;8.0;Grew;True;2021-02-23 01:59:29+00:00;False;49;14;4126;93fffd25b8f40ece4802aad963327f28d50cd0d8;1;ashie@clear-code.com;ashie@clear-code.com
test_fluentd.rb;MODIFY;1047;30.0;Grew;True;2022-04-13 14:30:11+00:00;False;49;14;4232;dc597c03ee0f13269082b4828db17268e38bc3d0;2;hatake@calyptia.com;hatake@calyptia.com
test_fluentd.rb;MODIFY;1048;1.0;Grew;True;2022-09-01 08:23:49+00:00;False;49;14;4239;2e4f3db26f95c6f2674d8796aed238c0e579e490;4;ashie@clear-code.com;ashie@clear-code.com
test_fluentd.rb;MODIFY;1057;9.0;Grew;True;2022-09-01 09:04:25+00:00;False;50;15;4265;f70cb60baa1d541da7834eda356f3b1aee36d911;1;ashie@clear-code.com;ashie@clear-code.com
test_fluentd.rb;MODIFY;1057;0.0;Equal;True;2022-10-20 06:42:27+00:00;False;50;15;4265;386ebf271db48912cbf15dcac20e2c0f6baead17;1;ashie@clear-code.com;ashie@clear-code.com
test_fluentd.rb;MODIFY;1065;8.0;Grew;True;2023-02-16 14:41:29+00:00;False;52;16;4295;1c04889b1e036a34ec0cd94c12765a9153c54812;1;abe@enzou.tokyo;abe@enzou.tokyo
test_fluentd.rb;MODIFY;1069;4.0;Grew;True;2023-02-18 13:56:08+00:00;False;54;16;4311;a8659e8dc85e92285f5e090f10327b6090b5b042;1;fukuda@clear-code.com;fukuda@clear-code.com
test_fluentd.rb;MODIFY;1121;52.0;Grew;True;2023-02-20 01:44:13+00:00;False;52;16;4525;dd0f87261dc8c49a30c9d2539e7f6005646eb1f5;2;fukuda@clear-code.com;fukuda@clear-code.com
test_fluentd.rb;MODIFY;1132;11.0;Grew;True;2023-02-20 01:53:39+00:00;False;52;16;4568;e58fd66d71bf3df046f2fd29980521e59f6fcb83;2;fukuda@clear-code.com;fukuda@clear-code.com
test_fluentd.rb;MODIFY;1141;9.0;Grew;True;2023-03-12 07:36:07+00:00;False;54;16;4620;bb002646dd073109380995cb645a51a3abd22ea9;2;fukuda@clear-code.com;fukuda@clear-code.com
test_fluentd.rb;MODIFY;1149;8.0;Grew;True;2023-03-13 16:54:15+00:00;False;61;16;4664;275e0f349c6f19e588ecbdc7348b50f3a39c023c;1;fukuda@clear-code.com;fukuda@clear-code.com
test_fluentd.rb;MODIFY;1149;0.0;Equal;True;2023-03-13 16:59:26+00:00;False;61;16;4664;c531b730314a036219e42ce7051096722ef91353;1;fukuda@clear-code.com;fukuda@clear-code.com
test_fluentd.rb;MODIFY;1149;0.0;Equal;True;2023-03-14 01:27:21+00:00;False;61;16;4664;86e1cea579f177288d0d9a3a318f1f4b1d82f872;1;fukuda@clear-code.com;fukuda@clear-code.com
test_fluentd.rb;MODIFY;1158;9.0;Grew;True;2023-03-14 08:28:58+00:00;False;61;16;4703;e21fc3a1f07dd7a57f332273b53e39222c1775bb;3;fukuda@clear-code.com;fukuda@clear-code.com
test_fluentd.rb;MODIFY;1164;6.0;Grew;True;2024-01-11 10:39:09+00:00;False;61;16;4732;e1516b56a357ac26ea19e397a57cdfd6e3dc2d62;1;kenhys@gmail.com;ashie@clear-code.com
test_fluentd.rb;MODIFY;1205;41.0;Grew;True;2024-08-19 08:45:42+00:00;False;63;16;4955;fe5843f8faf1add2bce1a34008bf08d0aaf75d0b;2;fukuda@clear-code.com;fukuda@clear-code.com
test_fluentd.rb;MODIFY;1205;0.0;Equal;True;2024-09-26 00:56:30+00:00;False;63;16;4955;7e39526150963beb4bafe1a874a97b536b93095d;1;noreply@github.com;fujita@clear-code.com
test_fluentd.rb;MODIFY;1205;0.0;Equal;True;2024-10-20 08:26:44+00:00;False;63;16;4955;0634bd5e4488c2a11895beaf60e341074914ff82;14;fujita@clear-code.com;fujita@clear-code.com
test_fluentd.rb;MODIFY;1218;13.0;Grew;True;2024-11-21 01:03:28+00:00;False;63;16;5005;2a857dcd89ce843edc76968a394232ec47af375e;18;fukuda@clear-code.com;fukuda@clear-code.com
test_fluentd.rb;MODIFY;1378;160.0;Grew;True;2024-11-28 04:48:31+00:00;False;74;22;5802;d102527c8f7c15e2b158a30d55d903be1c0b0055;11;noreply@github.com;fukuda@clear-code.com
