file_name;change_type;n_loc;lines_balance;size_change;is_large;date;swapped_classification;complexity;methods;tokens;hash;files_on_commit;committer_email;author_email
test_buf_file_single.rb;ADD;466;0.0;Equal;False;2019-08-19 03:14:04+00:00;False;4;4;3512;85869f3ff323b9fcf18d55f8b4635b1e1b3c61f5;2;repeatedly@gmail.com;repeatedly@gmail.com
test_buf_file_single.rb;MODIFY;572;106.0;Grew;False;2019-08-19 04:48:57+00:00;False;4;4;4354;4ef1de577788b9c30a2b425a913db4ee98c4c209;4;repeatedly@gmail.com;repeatedly@gmail.com
test_buf_file_single.rb;MODIFY;571;-1.0;Decreased;False;2019-08-19 12:24:30+00:00;False;4;4;4354;372c723244920f66ee7ae32abe1f8b3892d18ab7;4;repeatedly@gmail.com;repeatedly@gmail.com
test_buf_file_single.rb;MODIFY;621;50.0;Grew;False;2019-08-19 14:36:56+00:00;False;7;7;4481;9e3d218ff203e313febc9170d2075b90bddcb24c;1;repeatedly@gmail.com;repeatedly@gmail.com
test_buf_file_single.rb;MODIFY;621;0.0;Equal;False;2019-08-20 08:02:09+00:00;False;7;7;4481;44b3f5bed632dfd6d237988ec24da9b14bf56cc0;2;repeatedly@gmail.com;repeatedly@gmail.com
test_buf_file_single.rb;MODIFY;622;1.0;Grew;False;2019-08-20 09:06:17+00:00;False;7;7;4472;251149ca6a42f2737828651f53293a5d2f1f3aaa;1;repeatedly@gmail.com;repeatedly@gmail.com
test_buf_file_single.rb;MODIFY;664;42.0;Grew;True;2019-08-30 02:29:37+00:00;True;7;7;4732;4e7208799dc105857b5c738f4234d9cf3e4ffd51;4;repeatedly@gmail.com;repeatedly@gmail.com
test_buf_file_single.rb;MODIFY;638;-26.0;Decreased;False;2019-09-03 06:14:14+00:00;True;7;7;4618;094de67cbdf7ec867d47f3bbd73288da653155a6;2;ganmacs@gmail.com;ganmacs@gmail.com
test_buf_file_single.rb;MODIFY;706;68.0;Grew;True;2019-10-31 09:24:41+00:00;True;7;7;5032;b30e297e7e1332625fb7aeab1c2791e043bc78cd;8;ganmacs@gmail.com;ganmacs@gmail.com
test_buf_file_single.rb;MODIFY;706;0.0;Equal;True;2020-02-25 08:28:32+00:00;False;7;7;5022;bb89be7c879e6bee5f61efcb4a3f83f6c62c73a2;12;ganmacs@gmail.com;ganmacs@gmail.com
test_buf_file_single.rb;MODIFY;760;54.0;Grew;True;2023-01-26 01:52:32+00:00;False;7;7;5303;a8f241f6c2e6c6a43e2142ab4a6c950ca03c944d;7;fukuda@clear-code.com;fukuda@clear-code.com
test_buf_file_single.rb;MODIFY;760;0.0;Equal;True;2023-02-14 01:49:25+00:00;False;7;7;5314;310e0f0d9b4d46ee0d633d3621cb14d458656b9a;2;fukuda@clear-code.com;fukuda@clear-code.com
