|File Name|Change Type|Local File PATH Old|Local File PATH New|Complexity|Methods|Tokens|Lines Of Code (nloc)|Lines Added|Lines Deleted
0|debug-tree.c|ADD|new file|fs/btrfs/debug-tree.c|1|1|78|18|19|0
