file_name;change_type;n_loc;lines_balance;size_change;is_large;date;swapped_classification;complexity;methods;tokens;hash;files_on_commit;committer_email;author_email
diffComputer.test.ts;ADD;349;0.0;Equal;False;2015-11-13 13:39:38+00:00;False;58;39;2649;8f35cc4768393b25468416829e980d7550619fb1;1897;egamma@microsoft.com;egamma@microsoft.com
diffComputer.test.ts;MODIFY;346;-3.0;Decreased;False;2016-02-18 09:07:50+00:00;False;57;38;2624;7082af62f831ad0f74dfff961be9f82b7a5e6fa0;55;alexdima@microsoft.com;alexdima@microsoft.com
diffComputer.test.ts;MODIFY;346;0.0;Equal;False;2016-02-21 21:24:12+00:00;False;57;38;2623;8a6538e67a3236b3c62a1e855301f68e60f6fae6;204;alexdima@microsoft.com;alexdima@microsoft.com
diffComputer.test.ts;MODIFY;346;0.0;Equal;False;2016-02-21 22:37:12+00:00;False;57;38;2609;eac7644efc4afa455b5440861b291494de72aad6;71;alexdima@microsoft.com;alexdima@microsoft.com
diffComputer.test.ts;MODIFY;354;8.0;Grew;False;2016-09-26 04:17:52+00:00;False;58;39;2659;be5e8d5733c1c012d7e3a6c7e049b59d67c13978;2;alexdima@microsoft.com;alexdima@microsoft.com
diffComputer.test.ts;MODIFY;354;0.0;Equal;False;2016-10-08 07:53:13+00:00;False;58;39;2659;6681a2a7d6317cb8945e5ab1a69f6b8cbbae5053;998;johannes.rieken@gmail.com;johannes.rieken@gmail.com
diffComputer.test.ts;MODIFY;363;9.0;Grew;False;2016-10-23 07:24:25+00:00;False;58;39;2680;73d151d7ce1442373197e8d36efc299da0bcac4b;26;alexdima@microsoft.com;alexdima@microsoft.com
diffComputer.test.ts;MODIFY;363;0.0;Equal;False;2016-11-11 08:58:50+00:00;False;58;39;2680;d5e8fcf52edfbf2921bb66799fc8eed92d00049d;18;jomo@microsoft.com;jomo@microsoft.com
diffComputer.test.ts;MODIFY;403;40.0;Grew;False;2017-04-04 13:14:06+00:00;False;62;43;2984;1798d26231b5c2620342bfb81987580c97760649;2;alexdima@microsoft.com;alexdima@microsoft.com
diffComputer.test.ts;MODIFY;405;2.0;Grew;False;2017-05-20 13:03:02+00:00;False;62;43;3053;d1e209bb674112504657740c7b41f8299058abbf;47;alexdima@microsoft.com;alexdima@microsoft.com
diffComputer.test.ts;MODIFY;484;79.0;Grew;False;2017-07-04 13:16:25+00:00;False;64;45;3288;a2c47ca835eeac5a4539c19c580b722282f987e8;6;alexdima@microsoft.com;alexdima@microsoft.com
diffComputer.test.ts;MODIFY;521;37.0;Grew;False;2017-07-04 14:05:20+00:00;False;65;46;3392;c8df6987f33dc3c93c8f86d589d1a4d0efeac333;2;alexdima@microsoft.com;alexdima@microsoft.com
diffComputer.test.ts;MODIFY;616;95.0;Grew;False;2017-07-05 07:52:50+00:00;False;66;47;4068;78eacb5436c5c57bf8bce245a552c6d186e78c34;2;alexdima@microsoft.com;alexdima@microsoft.com
diffComputer.test.ts;MODIFY;615;-1.0;Decreased;False;2017-12-18 17:28:50+00:00;False;66;47;4064;d9c9e8ddfd9530c8f551b9e2a4c1b9a50eb34749;3;alexdima@microsoft.com;alexdima@microsoft.com
diffComputer.test.ts;MODIFY;633;18.0;Grew;False;2018-04-18 22:57:07+00:00;False;67;48;4161;cd55adf8a9f69fec8857fbcc33fab1d740cd01a6;2;alexdima@microsoft.com;alexdima@microsoft.com
diffComputer.test.ts;MODIFY;633;0.0;Equal;False;2018-05-02 09:42:16+00:00;False;67;48;4161;8745c1f89ac3b225725c0846074e9aa400d4833c;59;alexdima@microsoft.com;alexdima@microsoft.com
diffComputer.test.ts;MODIFY;652;19.0;Grew;False;2018-05-03 15:01:51+00:00;False;68;49;4242;10ca8670b549f4b9abd000f1b0f93248ffa346d7;2;alexdima@microsoft.com;alexdima@microsoft.com
diffComputer.test.ts;MODIFY;668;16.0;Grew;False;2018-06-12 09:21:14+00:00;False;67;50;4315;6c236c275be1302cba37a53c99fff03f7ae51683;3;jomo@microsoft.com;jomo@microsoft.com
diffComputer.test.ts;MODIFY;785;117.0;Grew;False;2018-09-22 14:26:35+00:00;False;68;51;4584;d4ddda413f3e051f992f874b2694752c22dafafa;2;alexdima@microsoft.com;alexdima@microsoft.com
diffComputer.test.ts;MODIFY;784;-1.0;Decreased;False;2018-10-02 22:59:35+00:00;False;68;51;4582;7ebea5fba062cd241b596a275be40d72ca48f5f1;274;matb@microsoft.com;matb@microsoft.com
diffComputer.test.ts;MODIFY;784;0.0;Equal;False;2018-10-17 23:39:23+00:00;False;68;51;4586;3cf3e1628416f3ad9d1ee327f3ac22e3d6afba4b;24;matb@microsoft.com;matb@microsoft.com
diffComputer.test.ts;MODIFY;790;6.0;Grew;False;2018-12-12 15:32:19+00:00;False;68;51;4617;2fe87d6b79bd2f15ec8e3bed0bb772d1248eef7e;44;alexdima@microsoft.com;alexdima@microsoft.com
diffComputer.test.ts;MODIFY;790;0.0;Equal;False;2019-10-16 09:08:22+00:00;False;68;51;4619;37d462bfa150f94d72db7ceb008006b5b1e848a8;7;alexdima@microsoft.com;alexdima@microsoft.com
diffComputer.test.ts;MODIFY;791;1.0;Grew;False;2019-10-16 09:19:54+00:00;False;68;51;4623;042caca100f998ed0c67725658980f62545c13f4;9;alexdima@microsoft.com;alexdima@microsoft.com
diffComputer.test.ts;MODIFY;791;0.0;Equal;False;2019-10-16 09:29:21+00:00;False;68;51;4623;e7b9c0355261bef517b3fce3fb166fdb3623ea01;10;alexdima@microsoft.com;alexdima@microsoft.com
diffComputer.test.ts;MODIFY;817;26.0;Grew;False;2020-11-06 08:31:21+00:00;False;69;52;4710;1593959b5e66161997844bc7fd4078f44d6cc7f9;2;alexdima@microsoft.com;alexdima@microsoft.com
diffComputer.test.ts;MODIFY;823;6.0;Grew;False;2020-12-31 06:37:23+00:00;False;70;53;4760;7e7775705ee17b178278eb4efade2d83ad8a676c;2;shskwmt@outlook.jp;shskwmt@outlook.jp
diffComputer.test.ts;MODIFY;823;0.0;Equal;False;2021-01-11 20:24:43+00:00;False;70;53;4760;990906a16554f59318e6c1fb65b45ea0c62d5ce0;90;alexdima@microsoft.com;alexdima@microsoft.com
diffComputer.test.ts;MODIFY;852;29.0;Grew;False;2021-03-19 13:41:06+00:00;False;71;54;4853;af10c8f65b5fa04b96a83c3be40df2437d6c3d97;2;alexdima@microsoft.com;alexdima@microsoft.com
diffComputer.test.ts;MODIFY;901;49.0;Grew;False;2021-06-05 18:13:43+00:00;False;73;56;5026;8d536ff24834507451ab1090e6d732a0f746ccf1;3;alexdima@microsoft.com;alexdima@microsoft.com
diffComputer.test.ts;MODIFY;900;-1.0;Decreased;False;2022-01-21 18:58:00+00:00;False;73;56;5021;df551b856ef2152dcce9361a45296f3bbfc1daa5;21;alexdima@microsoft.com;alexdima@microsoft.com
diffComputer.test.ts;MODIFY;900;0.0;Equal;False;2022-06-08 15:49:21+00:00;False;73;56;5021;0656d21d11910e1b241d7d6c52761d89c0ba23a4;862;johannes.rieken@gmail.com;johannes.rieken@gmail.com
diffComputer.test.ts;MODIFY;1010;110.0;Grew;True;2022-06-12 18:08:56+00:00;True;83;63;5678;7d51290b5ff15bcbe025bdfc43e34d2da1cff141;1;hdieterichs@microsoft.com;hdieterichs@microsoft.com
diffComputer.test.ts;MODIFY;986;-24.0;Decreased;True;2022-06-13 14:13:52+00:00;False;68;63;5661;a579d89c6e243a0ab68a8e9f495de7de5574840a;3;alexdima@microsoft.com;alexdima@microsoft.com
diffComputer.test.ts;MODIFY;978;-8.0;Decreased;True;2022-08-09 16:03:26+00:00;False;68;63;5585;516f0d1246df401b98b4a8cf4afd7c57535d746e;38;noreply@github.com;notify.henning.dieterichs@live.de
diffComputer.test.ts;MODIFY;998;20.0;Grew;True;2022-12-19 16:52:03+00:00;False;69;64;5689;3d0d2dab866757505089c9eb3d007e543fc706f2;2;noreply@github.com;alexdima@microsoft.com
diffComputer.test.ts;MODIFY;998;0.0;Equal;True;2023-08-24 13:44:33+00:00;False;69;64;5689;06f6caff51dafa6e9a855e4e747085047ecb8f4b;21;notify.henning.dieterichs@live.de;hdieterichs@microsoft.com
diffComputer.test.ts;MODIFY;1000;2.0;Grew;True;2023-09-12 16:29:36+00:00;False;69;64;5700;cd1c80ccb55f52e54921f445533f45b576e64d40;78;alexdima@microsoft.com;alexdima@microsoft.com
diffComputer.test.ts;MODIFY;1000;0.0;Equal;True;2024-06-03 14:50:42+00:00;False;69;64;5698;9cc71ffe83d175395b96e792bfd4915e7c7b5182;598;johannes.rieken@gmail.com;johannes.rieken@gmail.com
diffComputer.test.ts;MODIFY;1000;0.0;Equal;True;2024-08-30 08:31:46+00:00;False;69;64;5698;6b924c51528e663dda5091a1493229a361676aca;3921;noreply@github.com;benjamin.pasero@microsoft.com
