file_name;change_type;n_loc;lines_balance;size_change;is_large;date;swapped_classification;complexity;methods;tokens;hash;files_on_commit;committer_email;author_email
observable.test.ts;MODIFY;419;0.0;Grew;False;2022-07-04 14:50:23+00:00;False;42;40;3253;498ae4deadf15da690175d7c3a2bc848ec36928b;1;hdieterichs@microsoft.com;hdieterichs@microsoft.com
observable.test.ts;MODIFY;458;39.0;Grew;False;2023-01-27 12:01:33+00:00;False;48;46;3493;6424c2ea9c41761abbccdd53837a639e2fc35285;2;hdieterichs@microsoft.com;hdieterichs@microsoft.com
observable.test.ts;MODIFY;809;351.0;Grew;False;2023-04-21 12:37:21+00:00;False;84;78;5763;8bf021c74b78de58ffc48eaea4011ddf6faccad3;7;noreply@github.com;hdieterichs@microsoft.com
observable.test.ts;MODIFY;836;27.0;Grew;False;2023-04-26 21:31:20+00:00;False;90;83;6001;8ee5443228a48d98752a217d25a82df52d125663;2;notify.henning.dieterichs@live.de;hdieterichs@microsoft.com
observable.test.ts;MODIFY;862;26.0;Grew;False;2023-04-28 15:07:35+00:00;False;98;90;6172;35c1b431623a282cd52909a6dc37cc3cc5acd934;4;hdieterichs@microsoft.com;hdieterichs@microsoft.com
observable.test.ts;MODIFY;887;25.0;Grew;False;2023-07-18 21:17:29+00:00;False;101;93;6325;c0da4d47e8bb5ea2d058e437eb468cb605249f2c;2;noreply@github.com;hdieterichs@microsoft.com
observable.test.ts;MODIFY;906;19.0;Grew;False;2023-07-28 14:26:00+00:00;False;104;96;6436;67d7cbc82247f6695854ebe70a66d275ebd5f479;2;noreply@github.com;hdieterichs@microsoft.com
observable.test.ts;MODIFY;906;0.0;Grew;False;2023-07-31 21:02:44+00:00;False;104;96;6310;89a90176fd52970010961ebc85b61bae5a4bafe6;49;noreply@github.com;hdieterichs@microsoft.com
observable.test.ts;MODIFY;906;0.0;Equal;False;2023-09-04 13:18:18+00:00;False;104;96;6310;d5b7644d9ba0779d1675bf5a54a895cb82533569;10;notify.henning.dieterichs@live.de;hdieterichs@microsoft.com
observable.test.ts;MODIFY;905;-1.0;Decreased;False;2024-01-09 06:48:18+00:00;False;104;96;6310;284e949daca9b5a7ee6f46f7711e717873e54729;15;noreply@github.com;matb@microsoft.com
observable.test.ts;MODIFY;907;2.0;Grew;False;2024-01-10 18:28:26+00:00;False;104;96;6404;7dab57d216ff2f4e31a1716ccc80967f4227ff7b;38;noreply@github.com;connor@peet.io
observable.test.ts;MODIFY;907;0.0;Grew;False;2024-01-15 11:10:36+00:00;False;104;96;6404;746cc3b79f69216519ef76115a5c22743d6047a6;1;notify.henning.dieterichs@live.de;hdieterichs@microsoft.com
observable.test.ts;MODIFY;907;0.0;Grew;False;2024-02-13 20:47:36+00:00;False;104;96;6404;f205511a4154adb94ccdd95c92301ae8243007f7;1;notify.henning.dieterichs@live.de;hdieterichs@microsoft.com
observable.test.ts;MODIFY;977;70.0;Grew;True;2024-02-14 10:52:57+00:00;True;117;109;6978;16730821dd04e574c39afd2a5ca2b553c4c11672;5;notify.henning.dieterichs@live.de;hdieterichs@microsoft.com
observable.test.ts;MODIFY;1004;27.0;Grew;True;2024-04-08 13:35:51+00:00;False;122;113;7183;d3359b51a761f0540d71c06606f2303e3f64e1bb;1;notify.henning.dieterichs@live.de;hdieterichs@microsoft.com
observable.test.ts;MODIFY;1025;21.0;Grew;True;2024-05-06 08:16:36+00:00;False;124;115;7352;3af934ae563d151db6fe2cb5ded30a55dbc462a9;2;noreply@github.com;hdieterichs@microsoft.com
observable.test.ts;MODIFY;1025;0.0;Equal;True;2024-06-03 14:50:42+00:00;False;124;115;7350;9cc71ffe83d175395b96e792bfd4915e7c7b5182;598;johannes.rieken@gmail.com;johannes.rieken@gmail.com
observable.test.ts;MODIFY;1051;26.0;Grew;True;2024-06-20 20:16:52+00:00;False;126;117;7573;34899a76086b1e489c9faca002e08c14e554e4b6;2;notify.henning.dieterichs@live.de;hdieterichs@microsoft.com
observable.test.ts;MODIFY;1070;19.0;Grew;True;2024-08-09 12:45:58+00:00;False;129;120;7721;dcb70c6b92111d6c338758208273ed3461d22156;2;notify.henning.dieterichs@live.de;hdieterichs@microsoft.com
observable.test.ts;MODIFY;1070;0.0;Equal;True;2024-08-30 08:31:46+00:00;False;129;120;7721;6b924c51528e663dda5091a1493229a361676aca;3921;noreply@github.com;benjamin.pasero@microsoft.com
observable.test.ts;MODIFY;1126;56.0;Grew;True;2024-09-05 09:02:21+00:00;False;137;127;8048;38d3d18ef2c81319e80e6b818d0b1c6c4a0da809;4;noreply@github.com;hdieterichs@microsoft.com
observable.test.ts;MODIFY;1125;-1.0;Decreased;True;2024-09-10 13:01:16+00:00;False;137;127;8043;a7eeac01a84820f1de41fb9f1fddbcc29b7e2cb3;42;noreply@github.com;hdieterichs@microsoft.com
observable.test.ts;MODIFY;1156;31.0;Grew;True;2024-10-16 14:19:27+00:00;False;150;140;8262;2ee538b3b562894180ee836bae1bb03045697fdc;3;noreply@github.com;hdieterichs@microsoft.com
observable.test.ts;MODIFY;1190;34.0;Grew;True;2024-10-16 16:46:11+00:00;False;155;145;8460;37f920884802864fcedda84d55192e1fc400cc52;2;noreply@github.com;hdieterichs@microsoft.com
observable.test.ts;MODIFY;1190;0.0;Equal;True;2024-10-17 16:13:42+00:00;False;155;145;8462;5c83a6768ee9441c4f2ccf47b898dd76f68e4af2;2;noreply@github.com;hdieterichs@microsoft.com
observable.test.ts;MODIFY;1190;0.0;Equal;True;2024-12-18 16:47:19+00:00;False;155;145;8462;7d0efabd3b29e465be0c76c50ffedec391de3379;6;noreply@github.com;hdieterichs@microsoft.com
observable.test.ts;MODIFY;1190;0.0;Equal;True;2024-12-20 18:55:45+00:00;False;155;145;8458;094e96a2eacd2b0a14af7884c2988b00261f8505;19;noreply@github.com;hdieterichs@microsoft.com
