file_name;change_type;n_loc;lines_balance;size_change;is_large;date;swapped_classification;complexity;methods;tokens;hash;files_on_commit;committer_email;author_email
settingsMerge.test.ts;ADD;500;0.0;Grew;False;2019-12-09 11:31:05+00:00;False;35;35;3290;ccf9aeadc83bf0f38e96c94c208122cf6bb047a2;10;sasomava@microsoft.com;sasomava@microsoft.com
settingsMerge.test.ts;MODIFY;553;53.0;Grew;False;2020-01-08 15:53:18+00:00;False;36;36;3873;f14dd3f77f87f93a2d59b4f9b2ebf5913a8c5063;10;sasomava@microsoft.com;sasomava@microsoft.com
settingsMerge.test.ts;MODIFY;553;0.0;Equal;False;2020-01-14 16:19:31+00:00;False;36;36;3873;7fa04ddceaab62c6dfed69eaf1fcd38c0ba4a2e1;11;sasomava@microsoft.com;sasomava@microsoft.com
settingsMerge.test.ts;MODIFY;1170;617.0;Grew;True;2020-01-21 09:29:51+00:00;True;67;67;6929;bad976dc2a7c4813544859b7018612723f1af038;1;sasomava@microsoft.com;sasomava@microsoft.com
settingsMerge.test.ts;MODIFY;837;-333.0;Grew;False;2020-01-21 09:29:51+00:00;True;54;54;4800;4461c1649d72754eb28d9de3c2709eefa3dac988;11;sasomava@microsoft.com;sasomava@microsoft.com
settingsMerge.test.ts;MODIFY;1010;173.0;Decreased;True;2020-01-21 09:29:51+00:00;True;59;59;5946;3ac4b0251df99ba63917869c6a19e1caf8154c94;1;sasomava@microsoft.com;sasomava@microsoft.com
settingsMerge.test.ts;MODIFY;1208;198.0;Grew;True;2020-01-21 10:00:19+00:00;False;69;69;7077;cbf3e8df1b7dd40fdfd4cf1a873bade1a0274003;1;sasomava@microsoft.com;sasomava@microsoft.com
settingsMerge.test.ts;MODIFY;1208;0.0;Equal;True;2020-01-24 21:15:50+00:00;False;69;69;7077;8a2cae92c40dba648106ac7e6fef15b49adfac3c;10;maher.jendoubi@gmail.com;maher.jendoubi@gmail.com
settingsMerge.test.ts;MODIFY;1222;14.0;Grew;True;2020-04-27 10:17:27+00:00;False;70;70;7175;ce867918c87f253ac73aea5888e3ee9b5a384f8b;3;sasomava@microsoft.com;sasomava@microsoft.com
settingsMerge.test.ts;MODIFY;1288;66.0;Grew;True;2020-05-16 08:13:04+00:00;False;73;73;7414;c645a33379d31884cb88be31f5630dcebb2adfaf;2;sasomava@microsoft.com;sasomava@microsoft.com
settingsMerge.test.ts;MODIFY;1288;0.0;Equal;True;2021-03-29 19:48:46+00:00;False;73;73;7414;31fd94b6606cf5497bcc792cd4f0ef3e191bd421;129;noreply@github.com;lramos15@gmail.com
settingsMerge.test.ts;MODIFY;1288;0.0;Equal;True;2021-03-30 16:05:06+00:00;False;73;73;7414;d5a670eaeb0f5f14ec29d42276c8f9bc97102884;88;lramos15@gmail.com;lramos15@gmail.com
settingsMerge.test.ts;MODIFY;1288;0.0;Equal;True;2021-08-05 22:32:53+00:00;False;73;73;7414;ee1655a82ebdfd38bf8792088a6602c69f7bbd94;292;matb@microsoft.com;matb@microsoft.com
settingsMerge.test.ts;MODIFY;1306;18.0;Grew;True;2022-03-23 11:29:06+00:00;False;75;75;7531;c86a266cb460ed51d8cead4371f6402379a08060;2;sasomava@microsoft.com;sasomava@microsoft.com
settingsMerge.test.ts;MODIFY;1310;4.0;Grew;True;2024-01-10 06:32:20+00:00;False;75;75;7550;6bf996da2b916f4412e716f282ee9c6049d5d068;8;noreply@github.com;sasomava@microsoft.com
settingsMerge.test.ts;MODIFY;1310;0.0;Equal;True;2024-06-03 14:50:42+00:00;False;75;75;7548;9cc71ffe83d175395b96e792bfd4915e7c7b5182;598;johannes.rieken@gmail.com;johannes.rieken@gmail.com
settingsMerge.test.ts;MODIFY;1310;0.0;Equal;True;2024-08-30 08:31:46+00:00;False;75;75;7548;6b924c51528e663dda5091a1493229a361676aca;3921;noreply@github.com;benjamin.pasero@microsoft.com
