file_name;change_type;n_loc;lines_balance;size_change;is_large;date;swapped_classification;complexity;methods;tokens;hash;files_on_commit;committer_email;author_email
workspace.test.ts;MODIFY;412;0.0;Equal;False;2018-02-01 14:30:41+00:00;False;126;114;3730;0edcdab82eed86ea250db91156106ee87d4edfba;6;johannes.rieken@gmail.com;johannes.rieken@gmail.com
workspace.test.ts;MODIFY;381;-31.0;Equal;False;2018-05-03 06:46:44+00:00;False;113;105;3365;499edf9ebc1ea4ff7ad06eaedd4af020bb0ee543;1;mail@joaomoreno.com;mail@joaomoreno.com
workspace.test.ts;MODIFY;380;-1.0;Equal;False;2018-05-03 06:57:35+00:00;False;113;105;3358;11073cedd32d0c4edfdbdb0147b77b6fecdcb2cc;1;mail@joaomoreno.com;mail@joaomoreno.com
workspace.test.ts;MODIFY;412;32.0;Equal;False;2018-05-03 13:59:30+00:00;False;126;114;3730;1670e1024390dffb3367a63e2ca86c4b1eeb28e2;1;johannes.rieken@gmail.com;johannes.rieken@gmail.com
workspace.test.ts;MODIFY;381;-31.0;Equal;False;2018-05-03 13:59:30+00:00;False;113;105;3365;c39b951c1c8055e9690fbb73faa61f2d4b823185;1;johannes.rieken@gmail.com;johannes.rieken@gmail.com
workspace.test.ts;MODIFY;411;30.0;Decreased;False;2018-06-05 12:43:24+00:00;False;125;113;3722;f0d5c333db8fcd2b9657ef79b29c9840d51e4b91;1;johannes.rieken@gmail.com;johannes.rieken@gmail.com
workspace.test.ts;MODIFY;437;26.0;Grew;False;2018-06-18 15:43:47+00:00;False;128;116;3971;40df36b6e59ddea38e02bf4a3fc5841fc99881a4;4;johannes.rieken@gmail.com;johannes.rieken@gmail.com
workspace.test.ts;MODIFY;446;9.0;Decreased;False;2018-06-18 15:45:26+00:00;False;129;117;4081;c93d5e7d9200d4839bd8718c39b577568ab3d78a;1;johannes.rieken@gmail.com;johannes.rieken@gmail.com
workspace.test.ts;MODIFY;506;60.0;Grew;False;2018-06-19 10:47:28+00:00;False;135;122;4707;a979c738966cb5523ca990103d6df55e8e040709;7;johannes.rieken@gmail.com;johannes.rieken@gmail.com
workspace.test.ts;MODIFY;506;0.0;Decreased;False;2018-06-19 14:58:36+00:00;False;135;122;4707;ea28332e280af1087b3863166a6806b86f8198fb;3;johannes.rieken@gmail.com;johannes.rieken@gmail.com
workspace.test.ts;MODIFY;516;10.0;Grew;False;2018-06-19 14:58:36+00:00;False;136;123;4814;29a7289ba32d2fdbdb7f54a43291704a1a1b9f39;1;johannes.rieken@gmail.com;johannes.rieken@gmail.com
workspace.test.ts;MODIFY;523;7.0;Decreased;False;2018-06-19 17:04:19+00:00;False;136;123;4905;0113b40fd1dab5f71eebbcee5e25f55b5c779059;8;benjpas@microsoft.com;benjpas@microsoft.com
workspace.test.ts;MODIFY;533;10.0;Grew;False;2018-06-20 10:46:57+00:00;False;137;124;5019;bac2a593221e7c1141575cc4d481fe27a07d9c89;1;johannes.rieken@gmail.com;johannes.rieken@gmail.com
workspace.test.ts;MODIFY;533;0.0;Equal;False;2018-06-20 11:16:53+00:00;False;137;124;5019;f0ec28b49958f48707ff1be5247e3e37e0f14641;8;johannes.rieken@gmail.com;johannes.rieken@gmail.com
workspace.test.ts;MODIFY;540;7.0;Grew;False;2018-06-20 13:57:49+00:00;False;138;125;5101;257ae9f76c28520cc38766b2093c42adf53974b3;7;johannes.rieken@gmail.com;johannes.rieken@gmail.com
workspace.test.ts;MODIFY;540;0.0;Equal;False;2018-06-20 15:12:59+00:00;False;138;125;5113;c177376801e6bd477dba4d06022ace306afebf79;1;johannes.rieken@gmail.com;johannes.rieken@gmail.com
workspace.test.ts;MODIFY;548;8.0;Grew;False;2018-07-04 03:46:54+00:00;False;140;127;5201;185278a3fa02f08d2b2b089786186e9e4e8a167f;1;roblourens@gmail.com;roblourens@gmail.com
workspace.test.ts;MODIFY;549;1.0;Decreased;False;2018-07-05 13:55:34+00:00;False;140;127;5224;e283c32b9db5faedfee01e30731edc6f21054bdf;4;benjpas@microsoft.com;benjpas@microsoft.com
workspace.test.ts;MODIFY;551;2.0;Equal;False;2018-07-05 14:06:13+00:00;False;140;127;5250;4645522d820b824c3e254033b0417a3571963446;1;benjpas@microsoft.com;benjpas@microsoft.com
workspace.test.ts;MODIFY;559;8.0;Decreased;False;2018-07-11 00:02:34+00:00;False;142;129;5320;c6e298d909a3a35d221d3576d511ace6ea7e9a17;1;roblourens@gmail.com;roblourens@gmail.com
workspace.test.ts;MODIFY;591;32.0;Grew;False;2018-07-16 14:54:16+00:00;False;144;131;5708;69139dabf51273255df613834664cd943d6e3b05;6;johannes.rieken@gmail.com;johannes.rieken@gmail.com
workspace.test.ts;MODIFY;599;8.0;Grew;False;2018-08-01 22:48:22+00:00;False;146;133;5778;55ae86a53db9042fe8fa4b3adafda7cbfa22ae16;3;roblourens@gmail.com;roblourens@gmail.com
workspace.test.ts;MODIFY;599;0.0;Equal;False;2018-08-25 04:02:03+00:00;False;146;133;5780;02420dbede10d10a5020bd5228a0244fb82fba21;1;roblourens@gmail.com;roblourens@gmail.com
workspace.test.ts;MODIFY;599;0.0;Equal;False;2018-08-25 18:21:40+00:00;False;146;133;5778;fd76ad9f002825b9d3d5b659c2fe7916959da27e;2;roblourens@gmail.com;roblourens@gmail.com
workspace.test.ts;MODIFY;608;9.0;Grew;False;2018-08-25 18:27:49+00:00;False;146;133;5819;3f7afc65043ae493eaa5009f84b4004c442a8637;4;roblourens@gmail.com;roblourens@gmail.com
workspace.test.ts;MODIFY;607;-1.0;Decreased;False;2018-09-24 23:41:03+00:00;False;146;133;5818;54090bc222b7d3daeb3c6379942555511468d2c0;2;roblourens@gmail.com;roblourens@gmail.com
workspace.test.ts;MODIFY;607;0.0;Equal;False;2018-09-25 04:08:11+00:00;False;146;133;5818;3da89c1937411adf4002cebdebd89a1091979d95;7;roblourens@gmail.com;roblourens@gmail.com
workspace.test.ts;MODIFY;607;0.0;Equal;False;2018-10-01 23:12:05+00:00;False;146;133;5818;55567633b30c52c4643828aeadecfee99aeba0b5;6;matb@microsoft.com;matb@microsoft.com
workspace.test.ts;MODIFY;609;2.0;Grew;False;2018-10-01 23:38:29+00:00;False;146;133;5824;950a3ff867d8d6ffd6b6463901fe191bbd06b159;2;matb@microsoft.com;matb@microsoft.com
workspace.test.ts;MODIFY;603;-6.0;Decreased;False;2018-10-05 23:11:32+00:00;False;144;133;5800;7b8e4630998fb4ae4d91f35cc1c1b44da1f02a66;3;matb@microsoft.com;matb@microsoft.com
workspace.test.ts;MODIFY;604;1.0;Grew;False;2018-10-27 01:23:42+00:00;False;144;133;5807;a2e96753ee52d6d6ec77404ad68f1cb6b9573c51;1;roblourens@gmail.com;roblourens@gmail.com
workspace.test.ts;MODIFY;604;0.0;Equal;False;2019-01-04 23:34:50+00:00;False;144;133;5811;a131278f4a8a32b825d4bd5aa5d50c6cc185473d;20;matb@microsoft.com;matb@microsoft.com
workspace.test.ts;MODIFY;604;0.0;Equal;False;2019-02-08 17:03:56+00:00;False;144;133;5811;c110d84460b3e45842a8fe753562341003595e1d;2;johannes.rieken@gmail.com;johannes.rieken@gmail.com
workspace.test.ts;MODIFY;604;0.0;Equal;False;2019-02-19 03:10:05+00:00;False;144;133;5811;c5a5b8b0e5c448599091b8670c2bc988442f261e;4;roblourens@gmail.com;roblourens@gmail.com
workspace.test.ts;MODIFY;610;6.0;Grew;False;2019-03-05 22:52:09+00:00;False;146;135;5877;10fdea204aec021914d473d6ac019c6064ce4620;2;roblourens@gmail.com;roblourens@gmail.com
workspace.test.ts;MODIFY;616;6.0;Grew;False;2019-03-06 03:17:54+00:00;False;148;137;5941;92629f3f5f4c662a26cc193b5208c3ff3a335243;4;roblourens@gmail.com;roblourens@gmail.com
workspace.test.ts;MODIFY;616;0.0;Equal;False;2019-03-20 16:41:00+00:00;False;148;137;5951;5f09de6e7a9051e46ce5b2caf318b1f0e09b0d70;1;martinae@microsoft.com;martinae@microsoft.com
workspace.test.ts;MODIFY;636;20.0;Grew;False;2019-05-06 09:21:06+00:00;False;154;144;6119;6ce6d6d1c5ecd92fd34a3f5e9d791531f914d81a;1;benjpas@microsoft.com;benjpas@microsoft.com
workspace.test.ts;MODIFY;636;0.0;Equal;False;2019-06-19 09:48:46+00:00;False;154;144;6191;4a7e7b5cefa231ef27e1db1698859b1d6aa734d2;1;benjpas@microsoft.com;benjpas@microsoft.com
workspace.test.ts;MODIFY;636;0.0;Equal;False;2019-06-24 08:49:34+00:00;False;154;144;6119;d813315714aad6390f59cc6a10458d19267d4001;3;benjpas@microsoft.com;benjpas@microsoft.com
workspace.test.ts;MODIFY;655;19.0;Grew;False;2019-07-23 15:12:42+00:00;False;155;145;6360;e165b387a1cd4f5553ae3564cbadcd0f7fccb837;1;johannes.rieken@gmail.com;johannes.rieken@gmail.com
workspace.test.ts;MODIFY;665;10.0;Grew;False;2019-07-24 21:24:13+00:00;False;158;148;6480;70ab0ada55f3a8bf22ea12411988195006e4ac85;7;roblourens@gmail.com;roblourens@gmail.com
workspace.test.ts;MODIFY;662;-3.0;Decreased;False;2019-07-30 16:16:19+00:00;False;158;148;6469;148f67d786ebfdc918998ad128c7eda2b0c49015;4;johannes.rieken@gmail.com;johannes.rieken@gmail.com
workspace.test.ts;MODIFY;713;51.0;Grew;False;2019-08-12 06:13:10+00:00;False;169;156;6928;5099e36e3dd2299a0369cbcfc281abc2a0f4d580;8;benjpas@microsoft.com;benjpas@microsoft.com
workspace.test.ts;MODIFY;727;14.0;Grew;False;2019-09-11 14:37:47+00:00;False;170;157;7094;3a384c9c5914d37e860e58438995fd5a5d343810;1;johannes.rieken@gmail.com;johannes.rieken@gmail.com
workspace.test.ts;MODIFY;741;14.0;Grew;False;2019-12-02 14:57:07+00:00;False;171;158;7260;e7a7e46fcc0a590f16d99df3ea08a8f35c180c14;1;johannes.rieken@gmail.com;johannes.rieken@gmail.com
workspace.test.ts;MODIFY;741;0.0;Equal;False;2020-01-15 11:56:22+00:00;False;171;158;7295;2585092dbeba507926da895b3a27a59585c172f0;10;benjpas@microsoft.com;benjpas@microsoft.com
workspace.test.ts;MODIFY;741;0.0;Equal;False;2020-01-17 10:33:13+00:00;False;170;158;7308;cdc2469931c4ca58c103135d157e93b406354cb9;8;benjpas@microsoft.com;benjpas@microsoft.com
workspace.test.ts;MODIFY;744;3.0;Grew;False;2020-02-10 10:23:00+00:00;False;171;158;7331;9d9d72965533474f02d1dc8b0b866aedce20b251;18;benjpas@microsoft.com;benjpas@microsoft.com
workspace.test.ts;MODIFY;744;0.0;Equal;False;2020-02-10 10:58:03+00:00;False;172;158;7337;173cb094b47727a075ff456ee273004e5fd0c017;1;benjpas@microsoft.com;benjpas@microsoft.com
workspace.test.ts;MODIFY;744;0.0;Equal;False;2020-02-11 15:50:22+00:00;False;171;158;7331;f88d71eebc666a01a4daff652fb1a9cd4f85d107;1;benjpas@microsoft.com;benjpas@microsoft.com
workspace.test.ts;MODIFY;736;-8.0;Decreased;False;2020-02-13 11:54:12+00:00;False;164;151;7328;2b3fed13e16ca13db3a8504866b215d7098b3de5;1;johannes.rieken@gmail.com;johannes.rieken@gmail.com
workspace.test.ts;MODIFY;739;3.0;Decreased;False;2020-02-13 11:54:12+00:00;False;168;155;7346;5166060e710e900ff14bbbdb3263f3082b6d4630;1;johannes.rieken@gmail.com;johannes.rieken@gmail.com
workspace.test.ts;MODIFY;739;0.0;Grew;False;2020-02-14 11:05:01+00:00;False;164;151;7348;6158372c890059fd03b0224e19b1af0e385e5725;1;johannes.rieken@gmail.com;johannes.rieken@gmail.com
workspace.test.ts;MODIFY;740;1.0;Grew;False;2020-02-14 11:05:57+00:00;False;164;151;7357;bcdf991bd47c5bf11d8a86eec4ae0b708c2708ed;1;johannes.rieken@gmail.com;johannes.rieken@gmail.com
workspace.test.ts;MODIFY;736;-4.0;Decreased;False;2020-02-17 09:42:31+00:00;False;163;151;7333;d8e7eb36a2286a9f7ef37771493e963284fa2d0a;12;benjpas@microsoft.com;benjpas@microsoft.com
workspace.test.ts;MODIFY;760;24.0;Grew;False;2020-05-29 16:16:31+00:00;False;164;152;7681;b0d056202bd66cd6fb4cdd09614b87dda1536bd4;9;johannes.rieken@gmail.com;johannes.rieken@gmail.com
workspace.test.ts;MODIFY;760;0.0;Equal;False;2020-06-15 09:45:59+00:00;False;162;151;7674;a875bd1919f09df301bdf105a82b987121b26db8;1;johannes.rieken@gmail.com;johannes.rieken@gmail.com
workspace.test.ts;MODIFY;763;3.0;Grew;False;2020-06-25 08:20:49+00:00;False;164;153;7741;ef9a24f0219ddb7676a5d47ff3d9a0a931464097;1;johannes.rieken@gmail.com;johannes.rieken@gmail.com
workspace.test.ts;MODIFY;764;1.0;Grew;False;2020-07-14 13:14:23+00:00;False;164;153;7744;ab1d1ad5883ea60b9f913d15dcd357a809cfd61e;3;benjpas@microsoft.com;benjpas@microsoft.com
workspace.test.ts;MODIFY;764;0.0;Equal;False;2020-07-25 16:21:27+00:00;False;164;153;7744;e2de23c683887ce5e89d5a33d3740651dbff5a50;1;roblourens@gmail.com;roblourens@gmail.com
workspace.test.ts;MODIFY;764;0.0;Equal;False;2020-07-27 01:35:14+00:00;False;164;153;7744;50652f81890e8276627171939db60a123653094d;1;roblourens@gmail.com;roblourens@gmail.com
workspace.test.ts;MODIFY;764;0.0;Equal;False;2020-09-16 18:58:01+00:00;False;164;153;7747;50cc1d0e9777f3f76f460c24feb139ca695ff506;22;matb@microsoft.com;matb@microsoft.com
workspace.test.ts;MODIFY;764;0.0;Grew;False;2020-09-30 18:58:26+00:00;False;164;153;7747;296147c88e8d6bf3959b9747e36841c1af9aff55;1;alexdima@microsoft.com;alexdima@microsoft.com
workspace.test.ts;MODIFY;786;22.0;Grew;False;2020-10-06 20:18:30+00:00;False;165;154;7943;443508c4c9a32177b1f10eccee203f2d6de65d30;9;alexdima@microsoft.com;alexdima@microsoft.com
workspace.test.ts;MODIFY;792;6.0;Equal;False;2020-10-06 20:45:46+00:00;False;165;154;7991;ca01c69720a2900dfbfb5b162643ac8a875beec1;2;alexdima@microsoft.com;alexdima@microsoft.com
workspace.test.ts;MODIFY;792;0.0;Decreased;False;2020-10-06 20:53:57+00:00;False;165;154;7991;1a9e0af6415f88c4efde6d1c2d6aac58c4eec65f;2;alexdima@microsoft.com;alexdima@microsoft.com
workspace.test.ts;MODIFY;794;2.0;Grew;False;2020-10-07 05:53:09+00:00;False;165;154;8013;13ccfeb2cdf335a1abe8c25afda3f3a9d601ae89;1;benjpas@microsoft.com;benjpas@microsoft.com
workspace.test.ts;MODIFY;818;24.0;Grew;False;2020-11-12 11:18:27+00:00;False;166;155;8204;52e9e02e0a4e3fa56e60a3fd4b2f3d71bc5defab;5;alexdima@microsoft.com;alexdima@microsoft.com
workspace.test.ts;MODIFY;819;1.0;Grew;False;2020-12-11 08:48:15+00:00;False;165;155;8232;bb68097d15f4e010bd74e48252c157b2137f57a6;1;johannes.rieken@gmail.com;johannes.rieken@gmail.com
workspace.test.ts;MODIFY;876;57.0;Grew;False;2021-01-06 13:46:32+00:00;False;174;164;8822;0cb7dad36f07a6f88d4602942c0b85ae4c5bfdde;2;johannes.rieken@gmail.com;johannes.rieken@gmail.com
workspace.test.ts;MODIFY;857;-19.0;Grew;False;2021-01-06 13:46:32+00:00;False;171;161;8604;b99e9bc2990580246d287b920a1f6bd50b57b3f8;2;johannes.rieken@gmail.com;johannes.rieken@gmail.com
workspace.test.ts;MODIFY;875;18.0;Decreased;False;2021-01-07 08:18:51+00:00;False;174;164;8816;74bc1d2672edcc9387962f3b2e4b5448fb7da651;1;johannes.rieken@gmail.com;johannes.rieken@gmail.com
workspace.test.ts;MODIFY;878;3.0;Grew;False;2021-02-01 11:01:32+00:00;False;175;165;8832;46cf57b2646c33fee17806fb92a8438980c07b4c;17;johannes.rieken@gmail.com;johannes.rieken@gmail.com
workspace.test.ts;MODIFY;878;0.0;Equal;False;2021-04-20 07:10:47+00:00;False;175;165;8835;b4816cfd1f4161a3bb272354d181a9947760ee26;1;joao.moreno@microsoft.com;joao.moreno@microsoft.com
workspace.test.ts;MODIFY;878;0.0;Equal;False;2021-05-04 19:55:26+00:00;False;175;165;8835;656e1e6086761da98ca750edb0eec69e4031a2ff;6;lramos15@gmail.com;lramos15@gmail.com
workspace.test.ts;MODIFY;878;0.0;Grew;False;2021-11-30 14:21:56+00:00;False;175;165;8813;257657fb23187b515f5273eb29b94525304d7ff7;1;johannes.rieken@gmail.com;johannes.rieken@gmail.com
workspace.test.ts;MODIFY;878;0.0;Equal;False;2021-12-16 15:25:56+00:00;False;175;165;8813;b00e5cdbd0a8086bae44d495a8de3f82b64eba5e;2;johannes.rieken@gmail.com;johannes.rieken@gmail.com
workspace.test.ts;MODIFY;896;18.0;Grew;False;2022-04-14 09:04:35+00:00;False;176;166;9035;4ea02deebdd18be024846e06e00046025671cef1;2;johannes.rieken@gmail.com;johannes.rieken@gmail.com
workspace.test.ts;MODIFY;886;-10.0;Decreased;False;2022-07-01 13:39:51+00:00;False;174;164;9048;fb97ffc1609dca6186eb6532095b39bde9938658;1;johannes.rieken@gmail.com;johannes.rieken@gmail.com
workspace.test.ts;MODIFY;901;15.0;Grew;False;2022-07-05 19:30:01+00:00;False;174;164;9243;71c221c532996c9976405f62bb888283c0cf6545;8;noreply@github.com;johannes.rieken@gmail.com
workspace.test.ts;MODIFY;901;0.0;Decreased;False;2022-07-07 12:55:51+00:00;False;174;164;9231;e5f5a16b745e27bd87ffc774c26e502e8b1a2d61;6;noreply@github.com;johannes.rieken@gmail.com
workspace.test.ts;MODIFY;902;1.0;Grew;False;2022-08-11 13:46:19+00:00;False;174;164;9238;a3067cbbc6c957fa6642eee6af51697a5b21d8b1;1;noreply@github.com;benjamin.pasero@microsoft.com
workspace.test.ts;MODIFY;903;1.0;Grew;False;2022-08-18 12:56:50+00:00;False;174;164;9291;032662071cc1ae9090dab700a38e9add16a180fa;1;noreply@github.com;benjamin.pasero@microsoft.com
workspace.test.ts;MODIFY;903;0.0;Equal;False;2022-09-02 11:43:44+00:00;False;175;165;9275;968d9eda2c8f4a871377e88a58a1803b665aea6f;1;noreply@github.com;benjamin.pasero@microsoft.com
workspace.test.ts;MODIFY;903;0.0;Equal;False;2022-09-06 12:53:43+00:00;False;175;165;9283;bcf6547e9232bc0eca85bc33daaa07cdccb351a8;1;johannes.rieken@gmail.com;johannes.rieken@gmail.com
workspace.test.ts;MODIFY;913;10.0;Grew;True;2022-09-06 14:19:08+00:00;True;175;165;9407;b0140c2ca4af8b923aeb792fd81a98ccc0f50a1e;6;johannes.rieken@gmail.com;johannes.rieken@gmail.com
workspace.test.ts;MODIFY;913;0.0;Equal;True;2022-09-07 11:21:05+00:00;False;175;165;9404;4da1e34afee7411ff2214930389f1e03fd4c3f44;2;johannes.rieken@gmail.com;johannes.rieken@gmail.com
workspace.test.ts;MODIFY;914;1.0;Grew;True;2022-11-16 08:43:07+00:00;False;175;165;9418;f176ad8e287ba49fa0f66bbf6ecbddd18046e5d0;1;noreply@github.com;benjamin.pasero@microsoft.com
workspace.test.ts;MODIFY;914;0.0;Equal;True;2023-02-28 22:54:54+00:00;False;175;165;9418;f2550cb362daf876fb864a7c1d9b80e446a13a33;1;aamunger@microsoft.com;aamunger@microsoft.com
workspace.test.ts;MODIFY;945;31.0;Grew;True;2023-04-20 16:00:12+00:00;False;181;170;9709;1ed110b6be47c2cb9ba1f162c2cfc20fed4c990a;15;noreply@github.com;benjamin.pasero@microsoft.com
workspace.test.ts;MODIFY;956;11.0;Grew;True;2023-08-30 13:24:37+00:00;False;182;171;9842;bee68cee69f701e3fdcea4190ef6d14aab00fa48;2;noreply@github.com;johannes.rieken@gmail.com
workspace.test.ts;MODIFY;984;28.0;Grew;True;2024-02-07 22:23:46+00:00;False;191;180;10139;20d18171b31d408986f527f3fadecfd9841539b4;10;noreply@github.com;31675041+andreamah@users.noreply.github.com
workspace.test.ts;MODIFY;984;0.0;Decreased;True;2024-02-08 21:17:58+00:00;False;191;180;10139;90cebfaeb260263075f88dc2a8b97658942a09d7;6;noreply@github.com;31675041+andreamah@users.noreply.github.com
workspace.test.ts;MODIFY;985;1.0;Grew;True;2024-03-26 06:38:03+00:00;False;191;180;10196;c972b16a3317f0044dd56a80de4db1cebdbd4f50;1;noreply@github.com;benjamin.pasero@microsoft.com
workspace.test.ts;MODIFY;986;1.0;Grew;True;2024-08-22 02:14:01+00:00;False;192;181;10214;c2aa3c4625ed4b46448fa546ac5f2e93b0757718;3;noreply@github.com;31675041+andreamah@users.noreply.github.com
workspace.test.ts;MODIFY;986;0.0;Equal;True;2024-10-01 19:57:30+00:00;False;192;181;10212;e6f315d2fc8c3489c84f5417134626ae6aaa49ad;15;johannes.rieken@gmail.com;johannes.rieken@gmail.com
workspace.test.ts;MODIFY;986;0.0;Equal;True;2024-10-30 01:41:23+00:00;False;192;181;10224;3551cb01fa6f3a838e2d160df704cc3debfb9896;14;noreply@github.com;31675041+andreamah@users.noreply.github.com
