file_name;change_type;n_loc;lines_balance;size_change;is_large;date;swapped_classification;complexity;methods;tokens;hash;files_on_commit;committer_email;author_email
ExhaustiveDeps.js;ADD;424;0.0;Grew;False;2019-02-20 18:18:58+00:00;False;110;24;2094;dab2fdbbbd6eb560523fe2146c153f6a24e2f8dc;5;noreply@github.com;dan.abramov@gmail.com
ExhaustiveDeps.js;MODIFY;445;21.0;Grew;False;2019-02-21 19:23:00+00:00;False;111;24;2154;a77bbf1a1c278a39dd7b1afb02f3d92402fcc8a0;2;noreply@github.com;dan.abramov@gmail.com
ExhaustiveDeps.js;MODIFY;536;91.0;Grew;False;2019-02-25 16:00:29+00:00;False;135;27;2555;1bbfbc98d20d1eb0c7c8ed3772f5bdd0c29ac96c;2;noreply@github.com;dan.abramov@gmail.com
ExhaustiveDeps.js;MODIFY;552;16.0;Grew;False;2019-02-26 16:12:15+00:00;False;141;27;2623;0b8efb229c0b8e4b0919d855e926c7528e2246f0;2;noreply@github.com;dan.abramov@gmail.com
ExhaustiveDeps.js;MODIFY;558;6.0;Grew;False;2019-02-27 16:59:11+00:00;False;144;27;2661;3ada82b7416c51290535a054f345b99378c38dcb;2;noreply@github.com;dan.abramov@gmail.com
ExhaustiveDeps.js;MODIFY;662;104.0;Grew;False;2019-03-01 16:10:22+00:00;False;160;38;3118;df7b4768c7931504338ee1093ebcfda3d5974650;2;noreply@github.com;dan.abramov@gmail.com
ExhaustiveDeps.js;MODIFY;687;25.0;Grew;False;2019-03-01 18:16:17+00:00;False;164;39;3234;59ef28437ac30ae26fe53a3be1de50754be8b806;2;noreply@github.com;dan.abramov@gmail.com
ExhaustiveDeps.js;MODIFY;723;36.0;Grew;False;2019-03-01 19:48:48+00:00;False;164;39;3401;e1e45fb3673b7d23b4f89ab9fa9644fe9539eb9c;2;noreply@github.com;dan.abramov@gmail.com
ExhaustiveDeps.js;MODIFY;790;67.0;Grew;False;2019-03-05 21:07:37+00:00;False;182;42;3729;fa5d4ee43b2b7145ab4013b86662e69ea64ab180;2;noreply@github.com;dan.abramov@gmail.com
ExhaustiveDeps.js;MODIFY;801;11.0;Grew;False;2019-03-06 18:17:54+00:00;False;182;42;3759;5d49dafac80733fbd8699138c766da3339468254;2;noreply@github.com;dan.abramov@gmail.com
ExhaustiveDeps.js;MODIFY;908;107.0;Grew;False;2019-03-06 23:50:02+00:00;False;207;48;4208;9b7e1d1389e080d19e71680bbbe979ec58fa7389;2;noreply@github.com;dan.abramov@gmail.com
ExhaustiveDeps.js;MODIFY;915;7.0;Grew;False;2019-03-07 00:39:39+00:00;False;209;48;4248;6d2666bab16ee8c822e848f84a6feb0d42a6d78c;2;noreply@github.com;dan.abramov@gmail.com
ExhaustiveDeps.js;MODIFY;1073;158.0;Grew;True;2019-03-07 12:39:15+00:00;True;241;51;5004;197703ecc776dd5c1a4d956896603bcc67fb9920;2;noreply@github.com;dan.abramov@gmail.com
ExhaustiveDeps.js;MODIFY;1066;-7.0;Decreased;True;2019-03-07 15:21:44+00:00;False;241;51;5005;eb6247a9ab7653aac346db08faf0862c58b055df;2;noreply@github.com;dan.abramov@gmail.com
ExhaustiveDeps.js;MODIFY;1090;24.0;Grew;True;2019-03-07 19:40:23+00:00;False;241;51;5059;03ad9c73e468cafa9cafbd9a51a0c3a16ed3f362;2;noreply@github.com;dan.abramov@gmail.com
ExhaustiveDeps.js;MODIFY;1090;0.0;Grew;True;2019-03-13 18:31:39+00:00;False;241;51;5065;1204c789776cb01fbaf3e9f032e7e2ba85a44137;3;dan.abramov@gmail.com;git@sophiebits.com
ExhaustiveDeps.js;MODIFY;1098;8.0;Grew;True;2019-03-15 15:14:01+00:00;False;244;51;5103;f1ff4348c1debea8e0ce0fb35cc3fff342569789;2;noreply@github.com;dan.abramov@gmail.com
ExhaustiveDeps.js;MODIFY;1094;-4.0;Decreased;True;2019-03-15 19:27:55+00:00;False;244;51;5095;f0621fe232f31cb0fcd63992c3440ec1b4ce5813;3;noreply@github.com;dan.abramov@gmail.com
ExhaustiveDeps.js;MODIFY;1097;3.0;Grew;True;2019-03-21 20:42:13+00:00;False;244;51;5107;78968bb3d9049c65f74d42a1b2f4f9f95d2cba42;2;noreply@github.com;dan.abramov@gmail.com
ExhaustiveDeps.js;MODIFY;1145;48.0;Grew;True;2019-03-22 13:41:10+00:00;False;252;54;5312;b1cccd1ed14ff0d5db4fcefbf8b49807a48d7410;2;noreply@github.com;dan.abramov@gmail.com
ExhaustiveDeps.js;MODIFY;1148;3.0;Grew;True;2019-06-03 01:20:51+00:00;False;253;54;5324;a383c46788fb0b6b9cb3644c675cc89bf48482ae;2;dan.abramov@gmail.com;jordan@jordanrome.com
ExhaustiveDeps.js;MODIFY;1148;0.0;Equal;True;2019-07-08 10:51:29+00:00;False;253;54;5324;2a0f6390ed657fa8e2c14c1cf6d9faa2f7b42525;12;threepointone@fb.com;minho42@gmail.com
ExhaustiveDeps.js;MODIFY;1147;-1.0;Grew;True;2019-08-14 13:44:06+00:00;False;253;54;5330;9e64bf18e11828d6b4c0363bff5ed2eca1ccd838;2;dan.abramov@gmail.com;hristokkanchev@gmail.com
ExhaustiveDeps.js;MODIFY;1147;0.0;Equal;True;2019-12-19 17:04:17+00:00;False;253;54;5331;897976600c2277e70601d771992f26ba5c1a14f0;2;noreply@github.com;dan.abramov@gmail.com
ExhaustiveDeps.js;MODIFY;1135;-12.0;Decreased;True;2020-01-09 13:54:11+00:00;False;253;54;5331;b979db4e7215957f03c4221622f0b115a868439a;158;noreply@github.com;dan.abramov@gmail.com
ExhaustiveDeps.js;MODIFY;1157;22.0;Grew;True;2020-02-17 20:24:27+00:00;False;255;55;5368;93a229bab59f94e214256582c55d3b6c1fc2b958;2;noreply@github.com;willygdouglas@gmail.com
ExhaustiveDeps.js;MODIFY;1155;-2.0;Decreased;True;2020-02-17 20:36:16+00:00;False;255;55;5368;d533229fba8f7e7e576436bf52bbcae56c862906;1;dan.abramov@gmail.com;dan.abramov@gmail.com
ExhaustiveDeps.js;MODIFY;1234;79.0;Grew;True;2020-03-31 01:09:32+00:00;False;277;58;5644;da54641a1022edc789c0290e6aa6421d6b9543c0;2;noreply@github.com;dan.abramov@gmail.com
ExhaustiveDeps.js;MODIFY;1255;21.0;Grew;True;2020-03-31 10:43:01+00:00;False;281;59;5717;1960131f11196325ff47458355d25071049aaa7a;2;noreply@github.com;dan.abramov@gmail.com
ExhaustiveDeps.js;MODIFY;1256;1.0;Grew;True;2020-04-01 19:35:52+00:00;False;281;59;5722;3e94bce765d355d74f6a60feb4addb6d196e3482;215;noreply@github.com;sema@fb.com
ExhaustiveDeps.js;MODIFY;1265;9.0;Grew;True;2020-04-01 19:54:42+00:00;False;285;59;5735;2bf60d9f9ccf64625caf298450b92ec283a9020d;2;noreply@github.com;dan.abramov@gmail.com
ExhaustiveDeps.js;MODIFY;1273;8.0;Grew;True;2020-04-01 20:13:10+00:00;False;285;59;5760;3f468448993fed1676eb251f94f1830adbc850e8;3;noreply@github.com;ghmcadams@users.noreply.github.com
ExhaustiveDeps.js;MODIFY;1279;6.0;Grew;True;2020-04-04 13:26:39+00:00;False;288;59;5788;2ff27ec1128fca8defb71d912e501647cf58f6f8;2;noreply@github.com;843968788@qq.com
ExhaustiveDeps.js;MODIFY;1282;3.0;Grew;True;2020-04-05 21:13:34+00:00;False;289;59;5804;fe2cb525542443aaf1447c4069354c12659fd186;4;noreply@github.com;git@sophiebits.com
ExhaustiveDeps.js;MODIFY;1284;2.0;Grew;True;2020-05-01 15:57:25+00:00;False;291;59;5825;5ac9ca72dfb73a06157bb177cd695f6b77fc900e;2;noreply@github.com;aaron.pettengill.violin@gmail.com
ExhaustiveDeps.js;MODIFY;1289;5.0;Grew;True;2020-05-05 12:53:42+00:00;False;294;59;5874;7992ca10df497002e0e91bb5bfbc9661c9c85b88;2;noreply@github.com;kevin@lewistech.com
ExhaustiveDeps.js;MODIFY;1289;0.0;Equal;True;2020-05-13 15:44:05+00:00;False;294;59;5874;487c693846dbe58a68a410c658699d27386323b3;2;noreply@github.com;surgeboris@gmail.com
ExhaustiveDeps.js;MODIFY;1287;-2.0;Decreased;True;2020-05-26 15:08:50+00:00;False;292;59;5853;bb2239dc90015ced86177adc522de568198e2edc;2;noreply@github.com;dan.abramov@gmail.com
ExhaustiveDeps.js;MODIFY;1294;7.0;Grew;True;2020-05-27 00:07:10+00:00;False;295;60;5898;4821d609e99f6bd6454279ee2a82448703d2f616;2;noreply@github.com;hello@yanneves.com
ExhaustiveDeps.js;MODIFY;1294;0.0;Equal;True;2020-06-17 16:29:02+00:00;False;296;60;5900;090c6ed7515b63c9aa7c42659973bfc179691006;2;noreply@github.com;yeonjuan93@naver.com
ExhaustiveDeps.js;MODIFY;1295;1.0;Grew;True;2020-06-30 11:14:00+00:00;False;296;60;5912;b0533fe33cbbd2c07f11bf3a1e97494a73698016;2;noreply@github.com;fredric.vollmer@gmail.com
ExhaustiveDeps.js;MODIFY;1295;0.0;Equal;True;2020-07-06 19:52:14+00:00;False;299;60;5921;0f84b0f02b5579d780a9f54497007c4c84aaebb7;2;noreply@github.com;joe.lencioni@gmail.com
ExhaustiveDeps.js;MODIFY;1296;1.0;Decreased;True;2020-07-07 16:38:44+00:00;False;296;59;5868;7ca1d861e85868dfb4e5c1fc9db4db3d94cdefc1;2;noreply@github.com;dan.abramov@gmail.com
ExhaustiveDeps.js;MODIFY;1334;38.0;Grew;True;2020-07-07 20:34:16+00:00;False;306;60;6117;7c35cb20efb63c7c0bdd06e00259200a49c2343e;2;noreply@github.com;dan.abramov@gmail.com
ExhaustiveDeps.js;MODIFY;1335;1.0;Grew;True;2020-07-10 18:02:08+00:00;False;307;60;6125;47915fd6e1858e8d3434caff9588237448a00b3f;2;noreply@github.com;dan.abramov@gmail.com
ExhaustiveDeps.js;MODIFY;1338;3.0;Grew;True;2020-07-13 16:57:00+00:00;False;308;60;6139;84479046f789be7ae19b410df4c6041e25a31a55;2;noreply@github.com;delca85@users.noreply.github.com
ExhaustiveDeps.js;MODIFY;1409;71.0;Grew;True;2020-08-13 19:54:33+00:00;False;338;62;6443;1d5e10f7035f0d3bcbffcd057a15940b1a20b164;2;noreply@github.com;jordan@jordaneldredge.com
ExhaustiveDeps.js;MODIFY;1409;0.0;Equal;True;2020-08-17 12:25:50+00:00;False;338;62;6443;702fad4b1b48ac8f626ed3f35e8f86f5ea728084;75;noreply@github.com;5622951+cylim@users.noreply.github.com
ExhaustiveDeps.js;MODIFY;1418;9.0;Grew;True;2020-08-28 23:44:39+00:00;False;342;62;6492;a8500be893acbaaecb44bced3fbdcd2d0c356ef7;2;noreply@github.com;git@andrewclark.io
ExhaustiveDeps.js;MODIFY;1427;9.0;Grew;True;2020-08-29 20:03:23+00:00;False;346;63;6582;1396e4a8f5646f35929883cbb449d2c83e7cbc79;6;noreply@github.com;p.fongkye@lectra.com
ExhaustiveDeps.js;MODIFY;1427;0.0;Decreased;True;2020-09-01 12:55:10+00:00;False;346;63;6582;53e622ca7f643cc9d18c9c4896b68ab14549e292;6;noreply@github.com;bhumijgupta@gmail.com
ExhaustiveDeps.js;MODIFY;1430;3.0;Grew;True;2020-09-10 10:30:18+00:00;False;347;63;6590;cd75f93c03a15d00f0f82f52587f110d6fba7216;1;noreply@github.com;mschiffer@universe-factory.net
ExhaustiveDeps.js;MODIFY;1431;1.0;Grew;True;2020-09-11 12:13:43+00:00;False;350;63;6612;0f70d4dd667d8c953aaf8b0d40f6a0439cd4ab27;2;noreply@github.com;silbermann.sebastian@gmail.com
ExhaustiveDeps.js;MODIFY;1440;9.0;Grew;True;2021-01-11 20:18:45+00:00;False;351;63;6637;e8eff119e036485b74b2acb6f57045390703f6fb;2;noreply@github.com;christian@ruigrok.info
ExhaustiveDeps.js;MODIFY;1443;3.0;Grew;True;2021-03-24 16:45:27+00:00;False;352;63;6654;eb58c3909aa19fb6ffbed27b9c9dba4aada3cb8e;2;noreply@github.com;ari.perkkio@gmail.com
ExhaustiveDeps.js;MODIFY;1444;1.0;Grew;True;2021-04-01 17:50:48+00:00;False;352;63;6653;b130a0f5cd4f29a1c3147f66e10914c42847678a;28;noreply@github.com;itten@live.com
ExhaustiveDeps.js;MODIFY;1441;-3.0;Decreased;True;2021-04-01 19:09:16+00:00;False;352;63;6653;94fd1214d2054799485cdcca87a37d956a4240eb;1;noreply@github.com;itten@live.com
ExhaustiveDeps.js;MODIFY;1444;3.0;Grew;True;2021-04-01 19:18:56+00:00;False;352;63;6653;c03197063d57c6b61d83d7fe9202f07f5c766fbd;1;sema@fb.com;sema@fb.com
ExhaustiveDeps.js;MODIFY;1443;-1.0;Decreased;True;2021-04-01 19:19:00+00:00;False;352;63;6654;b4f119cdf1defe2437e00022f670c6ef818cd43f;28;sema@fb.com;sema@fb.com
ExhaustiveDeps.js;MODIFY;1441;-2.0;Decreased;True;2021-04-07 14:57:43+00:00;False;352;63;6653;172e89b4bf0ec5ee5738af0156d90b0deef4d494;38;noreply@github.com;sema@fb.com
ExhaustiveDeps.js;MODIFY;1445;4.0;Grew;True;2021-04-20 16:21:44+00:00;False;353;63;6663;a632f7de3bd35eaf6d5082054af4da92dd37cf20;15;noreply@github.com;rickhanlonii@gmail.com
ExhaustiveDeps.js;MODIFY;1445;0.0;Equal;True;2021-08-03 18:05:20+00:00;False;353;63;6663;8a37b0ef3fee66504975777ca30d62b4121534b7;2;noreply@github.com;37421564+sinansonmez@users.noreply.github.com
ExhaustiveDeps.js;MODIFY;1445;0.0;Equal;True;2021-09-06 19:17:51+00:00;False;353;63;6663;0c0d1ddae4be922f800705ae686fbb887184b38b;7;noreply@github.com;info@michaeldeboey.be
ExhaustiveDeps.js;MODIFY;1452;7.0;Grew;True;2022-04-11 20:43:16+00:00;False;355;63;6695;069d23bb74939c19bc8860ad4013324bd6e1c5f3;2;noreply@github.com;14029371+afzalsayed96@users.noreply.github.com
ExhaustiveDeps.js;MODIFY;1452;0.0;Equal;True;2022-06-17 17:43:17+00:00;False;355;63;6695;7cf9f5e03a245b4a879c5abc84e5ffb2824370e4;1;noreply@github.com;99087793+kbuyukakyuz@users.noreply.github.com
ExhaustiveDeps.js;MODIFY;1460;8.0;Grew;True;2022-09-23 21:55:12+00:00;False;360;64;6743;c89a83695c18814e98a8e815a2389a11540e0160;4;noreply@github.com;poteto@users.noreply.github.com
ExhaustiveDeps.js;MODIFY;1460;0.0;Equal;True;2022-10-18 15:19:24+00:00;False;360;64;6743;9cdf8a99edcfd94d7420835ea663edca04237527;1433;noreply@github.com;git@andrewclark.io
ExhaustiveDeps.js;MODIFY;1486;26.0;Grew;True;2022-10-19 19:03:46+00:00;False;361;65;6859;9336e29d917f286f74fc1e10db4cfbc9ccf67a38;2;noreply@github.com;poteto@users.noreply.github.com
ExhaustiveDeps.js;MODIFY;1489;3.0;Grew;True;2022-12-14 20:08:29+00:00;False;361;65;6859;84a0a171ea0ecd25e287bd3d3dd30e932beb4677;26;noreply@github.com;sebastian@calyptus.eu
ExhaustiveDeps.js;MODIFY;1489;0.0;Equal;True;2023-01-31 13:25:05+00:00;False;361;65;6859;6b3083266686f62b29462d32de75c6e71f7ba3e3;421;noreply@github.com;jkassens@meta.com
ExhaustiveDeps.js;MODIFY;1489;0.0;Equal;True;2023-04-19 21:26:01+00:00;False;361;65;6859;767f52237cf7892ad07726f21e3e8bacfc8af839;35;noreply@github.com;git@sophiebits.com
ExhaustiveDeps.js;MODIFY;1494;5.0;Grew;True;2023-11-01 19:05:55+00:00;False;364;65;6883;d947c2f1100dfd006fd91c6e9ed84d42ca7ab088;2;noreply@github.com;christoph.pojer@gmail.com
ExhaustiveDeps.js;MODIFY;1494;0.0;Equal;True;2023-11-01 19:24:06+00:00;False;366;65;6884;6bfc0e032acc7e5ad6da2a09f3c4f47f3321da2c;2;noreply@github.com;1222691+gkz@users.noreply.github.com
ExhaustiveDeps.js;MODIFY;1502;8.0;Grew;True;2024-02-01 19:30:17+00:00;False;366;65;6921;a1433ca0bacff76f720ffec9a0020f56e8c9ffed;2;noreply@github.com;32631382+StyleShit@users.noreply.github.com
ExhaustiveDeps.js;MODIFY;1511;9.0;Grew;True;2024-02-01 20:08:21+00:00;False;367;65;6942;2efa38332adc1fc1500753d79fcba41a0197a7a6;2;noreply@github.com;32631382+StyleShit@users.noreply.github.com
ExhaustiveDeps.js;MODIFY;1511;0.0;Equal;True;2024-03-03 22:34:33+00:00;False;367;65;6942;1940cb27b260c2eab79c76763d1151ba18353ff8;72;noreply@github.com;rickhanlonii@gmail.com
ExhaustiveDeps.js;MODIFY;1527;16.0;Grew;True;2024-04-23 21:29:01+00:00;False;371;69;7013;6f18664b82b61d34b30c794a151d7b032f8eabe0;6;noreply@github.com;silbermann.sebastian@gmail.com
ExhaustiveDeps.js;MODIFY;1531;4.0;Grew;True;2024-07-06 06:52:20+00:00;False;372;69;7017;1b0132c05acabae5aebd32c2cadddfb16bda70bc;2;noreply@github.com;silbermann.sebastian@gmail.com
ExhaustiveDeps.js;MODIFY;1539;8.0;Grew;True;2024-11-19 09:36:30+00:00;False;346;70;7062;eaf2d5c670c84124618977156d81946435922eb3;2;noreply@github.com;mdskelton99@gmail.com
