file_name;change_type;n_loc;lines_balance;size_change;is_large;date;swapped_classification;complexity;methods;tokens;hash;files_on_commit;committer_email;author_email
ReactChildren-test.js;RENAME;799;0.0;Equal;False;2017-10-20 19:14:52+00:00;False;not calculated;0;not calculated;e779c39dfeb41ae8f6611dc4f9830d1b1ac64f9b;89;noreply@github.com;dan.abramov@gmail.com
ReactChildren-test.js;MODIFY;799;0.0;Equal;False;2017-10-31 14:59:27+00:00;False;90;81;5329;0752a63f59168b56b14ec45220bad97b39222604;2;dan.abramov@gmail.com;matteo.vesprini-heidrich@originate.com
ReactChildren-test.js;MODIFY;783;-16.0;Decreased;False;2017-11-07 18:09:33+00:00;False;90;81;5321;94f44aeba72eacb04443974c2c6c91a050d61b1c;160;noreply@github.com;clement.hoang24@gmail.com
ReactChildren-test.js;MODIFY;828;45.0;Grew;False;2017-11-20 22:06:37+00:00;False;95;86;5651;c6bde7b99f66fa214b5ce4b4f70751a6ab591449;2;dan.abramov@gmail.com;matteo.vesprini-heidrich@originate.com
ReactChildren-test.js;MODIFY;844;16.0;Grew;False;2017-11-22 13:02:26+00:00;False;102;86;5697;6041f481b7851d75649630eea489628d399cc3cf;71;noreply@github.com;dan.abramov@gmail.com
ReactChildren-test.js;MODIFY;854;10.0;Grew;False;2017-11-30 12:08:58+00:00;False;102;86;5701;3c977dea6b96f6a9bb39f09886848da870748441;21;dan.abramov@gmail.com;rapha850@gmail.com
ReactChildren-test.js;MODIFY;856;2.0;Grew;False;2017-12-12 23:04:40+00:00;False;102;86;5743;b77b12311f0c66aad9b50f805c53dcc05d2ea75c;12;noreply@github.com;acdlite@me.com
ReactChildren-test.js;MODIFY;835;-21.0;Decreased;False;2018-01-02 19:06:41+00:00;False;97;88;5523;b5334a44e99c32ca26f7d65ca8312e13f7b7f4b7;20;noreply@github.com;brian.david.vaughn@gmail.com
ReactChildren-test.js;MODIFY;788;-47.0;Decreased;False;2018-05-15 18:16:29+00:00;False;92;83;5151;9097f3cdf089a34d873f3d349e3bfbed90852fad;20;noreply@github.com;dan.abramov@gmail.com
ReactChildren-test.js;MODIFY;788;0.0;Equal;False;2018-05-28 22:03:15+00:00;False;92;83;5041;aa85b0fd5ffc92de38720c29833a54c67285abfb;28;dan.abramov@gmail.com;sbekkhus91@gmail.com
ReactChildren-test.js;MODIFY;789;1.0;Grew;False;2018-07-16 19:20:18+00:00;False;92;83;5047;467d1391016dd2df8e1946aa33c6d6e1219c9dbb;51;noreply@github.com;dan.abramov@gmail.com
ReactChildren-test.js;MODIFY;789;0.0;Equal;False;2018-09-07 22:11:23+00:00;False;92;83;5047;b87aabdfe1b7461e7331abb3601d9e6bb27544bc;514;noreply@github.com;165856+hramos@users.noreply.github.com
ReactChildren-test.js;MODIFY;789;0.0;Equal;False;2019-01-07 16:30:23+00:00;False;92;83;5047;547e059f0bc88e76cd738b01b76e777ff1b222a7;9;noreply@github.com;git@sophiebits.com
ReactChildren-test.js;MODIFY;789;0.0;Equal;False;2019-12-16 12:48:16+00:00;False;92;83;5047;0b5a26a4895261894f04e50d5a700e83b9c0dcf6;97;noreply@github.com;dan.abramov@gmail.com
ReactChildren-test.js;MODIFY;845;56.0;Grew;False;2020-03-25 09:20:46+00:00;False;95;85;5670;6498f62edcdf0bcc02ed96efdad92b7e89330d8a;4;noreply@github.com;dan.abramov@gmail.com
ReactChildren-test.js;MODIFY;845;0.0;Equal;False;2020-08-06 15:55:01+00:00;False;95;85;5668;5bdd4c8c60ed6c12c5af7ffb73660c8f91bf955a;1;noreply@github.com;gustavo@poe.ma
ReactChildren-test.js;MODIFY;845;0.0;Equal;False;2020-08-17 12:25:50+00:00;False;95;85;5668;702fad4b1b48ac8f626ed3f35e8f86f5ea728084;75;noreply@github.com;5622951+cylim@users.noreply.github.com
ReactChildren-test.js;MODIFY;845;0.0;Equal;False;2020-09-09 22:26:44+00:00;False;95;85;5668;781212aab344b1619806369d768fad0c1ac3e04a;1;noreply@github.com;gustavo@poe.ma
ReactChildren-test.js;MODIFY;845;0.0;Equal;False;2022-10-18 15:19:24+00:00;False;95;85;5668;9cdf8a99edcfd94d7420835ea663edca04237527;1433;noreply@github.com;git@andrewclark.io
ReactChildren-test.js;MODIFY;845;0.0;Equal;False;2023-01-31 13:25:05+00:00;False;95;85;5668;6b3083266686f62b29462d32de75c6e71f7ba3e3;421;noreply@github.com;jkassens@meta.com
ReactChildren-test.js;MODIFY;859;14.0;Grew;False;2024-02-02 08:15:01+00:00;False;98;88;5781;457ea7b9d67b7b6ef32021a7a0ab7834d2d9dbbf;1;noreply@github.com;silbermann.sebastian@gmail.com
ReactChildren-test.js;MODIFY;858;-1.0;Decreased;False;2024-02-06 17:43:27+00:00;False;98;88;5775;30e2938e04c8cf51688509a457a494d36bcc4269;198;noreply@github.com;rickhanlonii@gmail.com
ReactChildren-test.js;MODIFY;878;20.0;Grew;False;2024-02-08 22:10:19+00:00;False;105;95;5915;e41ee9ea70f8998144fdd959ac11fd7a40e4ee20;3;noreply@github.com;sebastian@calyptus.eu
ReactChildren-test.js;MODIFY;886;8.0;Grew;False;2024-02-12 18:39:30+00:00;False;107;97;5995;9e7944f67c72b9a69a8db092ba6bd99fe9c731e2;3;noreply@github.com;sebastian@calyptus.eu
ReactChildren-test.js;MODIFY;887;1.0;Grew;False;2024-02-13 16:39:45+00:00;False;107;97;6001;015ff2ed66c1d164111752263682d1d757c97f3e;198;noreply@github.com;git@andrewclark.io
ReactChildren-test.js;MODIFY;906;19.0;Grew;False;2024-02-26 18:18:50+00:00;False;113;100;6082;2f240c91ed54900adee213565cb2039e161629e9;30;noreply@github.com;silbermann.sebastian@gmail.com
ReactChildren-test.js;MODIFY;906;0.0;Equal;False;2024-03-03 22:34:33+00:00;False;113;100;6082;1940cb27b260c2eab79c76763d1151ba18353ff8;72;noreply@github.com;rickhanlonii@gmail.com
ReactChildren-test.js;MODIFY;890;-16.0;Decreased;False;2024-04-03 13:25:02+00:00;False;107;97;6017;7a2609eedc571049a3272e60d5f7d84601ffca3f;30;noreply@github.com;jkassens@meta.com
ReactChildren-test.js;MODIFY;906;16.0;Grew;False;2024-05-23 16:48:57+00:00;False;111;100;6089;84239da896fd7395a667ab1e7ef1ef338a32de8f;31;noreply@github.com;sebastian@calyptus.eu
ReactChildren-test.js;MODIFY;940;34.0;Grew;False;2024-05-30 14:25:48+00:00;False;119;108;6274;72644ef2f2ec7a274f79f6b32320d62757521329;2;noreply@github.com;yungsters@meta.com
ReactChildren-test.js;MODIFY;1028;88.0;Grew;True;2024-05-31 01:02:47+00:00;True;139;128;6682;8fd963a1e5ec89459cac27fb1d9ad193a0604110;2;noreply@github.com;yungsters@meta.com
ReactChildren-test.js;MODIFY;1028;0.0;Equal;True;2024-06-10 18:31:37+00:00;False;139;128;6682;d172bdaf95b0be869f7d36b87c95a5f12b229195;91;noreply@github.com;rickhanlonii@gmail.com
ReactChildren-test.js;MODIFY;1020;-8.0;Decreased;True;2024-06-10 22:41:56+00:00;False;139;128;6678;277420803947724b43c47bbc47d3a353553868f1;77;noreply@github.com;sebastian@calyptus.eu
ReactChildren-test.js;MODIFY;1058;38.0;Grew;True;2024-12-19 18:05:23+00:00;False;137;122;6672;36d15d58628baf5e15624a52febae873a7a56345;1;noreply@github.com;rickhanlonii@gmail.com
