file_name;change_type;n_loc;lines_balance;size_change;is_large;date;swapped_classification;complexity;methods;tokens;hash;files_on_commit;committer_email;author_email
ReactDOMFizzStaticBrowser-test.js;ADD;331;0.0;Grew;False;2022-06-19 02:34:31+00:00;False;46;37;1530;0f216ae31d91f882134707af99d5da9c01e1f603;16;noreply@github.com;sebastian@calyptus.eu
ReactDOMFizzStaticBrowser-test.js;MODIFY;331;0.0;Equal;False;2022-10-18 15:19:24+00:00;False;46;37;1530;9cdf8a99edcfd94d7420835ea663edca04237527;1433;noreply@github.com;git@andrewclark.io
ReactDOMFizzStaticBrowser-test.js;MODIFY;332;1.0;Grew;False;2023-01-31 13:25:05+00:00;False;46;37;1530;6b3083266686f62b29462d32de75c6e71f7ba3e3;421;noreply@github.com;jkassens@meta.com
ReactDOMFizzStaticBrowser-test.js;MODIFY;322;-10.0;Decreased;False;2023-02-09 16:07:49+00:00;False;46;37;1491;59409349671d7c096975025ff21996c525e4ae2b;66;noreply@github.com;ymqyit@gmail.com
ReactDOMFizzStaticBrowser-test.js;MODIFY;322;0.0;Equal;False;2023-02-09 23:08:37+00:00;False;46;37;1491;35698311de3c068be9a542e1a2c545d718ec4782;17;noreply@github.com;ymqyit@gmail.com
ReactDOMFizzStaticBrowser-test.js;MODIFY;328;6.0;Grew;False;2023-02-10 06:59:29+00:00;False;48;38;1518;6396b664118442f3c2eae7bf13732fcb27bda98f;45;noreply@github.com;story@hey.com
ReactDOMFizzStaticBrowser-test.js;MODIFY;328;0.0;Equal;False;2023-05-31 23:25:35+00:00;False;48;38;1518;b864ad4397e7b366ece9ecfdfafa5660ae6b8390;19;noreply@github.com;story@hey.com
ReactDOMFizzStaticBrowser-test.js;MODIFY;328;0.0;Equal;False;2023-05-31 23:48:27+00:00;False;48;38;1518;ae31d2ea3c3f9f0a87ff2c6193484d5d8786bc5f;7;noreply@github.com;story@hey.com
ReactDOMFizzStaticBrowser-test.js;MODIFY;328;0.0;Equal;False;2023-08-07 22:44:34+00:00;False;48;38;1518;9edf470d6ed1f3ac12c23a248e64293f367c1797;7;noreply@github.com;story@hey.com
ReactDOMFizzStaticBrowser-test.js;MODIFY;443;115.0;Grew;False;2023-08-31 16:23:26+00:00;False;68;52;2109;b70a0d70224ceb4e277bd8ac535a2caafa5c075a;24;noreply@github.com;sebastian@calyptus.eu
ReactDOMFizzStaticBrowser-test.js;MODIFY;472;29.0;Grew;False;2023-09-11 23:25:24+00:00;False;73;56;2247;bb1d8d166799eb97892be6c7826179270ba283d0;2;noreply@github.com;sebastian@calyptus.eu
ReactDOMFizzStaticBrowser-test.js;MODIFY;472;0.0;Equal;False;2023-09-12 16:30:42+00:00;False;73;56;2251;7a3cb8f9cf43591afc74722ece9e3216ccc98128;2;noreply@github.com;sebastian@calyptus.eu
ReactDOMFizzStaticBrowser-test.js;MODIFY;574;102.0;Grew;False;2023-09-15 19:24:04+00:00;False;87;66;2753;a5fc797db14c6e05d4d5c4dbb22a0dd70d41f5d5;4;noreply@github.com;sebastian@calyptus.eu
ReactDOMFizzStaticBrowser-test.js;MODIFY;693;119.0;Grew;False;2023-09-20 16:21:53+00:00;False;92;70;3236;b775564d35d6fe9f9acead0f380bbc86bb6bdd2c;15;noreply@github.com;sebastian@calyptus.eu
ReactDOMFizzStaticBrowser-test.js;MODIFY;727;34.0;Grew;False;2023-09-23 16:33:48+00:00;False;96;73;3415;69728fde0ab2822ba468d9aaaa0c856de3f8547d;2;noreply@github.com;sebastian@calyptus.eu
ReactDOMFizzStaticBrowser-test.js;MODIFY;803;76.0;Grew;False;2023-09-25 23:02:25+00:00;False;102;78;3667;bff6be8eb1d77980c13f3e01be63cb813a377058;3;noreply@github.com;sebastian@calyptus.eu
ReactDOMFizzStaticBrowser-test.js;MODIFY;803;0.0;Equal;False;2023-09-26 16:59:39+00:00;False;102;78;3667;49eba01930e9e1f331b34967fca65d5a0ba62846;11;noreply@github.com;story@hey.com
ReactDOMFizzStaticBrowser-test.js;MODIFY;920;117.0;Grew;False;2023-10-04 20:48:12+00:00;False;116;87;4158;0fba3ecf73900a1b54ed6d3b0617462ac92d2fef;3;noreply@github.com;sebastian@calyptus.eu
ReactDOMFizzStaticBrowser-test.js;MODIFY;968;48.0;Grew;True;2023-10-13 13:21:21+00:00;True;123;92;4367;09fbee89d62bc1c4a00e64474346cb9bc87682cb;2;noreply@github.com;sebastian@calyptus.eu
ReactDOMFizzStaticBrowser-test.js;MODIFY;1076;108.0;Grew;True;2023-10-23 19:53:59+00:00;False;133;99;4798;05fbd1aab036ecbd14469d6376024439bc931f68;6;noreply@github.com;sebastian@calyptus.eu
ReactDOMFizzStaticBrowser-test.js;MODIFY;1161;85.0;Grew;True;2023-11-07 18:16:33+00:00;False;141;104;5215;2983249dd2bb1a295f27939e36ab0de9e4bfab76;18;noreply@github.com;story@hey.com
ReactDOMFizzStaticBrowser-test.js;MODIFY;1222;61.0;Grew;True;2023-11-09 01:51:47+00:00;False;146;108;5455;746890329452cbec8685eb3466847c5f17d9dc77;6;noreply@github.com;story@hey.com
ReactDOMFizzStaticBrowser-test.js;MODIFY;1261;39.0;Grew;True;2023-11-10 03:52:31+00:00;False;151;112;5609;0e352ea01c0209b6c5e23f0e857af4e01c783024;2;noreply@github.com;sebastian@calyptus.eu
ReactDOMFizzStaticBrowser-test.js;MODIFY;1280;19.0;Grew;True;2023-11-15 20:53:38+00:00;False;153;114;5709;ee68446ff198755bd38202ac9139275b657968b0;4;noreply@github.com;story@hey.com
ReactDOMFizzStaticBrowser-test.js;MODIFY;1279;-1.0;Decreased;True;2024-02-06 17:43:27+00:00;False;153;114;5703;30e2938e04c8cf51688509a457a494d36bcc4269;198;noreply@github.com;rickhanlonii@gmail.com
ReactDOMFizzStaticBrowser-test.js;MODIFY;1280;1.0;Grew;True;2024-02-13 16:39:45+00:00;False;153;114;5709;015ff2ed66c1d164111752263682d1d757c97f3e;198;noreply@github.com;git@andrewclark.io
ReactDOMFizzStaticBrowser-test.js;MODIFY;1274;-6.0;Decreased;True;2024-03-22 16:22:30+00:00;False;151;113;5682;208ceeb46ca2838c9bf24cd341435f87b2d50569;31;noreply@github.com;jkassens@meta.com
ReactDOMFizzStaticBrowser-test.js;MODIFY;1388;114.0;Grew;True;2024-06-06 17:07:24+00:00;False;208;166;6127;b526a0a419029eea31f4d967951b6feca123012d;22;noreply@github.com;story@hey.com
ReactDOMFizzStaticBrowser-test.js;MODIFY;1458;70.0;Grew;True;2024-08-20 20:30:51+00:00;False;218;173;6508;85180b8cf84274795986c8f2c8473f8816db8b7b;5;noreply@github.com;story@hey.com
ReactDOMFizzStaticBrowser-test.js;MODIFY;1527;69.0;Grew;True;2024-09-12 14:51:01+00:00;False;228;183;6869;473522093d3dd95582729d01cd5c0d15dcc9cd3b;14;noreply@github.com;sebastian@calyptus.eu
ReactDOMFizzStaticBrowser-test.js;MODIFY;1528;1.0;Decreased;True;2024-10-20 02:33:28+00:00;False;229;184;6879;d49123f73f12564223c890bfa36be537de2c571d;8;noreply@github.com;sebastian@calyptus.eu
