file_name;change_type;n_loc;lines_balance;size_change;is_large;date;swapped_classification;complexity;methods;tokens;hash;files_on_commit;committer_email;author_email
ReactDOMForm-test.js;ADD;349;0.0;Grew;False;2023-04-19 20:31:08+00:00;False;57;48;1787;c826dc50de288758a0b783b2fd37b40a3b512fc4;18;noreply@github.com;sebastian@calyptus.eu
ReactDOMForm-test.js;MODIFY;631;282.0;Grew;False;2023-04-21 17:29:46+00:00;False;123;94;3443;fd3fb8e3c5d1c977f4bfa73d715143804c69d4b0;7;noreply@github.com;git@andrewclark.io
ReactDOMForm-test.js;MODIFY;677;46.0;Grew;False;2023-04-24 18:18:09+00:00;False;127;98;3690;5e5342b10059bf90738a8d9171fcf0af9d9d5d51;3;noreply@github.com;sebastian@calyptus.eu
ReactDOMForm-test.js;MODIFY;688;11.0;Grew;False;2023-04-25 00:18:34+00:00;False;130;101;3767;919620b2935ca6bb8dfc96204a7cf8754c006240;8;noreply@github.com;git@andrewclark.io
ReactDOMForm-test.js;MODIFY;736;48.0;Grew;False;2023-04-26 22:19:58+00:00;False;141;108;4016;540bab085d571789f4562565eebfd0db9f36345c;23;noreply@github.com;git@andrewclark.io
ReactDOMForm-test.js;MODIFY;774;38.0;Grew;False;2023-08-22 23:10:00+00:00;False;151;113;4218;856dc5e43352454b1d06c13e233d565ceda77e61;2;noreply@github.com;sebastian@calyptus.eu
ReactDOMForm-test.js;MODIFY;789;15.0;Grew;False;2023-08-23 14:58:09+00:00;False;155;117;4315;b4cdd3e8922713f8c9817b004a0dc51be47bc5df;15;noreply@github.com;git@andrewclark.io
ReactDOMForm-test.js;MODIFY;872;83.0;Grew;False;2023-08-28 15:05:40+00:00;False;182;142;4889;456d153bb582798effa76c09bec2405ab2e392cf;6;noreply@github.com;git@andrewclark.io
ReactDOMForm-test.js;MODIFY;872;0.0;Equal;False;2023-10-04 18:51:36+00:00;False;182;142;4889;bfefb228422f7264a29b3a6b98ec95e05925e80e;28;noreply@github.com;git@andrewclark.io
ReactDOMForm-test.js;MODIFY;894;22.0;Grew;False;2023-10-23 21:52:15+00:00;False;192;152;5067;b8e47d988eb3ba547c102c0b12c351250ed955e0;2;noreply@github.com;git@andrewclark.io
ReactDOMForm-test.js;MODIFY;1010;116.0;Grew;True;2023-11-01 03:32:31+00:00;True;229;185;5871;77c4ac2ce88736bbdfe0b29008b5df931c2beb1e;31;noreply@github.com;git@andrewclark.io
ReactDOMForm-test.js;MODIFY;1009;-1.0;Decreased;True;2024-02-06 17:43:27+00:00;False;229;185;5865;30e2938e04c8cf51688509a457a494d36bcc4269;198;noreply@github.com;rickhanlonii@gmail.com
ReactDOMForm-test.js;MODIFY;1010;1.0;Grew;True;2024-02-13 16:39:45+00:00;False;229;185;5871;015ff2ed66c1d164111752263682d1d757c97f3e;198;noreply@github.com;git@andrewclark.io
ReactDOMForm-test.js;MODIFY;1010;0.0;Equal;True;2024-02-23 20:16:54+00:00;False;229;185;5871;d579e7748218920331252b0528850943d5e2dd31;39;noreply@github.com;sebastian@calyptus.eu
ReactDOMForm-test.js;MODIFY;1011;1.0;Grew;True;2024-02-24 05:45:42+00:00;False;229;185;5873;118ad2afa75a44fe3715ad7fb0023c408125bef7;11;noreply@github.com;sebastian@calyptus.eu
ReactDOMForm-test.js;MODIFY;1012;1.0;Grew;True;2024-03-12 19:50:11+00:00;False;233;183;5929;17eaacaac167addf0c4358b4983f054073a0626d;9;noreply@github.com;rickhanlonii@gmail.com
ReactDOMForm-test.js;MODIFY;1051;39.0;Grew;True;2024-03-20 15:15:22+00:00;False;242;189;6163;8ef14cf24219addedca3607dabb3bef37fb2e013;2;noreply@github.com;silbermann.sebastian@gmail.com
ReactDOMForm-test.js;MODIFY;1055;4.0;Grew;True;2024-03-22 17:03:44+00:00;False;243;189;6178;5c65b27587c0507d66a84e055de948fc62d471d4;18;noreply@github.com;rickhanlonii@gmail.com
ReactDOMForm-test.js;MODIFY;1055;0.0;Equal;True;2024-03-22 18:05:55+00:00;False;243;189;6178;f09e1599d631051a559974578a6d4c06effd95eb;2;noreply@github.com;jkassens@meta.com
ReactDOMForm-test.js;MODIFY;1055;0.0;Decreased;True;2024-03-25 17:25:14+00:00;False;241;189;6166;527ed72bfd9f5c0045da468ad01db968a9961ad7;30;noreply@github.com;jkassens@meta.com
ReactDOMForm-test.js;MODIFY;1055;0.0;Equal;True;2024-03-28 15:34:24+00:00;False;241;189;6166;05797ccebd285999343ab4fb94eb542f84be23b1;8;noreply@github.com;rickhanlonii@gmail.com
ReactDOMForm-test.js;MODIFY;1064;9.0;Grew;True;2024-03-29 17:40:54+00:00;False;244;190;6214;18812b645c93a9c42f931fae57bbbab9c1f402b8;4;noreply@github.com;rickhanlonii@gmail.com
ReactDOMForm-test.js;MODIFY;1064;0.0;Equal;True;2024-04-09 03:22:17+00:00;False;244;190;6214;9644d206e8d92d0e31a9252d78933a48c62eb427;3;noreply@github.com;rickhanlonii@gmail.com
ReactDOMForm-test.js;MODIFY;1118;54.0;Grew;True;2024-04-10 20:54:24+00:00;False;251;197;6549;41950d14a538aa7411b00b28bcd94ae95a45976e;11;noreply@github.com;git@andrewclark.io
ReactDOMForm-test.js;MODIFY;1353;235.0;Grew;True;2024-04-10 20:56:55+00:00;False;287;233;8042;da69b6af9697b8042834644b14d0e715d4ace18a;2;noreply@github.com;git@andrewclark.io
ReactDOMForm-test.js;MODIFY;1370;17.0;Grew;True;2024-05-02 11:06:28+00:00;False;287;233;8091;29d3c83f0a84354b18ab3f064f2d43a4c116d6ed;2;noreply@github.com;762112+jupapios@users.noreply.github.com
ReactDOMForm-test.js;MODIFY;1596;226.0;Grew;True;2024-05-09 17:16:08+00:00;False;334;276;9469;c3345638cbb4a53df8151fd9ef106ea018fb5033;5;noreply@github.com;git@andrewclark.io
ReactDOMForm-test.js;MODIFY;1625;29.0;Grew;True;2024-05-28 19:08:59+00:00;False;346;286;9694;163122766b6008e992898b00f1fe3b104ed78737;2;noreply@github.com;git@andrewclark.io
ReactDOMForm-test.js;MODIFY;1685;60.0;Grew;True;2024-06-03 15:20:27+00:00;False;387;327;10244;67b05be0d216c4efebc4bb5acb12c861a18bd87c;2;noreply@github.com;git@andrewclark.io
ReactDOMForm-test.js;MODIFY;1712;27.0;Grew;True;2024-06-03 15:25:43+00:00;False;392;329;10370;9598c41a20162c8a9d57ccf6a356aa183b00b61a;2;noreply@github.com;git@andrewclark.io
ReactDOMForm-test.js;MODIFY;1712;0.0;Equal;True;2024-06-10 18:31:37+00:00;False;392;329;10370;d172bdaf95b0be869f7d36b87c95a5f12b229195;91;noreply@github.com;rickhanlonii@gmail.com
ReactDOMForm-test.js;MODIFY;1712;0.0;Equal;True;2024-06-10 22:41:56+00:00;False;392;329;10370;277420803947724b43c47bbc47d3a353553868f1;77;noreply@github.com;sebastian@calyptus.eu
ReactDOMForm-test.js;MODIFY;1716;4.0;Grew;True;2024-07-10 16:17:13+00:00;False;394;330;10389;2d3f81bb6a650386832d885d7b63a7d0d517ba15;8;noreply@github.com;sebastian@calyptus.eu
ReactDOMForm-test.js;MODIFY;1756;40.0;Grew;True;2024-09-04 17:55:29+00:00;False;401;330;10511;e10e8681824e56c10fdb14e0359d878bcd748937;24;noreply@github.com;git@andrewclark.io
ReactDOMForm-test.js;MODIFY;1722;-34.0;Decreased;True;2024-09-10 17:23:32+00:00;False;396;330;10421;66cf2cfc8a8c4b09d2b783fd7302ae6b24150935;20;noreply@github.com;git@andrewclark.io
ReactDOMForm-test.js;MODIFY;1730;8.0;Grew;True;2024-09-11 15:41:54+00:00;False;398;330;10453;d6cb4e771341ff82489c00f4907990cb8a75696b;29;noreply@github.com;git@andrewclark.io
ReactDOMForm-test.js;MODIFY;1724;-6.0;Decreased;True;2024-12-13 18:58:18+00:00;False;394;328;10421;ef63718a27407b6d6b262d6be92e6bf0a87ff1a3;27;noreply@github.com;rickhanlonii@gmail.com
