file_name;change_type;n_loc;lines_balance;size_change;is_large;date;swapped_classification;complexity;methods;tokens;hash;files_on_commit;committer_email;author_email
http.js;RENAME;58;0.0;Equal;False;2015-03-18 23:12:51+00:00;False;not calculated;0;not calculated;fc12b933f729f236b2149872c42961a8626dafb7;19;mzabriskie@gmail.com;mzabriskie@gmail.com
http.js;MODIFY;58;0.0;Equal;False;2015-11-12 10:34:07+00:00;False;14;14;396;32dfc1d9e06b76663107a385c9d96c3c8fd11628;1;konstantin.baumann@autodesk.com;konstantin.baumann@autodesk.com
http.js;MODIFY;77;19.0;Grew;False;2016-01-19 14:51:14+00:00;False;19;18;532;f44d9ce67725234b2afbe10ee4a1a39402e7b8ef;2;mail@garychambers.me.uk;mail@garychambers.me.uk
http.js;MODIFY;102;25.0;Grew;False;2016-01-22 23:27:54+00:00;False;27;25;703;7a16f72895754fda7e80635d5c160357f4a7aaed;2;mzabriskie@gmail.com;mzabriskie@gmail.com
http.js;MODIFY;115;13.0;Grew;False;2016-02-29 03:51:20+00:00;False;31;29;823;116f5fca886b5fd9733c1d1548c5f76e220efb21;2;ajcrites@gmail.com;ajcrites@gmail.com
http.js;MODIFY;114;-1.0;Decreased;False;2016-03-04 05:43:38+00:00;False;31;29;814;e2fbc68960ece3301d8f31fb0b45c1831f9a121f;1;mzabriskie@gmail.com;mzabriskie@gmail.com
http.js;MODIFY;137;23.0;Grew;False;2016-03-22 18:28:51+00:00;False;38;35;984;57a1ed46dac67118b154f3a615a91e11aad9e07c;4;b4bomsy@gmail.com;b4bomsy@gmail.com
http.js;MODIFY;137;0.0;Equal;False;2016-03-25 23:50:52+00:00;False;38;35;984;fefa23a8dd0a3d860c2bcda7b4c9edf5d0e39929;4;b4bomsy@gmail.com;b4bomsy@gmail.com
http.js;MODIFY;158;21.0;Grew;False;2016-04-15 00:38:35+00:00;False;44;41;1135;d23f9d5d4782e5849362895f8b648ed587999706;3;nick.uraltsev@gmail.com;nick.uraltsev@gmail.com
http.js;MODIFY;181;23.0;Grew;False;2016-04-22 14:47:16+00:00;False;49;45;1306;a04077a17db282c476c348e67994a95db2d015f6;2;luis.faustino@gmail.com;luis.faustino@gmail.com
http.js;MODIFY;169;-12.0;Decreased;False;2016-05-19 02:47:12+00:00;False;49;45;1219;600653e293e94bcc039f0fb29cde55826407d755;1;nick.uraltsev@gmail.com;nick.uraltsev@gmail.com
http.js;MODIFY;202;33.0;Grew;False;2016-06-01 01:29:32+00:00;False;59;54;1437;5c5a94007c3c1807e0fd3c99457e1603b0d02511;1;nick.uraltsev@gmail.com;nick.uraltsev@gmail.com
http.js;MODIFY;202;0.0;Equal;False;2016-06-13 20:56:08+00:00;False;59;54;1437;91dae3c4ad4f75c16bb077fec0a3914d63730659;14;nick.uraltsev@gmail.com;nick.uraltsev@gmail.com
http.js;MODIFY;216;14.0;Grew;False;2016-08-04 06:34:07+00:00;False;63;58;1583;1ffcbb0369cd241077f610600cc6e61e092afba1;2;chris@madebyherzblut.com;chris@madebyherzblut.com
http.js;MODIFY;289;73.0;Grew;False;2016-08-24 16:05:26+00:00;False;83;76;2076;93ae90ae6e1d99cdbae383875bc54977ba6c2769;3;nick.uraltsev@gmail.com;b4bomsy@gmail.com
http.js;MODIFY;289;0.0;Equal;False;2016-08-24 22:42:03+00:00;False;83;76;2075;65ffdaefe81c632cf79bf17add0bd64cdd87a653;1;nick.uraltsev@gmail.com;nick.uraltsev@gmail.com
http.js;MODIFY;303;14.0;Grew;False;2016-09-17 18:52:56+00:00;False;88;80;2184;72dd897bb584e2730980f5d211cf783186a2482b;7;nick.uraltsev@gmail.com;nick.uraltsev@gmail.com
http.js;MODIFY;418;115.0;Grew;False;2016-10-19 09:02:42+00:00;False;115;107;2954;df6d3ce6cf10432b7920d8c3ac0efb7254989bc4;3;rubennorte@gmail.com;web@sparring-partner.be
http.js;MODIFY;419;1.0;Grew;False;2017-04-08 10:45:54+00:00;False;115;107;2967;e5beab045c6bb7092ee264a6d7cabbb9936e05b4;1;rubennorte@gmail.com;rubennorte@gmail.com
http.js;MODIFY;441;22.0;Grew;False;2017-04-08 11:55:34+00:00;False;121;113;3125;188334439f9698c8ddd58697f75e7f0b745c9acc;4;rubennorte@gmail.com;jeremy.f76@gmail.com
http.js;MODIFY;456;15.0;Grew;False;2017-08-14 11:38:44+00:00;False;125;117;3240;07a7b7c84c3ea82ea3f624330be9e0d3f738ac70;3;rubennorte@gmail.com;fox@vbfox.net
http.js;MODIFY;474;18.0;Grew;False;2018-02-17 00:18:58+00:00;False;130;122;3353;4ea77b70b70501c0a701db837e77024de1e2fcf4;2;emily@cuttlesoft.com;emily@cuttlesoft.com
http.js;MODIFY;488;14.0;Grew;False;2018-03-16 05:12:42+00:00;False;136;127;3453;c65065ac0f3f1af3986e881bc197362621fd550c;2;justin.beckwith@gmail.com;justin.beckwith@gmail.com
http.js;MODIFY;492;4.0;Grew;False;2018-04-11 15:23:01+00:00;False;138;128;3476;961ecd129cf755a989727c09ebf0d95f99052f52;1;emily@cuttlesoft.com;martti@codeclown.net
http.js;MODIFY;492;0.0;Equal;False;2018-07-05 06:47:17+00:00;False;138;128;3482;787c808c0401b766d2769097cef864dd1cfb536b;2;justin.beckwith@gmail.com;mvdnbrk@gmail.com
http.js;MODIFY;493;1.0;Grew;False;2018-07-06 05:41:13+00:00;False;140;129;3514;98080381fa78dcffa91a15e6d25617583d13e533;4;noreply@github.com;justin.beckwith@gmail.com
http.js;MODIFY;560;67.0;Grew;False;2018-08-07 17:52:04+00:00;False;159;147;4001;38de25257cb41557cc308b42259ee460140a1c37;3;emily@cuttlesoft.com;me@chancedickson.com
http.js;MODIFY;584;24.0;Grew;False;2018-08-27 15:26:38+00:00;False;167;152;4167;21ae22dbd3ae3d3a55d9efd4eead3dd7fb6d8e6e;2;khaledgarbaya@gmail.com;rikkigibson@gmail.com
http.js;MODIFY;597;13.0;Grew;False;2019-09-05 15:43:55+00:00;False;171;156;4266;6fe506fda290ba935c2641f68f1fcba7f4a16cd3;7;felipewmartins@gmail.com;43094923+multicolaure@users.noreply.github.com
http.js;MODIFY;599;2.0;Grew;False;2020-02-15 11:03:34+00:00;False;171;156;4286;9267d4def1a3c65b2d2bbb051b11d74f25ea00ae;1;noreply@github.com;46782518+jennynju@users.noreply.github.com
http.js;MODIFY;629;30.0;Grew;False;2020-02-29 11:54:41+00:00;False;179;162;4504;521444513969a08ec5ef943c41ba0812845ed4f9;1;noreply@github.com;chinesedfan@qq.com
http.js;MODIFY;655;26.0;Grew;False;2020-03-06 13:55:19+00:00;False;186;168;4692;6642ca9aa1efae47b1a9d3ce3adc98416318661c;7;noreply@github.com;gualopezb@gmail.com
http.js;MODIFY;673;18.0;Grew;False;2020-03-06 14:01:58+00:00;False;191;173;4829;42eb9dfabc85ed029462da1c503f8b414b08ffd0;4;noreply@github.com;s.vonderohe40@gmail.com
http.js;MODIFY;691;18.0;Grew;False;2020-07-01 17:14:52+00:00;False;195;177;4972;16aa2ce7fa42e7c46407b78966b7521d8e588a72;3;noreply@github.com;631807682@qq.com
http.js;MODIFY;691;0.0;Equal;False;2020-10-30 06:54:42+00:00;False;195;177;4970;768825589fd0d36b64a66717ca6df2efd8fb7844;1;noreply@github.com;timemachine3030@users.noreply.github.com
http.js;MODIFY;786;95.0;Grew;False;2020-12-03 07:36:50+00:00;False;218;198;5630;e426910be7c417bdbcde9c18cb184ead826fc0e1;5;noreply@github.com;jonathan@jonathanfoster.io
http.js;MODIFY;790;4.0;Grew;False;2020-12-09 11:04:58+00:00;False;219;198;5649;8b0f373df0574b7cb3c6b531b4092cd670dac6e3;1;noreply@github.com;timemachine3030@users.noreply.github.com
http.js;MODIFY;818;28.0;Grew;False;2021-03-29 14:47:29+00:00;False;227;206;5843;b0959f0301d3c1bb5ca673c20a58907e94e3743d;2;noreply@github.com;mbishop@evequefou.be
http.js;MODIFY;868;50.0;Grew;False;2021-05-06 13:54:22+00:00;False;243;220;6191;199c8aab64c45532389f3e56a913017a54803dfe;2;noreply@github.com;piihpi@gmail.com
http.js;MODIFY;868;0.0;Equal;False;2021-05-21 05:51:31+00:00;False;243;220;6191;dbc634cf700595845abc43604e1fb6cea903b97f;3;noreply@github.com;timemachine3030@users.noreply.github.com
http.js;MODIFY;900;32.0;Grew;False;2021-09-07 18:30:30+00:00;False;255;232;6470;f3ca6371caa738ba5308d413433d9f676f2e0138;2;noreply@github.com;github@mattw.co
http.js;MODIFY;900;0.0;Equal;False;2021-10-01 06:02:13+00:00;False;255;232;6470;76f09afc03fbcf392d31ce88448246bcd4f91f8c;27;noreply@github.com;jasonsaayman@gmail.com
http.js;MODIFY;901;1.0;Grew;False;2021-10-14 16:15:16+00:00;False;255;232;6480;7f1236652adb813ff884be008fe73ddf0590c664;29;robotshara@gmail.com;robotshara@gmail.com
http.js;MODIFY;929;28.0;Grew;False;2021-10-29 08:05:01+00:00;False;264;240;6678;c5fe05bdff82e0fa4ace9a832e75052e1ee297f0;2;noreply@github.com;kohta110@gmail.com
http.js;MODIFY;928;-1.0;Decreased;False;2021-12-23 08:19:02+00:00;False;264;240;6667;c00c4ddd87fc616e85b64ed4cfad19eec44f49a6;2;noreply@github.com;paulorsouzaf@gmail.com
http.js;MODIFY;954;26.0;Grew;False;2022-01-18 16:40:18+00:00;False;272;247;6844;4461761fcb75a63fe4eab217e9e9632f48aa4dee;2;noreply@github.com;duibu05@126.com
http.js;MODIFY;967;13.0;Grew;True;2022-01-18 16:50:33+00:00;True;277;251;6927;1163588aa288160282866057efcaef57dbbe417b;2;noreply@github.com;82655381+djs113@users.noreply.github.com
http.js;MODIFY;986;19.0;Grew;True;2022-03-07 17:46:08+00:00;False;284;256;7054;412d3bd6078433dda4a7eb4d86e021dbc57fdeb2;5;noreply@github.com;zorankokeza95@gmail.com
http.js;MODIFY;1058;72.0;Grew;True;2022-03-07 17:53:57+00:00;False;310;280;7540;195c8e5ff5af6506e5c3e9423cd3c6e839b9cc86;5;noreply@github.com;j.quaresmasantos_98@hotmail.com
http.js;MODIFY;1063;5.0;Grew;True;2022-03-10 19:25:55+00:00;False;310;280;7571;e52e4dbb575fc8bd9cb7d2f5306f30ee82b40b4d;2;jasonsaayman@gmail.com;jasonsaayman@gmail.com
http.js;MODIFY;1003;-60.0;Decreased;True;2022-03-14 18:22:10+00:00;False;284;256;7200;6b9b05b9078c78c9532ed8c29dfb910fdc1b1018;22;noreply@github.com;robotshara@gmail.com
http.js;MODIFY;1081;78.0;Grew;True;2022-05-04 15:54:14+00:00;False;339;280;7908;9ca2779d7a188e64b18f484545e59b237afbe125;1;noreply@github.com;maxime.bargiel@gmail.com
http.js;MODIFY;1104;23.0;Grew;True;2022-05-09 16:12:29+00:00;False;347;286;8101;de48c5d626e056d5e6056099c881b878103fc20e;2;noreply@github.com;robotshara@gmail.com
http.js;MODIFY;1148;44.0;Grew;True;2022-05-11 17:24:14+00:00;False;358;295;8405;495d5fb1333f2cb0c7e49ecfd6470dd1700ca96c;3;noreply@github.com;maxime.bargiel@gmail.com
http.js;MODIFY;1176;28.0;Grew;True;2022-05-11 17:30:08+00:00;False;366;303;8666;807918bda2768df0f3a3422abd4e30d16694092d;9;noreply@github.com;robotshara@gmail.com
http.js;MODIFY;1224;48.0;Grew;True;2022-05-16 06:05:56+00:00;False;380;313;8980;24f22b2b0bc93fc1a0b2ab0fab1c803c05aa2963;2;noreply@github.com;maxime.bargiel@gmail.com
http.js;MODIFY;1251;27.0;Grew;True;2022-05-16 06:30:17+00:00;False;385;318;9195;c05ad4895293ac8e0bbb90b28e0772571a97cdd5;13;noreply@github.com;robotshara@gmail.com
http.js;MODIFY;1280;29.0;Grew;True;2022-05-17 06:26:35+00:00;False;391;322;9396;bd391247b4c247e8decafc3698980e94cc442b3f;4;noreply@github.com;robotshara@gmail.com
http.js;MODIFY;1312;32.0;Grew;True;2022-05-20 06:04:36+00:00;False;403;331;9676;c30252f685e8f4326722de84923fcbc8cf557f06;17;noreply@github.com;robotshara@gmail.com
http.js;MODIFY;1336;24.0;Grew;True;2022-05-20 06:27:37+00:00;False;410;337;9858;e9c9f3392b4a31e24b2bcb8399639de624a24386;2;noreply@github.com;dimitris_ha@hotmail.com
http.js;MODIFY;1347;11.0;Grew;True;2022-05-20 14:31:26+00:00;False;415;339;9952;467025bdb743d0132ee236a7c935b9ac14f5408f;8;noreply@github.com;robotshara@gmail.com
http.js;MODIFY;1347;0.0;Equal;True;2022-05-28 09:46:33+00:00;False;415;339;9952;a11f9501b823a167de7187ee542e4204ad1a517a;2;noreply@github.com;vdbernardes@gmail.com
http.js;MODIFY;1347;0.0;Equal;True;2022-05-31 19:12:55+00:00;False;415;339;9952;d82ea47dd3795a5e4d9903c3ce1323e089b7d1a5;1;jasonsaayman@gmail.com;jasonsaayman@gmail.com
http.js;MODIFY;1637;290.0;Grew;True;2022-06-18 09:19:27+00:00;False;465;372;11666;bdf493cf8b84eb3e3440e72d5725ba0f138e0451;125;noreply@github.com;robotshara@gmail.com
http.js;MODIFY;1637;0.0;Equal;True;2022-09-14 19:40:08+00:00;False;465;372;11666;738fa63661a7a5d7e8bf604436bb3b91648e327b;2;noreply@github.com;39450897+felipedamin@users.noreply.github.com
http.js;MODIFY;1636;-1.0;Decreased;True;2022-09-28 19:16:14+00:00;False;465;372;11659;05338f4454f8ab3d62f396a73f1142837a631a37;2;noreply@github.com;lpizzini7@gmail.com
http.js;MODIFY;1666;30.0;Grew;True;2022-10-13 19:55:20+00:00;False;469;374;11939;717f476b0f19e51a1794b6a3409ceaa1fe9b456e;3;noreply@github.com;ppati000@me.com
http.js;MODIFY;1667;1.0;Grew;True;2022-11-07 19:11:42+00:00;False;469;374;11948;ab77a40e1cf73e76092588b89a3a0acd899bd5bc;16;noreply@github.com;robotshara@gmail.com
http.js;MODIFY;1679;12.0;Grew;True;2022-11-22 18:49:26+00:00;False;472;376;12018;a3d901777bc06e78adae3081f694cdbf76241303;2;noreply@github.com;robotshara@gmail.com
http.js;MODIFY;1691;12.0;Grew;True;2022-12-01 14:22:20+00:00;False;474;378;12114;9041c7d272a7d4c3ca416fcb12daf8e94240494d;2;noreply@github.com;robotshara@gmail.com
http.js;MODIFY;1729;38.0;Grew;True;2022-12-07 18:57:02+00:00;False;482;386;12414;1e58a659ec9b0653f4693508d748caa5a41bb1a2;3;noreply@github.com;robotshara@gmail.com
http.js;MODIFY;1732;3.0;Grew;True;2023-01-30 22:49:37+00:00;False;482;386;12446;65e8d1e28ce829f47a837e45129730e541950d3c;3;noreply@github.com;gurnaindeol@gmail.com
http.js;MODIFY;1789;57.0;Grew;True;2023-01-30 23:10:39+00:00;False;493;396;12912;6ac574e00a06731288347acea1e8246091196953;9;noreply@github.com;robotshara@gmail.com
http.js;MODIFY;1797;8.0;Grew;True;2023-02-01 22:55:05+00:00;False;494;397;13028;96d336f527619f21da012fe1f117eeb53e5a2120;5;noreply@github.com;robotshara@gmail.com
http.js;MODIFY;1800;3.0;Grew;True;2023-02-22 19:50:31+00:00;False;496;399;13060;a3b246c9de5c3bc4b5a742e15add55b375479451;3;noreply@github.com;robotshara@gmail.com
http.js;MODIFY;1811;11.0;Grew;True;2023-04-05 16:44:36+00:00;False;499;402;13138;a56c8661209d5ce5a645a05f294a0e08a6c1f6b3;4;noreply@github.com;robotshara@gmail.com
http.js;MODIFY;1853;42.0;Grew;True;2023-04-25 23:04:59+00:00;False;507;410;13422;2701911260a1faa5cc5e1afe437121b330a3b7bb;8;noreply@github.com;robotshara@gmail.com
http.js;MODIFY;1854;1.0;Grew;True;2023-09-12 12:23:03+00:00;False;507;410;13429;4c89f25196525e90a6e75eda9cb31ae0a2e18acd;2;noreply@github.com;przemyslaw.motacki@snowflake.com
http.js;MODIFY;1880;26.0;Grew;True;2023-10-22 14:12:33+00:00;False;511;414;13614;5aaff532a6b820bb9ab6a8cd0f77131b47e2adb8;5;noreply@github.com;robotshara@gmail.com
http.js;MODIFY;1872;-8.0;Decreased;True;2023-10-22 15:20:44+00:00;False;506;411;13623;7d45ab2e2ad6e59f5475e39afd4b286b1f393fc0;4;noreply@github.com;robotshara@gmail.com
http.js;MODIFY;1872;0.0;Equal;True;2024-01-03 19:32:50+00:00;False;506;411;13623;75af1cdff5b3a6ca3766d3d3afbc3115bb0811b8;3;noreply@github.com;nesher.guy@gmail.com
http.js;MODIFY;1880;8.0;Grew;True;2024-01-04 23:48:07+00:00;False;508;413;13668;f4f2b039dd38eb4829e8583caede4ed6d2dd59be;2;noreply@github.com;robotshara@gmail.com
http.js;MODIFY;1939;59.0;Grew;True;2024-01-24 22:21:12+00:00;False;526;426;14082;123f354b920f154a209ea99f76b7b2ef3d9ebbab;2;noreply@github.com;ilya.konstantinov@gmail.com
http.js;MODIFY;1939;0.0;Equal;True;2024-01-24 22:57:06+00:00;False;527;426;14092;a1938ff073fcb0f89011f001dfbc1fa1dc995e39;4;noreply@github.com;contact@zaosoula.fr
http.js;MODIFY;1938;-1.0;Decreased;True;2024-01-25 18:42:38+00:00;False;525;425;14069;1a08f90f402336e4d00e9ee82f211c6adb1640b0;2;noreply@github.com;robotshara@gmail.com
http.js;MODIFY;1942;4.0;Grew;True;2024-08-01 13:59:58+00:00;False;525;425;14109;e3c76fc9bdd03aa4d98afaf211df943e2031453f;10;noreply@github.com;robotshara@gmail.com
http.js;MODIFY;1974;32.0;Grew;True;2024-08-31 21:47:25+00:00;False;535;433;14337;364993f0d8bc6e0e06f76b8a35d2d0a35cab054c;2;noreply@github.com;rishipanthee@hotmail.com
http.js;MODIFY;1974;0.0;Equal;True;2024-09-28 11:04:22+00:00;False;535;433;14337;cc3217a612024d83a663722a56d7a98d8759c6d5;2;noreply@github.com;taylorjflatt@gmail.com
