file_name;change_type;n_loc;lines_balance;size_change;is_large;date;swapped_classification;complexity;methods;tokens;hash;files_on_commit;committer_email;author_email
common_utils_spec.js;RENAME;854;0.0;Equal;False;2020-02-27 00:09:19+00:00;False;145;136;4404;0a0e82d1440b06650e5fc524168b1f50a8feec68;60;gitlab-bot@gitlab.com;gitlab-bot@gitlab.com
common_utils_spec.js;MODIFY;854;0.0;Equal;False;2020-03-13 21:09:38+00:00;False;149;137;5066;232e0a31f1e5d5b3a788dfc3dba8f8d41df36bf9;44;gitlab-bot@gitlab.com;gitlab-bot@gitlab.com
common_utils_spec.js;MODIFY;845;-9.0;Decreased;False;2020-03-23 21:09:46+00:00;False;144;132;4942;8a7aaf86831d2a556578ae558a4fcab8bb659b20;31;gitlab-bot@gitlab.com;gitlab-bot@gitlab.com
common_utils_spec.js;MODIFY;845;0.0;Equal;False;2020-05-07 21:09:26+00:00;False;144;132;4937;17c8111494f51e79744c782db023804f5e4a7410;184;gitlab-bot@gitlab.com;gitlab-bot@gitlab.com
common_utils_spec.js;MODIFY;893;48.0;Grew;False;2020-06-04 12:08:21+00:00;False;152;140;5223;63546c0b11e768f1a82dee9507f27bd31a9fc460;72;gitlab-bot@gitlab.com;gitlab-bot@gitlab.com
common_utils_spec.js;MODIFY;920;27.0;Grew;False;2020-06-05 00:08:38+00:00;False;152;140;5439;38a00c219fffa802ffaa26689fc7912b59165ddc;54;gitlab-bot@gitlab.com;gitlab-bot@gitlab.com
common_utils_spec.js;MODIFY;881;-39.0;Decreased;False;2020-07-16 03:09:12+00:00;False;142;130;5147;5de7e7c72a59f8a99c71ec33948a53a64f73d075;41;gitlab-bot@gitlab.com;gitlab-bot@gitlab.com
common_utils_spec.js;MODIFY;881;0.0;Equal;False;2020-08-17 21:09:56+00:00;False;142;130;5147;9facfe5cb194005894467c06e4ea1a9800034ab4;451;gitlab-bot@gitlab.com;gitlab-bot@gitlab.com
common_utils_spec.js;MODIFY;897;16.0;Grew;False;2020-11-10 12:08:57+00:00;False;146;134;5350;a08f8baa63c0aea7fcf969da40d30e6cf56365cc;162;gitlab-bot@gitlab.com;gitlab-bot@gitlab.com
common_utils_spec.js;MODIFY;898;1.0;Grew;False;2020-11-19 12:09:26+00:00;False;146;134;5360;fa6c2426a5beed14dd7cfd0b4c493ff7ec886837;111;gitlab-bot@gitlab.com;gitlab-bot@gitlab.com
common_utils_spec.js;MODIFY;898;0.0;Equal;False;2020-12-03 21:09:35+00:00;False;146;134;5360;e701659ba316541833e50d68f14720d17be58f8c;127;gitlab-bot@gitlab.com;gitlab-bot@gitlab.com
common_utils_spec.js;MODIFY;898;0.0;Equal;False;2020-12-23 21:10:24+00:00;False;146;134;5396;5838993b5f3e2d861d9dd7c82dfeea71506b9fc2;1140;gitlab-bot@gitlab.com;gitlab-bot@gitlab.com
common_utils_spec.js;MODIFY;920;22.0;Grew;False;2020-12-30 09:10:10+00:00;False;151;139;5549;b6f8356ae89345ab8c49b38496065c9f653c1446;22;gitlab-bot@gitlab.com;gitlab-bot@gitlab.com
common_utils_spec.js;MODIFY;903;-17.0;Decreased;False;2021-01-08 09:10:50+00:00;False;147;135;5413;32e1683f8b0b5b5bb24986adeb99118ceb875ea5;26;gitlab-bot@gitlab.com;gitlab-bot@gitlab.com
common_utils_spec.js;MODIFY;909;6.0;Grew;False;2021-01-22 18:09:10+00:00;False;149;137;5463;852877d997ee2b22f185d388992382986a8f2e1d;50;gitlab-bot@gitlab.com;gitlab-bot@gitlab.com
common_utils_spec.js;MODIFY;918;9.0;Grew;False;2021-04-01 18:13:56+00:00;False;151;139;5574;1769b59b9fd05325e3016b1a53a82ae6cf56adb5;83;gitlab-bot@gitlab.com;gitlab-bot@gitlab.com
common_utils_spec.js;MODIFY;908;-10.0;Decreased;False;2021-06-17 21:10:25+00:00;False;149;137;5494;104faef9725d678d5e4456108a5ee9c7a50a1281;13;gitlab-bot@gitlab.com;gitlab-bot@gitlab.com
common_utils_spec.js;MODIFY;879;-29.0;Decreased;False;2021-06-21 09:10:07+00:00;False;141;129;5273;3ab7e70965fd198aafefc5c1a0eaf7b695f6cabc;103;gitlab-bot@gitlab.com;gitlab-bot@gitlab.com
common_utils_spec.js;MODIFY;867;-12.0;Decreased;False;2021-07-03 00:06:54+00:00;False;138;126;5159;840b3aceff471404e2deb1c813c1ac94508db6c1;10;gitlab-bot@gitlab.com;gitlab-bot@gitlab.com
common_utils_spec.js;MODIFY;844;-23.0;Decreased;False;2021-07-09 09:09:53+00:00;False;132;120;4971;1613500bf7400f5692a55fd65235a4a10fc40a7d;124;gitlab-bot@gitlab.com;gitlab-bot@gitlab.com
common_utils_spec.js;MODIFY;882;38.0;Grew;False;2021-07-09 15:09:47+00:00;False;140;128;5272;ffd8742a62c5de81792942cd7f9031b1add6cab2;27;gitlab-bot@gitlab.com;gitlab-bot@gitlab.com
common_utils_spec.js;MODIFY;889;7.0;Grew;False;2021-10-25 09:12:21+00:00;False;141;129;5317;45760607bc053b7379f81edd5ea91dd2a6471522;90;gitlab-bot@gitlab.com;gitlab-bot@gitlab.com
common_utils_spec.js;MODIFY;903;14.0;Grew;False;2021-10-28 09:13:54+00:00;False;143;131;5366;89cbcca95d58b6185098c13467d2382032f11774;42;gitlab-bot@gitlab.com;gitlab-bot@gitlab.com
common_utils_spec.js;MODIFY;912;9.0;Grew;False;2021-12-10 15:10:24+00:00;False;145;133;5433;ecc11e5d608ff4393fb6c44d02416569e7d2785d;154;gitlab-bot@gitlab.com;gitlab-bot@gitlab.com
common_utils_spec.js;MODIFY;916;4.0;Grew;False;2022-02-11 18:18:58+00:00;False;144;132;5434;e57809ded8e4e64c0528d33a5f59e9160e310d14;76;gitlab-bot@gitlab.com;gitlab-bot@gitlab.com
common_utils_spec.js;MODIFY;900;-16.0;Decreased;False;2022-03-16 21:09:14+00:00;False;138;126;5304;06b21ad63ca4f7d0cada7cc44b9cddbf17df2193;55;gitlab-bot@gitlab.com;gitlab-bot@gitlab.com
common_utils_spec.js;MODIFY;892;-8.0;Decreased;False;2022-04-18 18:10:36+00:00;False;135;127;5271;6c0a6dd200eb62a82e2af9fb92f466a77b2b39f2;40;gitlab-bot@gitlab.com;gitlab-bot@gitlab.com
common_utils_spec.js;MODIFY;943;51.0;Grew;False;2022-04-21 03:09:30+00:00;False;149;141;5676;b681bb9dcc29f927df3d6aeab67e6485562b9f04;18;gitlab-bot@gitlab.com;gitlab-bot@gitlab.com
common_utils_spec.js;MODIFY;961;18.0;Grew;True;2022-06-22 15:09:48+00:00;True;150;142;5760;640007842a876dfa551578feccfd0fe2307c522a;39;gitlab-bot@gitlab.com;gitlab-bot@gitlab.com
common_utils_spec.js;MODIFY;955;-6.0;Decreased;False;2022-08-01 12:12:10+00:00;True;147;139;5728;9c5341dd0832c3af377191c461c800e1aa048b10;93;gitlab-bot@gitlab.com;gitlab-bot@gitlab.com
common_utils_spec.js;MODIFY;955;0.0;Equal;False;2022-08-09 15:11:31+00:00;False;147;139;5732;283318c20561cc040b62397060771efa74db0d90;79;gitlab-bot@gitlab.com;gitlab-bot@gitlab.com
common_utils_spec.js;MODIFY;955;0.0;Equal;False;2022-09-15 18:10:36+00:00;False;147;139;5732;99aa31992d4398d35c9df4854f5fb494984a9e0b;207;gitlab-bot@gitlab.com;gitlab-bot@gitlab.com
common_utils_spec.js;MODIFY;924;-31.0;Decreased;False;2022-10-31 15:11:37+00:00;False;144;136;5536;a5519693560d1ac4e120e1afd7d806d13a2d09fd;57;gitlab-bot@gitlab.com;gitlab-bot@gitlab.com
common_utils_spec.js;MODIFY;952;28.0;Grew;False;2022-12-15 15:09:29+00:00;False;151;141;5687;16cdacff02fbf0069182e090df2eeaa754007957;95;gitlab-bot@gitlab.com;gitlab-bot@gitlab.com
common_utils_spec.js;MODIFY;924;-28.0;Decreased;False;2023-02-06 18:09:43+00:00;False;144;136;5536;33998a0e768263828f497685ae030f585193317f;91;gitlab-bot@gitlab.com;gitlab-bot@gitlab.com
common_utils_spec.js;MODIFY;1003;79.0;Grew;True;2023-02-10 21:08:12+00:00;True;144;136;5841;ddfa6a1f19f1c6847d30314858f1d0ad21de13f9;39;gitlab-bot@gitlab.com;gitlab-bot@gitlab.com
common_utils_spec.js;MODIFY;997;-6.0;Decreased;True;2023-03-16 18:08:34+00:00;False;142;135;5803;cc9ff71e31ecc954f819741ba1285b1b9adbf3b9;173;gitlab-bot@gitlab.com;gitlab-bot@gitlab.com
common_utils_spec.js;MODIFY;1023;26.0;Grew;True;2023-07-14 18:11:03+00:00;False;151;144;5994;3da283df313b950685c1513b6b69a68de9c4ab11;68;gitlab-bot@gitlab.com;gitlab-bot@gitlab.com
common_utils_spec.js;MODIFY;1055;32.0;Grew;True;2023-09-11 12:10:57+00:00;False;154;147;6166;320d8adff14c100cd8a6798880b7eeff8e137f15;98;gitlab-bot@gitlab.com;gitlab-bot@gitlab.com
common_utils_spec.js;MODIFY;1074;19.0;Grew;True;2023-10-31 12:11:01+00:00;False;161;154;6318;f52f8542b47c9e00ddf420abaf2263de168988f9;124;gitlab-bot@gitlab.com;gitlab-bot@gitlab.com
common_utils_spec.js;MODIFY;1075;1.0;Grew;True;2023-11-22 15:11:39+00:00;False;161;154;6324;51ad17b4112ce677613ed2af7f8b742fe2ba2afe;74;gitlab-bot@gitlab.com;gitlab-bot@gitlab.com
common_utils_spec.js;MODIFY;1074;-1.0;Decreased;True;2023-11-23 00:10:49+00:00;False;161;154;6318;5a21d6fde31839caf228d031faabb8c3a8e7cf7c;12;gitlab-bot@gitlab.com;gitlab-bot@gitlab.com
common_utils_spec.js;MODIFY;1074;0.0;Equal;True;2023-12-11 12:13:09+00:00;False;161;154;6318;ee2024d964d1742a8ec01da89e0b34351c9303ab;798;gitlab-bot@gitlab.com;gitlab-bot@gitlab.com
common_utils_spec.js;MODIFY;1075;1.0;Grew;True;2024-02-19 12:11:39+00:00;False;161;154;6333;c75a3a008c0aed06bbd955773a515363bb1bee6b;50;gitlab-bot@gitlab.com;gitlab-bot@gitlab.com
common_utils_spec.js;MODIFY;1121;46.0;Grew;True;2024-03-28 00:09:35+00:00;False;163;156;6578;d87faae128b9b190a2c5d73ef29dccc9601dbe94;50;gitlab-bot@gitlab.com;gitlab-bot@gitlab.com
common_utils_spec.js;MODIFY;1143;22.0;Grew;True;2024-09-06 12:07:29+00:00;False;166;159;6730;fe895550b555161692da188150143cc8599ef11a;153;gitlab-bot@gitlab.com;gitlab-bot@gitlab.com
common_utils_spec.js;MODIFY;1146;3.0;Grew;True;2024-11-14 21:17:06+00:00;False;167;160;6764;0cd6804039abdf5aad870d3ba8729a7a90011689;40;gitlab-bot@gitlab.com;gitlab-bot@gitlab.com
common_utils_spec.js;MODIFY;1210;64.0;Grew;True;2024-11-22 15:31:09+00:00;False;177;170;7122;d474008b6e93be574b2324b7aacb7217cb385d25;151;gitlab-bot@gitlab.com;gitlab-bot@gitlab.com
