file_name;change_type;n_loc;lines_balance;size_change;is_large;date;swapped_classification;complexity;methods;tokens;hash;files_on_commit;committer_email;author_email
config_spec.rb;ADD;29;0.0;Equal;False;2016-06-03 12:20:34+00:00;False;1;1;83;d501850e05ebadcbf2f957cbf35a0ffa6dbe31ff;3;grzesiek.bizon@gmail.com;grzesiek.bizon@gmail.com
config_spec.rb;MODIFY;39;10.0;Grew;False;2016-06-03 19:10:50+00:00;False;2;2;122;d2b708ac43b0810ea2ce4de196ce46692e536027;4;grzesiek.bizon@gmail.com;grzesiek.bizon@gmail.com
config_spec.rb;MODIFY;39;0.0;Equal;False;2016-06-06 06:20:55+00:00;False;2;2;122;23030439c2cf3b3ad48099eb9a4371b8bf55066f;5;grzesiek.bizon@gmail.com;grzesiek.bizon@gmail.com
config_spec.rb;MODIFY;40;1.0;Grew;False;2016-06-06 07:05:00+00:00;False;2;2;122;6609589b935147886fbaba187231af7ada846d43;6;grzesiek.bizon@gmail.com;grzesiek.bizon@gmail.com
config_spec.rb;MODIFY;61;21.0;Grew;False;2016-06-06 18:56:58+00:00;False;6;6;193;940763e0e72a7f71c6e60f2a1a848f8fe4afaf33;4;grzesiek.bizon@gmail.com;grzesiek.bizon@gmail.com
config_spec.rb;MODIFY;40;-21.0;Decreased;False;2016-06-07 08:26:38+00:00;False;2;2;124;fa097c678cdfead0dc1344e6d32569266da53465;3;grzesiek.bizon@gmail.com;grzesiek.bizon@gmail.com
config_spec.rb;MODIFY;66;26.0;Grew;False;2016-06-15 12:09:21+00:00;False;7;7;218;76aea978c6b2d8c69881836408c4947d816d2db2;12;grzesiek.bizon@gmail.com;grzesiek.bizon@gmail.com
config_spec.rb;MODIFY;61;-5.0;Decreased;False;2016-06-16 10:12:28+00:00;False;6;6;195;13e37a3ee5c943525a99481b855d654e97e8597c;403;james@jameslopez.es;james@jameslopez.es
config_spec.rb;MODIFY;40;-21.0;Decreased;False;2016-06-16 10:59:07+00:00;False;2;2;124;452c076a34cc11cc97f4b1c3113e86ce4367e055;403;james@jameslopez.es;james@jameslopez.es
config_spec.rb;MODIFY;66;26.0;Grew;False;2016-06-22 12:26:33+00:00;False;7;7;218;bc2348f2e4365099e2a99df3d8e2a55fe7d138f4;9;grzesiek.bizon@gmail.com;grzesiek.bizon@gmail.com
config_spec.rb;MODIFY;66;0.0;Equal;False;2018-06-18 19:25:28+00:00;False;7;7;219;557f4e6a437344d86409ea6b15f3454bc2c5b341;1;rspeicher@gmail.com;rspeicher@gmail.com
config_spec.rb;MODIFY;106;40.0;Grew;False;2018-09-04 12:17:01+00:00;False;9;9;330;d2f46c3025cd2735ad020c400725c6ad5e98723c;2;grzesiek.bizon@gmail.com;grzesiek.bizon@gmail.com
config_spec.rb;MODIFY;92;-14.0;Decreased;False;2018-09-04 12:17:01+00:00;False;8;8;289;9a4117ab5bc278e8ee3fac376340808b56c09767;4;grzesiek.bizon@gmail.com;grzesiek.bizon@gmail.com
config_spec.rb;MODIFY;106;14.0;Grew;False;2018-09-05 08:19:35+00:00;False;9;9;330;b83fa58f063b0b086b2c4def68835dbec4fd6bcd;4;grzesiek.bizon@gmail.com;grzesiek.bizon@gmail.com
config_spec.rb;MODIFY;155;49.0;Grew;False;2018-09-07 18:54:27+00:00;False;12;11;552;5f33690ebbe19dd8698bf8b432a5e6740305f007;13;matteeyah@gmail.com;matteeyah@gmail.com
config_spec.rb;MODIFY;156;1.0;Grew;False;2018-09-07 19:00:52+00:00;False;12;11;566;cd72189fc0127e9993eebaba9569f912394cc5c9;4;matteeyah@gmail.com;matteeyah@gmail.com
config_spec.rb;MODIFY;168;12.0;Grew;False;2018-09-07 19:18:26+00:00;False;12;11;632;95b296f8ac8578e142efd6a60a582be4da5b09be;12;matteeyah@gmail.com;matteeyah@gmail.com
config_spec.rb;MODIFY;167;-1.0;Decreased;False;2018-09-07 19:33:06+00:00;False;11;11;597;eca73d2b30a62876a3148bd1a8b1dfd6d48977fe;8;matteeyah@gmail.com;matteeyah@gmail.com
config_spec.rb;MODIFY;185;18.0;Grew;False;2018-09-07 19:37:44+00:00;False;12;12;693;1a53f017b4c2106da3425f3dcbe40fb95fd44bbf;7;matteeyah@gmail.com;matteeyah@gmail.com
config_spec.rb;MODIFY;186;1.0;Grew;False;2018-09-07 20:03:05+00:00;False;12;12;723;3149b5cfea4d8f14d69bb2520974f588454a0762;22;matteeyah@gmail.com;matteeyah@gmail.com
config_spec.rb;MODIFY;185;-1.0;Decreased;False;2018-09-07 20:22:52+00:00;False;12;12;701;1e816a972164c515bf99c39bd8880dd23e534c9e;13;matteeyah@gmail.com;matteeyah@gmail.com
config_spec.rb;MODIFY;187;2.0;Grew;False;2018-09-07 20:37:37+00:00;False;12;12;669;6a8133b943a8e06571f5497bea0f36c236b2bf90;4;matteeyah@gmail.com;matteeyah@gmail.com
config_spec.rb;MODIFY;304;117.0;Grew;False;2018-09-08 12:55:36+00:00;False;18;18;980;df16969c24c608682b8b46883a8e6e20147a3791;3;matteeyah@gmail.com;matteeyah@gmail.com
config_spec.rb;MODIFY;304;0.0;Equal;False;2018-09-08 20:37:47+00:00;False;18;18;980;5b2c873cfdf8d1add7e147c5a72f8a1d0f99f775;2;matteeyah@gmail.com;matteeyah@gmail.com
config_spec.rb;MODIFY;303;-1.0;Decreased;False;2018-10-16 13:11:50+00:00;False;18;18;978;5f502c3a82827ebd76e9585e5caa015753016c6a;11;grzesiek.bizon@gmail.com;grzesiek.bizon@gmail.com
config_spec.rb;MODIFY;303;0.0;Equal;False;2018-10-18 09:07:32+00:00;False;18;18;974;2243f0e3deaf0c9557fdc971e566b5606e9e9c52;3;grzesiek.bizon@gmail.com;grzesiek.bizon@gmail.com
config_spec.rb;MODIFY;303;0.0;Equal;False;2018-10-18 12:13:26+00:00;False;18;18;974;39dac14e9caad660487eb106428369663767d127;8;grzesiek.bizon@gmail.com;grzesiek.bizon@gmail.com
config_spec.rb;MODIFY;302;-1.0;Decreased;False;2019-01-01 10:27:19+00:00;False;18;18;972;1b87f8d7637ce7ba58c9391ea69d35515cb78074;12;takninnovationresearch@gmail.com;takninnovationresearch@gmail.com
config_spec.rb;MODIFY;317;15.0;Grew;False;2019-01-04 14:22:41+00:00;False;19;19;1015;a8c50960264d3242a417e5261781ee3649a4e4de;16;ayufan@ayufan.eu;ayufan@ayufan.eu
config_spec.rb;MODIFY;318;1.0;Grew;False;2019-01-07 08:38:05+00:00;False;19;19;1046;c4d615c9dcba6815d0e9d1b7b7de5b7528ac7c72;22;ayufan@ayufan.eu;ayufan@ayufan.eu
config_spec.rb;MODIFY;318;0.0;Equal;False;2019-01-24 12:05:45+00:00;False;19;19;1046;3a2abc1d50b419a353edb7f7cf68f3894dfdeeef;236;remy@rymai.me;remy@rymai.me
config_spec.rb;MODIFY;367;49.0;Grew;False;2019-04-03 09:50:54+00:00;False;22;22;1191;6ee1d8cf7778ecef0997c10f22b18ab4b61e9b3b;26;ayufan@ayufan.eu;fjlopez@gitlab.com
config_spec.rb;MODIFY;367;0.0;Equal;False;2019-04-05 08:43:27+00:00;False;22;22;1191;4ec16912b8f4eba9cc70dd21afb65c441f857da0;132;james@gitlab.com;tkuah@gitlab.com
config_spec.rb;MODIFY;365;-2.0;Decreased;False;2019-05-24 02:40:12+00:00;False;22;22;1182;f0efa2f91f8687a1cf0f39596790edaf338e8ec5;10;tkuah@gitlab.com;tkuah@gitlab.com
config_spec.rb;MODIFY;365;0.0;Equal;False;2019-05-30 13:47:31+00:00;False;22;22;1180;a9bcddee4c2653cbf2254d893299393e3778e7df;29;oswaldo@gitlab.com;douwe@selenight.nl
config_spec.rb;MODIFY;383;18.0;Grew;False;2019-07-02 06:23:06+00:00;False;23;23;1243;abceda6cc5fa796d9bd0d7311b386787e6919266;7;marin@gitlab.com;fpitino@gitlab.com
config_spec.rb;MODIFY;383;0.0;Equal;False;2019-09-18 14:02:45+00:00;False;23;23;1243;80f61b4035607d7cd87de993b8f5e996bde3481f;881;gitlab-bot@gitlab.com;gitlab-bot@gitlab.com
config_spec.rb;MODIFY;422;39.0;Grew;False;2019-09-24 18:06:05+00:00;False;25;25;1421;2ed368929ab5094fec5da8038f723463596a80cf;58;gitlab-bot@gitlab.com;gitlab-bot@gitlab.com
config_spec.rb;MODIFY;462;40.0;Grew;False;2019-10-17 12:07:33+00:00;False;28;28;1529;6b75320f525f841454f1ab162d141d3610f2e77b;147;gitlab-bot@gitlab.com;gitlab-bot@gitlab.com
config_spec.rb;MODIFY;458;-4.0;Decreased;False;2019-12-07 00:07:51+00:00;False;28;28;1544;4e375367b78bb44bd00957522cd9fc3e6d403fef;80;gitlab-bot@gitlab.com;gitlab-bot@gitlab.com
config_spec.rb;MODIFY;458;0.0;Equal;False;2019-12-13 12:07:41+00:00;False;28;28;1544;8cc5f2790908ba9bb8eecba2b78a3c5a88c77b90;92;gitlab-bot@gitlab.com;gitlab-bot@gitlab.com
config_spec.rb;MODIFY;458;0.0;Equal;False;2019-12-16 12:07:43+00:00;False;28;28;1544;d10a462fedbd7794a83abdba9b4526600f71de5b;195;gitlab-bot@gitlab.com;gitlab-bot@gitlab.com
config_spec.rb;MODIFY;458;0.0;Equal;False;2020-02-20 18:08:51+00:00;False;28;28;1544;df2eda3f14dccb703bd7054d4ddde7803cb1fe7e;89;gitlab-bot@gitlab.com;gitlab-bot@gitlab.com
config_spec.rb;MODIFY;503;45.0;Grew;False;2020-03-06 15:08:05+00:00;False;31;31;1669;f78257cbddd711e18cbce93ad740a4aa0acac347;70;gitlab-bot@gitlab.com;gitlab-bot@gitlab.com
config_spec.rb;MODIFY;486;-17.0;Decreased;False;2020-03-17 15:09:10+00:00;False;30;30;1627;8e129497b2565b8c595ef4f806d9a9595ca654e5;21;gitlab-bot@gitlab.com;gitlab-bot@gitlab.com
config_spec.rb;MODIFY;486;0.0;Equal;False;2020-03-25 12:08:19+00:00;False;30;30;1627;e6baeabaa9651d90b03bb64ffce75a2c3cb89aab;72;gitlab-bot@gitlab.com;gitlab-bot@gitlab.com
config_spec.rb;MODIFY;486;0.0;Equal;False;2020-09-01 18:10:48+00:00;False;30;30;1629;304e230182b74eb84833c60b50618a5f0d7e2f9a;83;gitlab-bot@gitlab.com;gitlab-bot@gitlab.com
config_spec.rb;MODIFY;522;36.0;Grew;False;2020-11-04 18:08:42+00:00;False;31;31;1808;2a115184f76adba1e564b220b38e67908c2bcc98;84;gitlab-bot@gitlab.com;gitlab-bot@gitlab.com
config_spec.rb;MODIFY;542;20.0;Grew;False;2021-01-11 06:10:29+00:00;False;32;32;1903;990b7413bc68bab8aea2aac06c45e31264e26b22;91;gitlab-bot@gitlab.com;gitlab-bot@gitlab.com
config_spec.rb;MODIFY;559;17.0;Grew;False;2021-02-09 12:09:48+00:00;False;33;33;1979;3c53fbc50bf8d084f1184836468850d2a83ef920;119;gitlab-bot@gitlab.com;gitlab-bot@gitlab.com
config_spec.rb;MODIFY;604;45.0;Grew;False;2021-07-29 18:10:22+00:00;False;37;37;2257;13592f8455bfd17acd7cb10ccea015e3b63c155d;29;gitlab-bot@gitlab.com;gitlab-bot@gitlab.com
config_spec.rb;MODIFY;627;23.0;Grew;False;2021-08-12 03:10:11+00:00;False;39;39;2346;e6de69cc2eae87536ed97df4dee36980583010f5;67;gitlab-bot@gitlab.com;gitlab-bot@gitlab.com
config_spec.rb;MODIFY;649;22.0;Grew;False;2021-11-02 18:12:13+00:00;False;41;41;2444;23f57fb31fe83ea8666753f94118f6d834517dfb;57;gitlab-bot@gitlab.com;gitlab-bot@gitlab.com
config_spec.rb;MODIFY;683;34.0;Grew;True;2021-11-11 15:10:57+00:00;True;43;43;2556;e40f19ef830c5863089bc6a7a73e6695efa60a13;59;gitlab-bot@gitlab.com;gitlab-bot@gitlab.com
config_spec.rb;MODIFY;683;0.0;Equal;True;2022-02-11 15:14:00+00:00;False;43;43;2562;ec377e41624fb83f0e5e51286c7aad24a22eefb1;56;gitlab-bot@gitlab.com;gitlab-bot@gitlab.com
config_spec.rb;MODIFY;721;38.0;Grew;True;2022-04-12 18:10:14+00:00;False;45;45;2717;e52d49e87e5d536ea67021162cdbbef0e8d0f594;36;gitlab-bot@gitlab.com;gitlab-bot@gitlab.com
config_spec.rb;MODIFY;746;25.0;Grew;True;2022-07-22 15:10:04+00:00;False;46;46;2851;632d0734750382e7c4e5f1b3c526a94acf6e7ce2;98;gitlab-bot@gitlab.com;gitlab-bot@gitlab.com
config_spec.rb;MODIFY;767;21.0;Grew;True;2022-10-17 18:09:13+00:00;False;48;48;2918;5150ecc452f4cf1c899f79d35d52af978ff2d43f;118;gitlab-bot@gitlab.com;gitlab-bot@gitlab.com
config_spec.rb;MODIFY;767;0.0;Equal;True;2022-11-11 12:08:16+00:00;False;49;48;2928;2761b4465bb13e170f0b8b2941d83f356a47eee6;89;gitlab-bot@gitlab.com;gitlab-bot@gitlab.com
config_spec.rb;MODIFY;767;0.0;Equal;True;2022-12-08 00:07:09+00:00;False;49;48;2927;044a953eb6b92e39cf32678296aa219176c9ad92;66;gitlab-bot@gitlab.com;gitlab-bot@gitlab.com
config_spec.rb;MODIFY;767;0.0;Equal;True;2022-12-14 18:08:42+00:00;False;49;48;2930;870dfaa9127e114a6ea2066220760815063fb3de;107;gitlab-bot@gitlab.com;gitlab-bot@gitlab.com
config_spec.rb;MODIFY;789;22.0;Grew;True;2023-11-23 12:10:59+00:00;False;49;48;2987;e1a5a2f484427b549a200c2443da0c1987f6743a;45;gitlab-bot@gitlab.com;gitlab-bot@gitlab.com
config_spec.rb;MODIFY;834;45.0;Grew;True;2024-03-25 18:09:39+00:00;False;51;50;3252;0e3485a64cdcde6ba43951ee04030c5761d3629d;70;gitlab-bot@gitlab.com;gitlab-bot@gitlab.com
config_spec.rb;MODIFY;859;25.0;Grew;True;2024-04-29 18:10:24+00:00;False;53;52;3388;c01c1ea6850391c9e1bdb6bc7a848eee18cb787f;195;gitlab-bot@gitlab.com;gitlab-bot@gitlab.com
config_spec.rb;MODIFY;859;0.0;Equal;True;2024-05-14 12:13:20+00:00;False;53;52;3388;4a0e87faf2351496aea76ec172af2463bffe9ceb;61;gitlab-bot@gitlab.com;gitlab-bot@gitlab.com
config_spec.rb;MODIFY;848;-11.0;Decreased;True;2024-06-13 09:17:17+00:00;False;52;51;3331;de5a3e7e69b9fefef6cfff7c2dbfeb032a5fdb2c;79;gitlab-bot@gitlab.com;gitlab-bot@gitlab.com
