file_name;change_type;n_loc;lines_balance;size_change;is_large;date;swapped_classification;complexity;methods;tokens;hash;files_on_commit;committer_email;author_email
create_spec.rb;ADD;47;0.0;Grew;False;2021-12-24 18:13:33+00:00;False;1;1;272;7621abc072eb2b137b3d975c7ed241a6673efa7b;20;gitlab-bot@gitlab.com;gitlab-bot@gitlab.com
create_spec.rb;MODIFY;56;9.0;Grew;False;2022-02-14 12:14:02+00:00;False;2;2;339;2896c7471aa75a7842fe6318a122f83ca6c211bb;159;gitlab-bot@gitlab.com;gitlab-bot@gitlab.com
create_spec.rb;MODIFY;60;4.0;Grew;False;2022-02-16 18:14:47+00:00;False;3;3;365;5e65d4f6c601e6636d171dbf8586949fedc334d7;39;gitlab-bot@gitlab.com;gitlab-bot@gitlab.com
create_spec.rb;MODIFY;115;55.0;Grew;False;2022-07-08 15:08:58+00:00;False;5;5;615;6c346448fd3e3443e04d96b90b9bdf9df2be1a3e;45;gitlab-bot@gitlab.com;gitlab-bot@gitlab.com
create_spec.rb;MODIFY;122;7.0;Grew;False;2022-07-13 12:09:54+00:00;False;6;6;658;affec3ced2d85697d9a21d83e811285b030705f2;69;gitlab-bot@gitlab.com;gitlab-bot@gitlab.com
create_spec.rb;MODIFY;123;1.0;Grew;False;2022-07-14 15:08:22+00:00;False;7;6;660;0ef9ecf0ce8714a47105d735ca9c265a2b206f8e;31;gitlab-bot@gitlab.com;gitlab-bot@gitlab.com
create_spec.rb;MODIFY;135;12.0;Grew;False;2022-07-19 09:08:45+00:00;False;7;6;705;035cd5ee5e42fda4a896ed43147ebf455fa2f5ba;78;gitlab-bot@gitlab.com;gitlab-bot@gitlab.com
create_spec.rb;MODIFY;137;2.0;Grew;False;2022-07-27 15:09:42+00:00;False;7;6;716;2977cf67ec27f8ab014bfee852d0ae7b56585242;44;gitlab-bot@gitlab.com;gitlab-bot@gitlab.com
create_spec.rb;MODIFY;137;0.0;Equal;False;2022-07-29 18:08:58+00:00;False;7;6;716;a16398e10f87edd229a12be2f1fc87cd4a76f902;108;gitlab-bot@gitlab.com;gitlab-bot@gitlab.com
create_spec.rb;MODIFY;191;54.0;Grew;False;2022-10-26 21:09:20+00:00;False;8;7;945;f825fd1d881ce077ad868a70fd8d7db6a49e4700;64;gitlab-bot@gitlab.com;gitlab-bot@gitlab.com
create_spec.rb;MODIFY;180;-11.0;Decreased;False;2022-10-28 09:10:15+00:00;False;7;6;898;25788905108838d95a62d7e3ad3ca16e6f6d0fda;74;gitlab-bot@gitlab.com;gitlab-bot@gitlab.com
create_spec.rb;MODIFY;180;0.0;Equal;False;2022-12-05 15:08:04+00:00;False;6;6;897;63414b32fd0e75477285df4603e9f7b31dffa955;246;gitlab-bot@gitlab.com;gitlab-bot@gitlab.com
create_spec.rb;MODIFY;180;0.0;Equal;False;2022-12-09 15:08:59+00:00;False;6;6;900;fd8183c340684448fd976af9c0b4217fa58d7211;220;gitlab-bot@gitlab.com;gitlab-bot@gitlab.com
create_spec.rb;MODIFY;208;28.0;Grew;False;2023-03-14 18:08:55+00:00;False;7;7;1070;3828d19ab2d68dd6cafa6f08221e1eee572671e7;183;gitlab-bot@gitlab.com;gitlab-bot@gitlab.com
create_spec.rb;MODIFY;257;49.0;Grew;False;2023-03-21 15:09:11+00:00;False;7;7;1282;97a128c1d1bf45bcc00d5fae037f840eff1ae4e0;115;gitlab-bot@gitlab.com;gitlab-bot@gitlab.com
create_spec.rb;MODIFY;256;-1.0;Decreased;False;2023-05-08 12:13:55+00:00;False;7;7;1270;571b02efc9442e73538c3438eb593a83d7807779;115;gitlab-bot@gitlab.com;gitlab-bot@gitlab.com
create_spec.rb;MODIFY;264;8.0;Grew;False;2023-07-27 18:07:34+00:00;False;7;7;1293;7dd130e2cae40514f02b02922251b62302f2fdd5;59;gitlab-bot@gitlab.com;gitlab-bot@gitlab.com
create_spec.rb;MODIFY;270;6.0;Grew;False;2023-07-28 12:08:39+00:00;False;7;7;1307;aaff41e10e8c03e545af9ba157e79f67686972a0;33;gitlab-bot@gitlab.com;gitlab-bot@gitlab.com
create_spec.rb;MODIFY;270;0.0;Equal;False;2023-08-01 03:08:46+00:00;False;7;7;1304;0548fa357572b5c834613fe57b417777a3fda92f;66;gitlab-bot@gitlab.com;gitlab-bot@gitlab.com
create_spec.rb;MODIFY;278;8.0;Grew;False;2023-12-21 21:07:34+00:00;False;7;7;1322;909dcab6e1f82095408cf4adfe099b463f094301;67;gitlab-bot@gitlab.com;gitlab-bot@gitlab.com
create_spec.rb;MODIFY;270;-8.0;Decreased;False;2024-01-16 18:09:25+00:00;False;7;7;1304;e18006fc6313b1d04128416cdb5f1533adcdb53e;83;gitlab-bot@gitlab.com;gitlab-bot@gitlab.com
create_spec.rb;MODIFY;365;95.0;Grew;False;2024-02-08 15:09:51+00:00;False;9;9;1682;89db068a0ac9a0451f675539895557526955e846;97;gitlab-bot@gitlab.com;gitlab-bot@gitlab.com
create_spec.rb;MODIFY;365;0.0;Equal;False;2024-04-12 03:13:44+00:00;False;9;9;1672;de92b67d77ed0e757f23b39a1267ac4de8c9b14e;353;gitlab-bot@gitlab.com;gitlab-bot@gitlab.com
create_spec.rb;MODIFY;448;83.0;Grew;False;2024-05-07 21:11:58+00:00;False;11;11;2048;0d3de8bbe9a594567367790575b8ceb69218eeee;37;gitlab-bot@gitlab.com;gitlab-bot@gitlab.com
create_spec.rb;MODIFY;505;57.0;Equal;False;2024-06-25 18:15:14+00:00;False;3;3;1003;5acb1347767ec0d797f154c372606cdd9d04e655;56;gitlab-bot@gitlab.com;gitlab-bot@gitlab.com
create_spec.rb;MODIFY;505;0.0;Equal;False;2024-07-10 12:27:08+00:00;False;3;3;1003;fb5de8adc2b5b81e62866342a8c08b6c8e33d298;54;gitlab-bot@gitlab.com;gitlab-bot@gitlab.com
create_spec.rb;MODIFY;572;67.0;Grew;False;2024-07-19 12:30:18+00:00;False;3;3;1066;06319330df314ad9ff54b7aa1b89fcf9ef97c7a8;91;gitlab-bot@gitlab.com;gitlab-bot@gitlab.com
create_spec.rb;MODIFY;569;-3.0;Grew;False;2024-08-19 12:12:27+00:00;False;18;6;1093;2bf1a981a6ec0aa63287a23afd6bbf5ff800a9f8;1072;gitlab-bot@gitlab.com;gitlab-bot@gitlab.com
create_spec.rb;MODIFY;644;75.0;Grew;False;2024-08-22 21:07:30+00:00;False;20;6;1196;7efd8d656fcfaee47a21d0bb9c59e09db56240e1;38;gitlab-bot@gitlab.com;gitlab-bot@gitlab.com
create_spec.rb;MODIFY;647;3.0;Grew;False;2024-09-05 18:08:04+00:00;False;20;6;1196;04a542b641a48d81461cdb81ed5e2ef909a1f52f;110;gitlab-bot@gitlab.com;gitlab-bot@gitlab.com
create_spec.rb;MODIFY;686;39.0;Grew;True;2024-09-07 03:12:10+00:00;True;21;7;1319;3e1a47eb34a62da2e4940d513b0e0c9179a68966;16;gitlab-bot@gitlab.com;gitlab-bot@gitlab.com
create_spec.rb;MODIFY;724;38.0;Grew;True;2024-10-19 03:15:27+00:00;False;24;7;1366;7eac85e91c0e723a25ce91f764e4bd039277d38b;108;gitlab-bot@gitlab.com;gitlab-bot@gitlab.com
create_spec.rb;MODIFY;690;-34.0;Grew;True;2024-11-19 00:22:06+00:00;False;22;12;2171;08ed20f9d58bc42eb5022c5178feb424362a9862;171;gitlab-bot@gitlab.com;gitlab-bot@gitlab.com
create_spec.rb;MODIFY;713;23.0;Grew;True;2024-11-26 03:34:18+00:00;False;23;13;2332;6d51b59e403bf3e682e31d2431f5b947296f5de6;32;gitlab-bot@gitlab.com;gitlab-bot@gitlab.com
