file_name;change_type;n_loc;lines_balance;size_change;is_large;date;swapped_classification;complexity;methods;tokens;hash;files_on_commit;committer_email;author_email
feature_spec.rb;ADD;20;0.0;Equal;False;2017-05-31 21:06:01+00:00;False;2;2;117;671284ba375109becbfa2a288032cdc7301b157b;17;dmitriy.zaporozhets@gmail.com;alejorro70@gmail.com
feature_spec.rb;MODIFY;20;0.0;Equal;False;2017-06-21 13:48:12+00:00;False;2;2;117;0430b7644101fc70ed4be6bf69ccf05b900f4cdf;359;remy@rymai.me;grzegorz@gitlab.com
feature_spec.rb;MODIFY;20;0.0;Equal;False;2017-07-27 12:31:53+00:00;False;2;2;114;ddccd24c1388dadc057ac3c4c0a49f3fea847292;495;remy@rymai.me;remy@rymai.me
feature_spec.rb;MODIFY;50;30.0;Grew;False;2017-11-07 21:28:57+00:00;False;7;7;269;90be53c5d39bff5e371cf8a6e11a39bf5dad7bcc;2;yorickpeterse@gmail.com;yorickpeterse@gmail.com
feature_spec.rb;MODIFY;69;19.0;Grew;False;2018-06-01 15:51:40+00:00;False;8;8;328;e1ffd6a271e352a725aa0394b654e9250f2d8240;2;remy@rymai.me;remy@rymai.me
feature_spec.rb;MODIFY;82;13.0;Grew;False;2018-07-20 00:05:24+00:00;False;10;10;400;06e03f6e4d3d60e30b38fe218a27c3907a3911cc;2;dbalexandre@gmail.com;dbalexandre@gmail.com
feature_spec.rb;MODIFY;128;46.0;Grew;False;2018-08-22 03:41:15+00:00;False;19;19;644;61c35b6ca1840507f5da3aa4d951e4273e612d66;7;brodock@gmail.com;brodock@gmail.com
feature_spec.rb;MODIFY;134;6.0;Grew;False;2018-09-05 14:19:16+00:00;False;21;21;682;3aea946e7f590319ff7b85dbbd4eedfc20569deb;4;bwalker@gitlab.com;bwalker@gitlab.com
feature_spec.rb;MODIFY;136;2.0;Grew;False;2018-09-24 19:29:22+00:00;False;22;22;706;74ae135888f55c17f6c53bcba9c1ca979a33724e;2;mkozono@gmail.com;mkozono@gmail.com
feature_spec.rb;MODIFY;147;11.0;Grew;False;2019-01-14 13:29:51+00:00;False;23;23;785;5396594a831de3f467f28c25c5856ba441b07ea7;6;git@zjvandeweg.nl;git@zjvandeweg.nl
feature_spec.rb;MODIFY;148;1.0;Grew;False;2019-02-19 06:57:03+00:00;False;23;23;802;46f66c7f0aa5ddf2f8d996880936d88e6977f6c0;6;jedwardsjones@gitlab.com;jedwardsjones@gitlab.com
feature_spec.rb;MODIFY;154;6.0;Grew;False;2019-06-18 20:59:18+00:00;False;23;23;830;1b0c71ef8423cf20532953e58735dd7f61325e85;3;stanhu@gmail.com;stanhu@gmail.com
feature_spec.rb;MODIFY;154;0.0;Equal;False;2019-07-02 14:26:27+00:00;False;23;23;831;385aa46046ec83e6837c106576699f76e65876a7;3;stanhu@gmail.com;stanhu@gmail.com
feature_spec.rb;MODIFY;206;52.0;Grew;False;2019-07-03 23:22:50+00:00;False;29;29;1164;2db7c5762b41acbcbd71bc4bd5a8aa3d90e1a383;3;stanhu@gmail.com;stanhu@gmail.com
feature_spec.rb;MODIFY;206;0.0;Equal;False;2019-07-26 01:25:07+00:00;False;29;29;1164;f540ffcef6a278b3465dec43b99a6baaf51eeb51;395;tkuah@gitlab.com;tkuah@gitlab.com
feature_spec.rb;MODIFY;219;13.0;Grew;False;2019-07-31 22:29:14+00:00;False;31;31;1214;31e419e945f8058be58487057bf77c338ca8f536;2;amckenzie@gitlab.com;amckenzie@gitlab.com
feature_spec.rb;MODIFY;220;1.0;Grew;False;2019-11-29 18:06:24+00:00;False;31;31;1223;8263f6ee3131cdea3c6041785c32771a6af0b24f;48;gitlab-bot@gitlab.com;gitlab-bot@gitlab.com
feature_spec.rb;MODIFY;219;-1.0;Decreased;False;2019-12-02 06:06:09+00:00;False;31;31;1214;01de60f3a8f4d99e641d04d31369628425137c21;12;gitlab-bot@gitlab.com;gitlab-bot@gitlab.com
feature_spec.rb;MODIFY;224;5.0;Grew;False;2020-01-10 12:07:47+00:00;False;32;32;1260;96b0c1245c93585a8b0fe23e22306d32ff4e4905;29;gitlab-bot@gitlab.com;gitlab-bot@gitlab.com
feature_spec.rb;MODIFY;230;6.0;Grew;False;2020-03-11 18:09:23+00:00;False;33;33;1291;76e9fc7b29c1ce716c26932e9fbec0f3c99f53f4;36;gitlab-bot@gitlab.com;gitlab-bot@gitlab.com
feature_spec.rb;MODIFY;230;0.0;Equal;False;2020-03-18 18:09:35+00:00;False;33;33;1291;5bfb8d1fad825eec90b0af688c7cd1b352c9056e;72;gitlab-bot@gitlab.com;gitlab-bot@gitlab.com
feature_spec.rb;MODIFY;224;-6.0;Decreased;False;2020-05-06 21:10:00+00:00;False;32;32;1260;5f0e3773e9695fd0c9e92ea9180c8a1f5cfaa5c5;57;gitlab-bot@gitlab.com;gitlab-bot@gitlab.com
feature_spec.rb;MODIFY;260;36.0;Grew;False;2020-05-29 18:08:26+00:00;False;38;37;1411;b64a8161c9442d82897a341d6bf935dd3e748b06;227;gitlab-bot@gitlab.com;gitlab-bot@gitlab.com
feature_spec.rb;MODIFY;260;0.0;Equal;False;2020-06-02 12:08:33+00:00;False;38;37;1453;810bd2a662abaa60663ec19bcb55f883d329eb07;74;gitlab-bot@gitlab.com;gitlab-bot@gitlab.com
feature_spec.rb;MODIFY;260;0.0;Equal;False;2020-06-24 09:08:32+00:00;False;38;37;1455;d6348d22dd0c78e11d56855cb5f1fb71be437901;826;gitlab-bot@gitlab.com;gitlab-bot@gitlab.com
feature_spec.rb;MODIFY;231;-29.0;Decreased;False;2020-06-30 12:08:57+00:00;False;35;34;1336;1e254d9f5a46a85c9bb6f24da8265a30fd388db4;70;gitlab-bot@gitlab.com;gitlab-bot@gitlab.com
feature_spec.rb;MODIFY;256;25.0;Grew;False;2020-07-02 09:09:00+00:00;False;38;37;1463;6aab18704a534ea04f7477146aaa02104e738fcb;29;gitlab-bot@gitlab.com;gitlab-bot@gitlab.com
feature_spec.rb;MODIFY;259;3.0;Grew;False;2020-09-21 12:09:34+00:00;False;38;37;1483;79850719759d6fe1b0682fd27573d479c9013f03;109;gitlab-bot@gitlab.com;gitlab-bot@gitlab.com
feature_spec.rb;MODIFY;342;83.0;Grew;False;2020-12-02 03:09:38+00:00;False;39;38;1946;408af4d5cf3a3893f8431d4d28821c766ab92bec;32;gitlab-bot@gitlab.com;gitlab-bot@gitlab.com
feature_spec.rb;MODIFY;388;46.0;Grew;False;2020-12-14 15:09:40+00:00;False;44;43;2219;fde3e0435c496af7dc37527f465573abd5657f5a;67;gitlab-bot@gitlab.com;gitlab-bot@gitlab.com
feature_spec.rb;MODIFY;388;0.0;Equal;False;2021-03-10 12:09:14+00:00;False;44;43;2219;152b3268d701b54cac9b615a0e29e0e5726bfd99;97;gitlab-bot@gitlab.com;gitlab-bot@gitlab.com
feature_spec.rb;MODIFY;433;45.0;Grew;False;2021-03-27 00:09:34+00:00;False;40;39;2422;5a80b10a845c1df6d73804090265a3da67c6acc4;31;gitlab-bot@gitlab.com;gitlab-bot@gitlab.com
feature_spec.rb;MODIFY;388;-45.0;Decreased;False;2021-03-29 15:09:30+00:00;False;44;43;2219;09ff71d425b83646eed07d52078111ccbd4b84a9;76;gitlab-bot@gitlab.com;gitlab-bot@gitlab.com
feature_spec.rb;MODIFY;450;62.0;Grew;False;2021-04-01 18:13:56+00:00;False;44;43;2839;1769b59b9fd05325e3016b1a53a82ae6cf56adb5;83;gitlab-bot@gitlab.com;gitlab-bot@gitlab.com
feature_spec.rb;MODIFY;442;-8.0;Decreased;False;2021-04-15 21:09:35+00:00;False;48;47;2784;9922389a501dfde79037426fa6d09144ee5f7e1a;22;gitlab-bot@gitlab.com;gitlab-bot@gitlab.com
feature_spec.rb;MODIFY;442;0.0;Equal;False;2021-07-29 15:09:48+00:00;False;48;47;2788;f4d51a9f71cf3d4b0874a3e1948fe3c1ea193c4d;250;gitlab-bot@gitlab.com;gitlab-bot@gitlab.com
feature_spec.rb;MODIFY;444;2.0;Grew;False;2021-10-21 15:12:54+00:00;False;48;47;2811;2d31f347bf835e0951054cf2ee9d0e2cbc5b77fe;65;gitlab-bot@gitlab.com;gitlab-bot@gitlab.com
feature_spec.rb;MODIFY;444;0.0;Equal;False;2021-11-15 15:10:57+00:00;False;48;47;2809;e5c7d631a84940c66e46f1824ba7ce0c7f1d0ea4;188;gitlab-bot@gitlab.com;gitlab-bot@gitlab.com
feature_spec.rb;MODIFY;462;18.0;Grew;False;2021-11-22 15:14:13+00:00;False;50;49;2910;ad765b15d8b18af8ebf26a740f679a9b3c543c1a;16;gitlab-bot@gitlab.com;gitlab-bot@gitlab.com
feature_spec.rb;MODIFY;530;68.0;Grew;False;2021-12-14 21:13:08+00:00;False;56;55;3257;30f908f6b9689ecda34474e68c55ce4dba1a9974;51;gitlab-bot@gitlab.com;gitlab-bot@gitlab.com
feature_spec.rb;MODIFY;530;0.0;Equal;False;2021-12-22 00:13:54+00:00;False;56;55;3257;4314202d9dcdac226e0ea7f3d7f669ab1d8bb6e2;42;gitlab-bot@gitlab.com;gitlab-bot@gitlab.com
feature_spec.rb;MODIFY;534;4.0;Grew;False;2021-12-22 15:14:10+00:00;False;56;55;3268;60d2a60617c9251049fbd5708465d01d25179a98;34;gitlab-bot@gitlab.com;gitlab-bot@gitlab.com
feature_spec.rb;MODIFY;552;18.0;Grew;False;2022-01-12 09:15:13+00:00;False;60;59;3406;612dd7d31ab927dd79968a6be7cb36599291bace;72;gitlab-bot@gitlab.com;gitlab-bot@gitlab.com
feature_spec.rb;MODIFY;552;0.0;Equal;False;2022-01-24 12:10:54+00:00;False;60;59;3406;4d3bbc4990ead10831a087cece3ccdd25dc4f0b4;106;gitlab-bot@gitlab.com;gitlab-bot@gitlab.com
feature_spec.rb;MODIFY;552;0.0;Equal;False;2022-03-14 18:07:46+00:00;False;60;59;3406;fbf2955cfc9ffc319d57960a0b0df1ee1b5fd05f;74;gitlab-bot@gitlab.com;gitlab-bot@gitlab.com
feature_spec.rb;MODIFY;569;17.0;Grew;False;2022-04-22 18:09:22+00:00;False;62;61;3494;eab22d334fd451ce793fde56f73568b0f7948ed2;139;gitlab-bot@gitlab.com;gitlab-bot@gitlab.com
feature_spec.rb;MODIFY;569;0.0;Equal;False;2022-05-02 15:10:10+00:00;False;62;61;3500;f62efc386492a3e7ee2243202389d29ab62b5978;88;gitlab-bot@gitlab.com;gitlab-bot@gitlab.com
feature_spec.rb;MODIFY;604;35.0;Grew;False;2022-05-04 00:09:14+00:00;False;65;64;3705;09409d9dfb406911f45c867e2364e63a2620e966;29;gitlab-bot@gitlab.com;gitlab-bot@gitlab.com
feature_spec.rb;MODIFY;593;-11.0;Decreased;False;2022-05-04 21:08:35+00:00;False;67;66;3687;a653ddb57e30fc5e40a5b2dbd93eed00d8395533;32;gitlab-bot@gitlab.com;gitlab-bot@gitlab.com
feature_spec.rb;MODIFY;588;-5.0;Decreased;False;2022-05-11 00:08:02+00:00;False;66;65;3628;cb2494484e33a0d3c750625908e8b4dda69ab7b4;79;gitlab-bot@gitlab.com;gitlab-bot@gitlab.com
feature_spec.rb;MODIFY;594;6.0;Grew;False;2022-07-05 03:08:33+00:00;False;68;67;3652;f49266f20bb48bb659ec02f24100114f844f614f;20;gitlab-bot@gitlab.com;gitlab-bot@gitlab.com
feature_spec.rb;MODIFY;594;0.0;Equal;False;2022-08-02 03:09:33+00:00;False;68;67;3652;fd1c75caebf0eae26d2298c68aaeac3c940f84d9;190;gitlab-bot@gitlab.com;gitlab-bot@gitlab.com
feature_spec.rb;MODIFY;594;0.0;Equal;False;2022-11-02 12:11:04+00:00;False;68;67;3644;ed509186782d16d2bbcb34ac73303e8cb3a9d5a2;161;gitlab-bot@gitlab.com;gitlab-bot@gitlab.com
feature_spec.rb;MODIFY;626;32.0;Grew;False;2022-11-11 06:09:30+00:00;False;69;68;3805;75ef798ebc8e6bf6960dc2540ea6c3a42c5312c8;19;gitlab-bot@gitlab.com;gitlab-bot@gitlab.com
feature_spec.rb;MODIFY;781;155.0;Grew;True;2022-12-06 15:09:20+00:00;True;87;86;4705;552877c4d1c535f529be13862692a8fe826a72a2;58;gitlab-bot@gitlab.com;gitlab-bot@gitlab.com
feature_spec.rb;MODIFY;787;6.0;Grew;True;2022-12-13 12:09:26+00:00;False;88;87;4735;9fdb3dbd6bacb125d40290aac8409da2f9fe19fc;91;gitlab-bot@gitlab.com;gitlab-bot@gitlab.com
feature_spec.rb;MODIFY;808;21.0;Grew;True;2023-01-27 03:11:24+00:00;False;90;89;4827;729e66ee8e5790eefb3771040839155c499faab3;44;gitlab-bot@gitlab.com;gitlab-bot@gitlab.com
feature_spec.rb;MODIFY;808;0.0;Equal;True;2023-02-10 18:10:50+00:00;False;90;89;4830;f27a1b0faf16a83ba9c3f71f660262e368f4509a;34;gitlab-bot@gitlab.com;gitlab-bot@gitlab.com
feature_spec.rb;MODIFY;787;-21.0;Decreased;True;2023-04-03 15:24:33+00:00;False;88;87;4738;2a7fd3827b0838a900399b0c3440942cdaa09c75;52;gitlab-bot@gitlab.com;gitlab-bot@gitlab.com
feature_spec.rb;MODIFY;769;-18.0;Decreased;True;2023-04-25 12:18:56+00:00;False;84;83;4600;d2d913b606702ecefa01f03362602fde256e3f75;147;gitlab-bot@gitlab.com;gitlab-bot@gitlab.com
feature_spec.rb;MODIFY;769;0.0;Equal;True;2023-05-09 09:13:16+00:00;False;84;83;4605;ece36a21699c2a218b8bd14b22bea47d22218354;35;gitlab-bot@gitlab.com;gitlab-bot@gitlab.com
feature_spec.rb;MODIFY;775;6.0;Grew;True;2023-05-26 12:08:30+00:00;False;85;84;4638;d94409aaafb4b59464ebddfaa7821a286a8d1531;43;gitlab-bot@gitlab.com;gitlab-bot@gitlab.com
feature_spec.rb;MODIFY;769;-6.0;Decreased;True;2023-06-14 03:07:14+00:00;False;84;83;4605;27715675e849d90937a5d3e2db3c4997018f7832;12;gitlab-bot@gitlab.com;gitlab-bot@gitlab.com
feature_spec.rb;MODIFY;816;47.0;Grew;True;2023-09-21 00:10:06+00:00;False;90;89;4855;11bda5e7e1637e5b0ace597aafbd45f12b429c32;48;gitlab-bot@gitlab.com;gitlab-bot@gitlab.com
feature_spec.rb;MODIFY;840;24.0;Grew;True;2023-11-16 00:12:06+00:00;False;94;93;4983;d22bc415db079dfffb443cf2e0e428542a8b14db;121;gitlab-bot@gitlab.com;gitlab-bot@gitlab.com
feature_spec.rb;MODIFY;858;18.0;Grew;True;2023-12-02 00:17:40+00:00;False;96;94;5118;6922dc498da47a6612bec722e1fb658b45b427b0;56;gitlab-bot@gitlab.com;gitlab-bot@gitlab.com
feature_spec.rb;MODIFY;857;-1.0;Decreased;True;2024-02-07 18:12:40+00:00;False;96;94;5139;7d4a34481aa87606cad658c644dd5c1290cd755a;89;gitlab-bot@gitlab.com;gitlab-bot@gitlab.com
feature_spec.rb;MODIFY;899;42.0;Grew;True;2024-04-19 18:14:03+00:00;False;101;99;5311;81151db6d69cfee630653c919ea1cab2c5c32b58;84;gitlab-bot@gitlab.com;gitlab-bot@gitlab.com
feature_spec.rb;MODIFY;899;0.0;Equal;True;2024-05-23 12:14:18+00:00;False;101;99;5313;d1b3f24693e264bc76daf50f70cf3fe0e49debd9;132;gitlab-bot@gitlab.com;gitlab-bot@gitlab.com
feature_spec.rb;MODIFY;893;-6.0;Decreased;True;2024-08-12 18:11:23+00:00;False;100;99;5277;dd9b804282c3dfde3f64698a52893a204cb28a86;75;gitlab-bot@gitlab.com;gitlab-bot@gitlab.com
feature_spec.rb;MODIFY;933;40.0;Grew;True;2024-09-27 00:11:34+00:00;False;105;104;5538;077b92f78ba9cd89df1003a0e733f3620d6970b4;149;gitlab-bot@gitlab.com;gitlab-bot@gitlab.com
feature_spec.rb;MODIFY;935;2.0;Grew;True;2024-10-07 15:13:46+00:00;False;105;104;5563;d578562461970589e3674adff2f5e3bb168d16c6;136;gitlab-bot@gitlab.com;gitlab-bot@gitlab.com
feature_spec.rb;MODIFY;933;-2.0;Decreased;True;2024-10-09 12:19:26+00:00;False;105;104;5538;2d0fdb468b021b897d42671ca336bfdb6ab5a047;179;gitlab-bot@gitlab.com;gitlab-bot@gitlab.com
feature_spec.rb;MODIFY;935;2.0;Grew;True;2024-10-21 06:12:31+00:00;False;105;104;5563;72e18b39bfaf883509dabfc7b1dae6ac1b54399d;84;gitlab-bot@gitlab.com;gitlab-bot@gitlab.com
feature_spec.rb;MODIFY;933;-2.0;Decreased;True;2024-10-31 18:27:33+00:00;False;105;104;5538;bf13bba8a2353ad2480114dc35a9ce8847c55f5d;72;gitlab-bot@gitlab.com;gitlab-bot@gitlab.com
feature_spec.rb;MODIFY;935;2.0;Grew;True;2024-11-05 03:18:43+00:00;False;105;104;5563;545788487aa9de8b6026df5f26c7ec0e961e31a2;47;gitlab-bot@gitlab.com;gitlab-bot@gitlab.com
feature_spec.rb;MODIFY;933;-2.0;Decreased;True;2024-11-14 15:25:06+00:00;False;105;104;5538;415360b8c4e3d3fdecb04b1aeca247696f5844d3;156;gitlab-bot@gitlab.com;gitlab-bot@gitlab.com
