file_name;change_type;n_loc;lines_balance;size_change;is_large;date;swapped_classification;complexity;methods;tokens;hash;files_on_commit;committer_email;author_email
integration_spec.rb;ADD;16.0;0.0;Grew;False;2020-06-02 12:08:33+00:00;False;1;1;98;810bd2a662abaa60663ec19bcb55f883d329eb07;74;gitlab-bot@gitlab.com;gitlab-bot@gitlab.com
integration_spec.rb;MODIFY;16.0;0.0;Equal;False;2020-06-04 12:08:21+00:00;False;1;1;98;63546c0b11e768f1a82dee9507f27bd31a9fc460;72;gitlab-bot@gitlab.com;gitlab-bot@gitlab.com
integration_spec.rb;MODIFY;22.0;6.0;Grew;False;2020-06-23 18:09:28+00:00;False;2;2;135;901af2a0dd967f1a87195aed8e92ee05e9561c1d;49;gitlab-bot@gitlab.com;gitlab-bot@gitlab.com
integration_spec.rb;MODIFY;22.0;0.0;Equal;False;2020-09-29 15:10:08+00:00;False;2;2;131;20fda899a62cc27a4d40a168640e7e926c69eb62;145;gitlab-bot@gitlab.com;gitlab-bot@gitlab.com
integration_spec.rb;MODIFY;26.0;4.0;Grew;False;2021-04-14 15:09:04+00:00;False;2;2;190;a3dfd311f4660fc81e929058abd6e136ac884ed3;223;gitlab-bot@gitlab.com;gitlab-bot@gitlab.com
integration_spec.rb;RENAME;not calculated;0.0;Equal;False;2021-04-29 09:10:11+00:00;False;not calculated;0;not calculated;38e4bfea582e8c755dd21613bf21658b1771449b;68;gitlab-bot@gitlab.com;gitlab-bot@gitlab.com
integration_spec.rb;RENAME;753.0;0.0;Grew;True;2021-05-12 12:10:24+00:00;True;94;94;4439;71a67d17b02e7b8dec2f4c257f6734dc7818fb1e;207;gitlab-bot@gitlab.com;gitlab-bot@gitlab.com
integration_spec.rb;MODIFY;753.0;0.0;Equal;True;2021-05-20 09:10:30+00:00;False;94;94;4450;b794758ce4c96fa13c4eefdb97f0852641604081;67;gitlab-bot@gitlab.com;gitlab-bot@gitlab.com
integration_spec.rb;MODIFY;753.0;0.0;Equal;True;2021-05-24 12:10:31+00:00;False;94;94;4450;1f5ca81aa6e674089c9652484e5f3bb89f86703c;39;gitlab-bot@gitlab.com;gitlab-bot@gitlab.com
integration_spec.rb;MODIFY;741.0;-12.0;Decreased;True;2021-05-25 12:10:23+00:00;False;93;93;4393;76ef00aac974a463243dcda6f692b17ff5d439bc;37;gitlab-bot@gitlab.com;gitlab-bot@gitlab.com
integration_spec.rb;MODIFY;741.0;0.0;Equal;True;2021-06-01 03:10:06+00:00;False;93;93;4393;f5823d9c245c6186ac27265af22927bda40f33f7;71;gitlab-bot@gitlab.com;gitlab-bot@gitlab.com
integration_spec.rb;MODIFY;741.0;0.0;Equal;True;2021-06-02 12:10:05+00:00;False;93;93;4394;2e4e6e9bb63212c628e67c6865fa39f62217a83d;187;gitlab-bot@gitlab.com;gitlab-bot@gitlab.com
integration_spec.rb;MODIFY;742.0;1.0;Grew;True;2021-06-04 03:10:08+00:00;False;94;94;4410;777572d30e059848bb60ad34e5a997c248cf5454;235;gitlab-bot@gitlab.com;gitlab-bot@gitlab.com
integration_spec.rb;MODIFY;742.0;0.0;Equal;True;2021-06-09 18:11:25+00:00;False;94;94;4410;d40d684afaec767bb05efdbeaa4ce3620cd337bb;84;gitlab-bot@gitlab.com;gitlab-bot@gitlab.com
integration_spec.rb;MODIFY;743.0;1.0;Decreased;True;2021-06-18 15:10:16+00:00;False;94;94;4393;c8cc2fe990c52cabcb9912b2b01b5bf16b33d88f;218;gitlab-bot@gitlab.com;gitlab-bot@gitlab.com
integration_spec.rb;MODIFY;743.0;0.0;Equal;True;2021-06-18 21:10:06+00:00;False;94;94;4393;cb0a625459525122d2736a895a728edb3b8ea4ff;156;gitlab-bot@gitlab.com;gitlab-bot@gitlab.com
integration_spec.rb;MODIFY;749.0;6.0;Grew;True;2021-06-23 18:07:10+00:00;False;94;94;4377;d04f2be14dc23606353acf9b1bbc6326e40d7f4b;65;gitlab-bot@gitlab.com;gitlab-bot@gitlab.com
integration_spec.rb;MODIFY;745.0;-4.0;Decreased;True;2021-06-30 03:07:30+00:00;False;93;93;4355;dbb27a91536f29550f7714356ab499d318e9d7e2;31;gitlab-bot@gitlab.com;gitlab-bot@gitlab.com
integration_spec.rb;MODIFY;745.0;0.0;Equal;True;2021-06-30 06:07:17+00:00;False;93;93;4355;28fd41cf28bfac77fe877b6cce83594c1f9f21a1;56;gitlab-bot@gitlab.com;gitlab-bot@gitlab.com
integration_spec.rb;MODIFY;729.0;-16.0;Decreased;True;2021-07-07 15:07:24+00:00;False;92;92;4284;e1e58fabfa768f47ab82f87ba50b1f2793a8258a;62;gitlab-bot@gitlab.com;gitlab-bot@gitlab.com
integration_spec.rb;MODIFY;728.0;-1.0;Decreased;True;2021-07-08 18:09:32+00:00;False;92;92;4270;7e17b031fa8e57a698fc474ded12eaa2553c87f5;94;gitlab-bot@gitlab.com;gitlab-bot@gitlab.com
integration_spec.rb;MODIFY;729.0;1.0;Grew;True;2021-07-14 18:08:31+00:00;False;93;93;4370;06ac12d53c3f0b7cee2755a1254bf1af05d55044;93;gitlab-bot@gitlab.com;gitlab-bot@gitlab.com
integration_spec.rb;MODIFY;646.0;-83.0;Decreased;False;2021-07-21 15:08:52+00:00;True;86;86;3876;a8f5aaa7081cc2d400fbac1106d9e94d02d70ab4;203;gitlab-bot@gitlab.com;gitlab-bot@gitlab.com
integration_spec.rb;MODIFY;660.0;14.0;Grew;False;2021-07-28 12:10:41+00:00;False;88;88;3956;b1e352740bd52771b419829abef0a0ad73141ac1;67;gitlab-bot@gitlab.com;gitlab-bot@gitlab.com
integration_spec.rb;MODIFY;660.0;0.0;Equal;False;2021-08-03 09:15:56+00:00;False;88;88;3956;42d930072f05883b7b1b0cc060c175912ea942dc;63;gitlab-bot@gitlab.com;gitlab-bot@gitlab.com
integration_spec.rb;MODIFY;673.0;13.0;Grew;True;2021-08-26 00:09:31+00:00;True;90;90;4032;b3618e799d30ae6df5c55e47b8ec8ebedb1af5a0;88;gitlab-bot@gitlab.com;gitlab-bot@gitlab.com
integration_spec.rb;MODIFY;672.0;-1.0;Decreased;True;2021-09-27 21:09:27+00:00;False;89;89;4002;d48053f82eb84fa23138840b11ce30ad1828f8c0;30;gitlab-bot@gitlab.com;gitlab-bot@gitlab.com
integration_spec.rb;MODIFY;672.0;0.0;Equal;True;2021-11-12 06:10:23+00:00;False;89;89;3989;a20bd972bcc5e653641e6291a80957ce85958988;32;gitlab-bot@gitlab.com;gitlab-bot@gitlab.com
integration_spec.rb;MODIFY;672.0;0.0;Equal;True;2022-01-05 15:13:51+00:00;False;89;89;3989;67d7efba05353044f927a30634c63b921b2efb73;46;gitlab-bot@gitlab.com;gitlab-bot@gitlab.com
integration_spec.rb;MODIFY;672.0;0.0;Equal;True;2022-01-10 18:14:07+00:00;False;89;89;3989;20c68317f8d350b9e2f5004730dd27e6a7d406ce;32;gitlab-bot@gitlab.com;gitlab-bot@gitlab.com
integration_spec.rb;MODIFY;667.0;-5.0;Decreased;True;2022-01-19 00:12:04+00:00;False;87;87;3988;6e70c2b428a91084139a521abb4a3987a5be35ab;68;gitlab-bot@gitlab.com;gitlab-bot@gitlab.com
integration_spec.rb;MODIFY;659.0;-8.0;Decreased;False;2022-02-07 18:16:03+00:00;True;87;87;3959;6a7fcb14aaff70d8438167b652b365406b37613c;39;gitlab-bot@gitlab.com;gitlab-bot@gitlab.com
integration_spec.rb;MODIFY;659.0;0.0;Equal;False;2022-02-18 12:15:31+00:00;False;87;87;3959;6de2a04a4e355dcea04f4f0e7b25033537dad147;54;gitlab-bot@gitlab.com;gitlab-bot@gitlab.com
integration_spec.rb;MODIFY;662.0;3.0;Grew;True;2022-02-18 18:18:16+00:00;True;88;88;3978;9c042f0dada432de0e4144db50fd52f1d53b78c6;27;gitlab-bot@gitlab.com;gitlab-bot@gitlab.com
integration_spec.rb;MODIFY;668.0;6.0;Grew;True;2022-02-22 03:14:19+00:00;False;89;89;4012;e4011eb84527cb7fd46aa34e07a8cd33746c4a5a;44;gitlab-bot@gitlab.com;gitlab-bot@gitlab.com
integration_spec.rb;MODIFY;674.0;6.0;Grew;True;2022-03-01 00:16:24+00:00;False;89;89;4036;93f32161e76c58b32935363c28739690d2e72746;33;gitlab-bot@gitlab.com;gitlab-bot@gitlab.com
integration_spec.rb;MODIFY;731.0;57.0;Grew;True;2022-03-03 00:20:18+00:00;False;96;96;4398;475d5a7a176dcb87bd1fb8d55883ad2b3b2a7955;65;gitlab-bot@gitlab.com;gitlab-bot@gitlab.com
integration_spec.rb;MODIFY;815.0;84.0;Grew;True;2022-03-09 18:08:16+00:00;False;100;100;4785;4da595a071829d1046f921e402f3978eeca15d93;64;gitlab-bot@gitlab.com;gitlab-bot@gitlab.com
integration_spec.rb;MODIFY;859.0;44.0;Grew;True;2022-03-22 12:07:28+00:00;False;102;102;4984;4220cf46a314ac1c4d88be13608752bc07bb28fb;69;gitlab-bot@gitlab.com;gitlab-bot@gitlab.com
integration_spec.rb;MODIFY;859.0;0.0;Equal;True;2022-04-04 18:08:38+00:00;False;102;102;4984;6d05fbc4786dc542544ed08324fdd938073a1917;86;gitlab-bot@gitlab.com;gitlab-bot@gitlab.com
integration_spec.rb;MODIFY;868.0;9.0;Grew;True;2022-04-07 00:08:48+00:00;False;103;103;5046;29e19880e22c31eef2d007647b0c46db8f0e7a04;33;gitlab-bot@gitlab.com;gitlab-bot@gitlab.com
integration_spec.rb;MODIFY;877.0;9.0;Grew;True;2022-04-07 06:09:18+00:00;False;104;104;5125;c793bb6303e1bddb3555577c4c47f46bf9bdcea6;10;gitlab-bot@gitlab.com;gitlab-bot@gitlab.com
integration_spec.rb;MODIFY;925.0;48.0;Grew;True;2022-04-13 15:08:16+00:00;False;111;111;5405;907fd5d94ecec19ff7de4986e83e75e6fa082558;76;gitlab-bot@gitlab.com;gitlab-bot@gitlab.com
integration_spec.rb;MODIFY;925.0;0.0;Equal;True;2022-04-29 21:10:44+00:00;False;111;111;5405;cb37aee9894007e60893693d5d48199ea0f0958f;47;gitlab-bot@gitlab.com;gitlab-bot@gitlab.com
integration_spec.rb;MODIFY;933.0;8.0;Grew;True;2022-05-05 09:08:00+00:00;False;112;112;5436;17ef30f3df6d3939e41e69efc7cfa3deaa08605d;119;gitlab-bot@gitlab.com;gitlab-bot@gitlab.com
integration_spec.rb;MODIFY;952.0;19.0;Grew;True;2022-05-05 12:08:03+00:00;False;114;114;5555;3c86701bc89302550abb9bbaa060132fdcd52480;183;gitlab-bot@gitlab.com;gitlab-bot@gitlab.com
integration_spec.rb;MODIFY;952.0;0.0;Equal;True;2022-05-06 12:09:05+00:00;False;114;114;5558;669ad9e431c7647f01bda681aab2c0ad2cb58826;89;gitlab-bot@gitlab.com;gitlab-bot@gitlab.com
integration_spec.rb;MODIFY;956.0;4.0;Grew;True;2022-05-06 15:09:03+00:00;False;115;115;5570;67fa8362ae35ab6134454aa74ad536eb405dff29;327;gitlab-bot@gitlab.com;gitlab-bot@gitlab.com
integration_spec.rb;MODIFY;960.0;4.0;Grew;True;2022-05-30 09:09:35+00:00;False;116;116;5601;bf774d67fc8a84f76f20494c318d7cfacb0c69ac;49;gitlab-bot@gitlab.com;gitlab-bot@gitlab.com
integration_spec.rb;MODIFY;991.0;31.0;Grew;True;2022-06-02 21:09:25+00:00;False;119;119;5774;6ddc820225c148a923a154ab6d6f0a8c791a089d;104;gitlab-bot@gitlab.com;gitlab-bot@gitlab.com
integration_spec.rb;MODIFY;990.0;-1.0;Decreased;True;2022-06-15 00:09:28+00:00;False;119;119;5820;0624d0c79f2c2151a7a6e04b9850cb78e2a93826;35;gitlab-bot@gitlab.com;gitlab-bot@gitlab.com
integration_spec.rb;MODIFY;979.0;-11.0;Decreased;True;2022-06-22 18:09:56+00:00;False;118;118;5763;2bb1dbf21f2a684b29c63be7e2594886884cd2ac;47;gitlab-bot@gitlab.com;gitlab-bot@gitlab.com
integration_spec.rb;MODIFY;991.0;12.0;Grew;True;2022-06-23 15:09:32+00:00;False;119;119;5873;cd81aadde2782c9fbb0ad69d5471bad792345120;43;gitlab-bot@gitlab.com;gitlab-bot@gitlab.com
integration_spec.rb;MODIFY;1026.0;35.0;Grew;True;2022-06-29 18:08:50+00:00;False;124;122;6053;860efb35e24e07a1a22bcafcddb5f0409d40354c;115;gitlab-bot@gitlab.com;gitlab-bot@gitlab.com
integration_spec.rb;MODIFY;1035.0;9.0;Grew;True;2022-07-01 18:08:33+00:00;False;125;123;6097;24d67ec55454fc6f4e8e80bf7c8dc5bc677e8514;61;gitlab-bot@gitlab.com;gitlab-bot@gitlab.com
integration_spec.rb;MODIFY;1034.0;-1.0;Decreased;True;2022-08-08 06:09:19+00:00;False;124;122;6077;5bc16a3b1a97fc22d34be1b23cb2fc9050a9bd06;16;gitlab-bot@gitlab.com;gitlab-bot@gitlab.com
integration_spec.rb;MODIFY;1034.0;0.0;Equal;True;2022-08-10 15:11:53+00:00;False;124;122;6077;0a412bceb98cd7acd46701d75dbad9683cb33baf;87;gitlab-bot@gitlab.com;gitlab-bot@gitlab.com
integration_spec.rb;MODIFY;1034.0;0.0;Equal;True;2022-08-10 18:12:05+00:00;False;124;122;6077;2e2c1a521c03c8cd7ab57296016fee6350e29b07;34;gitlab-bot@gitlab.com;gitlab-bot@gitlab.com
integration_spec.rb;MODIFY;1035.0;1.0;Grew;True;2022-09-29 12:08:49+00:00;False;124;122;6077;9bf40d9fdc79fb09f67ac2b571467908758777ad;108;gitlab-bot@gitlab.com;gitlab-bot@gitlab.com
integration_spec.rb;MODIFY;1035.0;0.0;Equal;True;2022-10-20 15:10:58+00:00;False;124;122;6116;049d16d168fdee408b78f5f38619c092fd3b2265;122;gitlab-bot@gitlab.com;gitlab-bot@gitlab.com
integration_spec.rb;MODIFY;1051.0;16.0;Grew;True;2022-10-27 00:10:35+00:00;False;138;136;6226;135dd0646bd1402985d82d99eb1e667a0f695e8b;129;gitlab-bot@gitlab.com;gitlab-bot@gitlab.com
integration_spec.rb;MODIFY;1059.0;8.0;Grew;True;2022-11-11 12:08:16+00:00;False;140;138;6268;2761b4465bb13e170f0b8b2941d83f356a47eee6;89;gitlab-bot@gitlab.com;gitlab-bot@gitlab.com
integration_spec.rb;MODIFY;1059.0;0.0;Equal;True;2022-12-06 15:09:20+00:00;False;140;138;6268;552877c4d1c535f529be13862692a8fe826a72a2;58;gitlab-bot@gitlab.com;gitlab-bot@gitlab.com
integration_spec.rb;MODIFY;1060.0;1.0;Grew;True;2022-12-29 00:10:08+00:00;False;140;138;6272;9095890f109806c2275399053781c86eb09e932b;10;gitlab-bot@gitlab.com;gitlab-bot@gitlab.com
integration_spec.rb;MODIFY;1061.0;1.0;Grew;True;2023-01-05 12:09:59+00:00;False;141;139;6279;b90cf01a88df981f452a7f6b6d74e8fd0ccbf90b;73;gitlab-bot@gitlab.com;gitlab-bot@gitlab.com
integration_spec.rb;MODIFY;1063.0;2.0;Grew;True;2023-02-01 21:12:08+00:00;False;141;139;6279;d170c7eeef81debb74afa518c256358ccb7e231c;146;gitlab-bot@gitlab.com;gitlab-bot@gitlab.com
integration_spec.rb;MODIFY;1067.0;4.0;Grew;True;2023-03-02 18:12:20+00:00;False;141;139;6300;3c4d101de003ea292be5ac5baf5d73c6c2747367;165;gitlab-bot@gitlab.com;gitlab-bot@gitlab.com
integration_spec.rb;MODIFY;1067.0;0.0;Equal;True;2023-03-28 03:16:39+00:00;False;141;139;6303;9449a8c94313cd1cbe1c4cad885635aa7e3f6c01;32;gitlab-bot@gitlab.com;gitlab-bot@gitlab.com
integration_spec.rb;MODIFY;1078.0;11.0;Grew;True;2023-06-06 03:07:26+00:00;False;145;143;6370;5e448ff06309854c838fb5eaa46fd05ebc5218ab;47;gitlab-bot@gitlab.com;gitlab-bot@gitlab.com
integration_spec.rb;MODIFY;1086.0;8.0;Grew;True;2023-06-21 12:09:17+00:00;False;147;145;6412;0c4570435d417b69efd433057f95f01810618837;89;gitlab-bot@gitlab.com;gitlab-bot@gitlab.com
integration_spec.rb;MODIFY;1086.0;0.0;Equal;True;2023-06-30 06:09:09+00:00;False;147;145;6412;8698900da3194414303687b225c826ec99b88420;269;gitlab-bot@gitlab.com;gitlab-bot@gitlab.com
integration_spec.rb;MODIFY;1095.0;9.0;Grew;True;2023-07-05 15:10:10+00:00;False;148;146;6451;c4acd4624d61ef923453561a698c905c0ffa7b57;82;gitlab-bot@gitlab.com;gitlab-bot@gitlab.com
integration_spec.rb;MODIFY;1095.0;0.0;Equal;True;2023-08-03 18:10:18+00:00;False;148;146;6451;9be457ffc1727f6a942a68c16e47ca0bcaa2f64a;160;gitlab-bot@gitlab.com;gitlab-bot@gitlab.com
integration_spec.rb;MODIFY;1105.0;10.0;Grew;True;2023-08-09 03:08:53+00:00;False;149;147;6543;251f4007156b40a0585e208eee2847d9d5746e08;34;gitlab-bot@gitlab.com;gitlab-bot@gitlab.com
integration_spec.rb;MODIFY;1105.0;0.0;Equal;True;2023-09-05 15:09:19+00:00;False;149;147;6570;27d47e40e196e46f0f027f0a2e3e4debe293ba39;54;gitlab-bot@gitlab.com;gitlab-bot@gitlab.com
integration_spec.rb;MODIFY;1093.0;-12.0;Decreased;True;2023-10-10 09:08:01+00:00;False;149;147;6541;0e6368a09e498dd3f2a02dd99dfac53036bb15f6;68;gitlab-bot@gitlab.com;gitlab-bot@gitlab.com
integration_spec.rb;MODIFY;1077.0;-16.0;Decreased;True;2023-10-18 03:11:42+00:00;False;148;146;6481;c3df0504a2212528bd792fb0cdad539189a6219e;45;gitlab-bot@gitlab.com;gitlab-bot@gitlab.com
integration_spec.rb;MODIFY;1087.0;10.0;Grew;True;2023-10-24 18:11:45+00:00;False;150;148;6521;4bb797f25563205cf495f4dd5366e037e88831ab;112;gitlab-bot@gitlab.com;gitlab-bot@gitlab.com
integration_spec.rb;MODIFY;1087.0;0.0;Equal;True;2023-10-31 12:11:01+00:00;False;150;148;6521;f52f8542b47c9e00ddf420abaf2263de168988f9;124;gitlab-bot@gitlab.com;gitlab-bot@gitlab.com
integration_spec.rb;MODIFY;1088.0;1.0;Grew;True;2023-11-01 18:12:39+00:00;False;150;148;6530;68ce709bef9bc89bbb9869e24508777bbe0a1a1d;67;gitlab-bot@gitlab.com;gitlab-bot@gitlab.com
integration_spec.rb;MODIFY;1087.0;-1.0;Decreased;True;2023-11-20 15:10:40+00:00;False;150;148;6515;dd1e2632dff0318aae7bc9f12cdcb4b976b92d22;89;gitlab-bot@gitlab.com;gitlab-bot@gitlab.com
integration_spec.rb;MODIFY;1107.0;20.0;Grew;True;2024-01-19 18:09:33+00:00;False;152;150;6606;d1be3e6f776e1c77976537548c1daa9af2fb2650;208;gitlab-bot@gitlab.com;gitlab-bot@gitlab.com
integration_spec.rb;MODIFY;1152.0;45.0;Grew;True;2024-02-16 09:10:14+00:00;False;161;159;6857;f971281bcd61a9f7d13fd04ff64152a43d5ac7f9;65;gitlab-bot@gitlab.com;gitlab-bot@gitlab.com
integration_spec.rb;MODIFY;1155.0;3.0;Grew;True;2024-03-04 12:09:58+00:00;False;162;160;6873;c312ea1c284c9f201c5adc525cb0cc0f12591ebd;108;gitlab-bot@gitlab.com;gitlab-bot@gitlab.com
integration_spec.rb;MODIFY;1185.0;30.0;Grew;True;2024-03-21 18:14:12+00:00;False;166;164;6995;f2e8d3f28858dfab923024c30259e3bc08c0ccdb;133;gitlab-bot@gitlab.com;gitlab-bot@gitlab.com
integration_spec.rb;MODIFY;1221.0;36.0;Grew;True;2024-03-24 18:13:10+00:00;False;166;164;6927;8be7b932a11915a7235179531cace6952d133c2a;11;gitlab-bot@gitlab.com;gitlab-bot@gitlab.com
integration_spec.rb;MODIFY;1237.0;16.0;Grew;True;2024-06-05 06:21:26+00:00;False;167;165;7033;4602f65fc19f0100ebdfda0a1744cf9561652bf2;21;gitlab-bot@gitlab.com;gitlab-bot@gitlab.com
integration_spec.rb;MODIFY;1355.0;118.0;Grew;True;2024-06-11 18:24:06+00:00;False;180;178;7857;f731c095d654d72d3d2e87a3ae325afa71a83c15;87;gitlab-bot@gitlab.com;gitlab-bot@gitlab.com
integration_spec.rb;MODIFY;1361.0;6.0;Grew;True;2024-06-20 06:15:57+00:00;False;181;179;7898;c03a8f123af01845bb6dbce81331dc4b5edc664c;71;gitlab-bot@gitlab.com;gitlab-bot@gitlab.com
integration_spec.rb;MODIFY;1371.0;10.0;Grew;True;2024-07-12 12:33:54+00:00;False;182;180;7931;19c89d68d018cda8db6ddb4ea93451bdb21ef29f;50;gitlab-bot@gitlab.com;gitlab-bot@gitlab.com
integration_spec.rb;MODIFY;1383.0;12.0;Grew;True;2024-07-29 15:11:17+00:00;False;184;182;7979;1fec509ff1a480c146f449a8397a32d11b65df55;79;gitlab-bot@gitlab.com;gitlab-bot@gitlab.com
integration_spec.rb;MODIFY;1399.0;16.0;Grew;True;2024-08-27 18:10:16+00:00;False;188;186;8069;3e14ece254e8398bbc98534d11e43f6f9d3a5966;254;gitlab-bot@gitlab.com;gitlab-bot@gitlab.com
integration_spec.rb;MODIFY;1393.0;-6.0;Decreased;True;2024-08-29 06:07:44+00:00;False;187;185;8047;47d2cd0b94eb215347e9b7500c64b3a571e90d92;167;gitlab-bot@gitlab.com;gitlab-bot@gitlab.com
integration_spec.rb;MODIFY;1421.0;28.0;Grew;True;2024-11-30 00:28:34+00:00;False;193;191;8187;0b6748ed05bb8fd1b0d1439464693056903b8827;40;gitlab-bot@gitlab.com;gitlab-bot@gitlab.com
integration_spec.rb;MODIFY;1389.0;-32.0;Decreased;True;2024-12-17 00:28:34+00:00;False;187;185;8038;77f15abfc51e1a5e97be3d985385b0089257584e;218;gitlab-bot@gitlab.com;gitlab-bot@gitlab.com
