file_name;change_type;n_loc;lines_balance;size_change;is_large;date;swapped_classification;complexity;methods;tokens;hash;files_on_commit;committer_email;author_email
merge_request_diff_spec.rb;ADD;37;0.0;Equal;False;2016-07-08 09:56:55+00:00;False;5;5;208;b6b26692ea44cfeab7e8fd64b7df60852850fce2;17;sean@gitlab.com;sean@gitlab.com
merge_request_diff_spec.rb;MODIFY;37;0.0;Equal;False;2016-07-11 08:31:34+00:00;False;5;5;204;5266ae87c43a6760600e397257f9791d950dbe15;10;sean@gitlab.com;sean@gitlab.com
merge_request_diff_spec.rb;MODIFY;50;13.0;Grew;False;2016-08-02 10:31:19+00:00;False;12;12;329;3c1dca0301366c63d1800aa11e73a82e68e120d0;3;dmitriy.zaporozhets@gmail.com;dmitriy.zaporozhets@gmail.com
merge_request_diff_spec.rb;MODIFY;51;1.0;Grew;False;2016-08-02 10:31:19+00:00;False;13;13;341;f8aeb8cdac98108bca5d1be2a382c32df6a500e5;5;dmitriy.zaporozhets@gmail.com;dmitriy.zaporozhets@gmail.com
merge_request_diff_spec.rb;MODIFY;47;-4.0;Decreased;False;2016-08-02 12:38:03+00:00;False;12;12;316;6515ec09bbfa25027d1b8a1240e09bc1c6edbcfb;7;dmitriy.zaporozhets@gmail.com;dmitriy.zaporozhets@gmail.com
merge_request_diff_spec.rb;MODIFY;37;-10.0;Decreased;False;2016-08-03 21:32:12+00:00;False;5;5;204;631f59d4e7f449c59735cd7eab25cf407e06d5d8;4;pacoguzmanp@gmail.com;pacoguzmanp@gmail.com
merge_request_diff_spec.rb;MODIFY;54;17.0;Grew;False;2016-08-25 07:59:30+00:00;False;14;14;374;d64c15c5c391e8f49a9f261ba0e59bafb99d97fe;4;dmitriy.zaporozhets@gmail.com;dmitriy.zaporozhets@gmail.com
merge_request_diff_spec.rb;MODIFY;71;17.0;Grew;False;2016-09-22 09:36:43+00:00;False;15;15;427;b0ce4ca11012388b1e4fbc1d928cbf4c0da66104;1;godfat@godfat.org;godfat@godfat.org
merge_request_diff_spec.rb;MODIFY;79;8.0;Grew;False;2016-10-10 20:05:09+00:00;False;16;16;482;d4fab17d7c8c2b233248295755a6277fdee09c9f;3;stanhu@gmail.com;stanhu@gmail.com
merge_request_diff_spec.rb;MODIFY;79;0.0;Equal;False;2016-10-11 13:41:10+00:00;False;16;16;482;8caf097a162cc43cea59162600bbb1fbc981f0bc;8;henthe-5@student.ltu.se;henthe-5@student.ltu.se
merge_request_diff_spec.rb;MODIFY;71;-8.0;Decreased;False;2016-10-11 15:33:06+00:00;False;15;15;427;c90483406ecc2717076391737ff57167b5a03393;16;tiagonbotelho@hotmail.com;tiagonbotelho@hotmail.com
merge_request_diff_spec.rb;MODIFY;90;19.0;Grew;False;2016-10-12 13:32:57+00:00;False;18;18;546;7421c08ace8a129b37c4942eb21a0b5cf1a73a53;1;dmitriy.zaporozhets@gmail.com;dmitriy.zaporozhets@gmail.com
merge_request_diff_spec.rb;MODIFY;86;-4.0;Decreased;False;2016-10-12 13:32:57+00:00;False;17;17;517;cdcc11d48fe6d04f6a1cfebc39bcea71d35b3e4a;2;dmitriy.zaporozhets@gmail.com;dmitriy.zaporozhets@gmail.com
merge_request_diff_spec.rb;MODIFY;91;5.0;Grew;False;2016-12-01 11:17:30+00:00;False;19;19;565;cb6f8cdfc23a18daf33288c95ae8badec63f53ad;11;adamsunday@gmail.com;adamsunday@gmail.com
merge_request_diff_spec.rb;MODIFY;109;18.0;Grew;False;2017-01-12 15:41:29+00:00;False;22;22;667;ca0cf5a3cd2829db4cfac007c36d5588ed369f87;8;felipefac@gmail.com;felipefac@gmail.com
merge_request_diff_spec.rb;MODIFY;109;0.0;Equal;False;2017-02-23 15:31:56+00:00;False;22;22;667;3dadf306ddc81183e74b048bc4119796852ed7ea;188;douwe@selenight.nl;douwe@selenight.nl
merge_request_diff_spec.rb;MODIFY;109;0.0;Equal;False;2017-02-23 15:32:22+00:00;False;22;22;667;206953a430e442fbbd06984b1120890dbf8d3f79;466;douwe@selenight.nl;douwe@selenight.nl
merge_request_diff_spec.rb;MODIFY;109;0.0;Equal;False;2017-02-23 15:32:41+00:00;False;22;22;663;7d4b52b27dcbe30d85d4fad27e983cee51cf6677;69;douwe@selenight.nl;douwe@selenight.nl
merge_request_diff_spec.rb;MODIFY;109;0.0;Equal;False;2017-02-23 15:33:05+00:00;False;22;22;663;1fe7501b49f896b74102c4b970310aa9ae34da85;466;douwe@selenight.nl;douwe@selenight.nl
merge_request_diff_spec.rb;MODIFY;109;0.0;Equal;False;2017-02-23 15:33:19+00:00;False;22;22;663;56de781a2cef437b6e1af748dc0c231af74e044d;191;douwe@selenight.nl;douwe@selenight.nl
merge_request_diff_spec.rb;MODIFY;118;9.0;Grew;False;2017-06-06 16:40:07+00:00;False;23;23;695;6b53add3f93caffa830e3bdbb3d8fd8d674ee3aa;3;remy@rymai.me;james@gitlab.com
merge_request_diff_spec.rb;MODIFY;122;4.0;Grew;False;2017-06-14 18:18:56+00:00;False;23;23;695;a6ec5121f0c844786c84c568a3200562ec58a9c2;205;rspeicher@gmail.com;rspeicher@gmail.com
merge_request_diff_spec.rb;MODIFY;123;1.0;Grew;False;2017-06-16 17:30:01+00:00;False;23;23;706;9a73b634ab4220f68a8296ccb582a68293874489;24;sean@gitlab.com;sean@gitlab.com
merge_request_diff_spec.rb;MODIFY;123;0.0;Equal;False;2017-07-06 16:36:10+00:00;False;23;23;708;aff5c9f3e5ecdd9eee2b2b60ab6367da878582fc;21;sean@gitlab.com;sean@gitlab.com
merge_request_diff_spec.rb;MODIFY;130;7.0;Grew;False;2017-07-26 14:34:57+00:00;False;24;24;775;396b8f91ec47ffb5a02ebf6d713ef4cbf04f1f94;10;sean@gitlab.com;sean@gitlab.com
merge_request_diff_spec.rb;MODIFY;130;0.0;Equal;False;2017-07-27 12:31:53+00:00;False;24;24;772;cddc5cacfb833fbd188d2f5982381f66dd3eee3b;106;remy@rymai.me;remy@rymai.me
merge_request_diff_spec.rb;MODIFY;130;0.0;Equal;False;2017-07-27 12:31:53+00:00;False;24;24;772;ddccd24c1388dadc057ac3c4c0a49f3fea847292;495;remy@rymai.me;remy@rymai.me
merge_request_diff_spec.rb;MODIFY;130;0.0;Equal;False;2017-11-23 12:14:56+00:00;False;24;24;771;991bf24ec8890eca248a00deb4f33f309c9ffb83;15;sean@gitlab.com;sean@gitlab.com
merge_request_diff_spec.rb;MODIFY;101;-29.0;Decreased;False;2017-11-28 16:13:40+00:00;False;22;22;633;4ebbfe5d3e0dbe06346ee0c64a8f62ec11f9b6e8;23;sean@gitlab.com;sean@gitlab.com
merge_request_diff_spec.rb;MODIFY;117;16.0;Grew;False;2018-01-12 20:38:36+00:00;False;24;24;712;a7d26f00c35b945199d40332349f463043ae6122;15;clemmakesapps@gmail.com;sathiroyuki@gmail.com
merge_request_diff_spec.rb;MODIFY;146;29.0;Grew;False;2018-06-24 21:01:37+00:00;False;27;27;846;f5ed18e1e3b5e69fa7bd650f3144fcfe26ac315f;18;oswaldo@gitlab.com;oswaldo@gitlab.com
merge_request_diff_spec.rb;MODIFY;151;5.0;Grew;False;2018-06-29 13:25:35+00:00;False;28;28;884;2c2422d54e4b12471dbc25dbc90cbbffe4fb1c2b;4;sean@gitlab.com;sean@gitlab.com
merge_request_diff_spec.rb;MODIFY;156;5.0;Grew;False;2018-07-18 09:53:19+00:00;False;29;29;911;3ecc2b04a3f9c2dfad73b320bf54f5c9913204c0;4;sean@gitlab.com;oswaldo@gitlab.com
merge_request_diff_spec.rb;MODIFY;161;5.0;Grew;False;2018-08-01 13:26:38+00:00;False;30;30;941;fc4a0cd055643d6d66ed0dc8f0ba3ad5f09f6a95;3;oswaldo@gitlab.com;oswaldo@gitlab.com
merge_request_diff_spec.rb;MODIFY;161;0.0;Equal;False;2018-11-01 16:51:42+00:00;False;30;30;953;9338c11f61432cccc939c0912877c1b128b9b668;2;stanhu@gmail.com;stanhu@gmail.com
merge_request_diff_spec.rb;MODIFY;176;15.0;Grew;False;2018-11-02 19:11:30+00:00;False;33;33;1058;dbc03ce3a9db7f8c3d29f657beccd839d515e384;6;stanhu@gmail.com;stanhu@gmail.com
merge_request_diff_spec.rb;MODIFY;187;11.0;Grew;False;2018-11-07 03:28:43+00:00;False;34;34;1106;67b579c54e77a28db2736401e698f609a713d0f3;6;mchao@gitlab.com;mchao@gitlab.com
merge_request_diff_spec.rb;MODIFY;187;0.0;Equal;False;2018-12-13 20:38:51+00:00;False;34;34;1108;921bc753bf7dc85dd0c3083bacb7f633ea2b51c9;2;jaspermaes.jm@gmail.com;jaspermaes.jm@gmail.com
merge_request_diff_spec.rb;MODIFY;235;48.0;Grew;False;2019-02-05 14:12:48+00:00;False;39;39;1310;f9e41d0d851ae0ab1d67df63d0309fdce97517e1;16;nick@gitlab.com;nick@gitlab.com
merge_request_diff_spec.rb;MODIFY;244;9.0;Grew;False;2019-03-04 18:36:34+00:00;False;40;40;1380;ebf16ada856efb85424a98848c141f21e609886a;10;yorickpeterse@gmail.com;fjlopez@gitlab.com
merge_request_diff_spec.rb;MODIFY;260;16.0;Grew;False;2019-03-14 19:55:45+00:00;False;41;41;1524;6552197eecfd355041ecb99f48a48efb93c5ffab;4;stanhu@gmail.com;stanhu@gmail.com
merge_request_diff_spec.rb;MODIFY;361;101.0;Grew;False;2019-03-27 16:51:33+00:00;False;55;55;2052;0e831b0b692f2988d3c84fc01a463b08afec05ad;17;nick@gitlab.com;nick@gitlab.com
merge_request_diff_spec.rb;MODIFY;361;0.0;Equal;False;2019-04-01 01:37:54+00:00;False;55;55;2052;a2cfc150cec677b27728a4758e5e40fff5b4c284;276;tkuah@gitlab.com;tkuah@gitlab.com
merge_request_diff_spec.rb;MODIFY;367;6.0;Grew;False;2019-08-06 08:38:50+00:00;False;56;56;2074;5b70ffcf14539c4984a9d278e673ab963e4412fd;3;pshutsin@gitlab.com;pshutsin@gitlab.com
merge_request_diff_spec.rb;MODIFY;377;10.0;Grew;False;2019-09-04 10:01:55+00:00;False;58;58;2130;f089a230159d262be8ac97c57b10086434b9c80d;5;pshutsin@gitlab.com;pshutsin@gitlab.com
merge_request_diff_spec.rb;MODIFY;384;7.0;Grew;False;2019-11-14 12:06:30+00:00;False;59;59;2188;d8c06be498acbfc2024c01b6b6b02d120dc499f2;50;gitlab-bot@gitlab.com;gitlab-bot@gitlab.com
merge_request_diff_spec.rb;MODIFY;388;4.0;Grew;False;2019-11-20 03:06:28+00:00;False;60;60;2230;0ecdcf59f4342de55a7d2c3ee4ac0d9c3b116aa5;12;gitlab-bot@gitlab.com;gitlab-bot@gitlab.com
merge_request_diff_spec.rb;MODIFY;399;11.0;Grew;False;2019-11-27 12:06:30+00:00;False;60;60;2274;3269a20692c5b1f32862072d7897a4e753bae9ef;34;gitlab-bot@gitlab.com;gitlab-bot@gitlab.com
merge_request_diff_spec.rb;MODIFY;446;47.0;Grew;False;2019-12-11 15:07:38+00:00;False;64;64;2515;4eea104c69e59f6fa53c7bc15b986c69f29b60c8;44;gitlab-bot@gitlab.com;gitlab-bot@gitlab.com
merge_request_diff_spec.rb;MODIFY;446;0.0;Equal;False;2020-02-05 12:09:15+00:00;False;64;64;2515;20d564f1064622ef0623434372ac3ceb03173331;73;gitlab-bot@gitlab.com;gitlab-bot@gitlab.com
merge_request_diff_spec.rb;MODIFY;471;25.0;Grew;False;2020-03-20 21:09:17+00:00;False;67;67;2666;68f1860e6f1f9e8441c434f4e62238c359ce8c7c;20;gitlab-bot@gitlab.com;gitlab-bot@gitlab.com
merge_request_diff_spec.rb;MODIFY;497;26.0;Grew;False;2020-04-21 15:21:10+00:00;False;69;69;2813;e33f87ac0fabaab468ce4b457996cc0f1b1bb648;1303;gitlab-bot@gitlab.com;gitlab-bot@gitlab.com
merge_request_diff_spec.rb;MODIFY;535;38.0;Grew;False;2020-05-06 21:10:00+00:00;False;75;71;3026;5f0e3773e9695fd0c9e92ea9180c8a1f5cfaa5c5;57;gitlab-bot@gitlab.com;gitlab-bot@gitlab.com
merge_request_diff_spec.rb;MODIFY;535;0.0;Equal;False;2020-06-24 18:09:03+00:00;False;75;71;3028;c59765a50abd6a235220fd895f5de78038c243a8;1473;gitlab-bot@gitlab.com;gitlab-bot@gitlab.com
merge_request_diff_spec.rb;MODIFY;549;14.0;Grew;False;2020-07-03 21:09:31+00:00;False;76;72;3120;e173695d9b82004006cb5096d3fd8bb6c77069f5;96;gitlab-bot@gitlab.com;gitlab-bot@gitlab.com
merge_request_diff_spec.rb;MODIFY;614;65.0;Grew;False;2020-07-15 12:09:26+00:00;False;80;76;3446;9215d9f7619929f9da16744fa37636635b66949b;78;gitlab-bot@gitlab.com;gitlab-bot@gitlab.com
merge_request_diff_spec.rb;MODIFY;614;0.0;Equal;False;2020-08-04 21:09:56+00:00;False;80;76;3446;20de59fb35360bb61806cfe690de57fef2f1873d;41;gitlab-bot@gitlab.com;gitlab-bot@gitlab.com
merge_request_diff_spec.rb;MODIFY;620;6.0;Grew;False;2020-08-13 15:10:03+00:00;False;81;77;3479;6df7943512ca90323c69b926404cc561b6305ce2;110;gitlab-bot@gitlab.com;gitlab-bot@gitlab.com
merge_request_diff_spec.rb;MODIFY;622;2.0;Grew;False;2020-08-18 18:10:10+00:00;False;81;77;3493;85f7fa54f404f28b0f351c2be0f7a6e9d74fe65f;108;gitlab-bot@gitlab.com;gitlab-bot@gitlab.com
merge_request_diff_spec.rb;MODIFY;643;21.0;Grew;False;2020-09-10 21:08:28+00:00;False;85;81;3634;5ec9ab0e8cc7293a364235d6cc57f6a77dce2c38;62;gitlab-bot@gitlab.com;gitlab-bot@gitlab.com
merge_request_diff_spec.rb;MODIFY;650;7.0;Grew;False;2020-09-22 09:09:43+00:00;False;86;82;3675;1086ac5177a6762ac14bccc6ce5584781bd44d1c;52;gitlab-bot@gitlab.com;gitlab-bot@gitlab.com
merge_request_diff_spec.rb;MODIFY;678;28.0;Grew;True;2020-10-19 21:09:06+00:00;True;89;85;3867;376ae6f3b376d6956fe037c9097b48a2e4867859;97;gitlab-bot@gitlab.com;gitlab-bot@gitlab.com
merge_request_diff_spec.rb;MODIFY;681;3.0;Grew;True;2020-12-04 06:09:34+00:00;False;89;85;3875;a2f16969fa9bb982d5ec01f18efff5eabfc89a67;40;gitlab-bot@gitlab.com;gitlab-bot@gitlab.com
merge_request_diff_spec.rb;MODIFY;864;183.0;Grew;True;2020-12-15 00:10:07+00:00;False;100;94;4470;f68b31bd2c8812f4aa3654c6ab7271578c2ceea4;47;gitlab-bot@gitlab.com;gitlab-bot@gitlab.com
merge_request_diff_spec.rb;MODIFY;896;32.0;Grew;True;2021-01-27 18:09:08+00:00;False;111;105;4737;874d5e8019150bfb2428cac3089c1dac1d6f9ed9;38;gitlab-bot@gitlab.com;gitlab-bot@gitlab.com
merge_request_diff_spec.rb;MODIFY;896;0.0;Equal;True;2021-02-09 12:09:48+00:00;False;111;105;4731;3c53fbc50bf8d084f1184836468850d2a83ef920;119;gitlab-bot@gitlab.com;gitlab-bot@gitlab.com
merge_request_diff_spec.rb;MODIFY;896;0.0;Equal;True;2021-04-23 09:10:03+00:00;False;111;105;4733;65f7976d0cd11d91a4c0945b2c63a1aa2f888b07;72;gitlab-bot@gitlab.com;gitlab-bot@gitlab.com
merge_request_diff_spec.rb;MODIFY;899;3.0;Grew;True;2021-05-06 03:10:25+00:00;False;112;106;4749;806b829e76120085d80759dabc110f0328cfb7ac;17;gitlab-bot@gitlab.com;gitlab-bot@gitlab.com
merge_request_diff_spec.rb;MODIFY;820;-79.0;Decreased;True;2021-05-12 00:10:27+00:00;False;108;103;4523;a160c4b1a72105a751cdc2f9f973dbe39a1c0dfd;64;gitlab-bot@gitlab.com;gitlab-bot@gitlab.com
merge_request_diff_spec.rb;MODIFY;820;0.0;Equal;True;2021-05-12 03:10:21+00:00;False;108;103;4525;3e7f2f00ca92b26d631009c5f45986500a27024b;195;gitlab-bot@gitlab.com;gitlab-bot@gitlab.com
merge_request_diff_spec.rb;MODIFY;854;34.0;Grew;True;2021-06-14 18:10:28+00:00;False;112;107;4799;f69bc1dab50e86440bb4ffdc507ca5efd94bf459;104;gitlab-bot@gitlab.com;gitlab-bot@gitlab.com
merge_request_diff_spec.rb;MODIFY;834;-20.0;Decreased;True;2021-06-18 21:10:06+00:00;False;110;105;4655;cb0a625459525122d2736a895a728edb3b8ea4ff;156;gitlab-bot@gitlab.com;gitlab-bot@gitlab.com
merge_request_diff_spec.rb;MODIFY;830;-4.0;Decreased;True;2021-06-28 06:07:45+00:00;False;110;105;4631;6047d21a899cba25dfb554cca1776fed689dc951;111;gitlab-bot@gitlab.com;gitlab-bot@gitlab.com
merge_request_diff_spec.rb;MODIFY;830;0.0;Equal;True;2021-06-29 03:07:32+00:00;False;110;105;4631;be8b477154c88aaf1ed2c4adea980945482350d2;265;gitlab-bot@gitlab.com;gitlab-bot@gitlab.com
merge_request_diff_spec.rb;MODIFY;830;0.0;Equal;True;2021-07-29 15:09:48+00:00;False;110;105;4633;f4d51a9f71cf3d4b0874a3e1948fe3c1ea193c4d;250;gitlab-bot@gitlab.com;gitlab-bot@gitlab.com
merge_request_diff_spec.rb;MODIFY;832;2.0;Grew;True;2021-08-03 06:08:50+00:00;False;110;105;4637;139f9c7dc18372bc4cdfaab5f887eae5e3547fa5;60;gitlab-bot@gitlab.com;gitlab-bot@gitlab.com
merge_request_diff_spec.rb;MODIFY;844;12.0;Grew;True;2021-11-09 03:42:22+00:00;False;112;107;4727;7dd9256e5eac896fb422566376086a0befc79151;123;gitlab-bot@gitlab.com;gitlab-bot@gitlab.com
merge_request_diff_spec.rb;MODIFY;844;0.0;Equal;True;2021-11-15 15:10:57+00:00;False;112;107;4724;e5c7d631a84940c66e46f1824ba7ce0c7f1d0ea4;188;gitlab-bot@gitlab.com;gitlab-bot@gitlab.com
merge_request_diff_spec.rb;MODIFY;919;75.0;Grew;True;2022-07-05 18:08:43+00:00;False;119;114;5220;e129eff88309eca18f3902afd710e2e07393fe45;146;gitlab-bot@gitlab.com;gitlab-bot@gitlab.com
merge_request_diff_spec.rb;MODIFY;922;3.0;Grew;True;2022-09-29 12:08:49+00:00;False;119;114;5220;9bf40d9fdc79fb09f67ac2b571467908758777ad;108;gitlab-bot@gitlab.com;gitlab-bot@gitlab.com
merge_request_diff_spec.rb;MODIFY;934;12.0;Grew;True;2022-11-09 18:07:50+00:00;False;120;115;5282;20f6a17ba2d2d5f056bda38dfe85e2a7b2a82d0b;107;gitlab-bot@gitlab.com;gitlab-bot@gitlab.com
merge_request_diff_spec.rb;MODIFY;970;36.0;Grew;True;2022-11-28 06:10:35+00:00;False;123;118;5436;787981be19177a149a901e873f199331ecb873d4;29;gitlab-bot@gitlab.com;gitlab-bot@gitlab.com
merge_request_diff_spec.rb;MODIFY;985;15.0;Grew;True;2022-12-28 18:07:22+00:00;False;124;119;5553;891529770382ed0591209570567f17605524ef39;39;gitlab-bot@gitlab.com;gitlab-bot@gitlab.com
merge_request_diff_spec.rb;MODIFY;985;0.0;Equal;True;2023-01-17 18:07:17+00:00;False;124;119;5556;3fbd6ba74ee268ad739599ae14dcf5c9b6acfc2c;139;gitlab-bot@gitlab.com;gitlab-bot@gitlab.com
merge_request_diff_spec.rb;MODIFY;985;0.0;Equal;True;2023-06-01 15:07:25+00:00;False;124;119;5556;fe09bd4d74025ea828425c6ffb0236549d51163f;110;gitlab-bot@gitlab.com;gitlab-bot@gitlab.com
merge_request_diff_spec.rb;MODIFY;985;0.0;Equal;True;2023-06-07 15:09:14+00:00;False;124;119;5562;9498dc957345829f29fe0bc4e55c969783b457be;61;gitlab-bot@gitlab.com;gitlab-bot@gitlab.com
merge_request_diff_spec.rb;MODIFY;989;4.0;Grew;True;2023-06-15 09:07:57+00:00;False;124;119;5562;5a14a0fe63ac7dace9821be554ad3b3951529708;75;gitlab-bot@gitlab.com;gitlab-bot@gitlab.com
merge_request_diff_spec.rb;MODIFY;1015;26.0;Grew;True;2023-09-27 18:11:32+00:00;False;129;124;5727;e53dd98899f27b4ba30632b8de062addb62466e8;61;gitlab-bot@gitlab.com;gitlab-bot@gitlab.com
merge_request_diff_spec.rb;MODIFY;1015;0.0;Equal;True;2023-10-31 12:11:01+00:00;False;129;124;5727;f52f8542b47c9e00ddf420abaf2263de168988f9;124;gitlab-bot@gitlab.com;gitlab-bot@gitlab.com
merge_request_diff_spec.rb;MODIFY;1032;17.0;Grew;True;2023-11-21 00:14:37+00:00;False;131;126;5836;b605abacd983a19c30dc364e8014fc758f496e98;51;gitlab-bot@gitlab.com;gitlab-bot@gitlab.com
merge_request_diff_spec.rb;MODIFY;1078;46.0;Grew;True;2023-11-21 15:13:27+00:00;False;136;131;6085;f1c788bb1836083e4f5ed91c1c7494244e6e13ee;55;gitlab-bot@gitlab.com;gitlab-bot@gitlab.com
merge_request_diff_spec.rb;MODIFY;1124;46.0;Grew;True;2023-12-12 03:16:05+00:00;False;138;133;6309;fdc2b6184d20e767f089557f3cdc68837a6aacfb;48;gitlab-bot@gitlab.com;gitlab-bot@gitlab.com
merge_request_diff_spec.rb;MODIFY;1124;0.0;Equal;True;2023-12-21 15:12:00+00:00;False;138;133;6309;6323146895db2be6f04846b3c98060b7349207b9;132;gitlab-bot@gitlab.com;gitlab-bot@gitlab.com
merge_request_diff_spec.rb;MODIFY;1139;15.0;Grew;True;2023-12-27 21:16:17+00:00;False;140;135;6376;d099cb5be9c4fa93ba9a114d11ba6dbe5f10a4eb;28;gitlab-bot@gitlab.com;gitlab-bot@gitlab.com
merge_request_diff_spec.rb;MODIFY;1157;18.0;Grew;True;2024-01-05 15:08:05+00:00;False;140;135;6442;4ba8ae97071935c39216afc53304c60386bbfa68;75;gitlab-bot@gitlab.com;gitlab-bot@gitlab.com
merge_request_diff_spec.rb;MODIFY;1176;19.0;Grew;True;2024-01-10 12:07:58+00:00;False;142;137;6535;8731c2348e508e52cad156bd819b0accbf88d495;86;gitlab-bot@gitlab.com;gitlab-bot@gitlab.com
merge_request_diff_spec.rb;MODIFY;1195;19.0;Grew;True;2024-01-15 15:08:13+00:00;False;144;139;6613;a29eae68f453c371271641899e00ea24339fb1c6;43;gitlab-bot@gitlab.com;gitlab-bot@gitlab.com
merge_request_diff_spec.rb;MODIFY;1210;15.0;Grew;True;2024-02-29 09:11:37+00:00;False;146;141;6682;967a30bb080b074dc097e12d905480f36f45b65d;27;gitlab-bot@gitlab.com;gitlab-bot@gitlab.com
merge_request_diff_spec.rb;MODIFY;1200;-10.0;Decreased;True;2024-03-05 12:07:04+00:00;False;145;140;6645;153c7d388520ae9c527375308028eae1f6bbaee5;63;gitlab-bot@gitlab.com;gitlab-bot@gitlab.com
merge_request_diff_spec.rb;MODIFY;1166;-34.0;Decreased;True;2024-04-08 09:09:32+00:00;False;142;137;6489;72026950b2ed8e21c33fa5e7203e513b382b8efb;71;gitlab-bot@gitlab.com;gitlab-bot@gitlab.com
merge_request_diff_spec.rb;MODIFY;1166;0.0;Equal;True;2024-05-24 21:19:13+00:00;False;142;137;6491;cd0b43eb255bf404e8f732e67ed3e3771d4d6ba4;101;gitlab-bot@gitlab.com;gitlab-bot@gitlab.com
merge_request_diff_spec.rb;MODIFY;1192;26.0;Grew;True;2024-08-07 15:08:06+00:00;False;144;139;6627;755df8c847d9e4f3818e0eb46e5ea00c399bd31f;150;gitlab-bot@gitlab.com;gitlab-bot@gitlab.com
merge_request_diff_spec.rb;MODIFY;1212;20.0;Grew;True;2024-10-14 18:16:04+00:00;False;146;141;6893;72b735b5f27cf6836615419d86576f6b57f0f732;81;gitlab-bot@gitlab.com;gitlab-bot@gitlab.com
merge_request_diff_spec.rb;MODIFY;1202;-10.0;Decreased;True;2024-12-04 21:34:59+00:00;False;144;139;6841;9ccd95d7d796af2d2707f1f129d16d6703c4bab3;108;gitlab-bot@gitlab.com;gitlab-bot@gitlab.com
merge_request_diff_spec.rb;MODIFY;1202;0.0;Equal;True;2024-12-13 09:28:18+00:00;False;144;139;6841;5395cd1a29385c2cb44a953798dda5b65f7afd1b;43;gitlab-bot@gitlab.com;gitlab-bot@gitlab.com
