file_name;change_type;n_loc;lines_balance;size_change;is_large;date;swapped_classification;complexity;methods;tokens;hash;files_on_commit;committer_email;author_email
rack_attack_global_spec.rb;MODIFY;296;0.0;Equal;False;2017-11-17 08:58:18+00:00;False;21;20;1543;203e3b2d072b3a673fda651dafdacb0e0cd6f1ae;1;fjlopez@gitlab.com;mkozono@gmail.com
rack_attack_global_spec.rb;MODIFY;297;1.0;Grew;False;2017-11-17 08:58:18+00:00;False;22;20;1548;987e7b774403e0ebd7ebe2faed4f2ed276504a69;1;fjlopez@gitlab.com;mkozono@gmail.com
rack_attack_global_spec.rb;RENAME;293;-4.0;Decreased;False;2017-11-17 08:58:18+00:00;False;19;18;1648;a7243fc14b02c8461cbad991178e12580534928f;1;fjlopez@gitlab.com;mkozono@gmail.com
rack_attack_global_spec.rb;MODIFY;297;4.0;Grew;False;2017-11-17 08:58:18+00:00;False;22;20;1548;91628170c7ed6d6f9ad0e6a19c6ca8fc69672b1d;1;fjlopez@gitlab.com;mkozono@gmail.com
rack_attack_global_spec.rb;MODIFY;288;-9.0;Decreased;False;2017-11-17 08:58:18+00:00;False;19;18;1536;6ba13b41ff266a97c4c0c875686511311e2004f8;1;fjlopez@gitlab.com;mkozono@gmail.com
rack_attack_global_spec.rb;MODIFY;287;-1.0;Decreased;False;2017-11-17 08:58:18+00:00;False;19;18;1543;6c5f46ace2ef5636e89822787a336c2b433d7dde;1;fjlopez@gitlab.com;mkozono@gmail.com
rack_attack_global_spec.rb;MODIFY;293;6.0;Grew;False;2017-11-17 09:00:08+00:00;False;20;20;1493;c491b9505ad9992b1e939c9ba858db9d4f8cc090;1;fjlopez@gitlab.com;fjlopez@gitlab.com
rack_attack_global_spec.rb;MODIFY;291;-2.0;Decreased;False;2017-11-17 09:00:48+00:00;False;20;20;1485;470b5dc32633cd4ec873e655ac6a70011c835e17;3;fjlopez@gitlab.com;fjlopez@gitlab.com
rack_attack_global_spec.rb;MODIFY;271;-20.0;Decreased;False;2017-11-17 09:01:21+00:00;False;20;20;1352;374179a97042da3a4d5312afcdb0dc90a44634f0;3;fjlopez@gitlab.com;fjlopez@gitlab.com
rack_attack_global_spec.rb;MODIFY;269;-2.0;Decreased;False;2017-11-17 09:02:11+00:00;False;20;20;1336;29521a313acc03eac0f81058a559fb4ca176f9e7;2;fjlopez@gitlab.com;fjlopez@gitlab.com
rack_attack_global_spec.rb;MODIFY;278;9.0;Grew;False;2018-02-15 16:54:36+00:00;False;21;21;1376;5ddd576c7e93da1c97b81af90f65e1f368266547;3;douwe@gitlab.com;fjlopez@gitlab.com
rack_attack_global_spec.rb;MODIFY;278;0.0;Equal;False;2018-05-31 14:01:04+00:00;False;21;21;1376;20dfe25c151cc883ce0d38b67125b5ca41e6d422;69;douwe@gitlab.com;ifarkas@gitlab.com
rack_attack_global_spec.rb;MODIFY;278;0.0;Equal;False;2018-12-18 23:04:31+00:00;False;21;21;1379;b44a2c801a64fb282cea794871fcfcf81e4ec539;214;blackst0ne.ru@gmail.com;blackst0ne.ru@gmail.com
rack_attack_global_spec.rb;MODIFY;278;0.0;Equal;False;2018-12-22 13:42:41+00:00;False;21;21;1381;dc1eb2c5c35a2cc739740d63b5ff1c947599b954;6;jaspermaes.jm@gmail.com;jaspermaes.jm@gmail.com
rack_attack_global_spec.rb;MODIFY;278;0.0;Equal;False;2019-04-23 00:31:23+00:00;False;21;21;1383;624a1cdab4da67c7b363602aa1178d0e6ff63475;43;heinrich@gitlab.com;jaspermaes.jm@gmail.com
rack_attack_global_spec.rb;MODIFY;294;16.0;Grew;False;2019-05-24 00:45:02+00:00;False;23;23;1451;ed8ebc635a06380e04f2e82df6e65095314a54d2;6;stanhu@gmail.com;mcabrera@gitlab.com
rack_attack_global_spec.rb;MODIFY;327;33.0;Grew;False;2019-07-02 19:48:06+00:00;False;24;24;1583;fc85b07a27a5e1cc77105235562e7be151a266a8;2;stanhu@gmail.com;mcabrera@gitlab.com
rack_attack_global_spec.rb;MODIFY;327;0.0;Equal;False;2019-08-20 18:12:28+00:00;False;24;24;1583;e632ae80845f849f93e4d85ef9f836a4792844c9;10;mcabrera@gitlab.com;stanhu@gmail.com
rack_attack_global_spec.rb;MODIFY;174;-153.0;Decreased;False;2019-09-05 21:15:55+00:00;False;12;12;944;3e619d1f9e2527e61e9b5964ee3409b6d04a5223;2;stanhu@gmail.com;mcabrera@gitlab.com
rack_attack_global_spec.rb;MODIFY;302;128.0;Grew;False;2019-09-26 21:06:29+00:00;False;17;17;1528;430999251558db3c64b4adfc6e2b4fb771f6cd48;22;gitlab-bot@gitlab.com;gitlab-bot@gitlab.com
rack_attack_global_spec.rb;MODIFY;280;-22.0;Decreased;False;2019-10-09 12:06:13+00:00;False;11;11;1393;0a850868dfb85086cba8320cee9dac4657dcae6c;96;gitlab-bot@gitlab.com;gitlab-bot@gitlab.com
rack_attack_global_spec.rb;MODIFY;280;0.0;Equal;False;2019-10-29 00:06:10+00:00;False;11;11;1393;abfafe3c57f56cd76a0a9afb7275cddb12304544;100;gitlab-bot@gitlab.com;gitlab-bot@gitlab.com
rack_attack_global_spec.rb;MODIFY;280;0.0;Equal;False;2019-11-08 03:06:48+00:00;False;11;11;1398;18a102a5b95198b6bc8db2589de6353997a33543;39;gitlab-bot@gitlab.com;gitlab-bot@gitlab.com
rack_attack_global_spec.rb;MODIFY;283;3.0;Grew;False;2019-11-09 03:06:40+00:00;False;11;11;1440;d5f38aabd6b3bf03ed5506eb269062750bc60399;4;gitlab-bot@gitlab.com;gitlab-bot@gitlab.com
rack_attack_global_spec.rb;MODIFY;283;0.0;Equal;False;2019-12-05 00:07:50+00:00;False;11;11;1440;54cbcea92909e69248abc9e6b92c7d14db3308a5;19;gitlab-bot@gitlab.com;gitlab-bot@gitlab.com
rack_attack_global_spec.rb;MODIFY;293;10.0;Grew;False;2019-12-11 12:08:10+00:00;False;12;12;1492;b86f474bf51e20d2db4cf0895d0a8e0894e31c08;97;gitlab-bot@gitlab.com;gitlab-bot@gitlab.com
rack_attack_global_spec.rb;MODIFY;295;2.0;Grew;False;2019-12-16 12:07:43+00:00;False;12;12;1501;d10a462fedbd7794a83abdba9b4526600f71de5b;195;gitlab-bot@gitlab.com;gitlab-bot@gitlab.com
rack_attack_global_spec.rb;MODIFY;295;0.0;Equal;False;2020-01-27 15:08:51+00:00;False;12;12;1529;1ea1db491c8bc90789acda45c9002aaa5c4dc498;45;gitlab-bot@gitlab.com;gitlab-bot@gitlab.com
rack_attack_global_spec.rb;MODIFY;248;-47.0;Decreased;False;2020-05-08 00:09:56+00:00;False;9;9;1271;2824b15286295c161bac449af0d5235d31952eb3;23;gitlab-bot@gitlab.com;gitlab-bot@gitlab.com
rack_attack_global_spec.rb;MODIFY;248;0.0;Equal;False;2020-06-24 06:09:01+00:00;False;9;9;1273;fa7ac2663b53f61551b9db51f16d55fa4e5b74c3;749;gitlab-bot@gitlab.com;gitlab-bot@gitlab.com
rack_attack_global_spec.rb;MODIFY;248;0.0;Equal;False;2020-08-11 03:11:00+00:00;False;9;9;1273;bdca0979165cb662173d959c358fce0c539c7544;309;gitlab-bot@gitlab.com;gitlab-bot@gitlab.com
rack_attack_global_spec.rb;MODIFY;248;0.0;Equal;False;2020-10-19 21:09:06+00:00;False;9;9;1271;376ae6f3b376d6956fe037c9097b48a2e4867859;97;gitlab-bot@gitlab.com;gitlab-bot@gitlab.com
rack_attack_global_spec.rb;MODIFY;249;1.0;Grew;False;2020-11-04 06:09:13+00:00;False;9;9;1274;8b210df3bdc0b61894fae95e9ff60a6a841ef0e1;15;gitlab-bot@gitlab.com;gitlab-bot@gitlab.com
rack_attack_global_spec.rb;MODIFY;289;40.0;Grew;False;2020-11-06 15:09:14+00:00;False;12;12;1428;a268b09416c8dc3da3af38933028fa26375b88e0;49;gitlab-bot@gitlab.com;gitlab-bot@gitlab.com
rack_attack_global_spec.rb;MODIFY;310;21.0;Grew;False;2020-11-18 18:09:08+00:00;False;15;15;1491;7ea5ca0bb5aa9792c514a22d59217dffa3800581;97;gitlab-bot@gitlab.com;gitlab-bot@gitlab.com
rack_attack_global_spec.rb;MODIFY;323;13.0;Grew;False;2021-01-04 12:10:44+00:00;False;16;16;1541;9d0b65f4b8aadf9eea57d40bc1627a8433699602;36;gitlab-bot@gitlab.com;gitlab-bot@gitlab.com
rack_attack_global_spec.rb;MODIFY;356;33.0;Grew;False;2021-01-04 21:10:19+00:00;False;16;16;1798;9248363e3eb740b2f1dccb3a63f09aff4fcdf94f;33;gitlab-bot@gitlab.com;gitlab-bot@gitlab.com
rack_attack_global_spec.rb;MODIFY;356;0.0;Equal;False;2021-01-06 00:10:23+00:00;False;16;16;1816;bc439e2eed92ed397ac40e5f09a1b36cf42b2c83;28;gitlab-bot@gitlab.com;gitlab-bot@gitlab.com
rack_attack_global_spec.rb;MODIFY;356;0.0;Equal;False;2021-02-01 12:09:03+00:00;False;16;16;1821;9ecdb93f4e7e85ffc1e7a768780bb1279827a6aa;130;gitlab-bot@gitlab.com;gitlab-bot@gitlab.com
rack_attack_global_spec.rb;MODIFY;376;20.0;Grew;False;2021-04-12 15:09:30+00:00;False;17;17;1967;3df6bfc24c8877b9442d567378b8ebd8816cd443;66;gitlab-bot@gitlab.com;gitlab-bot@gitlab.com
rack_attack_global_spec.rb;MODIFY;526;150.0;Grew;False;2021-04-21 15:09:35+00:00;False;25;25;2588;9c6578ed4e0bc92cd838ef96d978df54403e9609;97;gitlab-bot@gitlab.com;gitlab-bot@gitlab.com
rack_attack_global_spec.rb;MODIFY;526;0.0;Equal;False;2021-06-29 03:07:32+00:00;False;25;25;2588;be8b477154c88aaf1ed2c4adea980945482350d2;265;gitlab-bot@gitlab.com;gitlab-bot@gitlab.com
rack_attack_global_spec.rb;MODIFY;608;82.0;Grew;False;2021-07-20 12:10:29+00:00;False;38;38;2969;a84766a28a87c0342c6b048f5ea2eab2f3216fcf;89;gitlab-bot@gitlab.com;gitlab-bot@gitlab.com
rack_attack_global_spec.rb;MODIFY;682;74.0;Grew;True;2021-09-01 18:08:49+00:00;True;41;41;3313;d551c55bb0e691f06655bcda5fe9566164fd3e46;73;gitlab-bot@gitlab.com;gitlab-bot@gitlab.com
rack_attack_global_spec.rb;MODIFY;854;172.0;Grew;True;2021-09-09 12:09:09+00:00;False;51;51;4024;7ce86c261b3f910cf17b0b47a4200847578947df;55;gitlab-bot@gitlab.com;gitlab-bot@gitlab.com
rack_attack_global_spec.rb;MODIFY;759;-95.0;Decreased;True;2021-09-14 15:12:05+00:00;False;42;42;3560;b119503b7039d1e79b87300a145afdcd1145c2d6;70;gitlab-bot@gitlab.com;gitlab-bot@gitlab.com
rack_attack_global_spec.rb;MODIFY;932;173.0;Grew;True;2021-09-28 12:11:10+00:00;False;52;52;4280;24e5ef9b1a56019d7ea6deb41e8c8cbe5f0a59a3;87;gitlab-bot@gitlab.com;gitlab-bot@gitlab.com
rack_attack_global_spec.rb;MODIFY;953;21.0;Grew;True;2021-09-30 18:11:31+00:00;False;55;55;4375;c753fd0bf4a5cc09f69941daef0f6fe99d61f20e;198;gitlab-bot@gitlab.com;gitlab-bot@gitlab.com
rack_attack_global_spec.rb;MODIFY;1001;48.0;Grew;True;2021-10-14 15:14:02+00:00;False;55;55;4732;4898e4654b2aca7b0cbd0f57f44baa47580ad774;34;gitlab-bot@gitlab.com;gitlab-bot@gitlab.com
rack_attack_global_spec.rb;MODIFY;1005;4.0;Grew;True;2021-11-04 09:12:56+00:00;False;55;55;4767;191020103bd4d2aad99c62a35201c05d9df74f8f;68;gitlab-bot@gitlab.com;gitlab-bot@gitlab.com
rack_attack_global_spec.rb;MODIFY;1005;0.0;Equal;True;2021-12-01 15:13:55+00:00;False;55;55;4767;66629d156e2420269ed53eff3dca0912cfe848e2;105;gitlab-bot@gitlab.com;gitlab-bot@gitlab.com
rack_attack_global_spec.rb;MODIFY;983;-22.0;Decreased;True;2021-12-08 21:10:18+00:00;False;53;53;4695;52af12cfecb5d7332b19f6d68218f0aff2cc525d;48;gitlab-bot@gitlab.com;gitlab-bot@gitlab.com
rack_attack_global_spec.rb;MODIFY;997;14.0;Grew;True;2021-12-22 09:13:51+00:00;False;53;53;4745;8bf2e2b73e5898c78dd057e02828b6acc1647a70;61;gitlab-bot@gitlab.com;gitlab-bot@gitlab.com
rack_attack_global_spec.rb;MODIFY;983;-14.0;Decreased;True;2021-12-23 00:11:02+00:00;False;53;53;4695;ce1644441896f3a1d6978fe29bd19a303e723ba0;66;gitlab-bot@gitlab.com;gitlab-bot@gitlab.com
rack_attack_global_spec.rb;MODIFY;978;-5.0;Decreased;True;2022-01-05 06:13:32+00:00;False;53;53;4665;791054a0a5e6eee972b0206958a5c00fc30b4761;29;gitlab-bot@gitlab.com;gitlab-bot@gitlab.com
rack_attack_global_spec.rb;MODIFY;976;-2.0;Decreased;True;2022-01-18 18:11:20+00:00;False;53;53;4651;b53f92660977ebc05433e9bbeb74e3c4c6bf0194;38;gitlab-bot@gitlab.com;gitlab-bot@gitlab.com
rack_attack_global_spec.rb;MODIFY;990;14.0;Grew;True;2022-01-20 18:14:18+00:00;False;53;53;4701;39cb2fdf01699eb5ac000c918f469c58dc75f7e8;100;gitlab-bot@gitlab.com;gitlab-bot@gitlab.com
rack_attack_global_spec.rb;MODIFY;976;-14.0;Decreased;True;2022-01-21 18:12:45+00:00;False;53;53;4651;6be1f63eb6ca987f959c18576bb9042b9ee7726b;104;gitlab-bot@gitlab.com;gitlab-bot@gitlab.com
rack_attack_global_spec.rb;MODIFY;988;12.0;Grew;True;2022-02-01 12:17:55+00:00;False;55;55;4701;1ae73e5bfcb2dc4a49f40886f729fc4797ba2a65;49;gitlab-bot@gitlab.com;gitlab-bot@gitlab.com
rack_attack_global_spec.rb;MODIFY;1002;14.0;Grew;True;2022-02-03 15:12:41+00:00;False;55;55;4751;67daaf4021a180166ad063e3a75ea777e96586a6;66;gitlab-bot@gitlab.com;gitlab-bot@gitlab.com
rack_attack_global_spec.rb;MODIFY;1009;7.0;Grew;True;2022-05-03 00:08:25+00:00;False;55;55;4834;d489dd79cfc33b730022b3c91c29fb8a5583b4b1;83;gitlab-bot@gitlab.com;gitlab-bot@gitlab.com
rack_attack_global_spec.rb;MODIFY;1009;0.0;Equal;True;2022-08-12 21:11:43+00:00;False;55;55;4834;054378fd4a238b3e1f921afda4e9a650854935d9;44;gitlab-bot@gitlab.com;gitlab-bot@gitlab.com
rack_attack_global_spec.rb;MODIFY;1010;1.0;Grew;True;2022-12-08 18:08:30+00:00;False;55;55;4837;54943f1e68bd4e1951bf3d6c438acab8d783fc31;191;gitlab-bot@gitlab.com;gitlab-bot@gitlab.com
rack_attack_global_spec.rb;MODIFY;1010;0.0;Equal;True;2022-12-22 18:07:08+00:00;False;55;55;4847;b486760a6332905cd2ac94b3fade5cbc6a55d21e;94;gitlab-bot@gitlab.com;gitlab-bot@gitlab.com
rack_attack_global_spec.rb;MODIFY;1010;0.0;Equal;True;2023-02-24 03:07:49+00:00;False;55;55;4847;201a883bdfaf5dcb73142139cec70c10134f5b2c;98;gitlab-bot@gitlab.com;gitlab-bot@gitlab.com
rack_attack_global_spec.rb;MODIFY;1102;92.0;Grew;True;2023-08-16 15:10:29+00:00;False;59;59;5232;ab04c244dc7a2405a55d532e1793256a47685f38;93;gitlab-bot@gitlab.com;gitlab-bot@gitlab.com
rack_attack_global_spec.rb;MODIFY;1010;-92.0;Decreased;True;2023-08-16 21:10:57+00:00;False;55;55;4847;6e33346af956720a5ee14e843b13d54eccdb06d9;141;gitlab-bot@gitlab.com;gitlab-bot@gitlab.com
rack_attack_global_spec.rb;MODIFY;1102;92.0;Grew;True;2023-09-07 15:08:44+00:00;False;59;59;5232;06c9acad67a086a66f1d63aa1b79fc77a19cc646;158;gitlab-bot@gitlab.com;gitlab-bot@gitlab.com
rack_attack_global_spec.rb;MODIFY;1102;0.0;Equal;True;2024-02-27 09:09:11+00:00;False;59;59;5232;4f2f7fbae277dec0563cc7fb1df9d49ffae7524d;784;gitlab-bot@gitlab.com;gitlab-bot@gitlab.com
rack_attack_global_spec.rb;MODIFY;1136;34.0;Grew;True;2024-04-24 18:10:01+00:00;False;61;61;5421;39b47b75cf634a613cb5fe1c5f1f02e8c8f57399;198;gitlab-bot@gitlab.com;gitlab-bot@gitlab.com
rack_attack_global_spec.rb;MODIFY;1136;0.0;Equal;True;2024-04-26 03:17:39+00:00;False;61;61;5429;f6939c144e6f821c559aafa33676b9f134a68fc9;121;gitlab-bot@gitlab.com;gitlab-bot@gitlab.com
rack_attack_global_spec.rb;MODIFY;1136;0.0;Equal;True;2024-08-07 15:08:06+00:00;False;61;61;5431;755df8c847d9e4f3818e0eb46e5ea00c399bd31f;150;gitlab-bot@gitlab.com;gitlab-bot@gitlab.com
rack_attack_global_spec.rb;MODIFY;1136;0.0;Equal;True;2024-09-12 00:13:20+00:00;False;61;61;5449;c4c86652553ae61c33a1b9598417659ce2152d53;70;gitlab-bot@gitlab.com;gitlab-bot@gitlab.com
