file_name;change_type;n_loc;lines_balance;size_change;is_large;date;swapped_classification;complexity;methods;tokens;hash;files_on_commit;committer_email;author_email
work_items_spec.rb;ADD;94;0.0;Grew;False;2022-06-13 12:08:29+00:00;False;6;6;505;cdd5eba514e79c7801ff2eeb76e915e3f31ca5d7;39;gitlab-bot@gitlab.com;gitlab-bot@gitlab.com
work_items_spec.rb;MODIFY;94;0.0;Equal;False;2022-08-16 21:12:07+00:00;False;6;6;505;2571f434015308eccb425059ad5e82851521265a;98;gitlab-bot@gitlab.com;gitlab-bot@gitlab.com
work_items_spec.rb;MODIFY;101;7.0;Grew;False;2022-08-24 00:12:25+00:00;False;7;7;545;d5fdc905ae426ab5c7788f8ef56070c35360b1d3;147;gitlab-bot@gitlab.com;gitlab-bot@gitlab.com
work_items_spec.rb;MODIFY;132;31.0;Grew;False;2022-09-17 15:10:50+00:00;False;8;8;651;31d92b51ea49fa6669eb9518b1e3e1e5673d9e48;11;gitlab-bot@gitlab.com;gitlab-bot@gitlab.com
work_items_spec.rb;MODIFY;146;14.0;Grew;False;2022-09-22 06:13:08+00:00;False;8;8;690;8cfb9f566dae84d7ff76cdc3c4afa864fca94737;13;gitlab-bot@gitlab.com;gitlab-bot@gitlab.com
work_items_spec.rb;MODIFY;166;20.0;Grew;False;2022-10-06 15:09:39+00:00;False;8;8;746;d4806ad7dbd2d87ae09872709fef1aef35792e21;107;gitlab-bot@gitlab.com;gitlab-bot@gitlab.com
work_items_spec.rb;MODIFY;175;9.0;Grew;False;2022-10-26 21:09:20+00:00;False;8;8;787;f825fd1d881ce077ad868a70fd8d7db6a49e4700;64;gitlab-bot@gitlab.com;gitlab-bot@gitlab.com
work_items_spec.rb;MODIFY;227;52.0;Grew;False;2022-11-29 00:12:11+00:00;False;9;9;1213;859ee9fc169e0a899af3a683ea452d06334d15b9;95;gitlab-bot@gitlab.com;gitlab-bot@gitlab.com
work_items_spec.rb;MODIFY;266;39.0;Grew;False;2022-12-07 15:07:11+00:00;False;11;11;1446;2a501f63df96252295df7efe53880c5e78fa22b5;97;gitlab-bot@gitlab.com;gitlab-bot@gitlab.com
work_items_spec.rb;MODIFY;271;5.0;Grew;False;2022-12-09 12:08:19+00:00;False;11;11;1453;5b98c2c50664b78cbf50094de6b40abcff818831;104;gitlab-bot@gitlab.com;gitlab-bot@gitlab.com
work_items_spec.rb;MODIFY;271;0.0;Equal;False;2022-12-12 21:09:51+00:00;False;11;11;1456;9c35027837a3f84eb0c12a9bd3753ab426427613;210;gitlab-bot@gitlab.com;gitlab-bot@gitlab.com
work_items_spec.rb;MODIFY;271;0.0;Equal;False;2022-12-20 18:09:05+00:00;False;11;11;1456;883d5720994852248f18cb3053dc9f053f28d6f9;127;gitlab-bot@gitlab.com;gitlab-bot@gitlab.com
work_items_spec.rb;MODIFY;273;2.0;Grew;False;2023-01-31 15:10:47+00:00;False;11;11;1488;6f18a8d0b00eae84d262dff137fddd9639f3c52a;96;gitlab-bot@gitlab.com;gitlab-bot@gitlab.com
work_items_spec.rb;MODIFY;282;9.0;Grew;False;2023-02-01 03:10:20+00:00;False;12;12;1559;ed0dc960f6e0ec6d8e3de6925129b8db76647f4d;14;gitlab-bot@gitlab.com;gitlab-bot@gitlab.com
work_items_spec.rb;MODIFY;305;23.0;Grew;False;2023-03-08 12:11:30+00:00;False;13;13;1643;012f9a4b9ec4a78d9593d882b38f95e376c2cfe2;87;gitlab-bot@gitlab.com;gitlab-bot@gitlab.com
work_items_spec.rb;MODIFY;345;40.0;Grew;False;2023-04-11 18:08:31+00:00;False;14;14;1806;1a2f754734eb189e371e25e685413808f69a7f2c;189;gitlab-bot@gitlab.com;gitlab-bot@gitlab.com
work_items_spec.rb;MODIFY;369;24.0;Grew;False;2023-04-24 18:17:30+00:00;False;16;16;2006;0bf82aa5cb3b1ed826dd5c0d46331e17aa60d9e9;129;gitlab-bot@gitlab.com;gitlab-bot@gitlab.com
work_items_spec.rb;MODIFY;308;-61.0;Decreased;False;2023-05-25 15:09:02+00:00;False;14;14;1549;d1c0c1c4c3241eae6795562d8a0c22def6771238;95;gitlab-bot@gitlab.com;gitlab-bot@gitlab.com
work_items_spec.rb;MODIFY;353;45.0;Grew;False;2023-08-09 12:08:37+00:00;False;15;15;1718;1faea1c6a0464e44dca4477fb31846938c2ad871;116;gitlab-bot@gitlab.com;gitlab-bot@gitlab.com
work_items_spec.rb;MODIFY;353;0.0;Equal;False;2023-08-23 00:09:52+00:00;False;15;15;1720;2c6067823cfbc56c9ce010ede48bcc049e4249d7;41;gitlab-bot@gitlab.com;gitlab-bot@gitlab.com
work_items_spec.rb;MODIFY;353;0.0;Equal;False;2023-08-29 18:10:24+00:00;False;15;15;1718;3e3f936ff7e5645fc5d379aae87dca6671dc417f;63;gitlab-bot@gitlab.com;gitlab-bot@gitlab.com
work_items_spec.rb;MODIFY;344;-9.0;Decreased;False;2023-09-06 15:12:21+00:00;False;15;15;1664;74739c4b9e2ced14233eaeee221c5472589d26cd;50;gitlab-bot@gitlab.com;gitlab-bot@gitlab.com
work_items_spec.rb;MODIFY;350;6.0;Grew;False;2023-11-10 03:14:28+00:00;False;15;15;1724;5b225821d01b3ffd1d3c2f741c62bc0c56920a07;41;gitlab-bot@gitlab.com;gitlab-bot@gitlab.com
work_items_spec.rb;MODIFY;390;40.0;Grew;False;2024-01-17 15:10:08+00:00;False;17;17;1920;78a5f872de316860ccd7a983c10805bf6c6b771c;39;gitlab-bot@gitlab.com;gitlab-bot@gitlab.com
work_items_spec.rb;MODIFY;390;0.0;Equal;False;2024-04-12 03:13:44+00:00;False;17;17;1910;de92b67d77ed0e757f23b39a1267ac4de8c9b14e;353;gitlab-bot@gitlab.com;gitlab-bot@gitlab.com
work_items_spec.rb;MODIFY;438;48.0;Grew;False;2024-04-25 18:14:49+00:00;False;18;18;2092;ed03fc701af2e28e8a521a36b0c1bd6c148e5c90;197;gitlab-bot@gitlab.com;gitlab-bot@gitlab.com
work_items_spec.rb;MODIFY;437;-1.0;Decreased;False;2024-05-20 06:17:26+00:00;False;18;18;2091;c589a9667948e043b9384fb06f0b7c56be8b625c;67;gitlab-bot@gitlab.com;gitlab-bot@gitlab.com
work_items_spec.rb;MODIFY;439;2.0;Grew;False;2024-05-22 09:27:17+00:00;False;18;18;2093;817de154244c167810f3b785fc10d0f99cc1cd54;105;gitlab-bot@gitlab.com;gitlab-bot@gitlab.com
work_items_spec.rb;MODIFY;596;157.0;Grew;False;2024-07-03 15:24:24+00:00;False;36;36;2968;fa37a0fa7943d9e660ea8a73fbafad6656f7fa22;447;gitlab-bot@gitlab.com;gitlab-bot@gitlab.com
work_items_spec.rb;MODIFY;629;33.0;Grew;False;2024-09-30 21:14:54+00:00;False;40;40;3204;4d93c21ac6ff1c22c32d438ebc015120a9c4dcd7;99;gitlab-bot@gitlab.com;gitlab-bot@gitlab.com
work_items_spec.rb;MODIFY;653;24.0;Grew;False;2024-10-01 15:16:46+00:00;False;41;41;3284;39e728a681a28f19024fdf3c6fd7593f02b6750f;82;gitlab-bot@gitlab.com;gitlab-bot@gitlab.com
work_items_spec.rb;MODIFY;653;0.0;Equal;False;2024-10-18 00:16:17+00:00;False;41;41;3286;5b5f5b84e7b1d19a52fec0d273b2b039d423d9f9;111;gitlab-bot@gitlab.com;gitlab-bot@gitlab.com
work_items_spec.rb;MODIFY;694;41.0;Grew;True;2024-10-29 15:19:44+00:00;True;42;42;3505;47c81b87dfb864ebceacf572a5058dd7cd16f209;138;gitlab-bot@gitlab.com;gitlab-bot@gitlab.com
work_items_spec.rb;MODIFY;747;53.0;Grew;True;2024-12-05 03:24:54+00:00;False;44;44;3613;a957ad9eb86ad10a413d1fe23d6db915804c6f19;131;gitlab-bot@gitlab.com;gitlab-bot@gitlab.com
work_items_spec.rb;MODIFY;737;-10.0;Decreased;True;2024-12-09 12:47:22+00:00;False;43;43;3552;7d08aab53676d08ae596105f17e17cebf52f5aff;114;gitlab-bot@gitlab.com;gitlab-bot@gitlab.com
