file_name;change_type;n_loc;lines_balance;size_change;is_large;date;swapped_classification;complexity;methods;tokens;hash;files_on_commit;committer_email;author_email
test_relative_fields.py;ADD;864;0.0;Equal;False;2014-01-20 02:45:21+00:00;False;60;59;4668;d818e0c9b2b88276cc499974f9eee893170bf0a8;101;russell@keith-magee.com;russell@keith-magee.com
test_relative_fields.py;MODIFY;886;22.0;Grew;False;2014-02-15 16:24:05+00:00;False;61;60;4778;d0133504e57589dc8983a20bf488e069bddd772c;2;bmispelon@gmail.com;chris.medrela@gmail.com
test_relative_fields.py;MODIFY;873;-13.0;Decreased;False;2014-03-03 10:18:39+00:00;False;61;60;4753;82ac3894867b111f83252e808b3ed47f38ef5378;9;russell@keith-magee.com;russell@keith-magee.com
test_relative_fields.py;MODIFY;928;55.0;Grew;False;2014-03-05 20:33:58+00:00;False;65;64;5142;c627da0ccc12861163f28177aa7538b420a9d310;8;akaariai@gmail.com;akiskesoglou@gmail.com
test_relative_fields.py;MODIFY;975;47.0;Grew;False;2014-03-11 22:33:04+00:00;False;66;65;5379;aaad3e27ac7cfcbbfeac6353d17d27e8da523cc8;5;cramm0@gmail.com;akis@radial.gr
test_relative_fields.py;MODIFY;974;-1.0;Decreased;False;2014-03-12 18:34:05+00:00;False;66;65;5369;fc79c3fb3daf64b911b1ff8fed30f73c56630416;3;shai@platonix.com;shai@platonix.com
test_relative_fields.py;MODIFY;998;24.0;Grew;False;2014-07-09 20:01:09+00:00;False;67;66;5491;011abb7d96c75f6154c15a8a0f997d8c27698679;14;timograham@gmail.com;anubhav9042@gmail.com
test_relative_fields.py;MODIFY;1054;56.0;Grew;False;2014-10-04 23:47:26+00:00;False;71;68;5761;1e5e2a470768549117ac4696ce3e8b4e51d65664;3;de.ericson@gmail.com;de.ericson@gmail.com
test_relative_fields.py;MODIFY;1054;0.0;Equal;False;2015-02-06 13:16:28+00:00;False;71;68;5761;0ed7d155635da9f79d4dd67e4889087d3673c6da;793;timograham@gmail.com;timograham@gmail.com
test_relative_fields.py;MODIFY;1060;6.0;Grew;False;2015-06-26 12:30:05+00:00;False;73;68;5795;d3e12c901777697b7bf08b25e2dd46f0b951db8c;4;timograham@gmail.com;ihcaoe@gmail.com
test_relative_fields.py;MODIFY;1134;74.0;Grew;False;2015-07-27 22:28:13+00:00;False;78;73;6477;c2e70f02653519db3a49cd48f5158ccad7434d25;176;timograham@gmail.com;flavio.curella@gmail.com
test_relative_fields.py;MODIFY;1138;4.0;Grew;False;2015-09-12 15:40:50+00:00;False;78;73;6466;b1e33ceceda1e75ff68c7deed8f6659683a195d3;130;timograham@gmail.com;dodobas@candela-it.com
test_relative_fields.py;MODIFY;1142;4.0;Grew;False;2015-10-06 23:22:37+00:00;False;80;73;6512;914167abf19d16ac97c0f1f6ae1b08cb377c8f3a;4;timograham@gmail.com;felisiak.mariusz@gmail.com
test_relative_fields.py;MODIFY;1209;67.0;Grew;False;2015-10-12 22:00:59+00:00;False;82;75;6874;80dac8c33e7f6f22577e4346f44e4c5ee89b648c;3;charette.s@gmail.com;acatton@fusionbox.com
test_relative_fields.py;MODIFY;1211;2.0;Grew;False;2015-10-14 12:21:08+00:00;False;82;75;6880;c7aff31397a7228f6ac2e33c10ebdf36c4b7a9b7;4;timograham@gmail.com;timograham@gmail.com
test_relative_fields.py;MODIFY;1212;1.0;Grew;False;2015-10-16 18:22:15+00:00;False;82;75;6882;c1b6a8a98b08fedfa3f3c69bc7add94c5841ba57;3;charette.s@gmail.com;charette.s@gmail.com
test_relative_fields.py;MODIFY;1251;39.0;Grew;False;2015-11-12 00:33:54+00:00;False;85;78;7167;c550beb0ccc8855fde7ff50ada530f7ceff1a595;2;charette.s@gmail.com;charette.s@gmail.com
test_relative_fields.py;MODIFY;1251;0.0;Equal;False;2015-12-03 17:48:24+00:00;False;85;78;7167;93452a70e8a62c7408eeded444f5088d4a26212d;61;timograham@gmail.com;jsoref@users.noreply.github.com
test_relative_fields.py;MODIFY;1251;0.0;Equal;False;2015-12-24 13:08:22+00:00;False;85;78;7167;a856555df2a1b4ddad8bf21243de0bcbcc12fb20;2;timograham@gmail.com;luis.sanpablo@gmail.com
test_relative_fields.py;MODIFY;1247;-4.0;Decreased;False;2016-01-07 01:00:07+00:00;False;85;78;7155;a08fda2111d811aa53f11218fa03f3300dfff4cb;29;charette.s@gmail.com;charette.s@gmail.com
test_relative_fields.py;MODIFY;1246;-1.0;Decreased;False;2016-01-29 18:03:39+00:00;False;85;78;7157;253adc2b8a52982139d40c4f55b3fd446e1cb8f3;21;timograham@gmail.com;hasan.r67@gmail.com
test_relative_fields.py;MODIFY;1264;18.0;Grew;False;2016-02-08 14:59:27+00:00;False;91;84;7293;a325fb1f9b14b46288d0e1342407be4a6db2bdb1;4;charette.s@gmail.com;charette.s@gmail.com
test_relative_fields.py;MODIFY;1284;20.0;Grew;False;2016-02-12 18:01:25+00:00;False;91;84;7223;004ba0f99eb25c3f32aa3a41707534e955d1878e;30;timograham@gmail.com;timograham@gmail.com
test_relative_fields.py;MODIFY;1291;7.0;Grew;False;2016-04-08 14:12:33+00:00;False;91;84;7227;92053acbb9160862c3e743a99ed8ccff8d4f8fd6;148;timograham@gmail.com;timograham@gmail.com
test_relative_fields.py;MODIFY;1336;45.0;Grew;False;2016-06-09 14:19:09+00:00;False;93;86;7442;21130ce1a9c4fcbfce4c614be9e5408b43092bf0;3;timograham@gmail.com;fedoseev.sergey@gmail.com
test_relative_fields.py;MODIFY;1358;22.0;Grew;False;2016-06-09 15:57:32+00:00;False;94;87;7565;686a593aaadb1c2e2053fee8c401476dcb4617a5;3;timograham@gmail.com;michal.petrucha@koniiiik.org
test_relative_fields.py;MODIFY;1371;13.0;Grew;False;2016-06-30 12:53:38+00:00;False;95;88;7635;baff4dd37dabfef1ff939513fa45124382b57bf8;2;timograham@gmail.com;andrew.nester.dev@gmail.com
test_relative_fields.py;MODIFY;1385;14.0;Grew;False;2016-07-08 23:37:40+00:00;False;95;88;7700;ba53da894fc713629ae4d3fbdd14eff98c808389;3;timograham@gmail.com;andersonresende86@gmail.com
test_relative_fields.py;MODIFY;1391;6.0;Grew;False;2016-07-21 18:29:03+00:00;False;96;89;7761;17a0a6667c3f77908f9427f6489e298c828133e2;2;timograham@gmail.com;kevswanberg@gmail.com
test_relative_fields.py;MODIFY;1402;11.0;Grew;False;2016-08-16 19:22:58+00:00;False;97;90;7874;02c276623db6deb62312ab60f530f845a5932b5d;6;timograham@gmail.com;timograham@gmail.com
test_relative_fields.py;MODIFY;1402;0.0;Equal;False;2016-11-11 02:30:21+00:00;False;97;90;7874;321e94fa41b121f65c02119c02098df327bbd569;185;timograham@gmail.com;za@python.or.id
test_relative_fields.py;MODIFY;1402;0.0;Equal;False;2016-11-22 15:14:10+00:00;False;97;90;7874;f62abfc03da61977bf080163f0a2ef014decd86a;4;timograham@gmail.com;qfulsher@gmail.com
test_relative_fields.py;MODIFY;1334;-68.0;Decreased;False;2017-01-17 19:09:28+00:00;False;92;85;7442;ddd3268975dca9094d94ab1df56dae0a24a58865;4;timograham@gmail.com;timograham@gmail.com
test_relative_fields.py;MODIFY;1333;-1.0;Decreased;False;2017-01-18 08:55:19+00:00;False;92;85;7438;d7b9aaa366dd54ecc3142c588162e3adc7c2f7ac;831;claude@2xlibre.net;claude@2xlibre.net
test_relative_fields.py;MODIFY;1331;-2.0;Decreased;False;2017-01-18 15:21:28+00:00;False;90;85;7412;c716fe87821df00f9f03ecc761c914d1682591a2;111;claude@2xlibre.net;claude@2xlibre.net
test_relative_fields.py;MODIFY;1331;0.0;Equal;False;2017-01-19 16:31:07+00:00;False;90;85;7400;9695b149820cff31cfa48973efe4256c80811e87;17;charette.s@gmail.com;charette.s@gmail.com
test_relative_fields.py;MODIFY;1331;0.0;Equal;False;2017-03-11 17:27:29+00:00;False;90;85;7403;a452dddb253ff4fdd793351dac73eeef4d86b83e;4;timograham@gmail.com;me@adamj.eu
test_relative_fields.py;MODIFY;1250;-81.0;Decreased;False;2017-07-11 17:12:17+00:00;False;90;85;7159;f816ceedf1ae13bec22363f6d78de53d3f60c3e9;5;timograham@gmail.com;me@adamj.eu
test_relative_fields.py;MODIFY;1252;2.0;Grew;False;2019-01-14 21:16:30+00:00;False;90;85;7177;b181aba7dd24c73ec9923c39e35393b0487a5f47;7;timograham@gmail.com;charette.s@gmail.com
test_relative_fields.py;MODIFY;1204;-48.0;Decreased;False;2019-06-21 13:03:17+00:00;False;87;82;6825;87b1ad6e7351464c60e751b483d9dfce3a2d3382;11;felisiak.mariusz@gmail.com;michel.nadege@gmail.com
test_relative_fields.py;MODIFY;1228;24.0;Grew;False;2020-01-16 07:06:16+00:00;False;89;83;6969;bf77669453b9e9f64291da6701fe06fd5ba47e29;5;noreply@github.com;felisiak.mariusz@gmail.com
test_relative_fields.py;MODIFY;1227;-1.0;Decreased;False;2020-02-04 12:20:06+00:00;False;89;83;6965;335c9c94acf263901fb023404408880245b0c4b4;113;felisiak.mariusz@gmail.com;nick.pope@flightdataservices.com
test_relative_fields.py;MODIFY;1339;112.0;Grew;False;2020-02-27 09:53:29+00:00;False;93;87;7493;5bf28ac2ed17773214bd6c7796ef356067c9fa91;3;felisiak.mariusz@gmail.com;xypzin2010@gmail.com
test_relative_fields.py;MODIFY;1365;26.0;Grew;False;2020-02-28 07:26:41+00:00;False;94;88;7632;308fab924195bdea2fc481e1466c3c3894c03400;1;felisiak.mariusz@gmail.com;sqrtomath@gmail.com
test_relative_fields.py;MODIFY;1364;-1.0;Decreased;False;2020-02-28 07:38:57+00:00;False;94;88;7631;e908eb62871f0b0aac63afa6601bf222bc2a1a7d;2;felisiak.mariusz@gmail.com;sqrtomath@gmail.com
test_relative_fields.py;MODIFY;1466;102.0;Grew;False;2020-12-29 08:01:35+00:00;False;94;88;7706;45519937e52c194776a26ec11a32f32958df7f10;4;felisiak.mariusz@gmail.com;felisiak.mariusz@gmail.com
test_relative_fields.py;MODIFY;1484;18.0;Grew;False;2020-12-30 12:11:47+00:00;False;96;90;7832;a9a7421ab83361746549d574ca13438ba93c95fe;4;felisiak.mariusz@gmail.com;dpsman13016@gmail.com
test_relative_fields.py;MODIFY;1496;12.0;Grew;False;2021-08-06 09:57:02+00:00;False;97;91;7896;5d4f21b16f002ed5202a68d6977346ccf53b0b0e;3;carlton@noumenal.es;nick@partofthething.com
test_relative_fields.py;MODIFY;1474;-22.0;Decreased;False;2021-09-09 10:07:59+00:00;False;96;90;7767;0a28b42b1510b8093a90718bafd7627ed67fa13b;6;felisiak.mariusz@gmail.com;hasan.r67@gmail.com
test_relative_fields.py;MODIFY;1479;5.0;Grew;False;2021-10-06 10:33:15+00:00;False;96;90;7784;2116238d5f2ce19571becb5620ef16ce9048db9f;4;felisiak.mariusz@gmail.com;bernd.wechner@gmail.com
test_relative_fields.py;MODIFY;1742;263.0;Grew;True;2022-02-07 19:37:05+00:00;True;96;90;7896;7119f40c9881666b6f9b5cf7df09ee1d21cc8344;404;felisiak.mariusz@gmail.com;felisiak.mariusz@gmail.com
test_relative_fields.py;MODIFY;1706;-36.0;Decreased;True;2022-02-07 19:37:05+00:00;False;96;90;7860;9c19aff7c7561e3a82978a272ecdaad40dda5c00;1992;felisiak.mariusz@gmail.com;ops@djangoproject.com
test_relative_fields.py;MODIFY;1749;43.0;Grew;True;2022-12-28 05:28:07+00:00;False;96;90;7914;78f163a4fb3937aca2e71786fbdd51a0ef39629e;35;felisiak.mariusz@gmail.com;kimsoungryoul@gmail.com
test_relative_fields.py;MODIFY;1749;0.0;Equal;True;2023-02-01 10:04:38+00:00;False;96;90;7914;097e3a70c1481ee7b042b2edd91b2be86fb7b5b6;238;felisiak.mariusz@gmail.com;smithdc@gmail.com
test_relative_fields.py;MODIFY;1762;13.0;Grew;True;2024-07-09 11:50:12+00:00;False;97;91;7999;af84bcc8d1b129bd2dc35fae6bb42a175143661f;2;42296566+sarahboyce@users.noreply.github.com;brucejwb@gmail.com
