|File Name|Change Type|Local File PATH Old|Local File PATH New|Complexity|Methods|Tokens|Lines Of Code (nloc)|Lines Added|Lines Deleted
0|mvpp2_main.c|MODIFY|drivers/net/ethernet/marvell/mvpp2/mvpp2_main.c|drivers/net/ethernet/marvell/mvpp2/mvpp2_main.c|956|220|30976|4987|21|32
