file_name;change_type;n_loc;lines_balance;size_change;is_large;date;swapped_classification;complexity;methods;tokens;hash;files_on_commit;committer_email;author_email
gamepad.rs;ADD;46;0.0;Equal;False;2020-09-18 21:43:47+00:00;False;not calculated;0;121;19d4694d24de236a180d73e434f712fb221a4a7b;12;noreply@github.com;37181756+simpuid@users.noreply.github.com
gamepad.rs;MODIFY;53;7.0;Grew;False;2020-10-01 17:54:20+00:00;False;not calculated;0;128;d52f9e32aa643bbcf775dcd64fe07b390653e422;1;noreply@github.com;nolan@thewordnerd.info
gamepad.rs;MODIFY;267;214.0;Grew;False;2020-10-21 17:27:00+00:00;False;30;11;1292;d01ba9e4fc3c7e8aa8cf71e707f1076d17bec113;8;noreply@github.com;37181756+simpuid@users.noreply.github.com
gamepad.rs;MODIFY;294;27.0;Grew;False;2020-10-21 22:56:07+00:00;False;36;11;1438;267599e577aa557dc37ef1a97933d4bfb198beee;10;noreply@github.com;mcanders1@gmail.com
gamepad.rs;MODIFY;281;-13.0;Decreased;False;2020-10-29 20:55:35+00:00;False;32;11;1406;fb2b19def5f4720250d128126a57d6ee9fc9af58;5;noreply@github.com;37181756+simpuid@users.noreply.github.com
gamepad.rs;MODIFY;281;0.0;Equal;False;2021-01-07 20:35:40+00:00;False;32;11;1401;599f381a6a98eded6c96c1d2225a1a2b30384aaf;1;noreply@github.com;jakob.hellermann@protonmail.com
gamepad.rs;MODIFY;280;-1.0;Decreased;False;2021-01-19 06:23:30+00:00;False;32;11;1384;a880b5450829411b0248e47cc066915234371d86;31;noreply@github.com;therawmeatball@gmail.com
gamepad.rs;MODIFY;280;0.0;Equal;False;2021-03-05 07:54:35+00:00;False;32;11;1386;3a2a68852c0a1298c0678a47adc59adebe259a6f;233;mcanders1@gmail.com;mcanders1@gmail.com
gamepad.rs;MODIFY;280;0.0;Equal;False;2021-03-07 20:42:04+00:00;False;32;11;1383;d9b8b3e618755aa8492024efee4267c74d2af8ea;15;therawmeatball@gmail.com;therawmeatball@gmail.com
gamepad.rs;MODIFY;280;0.0;Equal;False;2021-04-13 03:13:48+00:00;False;32;11;1383;4c1099a77ffa1a38df6b4e5195c556557b68b7e9;4;mockersf@gmail.com;mockersf@gmail.com
gamepad.rs;MODIFY;336;56.0;Grew;False;2021-12-08 01:12:49+00:00;False;37;14;1868;bf96f266d73af6e0cee786a990a878dfe856578d;1;RokaRostuk@gmail.com;RokaRostuk@gmail.com
gamepad.rs;MODIFY;372;36.0;Grew;False;2021-12-08 20:28:08+00:00;False;44;19;2086;01e2141ce3d17b28298113338eb4700f2c574ea2;3;RokaRostuk@gmail.com;RokaRostuk@gmail.com
gamepad.rs;MODIFY;372;0.0;Equal;False;2021-12-18 00:09:23+00:00;False;44;19;2086;6a0008f3d32ebdf6d50287cd78fb6db30068ed49;11;mockersf@gmail.com;mockersf@gmail.com
gamepad.rs;MODIFY;480;108.0;Grew;False;2021-12-18 20:00:18+00:00;False;53;24;3127;e48f9d8cd4562d5ea6b483764ae9288feb13cc72;1;RokaRostuk@gmail.com;RokaRostuk@gmail.com
gamepad.rs;MODIFY;480;0.0;Equal;False;2021-12-29 17:38:10+00:00;False;53;24;3127;8aff7262d64f11b6d0e37d5dccc4ea1932bd363c;5;m@mdorst.net;m@mdorst.net
gamepad.rs;MODIFY;480;0.0;Equal;False;2022-02-13 22:33:55+00:00;False;53;24;3117;d8974e7c3d84189313268f475ceeff9393cedffa;99;danieleades@hotmail.com;danieleades@hotmail.com
gamepad.rs;MODIFY;480;0.0;Equal;False;2022-03-01 19:33:56+00:00;False;53;24;3119;caf6611c62fddf1477e74a5cbe7c3e757446fbba;17;pubr@posteo.de;pubr@posteo.de
gamepad.rs;MODIFY;527;47.0;Grew;False;2022-05-02 13:20:55+00:00;False;58;29;3283;51509a9a3ecc36e38d15faaf3430b220ac7f11b6;6;kdecaymusic@protonmail.com;kdecaymusic@protonmail.com
gamepad.rs;MODIFY;523;-4.0;Decreased;False;2022-07-11 14:11:25+00:00;False;58;29;3271;1fccb99d3aac5674da9e49608a9ff33608990dbc;3;zicklag@katharostech.com;zicklag@katharostech.com
gamepad.rs;MODIFY;523;0.0;Equal;False;2022-07-13 15:10:41+00:00;False;58;29;3271;2f9a886c55d4cf8e82d27b45a2ad97087675f738;1;alice.i.cecile@gmail.com;alice.i.cecile@gmail.com
gamepad.rs;MODIFY;551;28.0;Grew;False;2022-08-05 02:28:07+00:00;False;56;27;3204;54750deddd39c4853fdf69ad52bf8c4aacb84157;1;kdecaymusic@protonmail.com;kdecaymusic@protonmail.com
gamepad.rs;MODIFY;551;0.0;Equal;False;2022-08-08 21:36:35+00:00;False;56;27;3206;992681b59b93be3efd52ad8d5a34ebb4ddfd0c20;133;JustTheCoolDude@gmail.com;JustTheCoolDude@gmail.com
gamepad.rs;MODIFY;553;2.0;Grew;False;2022-09-02 02:16:18+00:00;False;56;27;3216;79e7c93060c4b44b00be898512c223ab4ec30fa7;1;caspar.m.green@gmail.com;caspar.m.green@gmail.com
gamepad.rs;MODIFY;553;0.0;Equal;False;2022-09-03 20:08:54+00:00;False;56;27;3214;7a29c707bf6c79b3dab6e79048818836cdc26bbe;2;alice.i.cecile@gmail.com;alice.i.cecile@gmail.com
gamepad.rs;MODIFY;553;0.0;Equal;False;2022-09-20 18:24:00+00:00;False;56;27;3206;bc863cec4d046cc69f58e7325a996ccb7a910f3f;9;targrub@gmail.com;targrub@gmail.com
gamepad.rs;MODIFY;955;402.0;Grew;False;2022-10-17 14:38:55+00:00;False;110;53;5372;c11fbfb3e1f8a9aeb7dc0c214ac355ca69973bee;3;targrub@gmail.com;targrub@gmail.com
gamepad.rs;MODIFY;964;9.0;Grew;False;2022-10-24 14:33:50+00:00;False;110;53;5414;bcc33f6757523a9a7aca4a73388b0bb633b0d77a;4;dataphract@gmail.com;dataphract@gmail.com
gamepad.rs;MODIFY;1016;52.0;Grew;False;2022-10-26 19:52:20+00:00;False;110;53;5633;2023ce63c7362385372f1d231e72f00747cb3187;7;tehperz@gmail.com;tehperz@gmail.com
gamepad.rs;MODIFY;1016;0.0;Equal;False;2022-11-12 22:59:49+00:00;False;110;53;5633;f7c8eb7d86fbfccb633d27ad9db76efe5eeedef8;1;soldevlintoder@gmail.com;soldevlintoder@gmail.com
gamepad.rs;MODIFY;1019;3.0;Grew;False;2022-12-11 18:22:09+00:00;False;110;53;5644;0d67c32153d0a81f0fc0d4413e75aafe4906493c;4;contact@jamessliu.com;contact@jamessliu.com
gamepad.rs;MODIFY;1019;0.0;Equal;False;2023-01-06 00:43:30+00:00;False;110;53;5644;3dd8b42f7287340913055db34db5606c1720b9d5;29;robparrett@gmail.com;robparrett@gmail.com
gamepad.rs;MODIFY;1171;152.0;Grew;False;2023-01-09 19:24:52+00:00;False;119;63;5767;e94215c4c6d8d7fbd4632bf957d1abe1c2424999;5;devinleamy@gmail.com;devinleamy@gmail.com
gamepad.rs;MODIFY;1165;-6.0;Decreased;False;2023-01-11 09:51:22+00:00;False;119;63;5747;0d2cdb450d49bc8abea5e0b46275288efc453f3c;22;lewiszlw520@gmail.com;lewiszlw520@gmail.com
gamepad.rs;MODIFY;1165;0.0;Equal;False;2023-01-11 15:41:54+00:00;False;119;63;5747;9dd8fbc570fb08eca9301ac4cd47844624eed22a;14;guvante@gmail.com;guvante@gmail.com
gamepad.rs;MODIFY;1175;10.0;Grew;False;2023-01-16 18:13:04+00:00;False;119;63;5815;2f4cf768661839079f49fe5ef9527248a9131b95;1;nico@nicopap.ch;nico@nicopap.ch
gamepad.rs;MODIFY;1173;-2.0;Decreased;False;2023-01-16 21:09:24+00:00;False;119;63;5795;d4e3fcdfbf306c10cd28cb914e228cc0a24c2336;1;elbert.ronniep@gmail.com;elbert.ronniep@gmail.com
gamepad.rs;MODIFY;1173;0.0;Equal;False;2023-01-29 20:11:46+00:00;False;119;63;5795;477ef70936806d445cf38287e0d621fccc05a7f1;1;asier@illarra.com;asier@illarra.com
gamepad.rs;MODIFY;1173;0.0;Equal;False;2023-04-23 17:28:36+00:00;False;119;63;5795;abf12f3b3be0a537484aa3ce0adc625f627c413a;55;noreply@github.com;dev@wwestra.nl
gamepad.rs;MODIFY;1225;52.0;Grew;False;2023-04-24 15:28:53+00:00;False;123;66;6010;a1e442cd2ab7f61376fa551ea7230a5861edd3f3;8;noreply@github.com;johanhelsing@gmail.com
gamepad.rs;MODIFY;1225;0.0;Equal;False;2023-05-03 19:36:31+00:00;False;123;66;6010;22121e69fb4a72bb514d43240df220b8938a1e13;1;noreply@github.com;gonesbird@gmail.com
gamepad.rs;MODIFY;1225;0.0;Equal;False;2023-05-04 23:23:45+00:00;False;123;66;6010;a616fa8f70054d1c504bc1a583690c8447a0f310;1;noreply@github.com;gonesbird@gmail.com
gamepad.rs;MODIFY;1225;0.0;Equal;False;2023-06-06 14:44:32+00:00;False;123;66;6012;89cbc78d3dcbaca9b962a6d8f805c8d37efd1eac;26;noreply@github.com;32040424+CatThingy@users.noreply.github.com
gamepad.rs;MODIFY;1226;1.0;Grew;False;2023-06-19 16:18:17+00:00;False;123;66;6017;7fc6db32ce76cf62d6ed5fe90fd9a6132ab94e41;39;noreply@github.com;raffaele.ragni@gmail.com
gamepad.rs;MODIFY;1225;-1.0;Decreased;False;2023-06-29 01:31:34+00:00;False;123;66;6010;aeeb20ec4c43db07c2690ce926169ed9d6550d93;94;noreply@github.com;49806985+MrGVSV@users.noreply.github.com
gamepad.rs;MODIFY;1223;-2.0;Decreased;False;2023-08-15 21:50:29+00:00;False;123;66;5990;632ef0c823a665cd5f56c05f12cee8506aed1043;2;noreply@github.com;thesethskigamer@gmail.com
gamepad.rs;MODIFY;1226;3.0;Grew;False;2023-08-19 18:19:46+00:00;False;123;66;5991;5db4a04a76fade5d85a1d6bb7c84333d4e47c3ae;1;noreply@github.com;33934311+tguichaoua@users.noreply.github.com
gamepad.rs;MODIFY;1254;28.0;Grew;False;2023-08-20 20:31:27+00:00;False;125;66;6054;140d9612e63f407cab6849d1352978671c6744ea;3;noreply@github.com;41759834+bravely-beep@users.noreply.github.com
gamepad.rs;MODIFY;1254;0.0;Equal;False;2023-08-23 12:44:49+00:00;False;125;66;6054;20c85b5fc3764425018fc8535636b5c6224d4938;8;noreply@github.com;33934311+tguichaoua@users.noreply.github.com
gamepad.rs;MODIFY;1254;0.0;Equal;False;2023-08-30 14:20:03+00:00;False;125;66;6054;42e6dc8987d89a53a34db868cb6d90fcf49c0096;44;noreply@github.com;15314665+hate@users.noreply.github.com
gamepad.rs;MODIFY;1254;0.0;Equal;False;2023-10-12 17:58:32+00:00;False;125;66;6104;c8fd390ced105763b90f84ac472f99058a46ba6a;1;noreply@github.com;67799071+100-TomatoJuice@users.noreply.github.com
gamepad.rs;MODIFY;1254;0.0;Equal;False;2023-11-15 14:29:33+00:00;False;125;66;6106;60bbfd78acda269112039658998b68183a98ed0f;1;noreply@github.com;me@dubrowgn.com
gamepad.rs;MODIFY;1258;4.0;Grew;False;2023-11-16 17:20:43+00:00;False;125;66;6110;3c689b9ca8b5c1568300f78525348eecfcdf8e97;6;noreply@github.com;zac@harrold.com.au
gamepad.rs;MODIFY;1258;0.0;Equal;False;2023-12-06 20:32:34+00:00;False;125;66;6110;1f97717a3d350cbbf52941d419aad3889dabb4b2;66;noreply@github.com;mateusz_wachowiak@outlook.com
gamepad.rs;MODIFY;1258;0.0;Equal;False;2024-02-11 09:03:06+00:00;False;125;66;6110;61e01e46b58e0b0bd3e05ed815e8e3fa2187180d;1;noreply@github.com;shane.celis@gmail.com
gamepad.rs;MODIFY;1258;0.0;Equal;False;2024-04-19 18:17:31+00:00;False;125;66;6110;831616662297b1586506a43fa3eefc75602bc31f;23;noreply@github.com;62773321+targrub@users.noreply.github.com
gamepad.rs;MODIFY;1271;13.0;Grew;False;2024-07-08 01:09:07+00:00;False;125;66;6109;70c0223112d61d24b4b26a2e4c311af5549fecbd;8;noreply@github.com;52322338+torsteingrindvik@users.noreply.github.com
gamepad.rs;MODIFY;1277;6.0;Grew;False;2024-09-15 15:08:46+00:00;False;125;66;6136;e718bbd55cde1ac57095470a3e522082029d7651;2;noreply@github.com;157802762+blazepaws@users.noreply.github.com
gamepad.rs;MODIFY;1276;-1.0;Decreased;False;2024-09-24 11:42:59+00:00;False;125;66;6130;efda7f3f9c96164f6e5be04d2be9c267919c6a0a;373;noreply@github.com;15850505+clarfonthey@users.noreply.github.com
gamepad.rs;MODIFY;1277;1.0;Grew;False;2024-09-27 00:59:59+00:00;False;125;66;6131;d70595b6674124f4d105a5bd7c029bd0377056c5;456;noreply@github.com;zac@harrold.com.au
gamepad.rs;MODIFY;1990;713.0;Grew;True;2024-09-27 20:07:20+00:00;True;171;109;11274;e788e3bc83a6c53f5a6c2490e37f79e989b2e808;12;noreply@github.com;39652109+s-puig@users.noreply.github.com
gamepad.rs;MODIFY;1990;0.0;Equal;True;2024-10-02 12:47:26+00:00;False;171;109;11276;461305b3d77301c89d6399bd63bda03e4fee76ab;22;noreply@github.com;JustTheCoolDude@gmail.com
gamepad.rs;MODIFY;2014;24.0;Grew;True;2024-10-08 12:19:38+00:00;False;177;115;11440;48e20278272ca8c725c86e1ed02d1f912ed89ff7;4;noreply@github.com;pcwalton@mimiga.net
gamepad.rs;MODIFY;1981;-33.0;Decreased;True;2024-10-09 14:23:01+00:00;False;169;107;11247;5e89acacb448e95bfd79b9dd9c3d05b7237fe9ae;2;noreply@github.com;zac@harrold.com.au
gamepad.rs;MODIFY;1983;2.0;Grew;True;2024-10-20 13:51:41+00:00;False;169;107;11249;75096fbf9783c49910ed1358e7e8cbab0b73af1c;7;noreply@github.com;peteyhayman@gmail.com
gamepad.rs;MODIFY;1872;-111.0;Decreased;True;2024-11-04 17:05:24+00:00;False;151;89;10664;b0058dc54b9d4966868376d3e67305929e34bbbb;5;noreply@github.com;genaloner@gmail.com
gamepad.rs;MODIFY;1884;12.0;Grew;True;2024-11-05 00:30:48+00:00;False;151;89;10695;282ca735bad0bd2d7574851cb0b7c61f023246c0;5;noreply@github.com;genaloner@gmail.com
gamepad.rs;MODIFY;1988;104.0;Grew;True;2024-11-19 00:00:16+00:00;False;172;110;11254;00c2edf7b27d6be13de535e064f4b4653346fa7f;5;noreply@github.com;mcanders1@gmail.com
gamepad.rs;MODIFY;1989;1.0;Grew;True;2024-12-03 19:45:20+00:00;False;172;110;11258;d92fc1e4563d402f97a02f797b1e9c2558e72f86;22;noreply@github.com;specificprotagonist@posteo.org
gamepad.rs;MODIFY;1983;-6.0;Decreased;True;2024-12-06 17:03:55+00:00;False;172;110;11250;a6adced9ed5a8953528fd08d085e8f1297f1de70;102;noreply@github.com;zac@harrold.com.au
gamepad.rs;MODIFY;1989;6.0;Grew;True;2024-12-16 19:16:43+00:00;False;172;110;11277;56688b387c04a06697a94307fe077af3da8132d6;4;noreply@github.com;github@monitzer.com
gamepad.rs;MODIFY;1989;0.0;Equal;True;2024-12-19 02:45:16+00:00;False;172;110;11276;d4b07a51149c4cc69899f7424df473ff817fe324;10;noreply@github.com;zac@harrold.com.au
