file_name;change_type;n_loc;lines_balance;size_change;is_large;date;swapped_classification;complexity;methods;tokens;hash;files_on_commit;committer_email;author_email
rpc.pb.go;RENAME;not calculated;0.0;Equal;False;2020-10-06 09:53:36+00:00;False;not calculated;0;not calculated;389642dd169b8865a9798dbeb043a2afcbd0ad31;21;ptab@google.com;ptab@google.com
rpc.pb.go;MODIFY;19573.0;0.0;Equal;True;2020-10-06 09:57:19+00:00;True;159;97;115549;ec3026fdc9d0b71f8dd5b6056ce3e5a7922a04d7;11;ptab@google.com;ptab@google.com
rpc.pb.go;MODIFY;24513.0;4940.0;Grew;True;2020-10-14 16:46:38+00:00;False;6251;1817;146703;cc7b4fab9f7eb646349fe79cab6e83da9c88e4c8;18;ptab@google.com;ptab@google.com
rpc.pb.go;MODIFY;24513.0;0.0;Equal;True;2021-03-11 16:27:52+00:00;False;6251;1817;146703;8ff0ff836a05086532f7aee624dbace6eba9317a;3;sbatsche@redhat.com;sbatsche@redhat.com
rpc.pb.go;MODIFY;24228.0;-285.0;Decreased;True;2021-03-23 17:48:06+00:00;False;6251;1817;146513;19f7c6ef3e674dc8de1a6e4b8c276e77c5be1cc5;15;joelsmith@redhat.com;joelsmith@redhat.com
rpc.pb.go;MODIFY;24297.0;69.0;Grew;True;2021-08-04 11:36:08+00:00;False;6264;1818;147339;1b4e54c238114b77448daf8f9375c2da9f969f88;20;siarkowicz@google.com;siarkowicz@google.com
rpc.pb.go;MODIFY;24297.0;0.0;Equal;True;2022-01-26 14:50:14+00:00;False;6264;1818;147337;6d808e5d7d1ba97a39f74129a72973bc2aaf7cf4;14;siarkowicz@google.com;siarkowicz@google.com
rpc.pb.go;MODIFY;24348.0;51.0;Grew;True;2022-03-17 23:04:44+00:00;False;6277;1819;147623;edce939f6e8b414df4170577ab7a3cd243d8c2e9;10;wachao@vmware.com;wachao@vmware.com
rpc.pb.go;MODIFY;24348.0;0.0;Equal;True;2022-03-17 23:04:44+00:00;False;6277;1819;147623;d0688e0158045b773f1326a5c69a71bf89406531;4;wachao@vmware.com;wachao@vmware.com
rpc.pb.go;MODIFY;24348.0;0.0;Equal;True;2022-05-13 11:40:57+00:00;False;6277;1819;147623;beeb44d4eeaf396b17b4be0f15053875bc219701;3;wachao@vmware.com;wachao@vmware.com
rpc.pb.go;MODIFY;24383.0;35.0;Grew;True;2022-11-14 00:33:44+00:00;False;6287;1820;147818;228f493c7697ce3e9d3a1d831bcffad175846c75;3;wachao@vmware.com;wachao@vmware.com
rpc.pb.go;MODIFY;24387.0;4.0;Grew;True;2023-04-26 03:14:50+00:00;False;6287;1820;147928;b4f49a55a5aba85a30cae5742a87989132a0f750;16;fuweid89@gmail.com;fuweid89@gmail.com
rpc.pb.go;MODIFY;24387.0;0.0;Equal;True;2023-08-23 12:43:50+00:00;False;6287;1820;147932;f3121fb76505ba071e4dc512eed92bba2c3b61f9;4;fuweid89@gmail.com;fuweid89@gmail.com
rpc.pb.go;MODIFY;24389.0;2.0;Grew;True;2023-09-18 10:22:15+00:00;False;6287;1820;147970;4ec581a6a38057fe75060e63dfa5814a82289900;18;wachao@vmware.com;wachao@vmware.com
rpc.pb.go;MODIFY;24423.0;34.0;Grew;True;2024-04-25 14:44:20+00:00;False;6297;1821;148163;bdcff246cb789f42d7a9d3155084e43e3c1e6e66;6;tjungblu@redhat.com;tjungblu@redhat.com
rpc.pb.go;MODIFY;24423.0;0.0;Equal;True;2024-09-18 07:10:07+00:00;False;6297;1821;148163;4155d8bb5b5d108b8cce2e8632269e338757664a;3;zjsegzhf@gmail.com;zhanggfp@enn.cn
