file_name;change_type;n_loc;lines_balance;size_change;is_large;date;swapped_classification;complexity;methods;tokens;hash;files_on_commit;committer_email;author_email
AITerm.swift;ADD;354;0.0;Grew;False;2022-12-19 21:37:51+00:00;False;48;24;2114;7bcc4e0bedb22c4fd90ae7934fbbce3268a71e11;2;gnachman@gmail.com;gnachman@gmail.com
AITerm.swift;MODIFY;370;16.0;Grew;False;2022-12-27 06:45:28+00:00;False;51;26;2232;73fef75154984bc43938dd7cb007b06c549952cc;22;gnachman@gmail.com;gnachman@gmail.com
AITerm.swift;MODIFY;378;8.0;Grew;False;2023-04-28 19:54:24+00:00;False;53;27;2277;ed8e759bced4eb8c32b24bbc58baa93c07beadef;120;gnachman@gmail.com;gnachman@gmail.com
AITerm.swift;MODIFY;445;67.0;Grew;False;2023-09-07 05:39:59+00:00;False;59;31;2679;654bd6e19efcb84f2c368cc146cf59a678748941;6;gnachman@gmail.com;gnachman@gmail.com
AITerm.swift;MODIFY;624;179.0;Grew;False;2023-12-07 19:30:26+00:00;False;85;43;3777;cc9ccf81df6fd9a7f729a7e2188f88d87738dcbc;33;gnachman@gmail.com;gnachman@gmail.com
AITerm.swift;MODIFY;806;182.0;Grew;True;2023-12-08 01:05:25+00:00;True;141;55;5117;f0652753ad005dc40d37226c4d23f453cb70e84e;2;gnachman@gmail.com;gnachman@gmail.com
AITerm.swift;MODIFY;809;3.0;Grew;True;2023-12-08 23:00:43+00:00;False;142;55;5174;d2c4c49a4f49ecc49723259687939d43fea6946a;8;gnachman@gmail.com;gnachman@gmail.com
AITerm.swift;MODIFY;821;12.0;Grew;True;2023-12-27 19:58:27+00:00;False;144;55;5254;3651b7aa33904ef4762a7554a57a9cdbe55ed4b3;1;gnachman@gmail.com;gnachman@gmail.com
AITerm.swift;MODIFY;821;0.0;Equal;True;2024-01-16 22:40:29+00:00;False;144;55;5254;be35bcbb5625df76765fecebb48132581c2d75fb;1;gnachman@gmail.com;gnachman@gmail.com
AITerm.swift;MODIFY;823;2.0;Grew;True;2024-01-26 23:57:17+00:00;False;144;55;5267;364b78e3aeca1fab794a328acccdea7ea1fd2584;2;gnachman@gmail.com;gnachman@gmail.com
AITerm.swift;MODIFY;824;1.0;Grew;True;2024-01-26 23:57:37+00:00;False;144;55;5281;49fd77aee6fe78633b1f7fc7da97bdd8902aad59;2;gnachman@gmail.com;gnachman@gmail.com
AITerm.swift;MODIFY;824;0.0;Equal;True;2024-01-27 00:06:00+00:00;False;144;55;5285;3093694fdee00928ad32e1d6b93d159b85a87d18;3;gnachman@gmail.com;gnachman@gmail.com
AITerm.swift;MODIFY;849;25.0;Grew;True;2024-05-15 21:20:36+00:00;False;149;57;5407;fcd212490626f1d8ea975ba444a1ea735a4ad859;3;gnachman@gmail.com;gnachman@gmail.com
AITerm.swift;MODIFY;849;0.0;Equal;True;2024-05-21 16:20:16+00:00;False;149;57;5407;ab1a8f94cacbb764bad90e42db826201259487f9;1;gnachman@gmail.com;gnachman@gmail.com
AITerm.swift;MODIFY;849;0.0;Equal;True;2024-05-21 20:56:36+00:00;False;149;57;5407;79ac0c2968ba63bd18cbfac82ef45e0c59943bea;4;gnachman@gmail.com;gnachman@gmail.com
AITerm.swift;MODIFY;863;14.0;Grew;True;2024-05-21 22:05:26+00:00;False;150;57;5467;ba1d88e10577694f1f3f394518047ed095ee690d;7;gnachman@gmail.com;gnachman@gmail.com
AITerm.swift;MODIFY;890;27.0;Grew;True;2024-05-22 06:29:04+00:00;False;154;58;5592;50a2a82cad09f36b125344d0a1d1658454db974f;11;gnachman@gmail.com;gnachman@gmail.com
AITerm.swift;MODIFY;1163;273.0;Grew;True;2024-05-22 22:50:31+00:00;False;195;68;7119;b0e6b336a6be9bca003cefda0f2eb379343a98d6;17;gnachman@gmail.com;gnachman@gmail.com
AITerm.swift;MODIFY;1171;8.0;Grew;True;2024-05-23 05:02:51+00:00;False;195;68;7171;258425788b76a37314dc17a5b08b6d91363355a6;10;gnachman@gmail.com;gnachman@gmail.com
AITerm.swift;MODIFY;1171;0.0;Equal;True;2024-05-23 16:58:39+00:00;False;195;68;7171;08cd47b97ff00fe770a01ef4b80cd60cf79332f7;2;gnachman@gmail.com;gnachman@gmail.com
AITerm.swift;MODIFY;1178;7.0;Grew;True;2024-05-23 17:52:30+00:00;False;198;68;7206;8ec86a02d29ef49e65becb1f53b858568dde92f3;1;gnachman@gmail.com;gnachman@gmail.com
AITerm.swift;MODIFY;1178;0.0;Equal;True;2024-05-23 18:22:54+00:00;False;198;68;7195;0e5a493aeaf89189000f178709bf9a5634c88832;1;gnachman@gmail.com;gnachman@gmail.com
AITerm.swift;MODIFY;1222;44.0;Grew;True;2024-05-28 06:51:13+00:00;False;204;68;7356;5f91860050cfd3ec920835a753e5c610ca47663d;1;gnachman@gmail.com;gnachman@gmail.com
AITerm.swift;MODIFY;1239;17.0;Grew;True;2024-05-28 07:12:48+00:00;False;209;68;7485;cbb3d4492efa26f8d9dd6ec6a64543d07fe262d5;1;gnachman@gmail.com;gnachman@gmail.com
AITerm.swift;MODIFY;1352;113.0;Grew;True;2024-05-28 21:51:34+00:00;False;224;73;7965;4dc5af83d3b699e34c00c0f2a512d0695ed97396;6;gnachman@gmail.com;gnachman@gmail.com
AITerm.swift;MODIFY;1392;40.0;Grew;True;2024-05-29 05:30:31+00:00;False;225;74;8187;3191112cce6394d945e82215fa71fe1298f2382c;12;gnachman@gmail.com;gnachman@gmail.com
AITerm.swift;MODIFY;1459;67.0;Grew;True;2024-06-01 01:34:52+00:00;False;236;74;8514;73295bb8a44250e57deddcd8f11f339c36764116;3;gnachman@gmail.com;gnachman@gmail.com
AITerm.swift;MODIFY;1222;-237.0;Decreased;True;2024-06-02 22:12:28+00:00;False;204;73;7302;7041d21de5d394678f5afe275b8750e468201a9d;15;gnachman@gmail.com;gnachman@gmail.com
AITerm.swift;MODIFY;1245;23.0;Grew;True;2024-06-03 18:02:05+00:00;False;205;73;7400;1f2ec3889a49ddae07f90089e0fe99cfcba9223f;2;gnachman@gmail.com;gnachman@gmail.com
AITerm.swift;MODIFY;1044;-201.0;Decreased;True;2024-06-03 22:55:55+00:00;False;177;61;6146;2ee59525834260bf00a5ae327281302faefce917;6;gnachman@gmail.com;gnachman@gmail.com
AITerm.swift;MODIFY;1066;22.0;Grew;True;2024-06-11 21:22:10+00:00;False;182;62;6247;b7dedc44671a505db61c408ab64719438a5936d2;6;gnachman@gmail.com;gnachman@gmail.com
AITerm.swift;MODIFY;1069;3.0;Grew;True;2024-06-13 16:50:57+00:00;False;183;62;6265;cff7e5aa0f55f8a668622018339f6f679fa9c519;2;gnachman@gmail.com;gnachman@gmail.com
AITerm.swift;MODIFY;1068;-1.0;Decreased;True;2024-06-28 21:49:04+00:00;False;183;62;6259;4b71e6a08ae85ddb3c67c01092749fb7e2c707b8;24;gnachman@gmail.com;gnachman@gmail.com
AITerm.swift;MODIFY;1068;0.0;Equal;True;2024-08-13 23:29:34+00:00;False;183;62;6259;20f04e9471674f57650195fdbb1283830311817a;3;noreply@github.com;fiddler@iki.fi
AITerm.swift;MODIFY;1078;10.0;Grew;True;2024-10-17 00:18:00+00:00;False;183;62;6314;5f0d26934ec4b0a98aa7a7bc66a78eab80250f74;5;gnachman@gmail.com;gnachman@gmail.com
AITerm.swift;MODIFY;1099;21.0;Grew;True;2024-11-14 23:23:07+00:00;False;187;66;6416;26396ea9c90d854388e88bc396c1a8e4fe55651a;3;gnachman@gmail.com;gnachman@gmail.com
AITerm.swift;MODIFY;1103;4.0;Grew;True;2024-12-03 17:34:20+00:00;False;188;67;6441;d86ae5a6424d35d38b06f710d3ee9b280a920e44;11;gnachman@gmail.com;gnachman@gmail.com
