file_name;change_type;n_loc;lines_balance;size_change;is_large;date;swapped_classification;complexity;methods;tokens;hash;files_on_commit;committer_email;author_email
ComposerTextView.swift;ADD;140;0.0;Equal;False;2022-04-02 06:05:29+00:00;False;29;13;847;ec011ecba2ead7c6bd8986ec813b5cec6093a4d0;16;gnachman@gmail.com;gnachman@gmail.com
ComposerTextView.swift;MODIFY;141;1.0;Grew;False;2022-04-02 06:31:12+00:00;False;29;13;850;1ab7bd19bee2e23f4b9b6c077fad0ea34be64ba3;7;gnachman@gmail.com;gnachman@gmail.com
ComposerTextView.swift;MODIFY;278;137.0;Grew;False;2022-04-02 21:23:12+00:00;False;62;22;1802;b9ef46c39a71ccf695b502f6d748e835df898458;17;gnachman@gmail.com;gnachman@gmail.com
ComposerTextView.swift;MODIFY;326;48.0;Grew;False;2022-04-03 17:45:45+00:00;False;70;25;2081;fd20a9d12e29f6779716d50e30f649298d8d728d;5;gnachman@gmail.com;gnachman@gmail.com
ComposerTextView.swift;MODIFY;337;11.0;Grew;False;2022-04-04 23:25:29+00:00;False;74;26;2167;6d1a9ccc89609ccc254dfc975a637a5739326622;2;gnachman@gmail.com;gnachman@gmail.com
ComposerTextView.swift;MODIFY;329;-8.0;Decreased;False;2022-05-27 23:52:21+00:00;False;74;26;2141;ba9bafa37ce7541e7e4006635bc61ce5a5649b97;16;gnachman@gmail.com;gnachman@gmail.com
ComposerTextView.swift;MODIFY;344;15.0;Grew;False;2022-12-19 21:29:09+00:00;False;79;28;2239;899552fc666b805a65246c308f36611ba2edc878;17;gnachman@gmail.com;gnachman@gmail.com
ComposerTextView.swift;MODIFY;352;8.0;Grew;False;2022-12-20 06:37:21+00:00;False;81;28;2289;97aeb13682054789fa0c5d030383bc051a3c2b3d;7;gnachman@gmail.com;gnachman@gmail.com
ComposerTextView.swift;MODIFY;708;356.0;Grew;True;2023-04-28 19:54:24+00:00;True;133;48;4188;ed8e759bced4eb8c32b24bbc58baa93c07beadef;120;gnachman@gmail.com;gnachman@gmail.com
ComposerTextView.swift;MODIFY;732;24.0;Grew;True;2023-05-01 21:38:27+00:00;False;138;49;4317;1b2e69f5a200b51e712f21e8294973b220c32652;9;gnachman@gmail.com;gnachman@gmail.com
ComposerTextView.swift;MODIFY;735;3.0;Grew;True;2023-05-13 01:07:02+00:00;False;139;49;4325;318e3c6d8fe69a78b4e1db920add43db819ff5c9;12;gnachman@gmail.com;gnachman@gmail.com
ComposerTextView.swift;MODIFY;735;0.0;Equal;True;2024-02-03 19:21:19+00:00;False;139;49;4329;3b5d26decf641e4373d70924258252f8acda65da;11;gnachman@gmail.com;gnachman@gmail.com
ComposerTextView.swift;MODIFY;737;2.0;Grew;True;2024-02-17 18:28:29+00:00;False;139;49;4337;cac36577642f6d23c1412b5a9634fced3a429be8;1;gnachman@gmail.com;gnachman@gmail.com
ComposerTextView.swift;MODIFY;754;17.0;Grew;True;2024-03-13 04:03:23+00:00;False;139;49;4434;fd2d0b34a97b988083c0dfc0f356ecbdf7339be8;12;gnachman@gmail.com;gnachman@gmail.com
ComposerTextView.swift;MODIFY;754;0.0;Equal;True;2024-03-13 04:50:14+00:00;False;139;49;4450;62d0e669c1f99a534b2c1fa5ec050fb88141b249;10;gnachman@gmail.com;gnachman@gmail.com
ComposerTextView.swift;MODIFY;758;4.0;Grew;True;2024-03-13 05:19:39+00:00;False;140;49;4475;78cd9c322fdb34c6bdb07033c4596f826283be14;8;gnachman@gmail.com;gnachman@gmail.com
ComposerTextView.swift;MODIFY;775;17.0;Grew;True;2024-04-22 19:06:58+00:00;False;143;51;4598;583508b85ea973e1a0a8ff357cf36df047218912;2;gnachman@gmail.com;gnachman@gmail.com
ComposerTextView.swift;MODIFY;800;25.0;Grew;True;2024-06-04 21:51:25+00:00;False;146;51;4754;947b2007d644807a77ff3d366cf2cf14d249db66;4;gnachman@gmail.com;gnachman@gmail.com
ComposerTextView.swift;MODIFY;834;34.0;Grew;True;2024-06-05 18:42:19+00:00;False;155;54;4929;bbcf01d4deaaf4681d5a38f89beb988e36110a45;8;gnachman@gmail.com;gnachman@gmail.com
ComposerTextView.swift;MODIFY;851;17.0;Grew;True;2024-06-10 16:28:47+00:00;False;160;55;5049;34c6c93db08816278eb67309f0fa660fde5fe186;1;gnachman@gmail.com;gnachman@gmail.com
ComposerTextView.swift;MODIFY;851;0.0;Equal;True;2024-09-27 23:57:56+00:00;False;160;55;5051;74e46c7a26c533f83060689137a862c038547e48;58;gnachman@gmail.com;gnachman@gmail.com
