file_name;change_type;n_loc;lines_balance;size_change;is_large;date;swapped_classification;complexity;methods;tokens;hash;files_on_commit;committer_email;author_email
VT100GridTest.m;RENAME;2396;0.0;Equal;True;2015-07-02 21:57:12+00:00;True;109;61;16774;247b55e19a3a81b67620d50c69d2e37371ef484c;3;gnachman@gmail.com;gnachman@gmail.com
VT100GridTest.m;MODIFY;2398;2.0;Grew;True;2015-09-04 05:19:03+00:00;False;109;61;16790;b3a23184a9c811ced670c86712647686dcdd18e6;5;gnachman@gmail.com;gnachman@gmail.com
VT100GridTest.m;MODIFY;2391;-7.0;Decreased;True;2015-10-01 23:14:18+00:00;False;108;60;16745;eae16cb3d92c241bc95ab7c1942eccd9b9002862;28;gln@google.com;gln@google.com
VT100GridTest.m;MODIFY;2392;1.0;Grew;True;2015-12-13 18:24:11+00:00;False;108;60;16769;cf12d72e7f0d2e4eae051d3c9dad25ff84f3f6a9;4;gnachman@gmail.com;gnachman@gmail.com
VT100GridTest.m;MODIFY;2419;27.0;Grew;True;2016-02-24 04:53:37+00:00;False;109;61;16917;77779e5c72cb82e5a0f83584a12c83bd593d23b1;4;gnachman@gmail.com;gnachman@gmail.com
VT100GridTest.m;MODIFY;2419;0.0;Equal;True;2016-02-24 07:08:34+00:00;False;109;61;16917;e19e3be6e3f5674a9efb30ae914c2fcaa6ff64b0;1;gnachman@gmail.com;gnachman@gmail.com
VT100GridTest.m;MODIFY;2419;0.0;Equal;True;2017-01-22 20:01:24+00:00;False;109;61;16917;498eafeccda3e4b4bba2b7a8ca080e62d3d4dba8;17;gnachman@gmail.com;gnachman@gmail.com
VT100GridTest.m;MODIFY;2427;8.0;Grew;True;2017-02-19 19:51:44+00:00;False;109;61;16941;58922dd6ae6d01b17443ffe1bbd0d6b59210907c;5;gnachman@gmail.com;gnachman@gmail.com
VT100GridTest.m;MODIFY;2427;0.0;Equal;True;2017-10-22 22:27:19+00:00;False;109;61;16941;aea3dd08a1eeb58a0193bf025784a171a4f2efb6;1;gnachman@gmail.com;gnachman@gmail.com
VT100GridTest.m;MODIFY;2427;0.0;Equal;True;2018-02-11 18:31:50+00:00;False;109;61;16941;61d8125e56d15b5d18c349955fddb71371c09cc8;200;adamnemecek@gmail.com;adamnemecek@gmail.com
VT100GridTest.m;MODIFY;2483;56.0;Grew;True;2018-07-22 18:22:25+00:00;False;116;68;17567;6613f13258d29251f489914977c62071b8431acb;3;gnachman@gmail.com;gln@whatsapp.com
VT100GridTest.m;MODIFY;2483;0.0;Equal;True;2018-11-09 07:34:48+00:00;False;116;68;17567;f5cb3d6fd2519733bceee4223b90eeef92e941df;166;gnachman@gmail.com;jsoref@users.noreply.github.com
VT100GridTest.m;MODIFY;2459;-24.0;Decreased;True;2019-05-26 23:01:57+00:00;False;115;67;17339;ed8e2544726e686fe81d71fdec25cd8c5884be4d;17;gnachman@gmail.com;gnachman@gmail.com
VT100GridTest.m;MODIFY;2468;9.0;Grew;True;2020-07-26 05:40:40+00:00;False;116;68;17430;b27e91c7d1c29d79952a3f729ed1264ee4470ad9;2;gnachman@gmail.com;gnachman@gmail.com
VT100GridTest.m;MODIFY;2470;2.0;Grew;True;2021-06-06 05:25:33+00:00;False;117;69;17437;18396ae0edb7927234d935f34bec8238a5c44147;27;gnachman@gmail.com;gnachman@gmail.com
VT100GridTest.m;MODIFY;2547;77.0;Grew;True;2021-09-06 18:14:52+00:00;False;128;75;18162;448b6aaf97689379f34d4010e168f225c17383bc;11;gnachman@gmail.com;gnachman@gmail.com
VT100GridTest.m;MODIFY;2556;9.0;Grew;True;2021-09-22 21:41:47+00:00;False;128;75;18273;bbd6338a1dac10e5350dbf5026dd5c59af563953;69;gnachman@gmail.com;gnachman@gmail.com
VT100GridTest.m;MODIFY;2581;25.0;Grew;True;2021-10-11 19:56:46+00:00;False;141;76;18424;be8c7f18d36a1bc8d3d4e9431db7bfa2d66f4675;46;gnachman@gmail.com;gnachman@gmail.com
VT100GridTest.m;MODIFY;2608;27.0;Grew;True;2021-11-18 20:28:20+00:00;False;153;88;18550;b9c9354794cb0dab2565298d564ebba19d0fb1d1;49;gnachman@gmail.com;gnachman@gmail.com
VT100GridTest.m;MODIFY;2608;0.0;Equal;True;2021-12-09 23:55:20+00:00;False;153;88;18550;37e51c9ee46d355f82ea467375583ec246052388;42;gnachman@gmail.com;gnachman@gmail.com
VT100GridTest.m;MODIFY;2608;0.0;Equal;True;2022-02-27 21:29:05+00:00;False;153;88;18556;3c851d7bc3c052c50ef21a1d75859547e96e483e;8;gnachman@gmail.com;gnachman@gmail.com
VT100GridTest.m;MODIFY;2476;-132.0;Decreased;True;2023-02-13 00:58:18+00:00;False;151;86;16468;bf3a742cc904b2b00a70ea18ef62ecec43730539;11;gnachman@gmail.com;gnachman@gmail.com
VT100GridTest.m;MODIFY;2476;0.0;Equal;True;2023-09-28 18:16:08+00:00;False;151;86;16473;77b7ed25e01c7f71bc470db632dcf38683006383;50;gnachman@gmail.com;gnachman@gmail.com
