|File Name|Change Type|Local File PATH Old|Local File PATH New|Complexity|Methods|Tokens|Lines Of Code (nloc)|Lines Added|Lines Deleted
0|mips-mt-fpaff.c|MODIFY|arch/mips/kernel/mips-mt-fpaff.c|arch/mips/kernel/mips-mt-fpaff.c|27|6|724|145|1|1
