file_name;change_type;n_loc;lines_balance;size_change;is_large;date;swapped_classification;complexity;methods;tokens;hash;files_on_commit;committer_email;author_email
MetadataTest.php;RENAME;1815;0.0;Equal;True;2021-04-24 08:30:03+00:00;True;not calculated;0;18861;2d25a6dc44f2b1af740b1997ed7cee6f5a843662;72;sb@sebastian-bergmann.de;sb@sebastian-bergmann.de
MetadataTest.php;MODIFY;1817;2.0;Grew;True;2021-05-07 14:31:15+00:00;False;not calculated;0;18876;b9dbc1ce7924ffc6755055aac39d57e64b845206;2;sb@sebastian-bergmann.de;sb@sebastian-bergmann.de
MetadataTest.php;MODIFY;1992;175.0;Grew;True;2021-05-09 09:25:56+00:00;False;not calculated;0;20755;af2ead255ba6e5d952c843dc929ee58694626f9f;16;sb@sebastian-bergmann.de;sb@sebastian-bergmann.de
MetadataTest.php;MODIFY;2034;42.0;Grew;True;2021-05-14 16:00:42+00:00;False;not calculated;0;21217;88f584711f069f8ca83f5ee5151a7d78fb2acbbb;12;sb@sebastian-bergmann.de;sb@sebastian-bergmann.de
MetadataTest.php;MODIFY;2035;1.0;Grew;True;2021-05-16 07:20:45+00:00;False;not calculated;0;21226;bff199b1594e2b20abf5c53b286f1f32d8574efa;40;sb@sebastian-bergmann.de;sb@sebastian-bergmann.de
MetadataTest.php;MODIFY;1947;-88.0;Decreased;True;2021-05-19 06:58:10+00:00;False;not calculated;0;20288;0e6ba80fecdcc3f77b214eb9871b8b1fdd780bae;32;sb@sebastian-bergmann.de;sb@sebastian-bergmann.de
MetadataTest.php;MODIFY;1947;0.0;Equal;True;2021-05-22 07:39:58+00:00;False;not calculated;0;20355;e6bd0954ebdb15e551820e9f539b39d2ca46da54;35;sb@sebastian-bergmann.de;sb@sebastian-bergmann.de
MetadataTest.php;MODIFY;1771;-176.0;Decreased;True;2021-05-22 08:01:56+00:00;False;not calculated;0;18435;5de571ec1ba18f8625a15516a2a7ff80c9d2f60f;10;sb@sebastian-bergmann.de;sb@sebastian-bergmann.de
MetadataTest.php;MODIFY;1771;0.0;Decreased;True;2021-05-22 08:15:44+00:00;False;not calculated;0;18435;aceff53259e66cdc19d9eb0e97b5415822fa869b;1;sb@sebastian-bergmann.de;sb@sebastian-bergmann.de
MetadataTest.php;MODIFY;1813;42.0;Decreased;True;2022-02-10 16:20:36+00:00;False;not calculated;0;18493;562350bb84e0429de3de13ec5b8727d23eeee44d;158;sb@sebastian-bergmann.de;sb@sebastian-bergmann.de
MetadataTest.php;MODIFY;2850;1037.0;Grew;True;2023-01-27 15:20:16+00:00;False;not calculated;0;29314;6456c35818edc024c8aaf1a3f670a70cbd9bb331;1;sb@sebastian-bergmann.de;sb@sebastian-bergmann.de
MetadataTest.php;MODIFY;2852;2.0;Grew;True;2023-01-28 05:59:37+00:00;False;not calculated;0;29316;4cbddbddb7f79b9200706bfb6b77903546e54520;1;sb@sebastian-bergmann.de;sb@sebastian-bergmann.de
MetadataTest.php;MODIFY;2966;114.0;Grew;True;2023-01-28 06:05:30+00:00;False;not calculated;0;30450;0f787596ef7239b18476bea673150dc9e6549763;1;sb@sebastian-bergmann.de;sb@sebastian-bergmann.de
MetadataTest.php;MODIFY;2813;-153.0;Decreased;True;2023-02-23 12:57:05+00:00;False;not calculated;0;28831;b93fc6f3bc0fa3ec942253fbe0e29a06785d80d7;11;sb@sebastian-bergmann.de;sb@sebastian-bergmann.de
MetadataTest.php;MODIFY;3144;331.0;Grew;True;2023-02-23 14:08:07+00:00;False;not calculated;0;32374;3f2ebf33a73fd320b013b00e651cec139bea9d99;13;sb@sebastian-bergmann.de;sb@sebastian-bergmann.de
MetadataTest.php;MODIFY;3255;111.0;Grew;True;2023-06-27 06:10:42+00:00;False;not calculated;0;33570;c2c8dbbd80b6e5c5ec98c844b37661f575908c7f;9;sebastian@phpunit.de;sb@sebastian-bergmann.de
MetadataTest.php;MODIFY;3416;161.0;Grew;True;2023-10-12 07:03:27+00:00;False;not calculated;0;35277;0ee83173b7d0e39bcff43ceadde73fd1a9967f7a;23;sb@sebastian-bergmann.de;sb@sebastian-bergmann.de
MetadataTest.php;MODIFY;3070;-346.0;Decreased;True;2023-10-15 07:26:49+00:00;False;not calculated;0;31569;92ea87a668c83193c7e64106c05e8fbf6272eb5b;36;sb@sebastian-bergmann.de;sb@sebastian-bergmann.de
MetadataTest.php;MODIFY;3416;346.0;Equal;True;2024-01-30 14:52:14+00:00;False;not calculated;0;35277;5e001deb54a37da4063ebd035d6c62aca3cce3a9;1;sb@sebastian-bergmann.de;sb@sebastian-bergmann.de
MetadataTest.php;MODIFY;3180;-236.0;Grew;True;2024-02-11 17:04:24+00:00;False;not calculated;0;32742;b092517ed8afac69e44f0d10bfd89effe36d5a73;24;sb@sebastian-bergmann.de;sb@sebastian-bergmann.de
MetadataTest.php;MODIFY;3418;238.0;Grew;True;2024-02-25 06:51:46+00:00;False;not calculated;0;35287;be83252a8861179636483fe2a7db7b03a99b6766;16;sb@sebastian-bergmann.de;sb@sebastian-bergmann.de
MetadataTest.php;MODIFY;3072;-346.0;Grew;True;2024-02-25 06:51:56+00:00;False;not calculated;0;31579;1cd831069b51f7d5d76cd56889ca4a7e33787982;16;sb@sebastian-bergmann.de;sb@sebastian-bergmann.de
MetadataTest.php;MODIFY;3418;346.0;Equal;True;2024-02-25 09:51:50+00:00;False;not calculated;0;35287;bc6b6feb4e147fe9c213f888e897b8044f2b8429;1;sb@sebastian-bergmann.de;sb@sebastian-bergmann.de
MetadataTest.php;MODIFY;3412;-6.0;Grew;True;2024-02-27 08:26:57+00:00;False;not calculated;0;35242;3efde166f8370f1620a72f72c0c996a035cfe1f7;18;sb@sebastian-bergmann.de;sb@sebastian-bergmann.de
MetadataTest.php;MODIFY;3635;223.0;Grew;True;2024-04-02 13:53:10+00:00;False;not calculated;0;37631;b18d5f2fe3a1a0258f7b0de4fab2e32611dd87bc;2;sb@sebastian-bergmann.de;sb@sebastian-bergmann.de
MetadataTest.php;MODIFY;3884;249.0;Grew;True;2024-04-07 06:14:38+00:00;False;not calculated;0;40314;8969be422330f65682ecee1d3ddef1c109b3c529;18;sb@sebastian-bergmann.de;sb@sebastian-bergmann.de
MetadataTest.php;MODIFY;3884;0.0;Equal;True;2024-07-26 08:42:36+00:00;False;not calculated;0;40320;97742a7f4a11643caec431a18c630d94946fa7cb;4;sb@sebastian-bergmann.de;sb@sebastian-bergmann.de
MetadataTest.php;MODIFY;4066;182.0;Grew;True;2024-08-26 14:02:02+00:00;False;not calculated;0;42272;bf3d4a4c30e34491634ee796deb9718723f9f623;13;sebastian@phpunit.de;nikophil@gmail.com
MetadataTest.php;MODIFY;3811;-255.0;Decreased;True;2024-10-07 12:40:30+00:00;False;not calculated;0;39523;309f6f0b185f8044f292bf870afd3b4118016fcb;22;sb@sebastian-bergmann.de;sb@sebastian-bergmann.de
MetadataTest.php;MODIFY;3567;-244.0;Decreased;True;2024-10-08 09:55:35+00:00;False;not calculated;0;36899;377c89ce32a874acbffcabc269f867eae7ea4c3f;92;sb@sebastian-bergmann.de;sb@sebastian-bergmann.de
MetadataTest.php;MODIFY;3233;-334.0;Decreased;True;2024-10-08 13:16:28+00:00;False;not calculated;0;33325;3d77725ebe4560521792f42e1a9fc597c06ae9be;9;sb@sebastian-bergmann.de;sb@sebastian-bergmann.de
MetadataTest.php;MODIFY;3701;468.0;Grew;True;2024-12-07 16:44:14+00:00;False;not calculated;0;38353;67ae4d8f94660e2177d11d4f732e82ff42cecc2a;18;sb@sebastian-bergmann.de;sb@sebastian-bergmann.de
MetadataTest.php;MODIFY;3879;178.0;Grew;True;2024-12-09 05:57:26+00:00;False;not calculated;0;40261;d35e14f84abb5844c77c8c8993330d3a1f2fba8b;13;sebastian@phpunit.de;nikophil@gmail.com
