file_name;change_type;n_loc;lines_balance;size_change;is_large;date;swapped_classification;complexity;methods;tokens;hash;files_on_commit;committer_email;author_email
AbstractFutureTest.java;ADD;93;0.0;Equal;False;2011-08-29 22:55:45+00:00;False;13;9;602;956d3d3a40c6148de35957b1d0d4d8b268ba1ee6;320;fry@google.com;fry@google.com
AbstractFutureTest.java;MODIFY;137;44.0;Grew;False;2011-11-09 15:04:53+00:00;False;19;10;876;d8d8ef522d14a8fb2c6494ca19834d88197f41d2;2;fry@google.com;fry@google.com
AbstractFutureTest.java;MODIFY;139;2.0;Grew;False;2012-08-31 20:06:36+00:00;False;19;10;894;cce57e79b54651567f0fede33f2ad4348a30ff60;4;cpovirk@google.com;cpovirk@google.com
AbstractFutureTest.java;MODIFY;153;14.0;Grew;False;2012-10-02 22:19:03+00:00;False;21;10;974;507e694274947e3ef4dcecc45695a447330e6456;2;cgdecker@google.com;cgdecker@google.com
AbstractFutureTest.java;MODIFY;153;0.0;Equal;False;2012-11-29 17:35:31+00:00;False;21;10;970;406d0d589b20a5fea174d5163e4671df18bc04ec;93;kak@google.com;kak@google.com
AbstractFutureTest.java;MODIFY;153;0.0;Equal;False;2014-07-28 12:40:24+00:00;False;21;10;970;91cdb2b7ed631bd3cb4e93783b087d52ab8ce82c;135;cgruber@google.com;cgruber@google.com
AbstractFutureTest.java;MODIFY;521;368.0;Grew;False;2014-12-01 18:12:49+00:00;False;72;22;3494;353ae349a24fb6c9b3e233ca03e4012761c7f3d8;7;cpovirk@google.com;lukes@google.com
AbstractFutureTest.java;MODIFY;539;18.0;Grew;False;2014-12-01 18:16:20+00:00;False;74;23;3618;0b760748d06ffd0b191b253190f1f83fd304329a;2;cpovirk@google.com;lukes@google.com
AbstractFutureTest.java;MODIFY;607;68.0;Grew;False;2014-12-17 17:08:10+00:00;False;80;24;4139;b5eb4953579952edd753540e2919463a3ac1630d;2;cgdecker@google.com;lukes@google.com
AbstractFutureTest.java;MODIFY;539;-68.0;Decreased;False;2014-12-17 17:09:20+00:00;False;74;23;3618;8ffa41f28347579fbd3363543fd9afae89ef0b48;2;cgdecker@google.com;aravinds@google.com
AbstractFutureTest.java;MODIFY;607;68.0;Grew;False;2014-12-17 17:09:38+00:00;False;80;24;4139;c0b37db12875fe340dbf82fabfea8264f7c61de6;2;cgdecker@google.com;lukes@google.com
AbstractFutureTest.java;MODIFY;607;0.0;Equal;False;2015-02-11 22:02:03+00:00;False;80;24;4139;de4c1919f885fa85d1465e6bea4b9d47cdcc032b;3;cpovirk@google.com;kak@google.com
AbstractFutureTest.java;MODIFY;607;0.0;Equal;False;2015-09-25 19:44:36+00:00;False;80;24;4137;c115c594de2f63bc710260cfadbe44b3b0e6ba25;3;cpovirk@google.com;lukes@google.com
AbstractFutureTest.java;MODIFY;607;0.0;Equal;False;2015-11-04 14:20:12+00:00;False;80;24;4138;557a51f3ac19cf4b2ffbcb32354152c88643398d;9;cpovirk@google.com;vladlis54@gmail.com
AbstractFutureTest.java;MODIFY;607;0.0;Equal;False;2015-12-07 22:37:10+00:00;False;80;24;4138;22d76943fcc5effee612cc12e89b7027ccc27aba;1;cpovirk@google.com;cpovirk@google.com
AbstractFutureTest.java;MODIFY;607;0.0;Equal;False;2016-02-11 20:47:01+00:00;False;80;24;4137;6e5d50950189567224dcb57df026f08b0709a3ba;52;cpovirk@google.com;cpovirk@google.com
AbstractFutureTest.java;MODIFY;631;24.0;Grew;False;2016-03-10 11:40:09+00:00;False;86;27;4258;92f59507b136d7efd6af91dd9c9ceba2ee0daa06;5;cpovirk@google.com;cpovirk@google.com
AbstractFutureTest.java;MODIFY;631;0.0;Equal;False;2016-07-19 14:00:30+00:00;False;86;27;4258;095942751f789e930877cd734355afb4b7a837a4;109;cpovirk@google.com;gak@google.com
AbstractFutureTest.java;MODIFY;653;22.0;Grew;False;2016-08-25 19:07:39+00:00;False;90;29;4412;fd3c30f0efd09435c010f5fab52495554242ab52;5;cpovirk@google.com;lukes@google.com
AbstractFutureTest.java;MODIFY;655;2.0;Grew;False;2017-04-11 23:13:49+00:00;False;90;29;4438;4754abf0e349b59f82f8bc959c99808a04f5c432;10;cpovirk@google.com;clm@google.com
AbstractFutureTest.java;MODIFY;655;0.0;Equal;False;2017-04-14 18:12:44+00:00;False;90;29;4430;fc77a95208d850878fa978f4df768e7b2cdf7c1a;10;cpovirk@google.com;cpovirk@google.com
AbstractFutureTest.java;MODIFY;695;40.0;Grew;False;2017-06-13 00:40:40+00:00;False;92;30;4698;304c634d977127085b49f174fd1aafefd09b2bf5;17;cpovirk@google.com;clm@google.com
AbstractFutureTest.java;MODIFY;715;20.0;Grew;False;2017-06-29 22:00:08+00:00;False;97;35;4772;b8f00a8b52efc6d382d87be3a1c7b506fb537f7f;4;cpovirk@google.com;diamondm@google.com
AbstractFutureTest.java;MODIFY;717;2.0;Grew;False;2017-08-18 13:32:19+00:00;False;96;35;4763;0f664c613a3ab9f4a302f7891157c89579830e6a;2;cpovirk@google.com;cpovirk@google.com
AbstractFutureTest.java;MODIFY;717;0.0;Equal;False;2017-08-18 16:17:46+00:00;False;96;35;4758;16f262fbde011c89d770472540c33bdb4588371b;64;cpovirk@google.com;jijiang@google.com
AbstractFutureTest.java;MODIFY;759;42.0;Grew;False;2017-12-04 17:37:03+00:00;False;96;35;4758;fd919e54a55ba169dc7d9f54b7b3485aa7fa0970;2184;cpovirk@google.com;cpovirk@google.com
AbstractFutureTest.java;MODIFY;790;31.0;Grew;False;2018-01-09 17:11:50+00:00;False;101;39;4949;c0c117a04ab47f2fb380311efec97a7d9851cd6e;4;cpovirk@google.com;lukes@google.com
AbstractFutureTest.java;MODIFY;825;35.0;Grew;False;2018-08-16 22:28:58+00:00;False;108;42;5124;e662c3db029d6a6f58052b6d88436ecb89cda348;6;shapiro.rd@gmail.com;clm@google.com
AbstractFutureTest.java;MODIFY;835;10.0;Grew;False;2018-08-16 22:28:58+00:00;False;109;42;5259;59f3b8a6e148527b8c9539396c9441e3bc2bd0a2;2;shapiro.rd@gmail.com;clm@google.com
AbstractFutureTest.java;MODIFY;869;34.0;Grew;False;2018-08-20 14:43:30+00:00;False;110;43;5443;0bcf0c13bc74b06c0810c2e9eb19bae9c8ea9c00;4;shapiro.rd@gmail.com;clm@google.com
AbstractFutureTest.java;MODIFY;902;33.0;Grew;False;2018-08-30 19:56:28+00:00;False;111;44;5597;879482a0df4791ad29e44dbec4e6924edc8383ba;2;shapiro.rd@gmail.com;clm@google.com
AbstractFutureTest.java;MODIFY;901;-1.0;Decreased;False;2018-08-30 19:56:28+00:00;False;111;44;5588;1b12d0f95a409144e78122ffa57a8bcb8daa4d21;6;shapiro.rd@gmail.com;clm@google.com
AbstractFutureTest.java;MODIFY;870;-31.0;Decreased;False;2018-08-30 19:56:28+00:00;False;110;43;5452;ec2dedebfa359991cbcc8750dc62003be63ec6d3;6;shapiro.rd@gmail.com;clm@google.com
AbstractFutureTest.java;MODIFY;902;32.0;Grew;False;2018-09-04 19:52:14+00:00;False;111;44;5597;326562f3d22bf0864a1f8264f1720c5a96984243;6;shapiro.rd@gmail.com;clm@google.com
AbstractFutureTest.java;MODIFY;955;53.0;Grew;False;2018-09-12 20:07:09+00:00;False;114;46;5865;eb3a9f447715b05c18179bf6313dfd28851bb56e;4;cpovirk@google.com;lukes@google.com
AbstractFutureTest.java;MODIFY;1045;90.0;Grew;False;2018-09-12 21:42:09+00:00;False;124;55;6465;b62d52926b904a8def90fd427acad53d79fa0e9f;19;beigetangerine@gmail.com;cpovirk@google.com
AbstractFutureTest.java;MODIFY;1045;0.0;Equal;False;2018-11-26 19:19:13+00:00;False;124;55;6482;c77be7a745fc5e0992126949832c6c25253ad289;77;cgdecker@gmail.com;dlos@google.com
AbstractFutureTest.java;MODIFY;1045;0.0;Equal;False;2019-05-05 18:02:35+00:00;False;124;55;6482;c8542f65ca36545089b7a9fa8aebaad8a7da8762;40;shapiro.rd@gmail.com;cpovirk@google.com
AbstractFutureTest.java;MODIFY;1045;0.0;Equal;False;2019-10-29 14:34:31+00:00;False;124;55;6482;957c37116fb2cc52b2f8b405871b65a84917f2ca;13;dpb@google.com;diamondm@google.com
AbstractFutureTest.java;MODIFY;1081;36.0;Grew;True;2019-10-31 20:40:17+00:00;True;127;58;6694;a2e6acc0098cd09e1f7578a01b25d16ce9413872;4;dpb@google.com;edalquist@google.com
AbstractFutureTest.java;MODIFY;1059;-22.0;Decreased;True;2019-10-31 20:40:17+00:00;False;125;56;6547;90989fb8f9e850e812efa79378179849b5945d17;4;dpb@google.com;edalquist@google.com
AbstractFutureTest.java;MODIFY;1081;22.0;Grew;True;2020-09-17 15:21:07+00:00;False;127;58;6694;e1ca35a5cc1c3738b3619570517bf7ffc91d1e0b;8;kak@google.com;nishantc1527@gmail.com
AbstractFutureTest.java;MODIFY;1114;33.0;Grew;True;2020-10-13 18:49:17+00:00;False;129;59;6890;2ebf27fd45685e7f89bb4aae11e1709d49863717;6;cpovirk@google.com;clm@google.com
AbstractFutureTest.java;MODIFY;1114;0.0;Equal;True;2020-12-16 19:54:45+00:00;False;129;59;6890;2b55799273247661132f999d66943c6adb6ccc35;228;cgdecker@google.com;java-team-github-bot@google.com
AbstractFutureTest.java;MODIFY;1115;1.0;Grew;True;2022-02-09 22:57:07+00:00;False;129;59;6892;f5264779dbb891d195931a6d3879e5541596e2b7;74;java-core-libraries-team+copybara@google.com;cpovirk@google.com
AbstractFutureTest.java;MODIFY;1115;0.0;Equal;True;2022-10-10 19:45:10+00:00;False;129;59;6892;70d571b10a95e1579a473dfefa981ab5fcb6fcc3;197;java-core-libraries-team+copybara@google.com;marc.wrobel@gmail.com
AbstractFutureTest.java;MODIFY;1121;6.0;Grew;True;2022-12-05 20:20:31+00:00;False;131;59;6945;ea49a6be9e3c9bce629248d26fb7f071e2dfe8c1;2;java-core-libraries-team+copybara@google.com;cpovirk@google.com
AbstractFutureTest.java;MODIFY;1120;-1.0;Decreased;True;2023-04-17 12:41:04+00:00;False;131;59;6944;742492a4bd1720a9356cda252c9f94ef893a72e6;14;java-core-libraries-team+copybara@google.com;cpovirk@google.com
AbstractFutureTest.java;MODIFY;1121;1.0;Grew;True;2023-04-17 14:48:57+00:00;False;131;59;7009;194c6f09fab44d6720ed8cfb8cfb3235447eae08;26;java-core-libraries-team+copybara@google.com;cpovirk@google.com
AbstractFutureTest.java;MODIFY;1149;28.0;Grew;True;2023-06-08 19:43:23+00:00;False;140;60;7123;d7c43ab48066db6d4b8eb7a299c475a6c6c3aca7;16;java-core-libraries-team+copybara@google.com;cpovirk@google.com
AbstractFutureTest.java;MODIFY;1131;-18.0;Decreased;True;2023-06-20 16:22:20+00:00;False;134;60;7063;36e7fcf99b1bc36e91f2aa3c6073a3940f17d1c1;2;java-core-libraries-team+copybara@google.com;istvan.neuwirth@proton.me
AbstractFutureTest.java;MODIFY;1113;-18.0;Decreased;True;2023-09-06 17:04:31+00:00;False;129;60;7066;3dc3312423209098720e638ac3cb6884fbe77b75;226;java-core-libraries-team+copybara@google.com;cpovirk@google.com
AbstractFutureTest.java;MODIFY;1129;16.0;Grew;True;2023-12-04 18:22:01+00:00;False;131;62;7194;c294c23760464b87ec193fc9b995e06f3d5e907f;20;jake-team+copybara@google.com;cpovirk@google.com
AbstractFutureTest.java;MODIFY;1131;2.0;Grew;True;2024-02-13 14:28:25+00:00;False;131;62;7207;98c8b997acd9d083c2c759ba5f5c9febb12f2b90;23;jake-team+copybara@google.com;haustein@google.com
AbstractFutureTest.java;MODIFY;1128;-3.0;Decreased;True;2024-06-11 16:13:05+00:00;False;131;62;7197;fdfbed1985640327ebd6d9ed9663ef884bf95712;22;jake-team+copybara@google.com;cpovirk@google.com
AbstractFutureTest.java;MODIFY;1128;0.0;Equal;True;2024-07-24 22:09:38+00:00;False;131;62;7197;85c6f88765ec599b2167129cca06f6a5fa14ddc1;58;jake-team+copybara@google.com;cpovirk@google.com
AbstractFutureTest.java;MODIFY;1128;0.0;Equal;True;2024-08-22 20:52:54+00:00;False;131;62;7209;388e0980dd0c5ad1a407e53c90eb83df44bec31b;2;jake-team+copybara@google.com;cpovirk@google.com
AbstractFutureTest.java;MODIFY;1130;2.0;Grew;True;2024-10-17 02:42:09+00:00;False;131;62;7219;0e2fa3ece48bc46ad173f43d7a6bdd7571bc95d3;27;jake-team+copybara@google.com;cpovirk@google.com
AbstractFutureTest.java;MODIFY;1131;1.0;Grew;True;2024-10-18 22:10:29+00:00;False;131;62;7267;266b30c1f106bd40b9ff551cd40bd1347249f300;66;jake-team+copybara@google.com;cpovirk@google.com
AbstractFutureTest.java;MODIFY;1131;0.0;Equal;True;2024-11-15 18:34:30+00:00;False;131;62;7267;7a61ca9bffebc4de97b6cb1519c5f1b869f1f3fe;32;jake-team+copybara@google.com;cpovirk@google.com
AbstractFutureTest.java;MODIFY;1133;2.0;Grew;True;2024-12-19 18:03:30+00:00;False;131;62;7278;a0b90e75bf8bd3338a41ed6a83d0e4e04af586b4;987;jake-team+copybara@google.com;cpovirk@google.com
