file_name;change_type;n_loc;lines_balance;size_change;is_large;date;swapped_classification;complexity;methods;tokens;hash;files_on_commit;committer_email;author_email
MapInterfaceTest.java;ADD;1354;0.0;Grew;True;2011-08-04 14:06:40+00:00;True;256;64;8189;616b0430d73f5dfc602c6e4fb17c60288e0b480f;66;guava.mirrorbot@gmail.com@8138a162-5c33-11de-8abc-d1c337b90d21;guava.mirrorbot@gmail.com@8138a162-5c33-11de-8abc-d1c337b90d21
MapInterfaceTest.java;MODIFY;1354;0.0;Equal;True;2011-08-31 23:40:43+00:00;False;256;64;8189;c8d9d9095315893882867ec7519888f83df41278;224;fry@google.com;fry@google.com
MapInterfaceTest.java;MODIFY;1370;16.0;Grew;True;2011-09-15 14:08:13+00:00;False;262;64;8256;6055146e0f6b02098512cbc686e2b43bbb63a8c4;7;fry@google.com;fry@google.com
MapInterfaceTest.java;MODIFY;1372;2.0;Grew;True;2012-05-11 18:08:12+00:00;False;262;64;8269;76cb1603231a610b201a97bdbbee76f7f4376a08;132;cpovirk@google.com;cpovirk@google.com
MapInterfaceTest.java;MODIFY;1372;0.0;Decreased;True;2013-05-24 16:05:09+00:00;False;262;64;8269;3d0bd8ca07c9bfd7605cc703e61c5637cf16e0c5;159;kak@google.com;kak@google.com
MapInterfaceTest.java;MODIFY;1369;-3.0;Decreased;True;2016-03-29 12:09:19+00:00;False;262;64;8269;8992cc01ce05904e3e91da265df0b832cc925546;231;cpovirk@google.com;kak@google.com
MapInterfaceTest.java;MODIFY;1369;0.0;Decreased;True;2016-07-16 12:44:53+00:00;False;262;64;8269;bb7a1ce573a6da955e095869bd3e06cb1449ae9e;36;cpovirk@google.com;gak@google.com
MapInterfaceTest.java;MODIFY;1373;4.0;Grew;True;2016-10-10 20:16:56+00:00;False;263;65;8296;4f87e773ef3e99c83f224d7f94f961690e073b95;1;cpovirk@google.com;cpovirk@google.com
MapInterfaceTest.java;MODIFY;1373;0.0;Decreased;True;2016-10-25 20:26:42+00:00;False;263;65;8296;e102fa4a86dad34f375e06c8ce0f52ea264588c3;30;cpovirk@google.com;dpb@google.com
MapInterfaceTest.java;MODIFY;1365;-8.0;Decreased;True;2017-08-18 13:18:14+00:00;False;255;65;8256;97f1b638e22d0a31fbe19221d78ca7a7ba2b68d2;49;cpovirk@google.com;cpovirk@google.com
MapInterfaceTest.java;MODIFY;1365;0.0;Decreased;True;2017-08-18 14:42:49+00:00;False;255;65;8256;c428cbb42f767451d973a0b543112aa992ce9ad2;42;cpovirk@google.com;cpovirk@google.com
MapInterfaceTest.java;MODIFY;1365;0.0;Decreased;True;2017-12-04 17:37:03+00:00;False;255;65;8256;fd919e54a55ba169dc7d9f54b7b3485aa7fa0970;2184;cpovirk@google.com;cpovirk@google.com
MapInterfaceTest.java;MODIFY;1365;0.0;Equal;True;2020-01-06 19:21:48+00:00;False;255;65;8268;8f0c0a205b185f6a8429d7679f61cdfeae9f3d09;5;dpb@google.com;ghm@google.com
MapInterfaceTest.java;MODIFY;1365;0.0;Equal;True;2021-10-06 00:47:57+00:00;False;255;65;8168;560a57f15a66879f24107ffa51a94f4f4fef5c3a;142;java-core-libraries-team+copybara@google.com;cpovirk@google.com
MapInterfaceTest.java;MODIFY;1365;0.0;Grew;True;2021-11-04 21:27:52+00:00;False;255;65;8180;de5d81dcba4088436e8f2044de8ee0b12634f28e;22;java-core-libraries-team+copybara@google.com;Marcono1234@users.noreply.github.com
MapInterfaceTest.java;MODIFY;1365;0.0;Equal;True;2022-02-15 22:31:55+00:00;False;255;65;8183;565589953a4f4d25701aa04510e33be22146fef6;7;java-core-libraries-team+copybara@google.com;java-team-github-bot@google.com
MapInterfaceTest.java;MODIFY;1365;0.0;Equal;True;2023-09-06 16:36:03+00:00;False;255;65;8183;2aaab3429f33abc35dedfcc468107bb2867c85f2;4;java-core-libraries-team+copybara@google.com;cpovirk@google.com
MapInterfaceTest.java;MODIFY;1365;0.0;Equal;True;2023-09-11 18:16:57+00:00;False;255;65;8183;a770aea84306386f4daad53fa1820c713be85cc6;4;java-core-libraries-team+copybara@google.com;cpovirk@google.com
MapInterfaceTest.java;MODIFY;1374;9.0;Grew;True;2024-02-21 16:49:06+00:00;False;255;65;8285;2da8a3b68dab01e6d26d4a232c12c7325b0a9a63;194;jake-team+copybara@google.com;mkretzschmar@google.com
MapInterfaceTest.java;MODIFY;1270;-104.0;Decreased;True;2024-10-17 20:00:30+00:00;False;227;65;8161;99be0a4e5acf397795bd144cd366089dbc63ce6c;91;jake-team+copybara@google.com;cpovirk@google.com
MapInterfaceTest.java;MODIFY;1261;-9.0;Decreased;True;2024-10-18 19:29:46+00:00;False;227;65;8143;dc12fb2ffed3610d45c919420c0b17bbdcc7da7b;8;jake-team+copybara@google.com;cpovirk@google.com
MapInterfaceTest.java;MODIFY;1261;0.0;Equal;True;2024-10-19 00:05:46+00:00;False;227;65;8138;8bbbefd6e61f65a6116121b4937bd7c7421d9699;290;jake-team+copybara@google.com;cpovirk@google.com
MapInterfaceTest.java;MODIFY;1263;2.0;Grew;True;2024-10-27 14:36:33+00:00;False;227;65;8161;ea060954d38a407068227f10a67426a3ef3bc3a0;2;jake-team+copybara@google.com;cpovirk@google.com
MapInterfaceTest.java;MODIFY;1259;-4.0;Decreased;True;2024-10-30 16:15:19+00:00;False;226;64;8124;167113ac6e94d0fef46379e4678d2f369fe24807;463;jake-team+copybara@google.com;cpovirk@google.com
MapInterfaceTest.java;MODIFY;1260;1.0;Grew;True;2024-12-21 14:50:24+00:00;False;226;64;8133;8ebb375fce9bd50a3a924285bf175c8fb1870d36;595;jake-team+copybara@google.com;cpovirk@google.com
