file_name;change_type;n_loc;lines_balance;size_change;is_large;date;swapped_classification;complexity;methods;tokens;hash;files_on_commit;committer_email;author_email
jslint.js;RENAME;not calculated;0.0;Equal;False;2011-05-01 13:32:28+00:00;False;not calculated;0;not calculated;f50acd118f6c0bef7aeb0e3f19b337bcf918f6bd;4;anthon.pang@gmail.com;anthon.pang@gmail.com
jslint.js;MODIFY;5875.0;0.0;Grew;True;2011-05-18 14:02:00+00:00;True;1653;172;32349;7391099be195546175817756424075f7fa50a3cf;1;anthon.pang@gmail.com;anthon.pang@gmail.com
jslint.js;MODIFY;5892.0;17.0;Grew;True;2011-06-08 02:06:32+00:00;False;1651;177;32544;84e80b8154dd906b327b3df0c43c0bbf1211a1f6;3;anthon.pang@gmail.com;anthon.pang@gmail.com
jslint.js;MODIFY;5910.0;18.0;Grew;True;2011-06-10 02:53:42+00:00;False;1652;177;32661;52ec2ac62885f090a824418c9a680ea2c95b4e2f;3;anthon.pang@gmail.com;anthon.pang@gmail.com
jslint.js;MODIFY;5774.0;-136.0;Grew;True;2011-09-18 14:31:15+00:00;False;1661;184;32564;f9098524b503cf9088df93f7611338a288344928;2;anthon.pang@gmail.com;anthon.pang@gmail.com
jslint.js;MODIFY;5732.0;-42.0;Decreased;True;2011-10-15 04:02:58+00:00;False;1662;184;32630;8e9cf4a8191ce401dc50c39a3f906ea337744e4b;3;anthon.pang@gmail.com;anthon.pang@gmail.com
jslint.js;MODIFY;5735.0;3.0;Grew;True;2011-11-03 03:02:37+00:00;False;1663;184;32651;ee6acfacb36d9a5f714a239d41420b9ac5ef2183;6;anthon.pang@gmail.com;anthon.pang@gmail.com
jslint.js;MODIFY;5762.0;27.0;Grew;True;2011-12-10 00:18:19+00:00;False;1663;184;32769;de2bb6c1959461f9270b6ca7c449ebe2c95da57d;2;anthon.pang@gmail.com;anthon.pang@gmail.com
jslint.js;MODIFY;5692.0;-70.0;Decreased;True;2011-12-25 04:51:23+00:00;False;1639;182;32337;0cfc6a5271b8e188ac599b50268c348ea3e8d022;1;anthon.pang@gmail.com;anthon.pang@gmail.com
jslint.js;MODIFY;5702.0;10.0;Grew;True;2012-01-15 17:44:31+00:00;False;1642;182;32387;1574fe791b46ad48fc3baed2c19e9a6b80517452;5;anthon.pang@gmail.com;anthon.pang@gmail.com
jslint.js;MODIFY;5486.0;-216.0;Decreased;True;2012-01-28 20:23:06+00:00;False;1618;182;31330;1d6ae7f442af5660df2e0d3d9c36f75cf2dbd9c0;1;anthon.pang@gmail.com;anthon.pang@gmail.com
jslint.js;MODIFY;5531.0;45.0;Grew;True;2012-03-05 04:26:32+00:00;False;1642;184;31569;fac1687d0a1cca73cdf7d2c948d5be0fa96c5771;1;anthon.pang@gmail.com;anthon.pang@gmail.com
jslint.js;MODIFY;5529.0;-2.0;Decreased;True;2012-03-16 02:15:37+00:00;False;1642;184;31551;4b969b78ad9a8006ae963d082b5f5d3102fa54ff;3;anthon.pang@gmail.com;anthon.pang@gmail.com
jslint.js;MODIFY;5533.0;4.0;Grew;True;2012-04-18 03:03:39+00:00;False;1645;184;31587;10fd88629ee4703b6942d6a485155ba02bd85806;1;anthon.pang@gmail.com;anthon.pang@gmail.com
jslint.js;MODIFY;5558.0;25.0;Grew;True;2012-07-26 13:48:55+00:00;False;1663;187;31647;ca6b2a85a0fff3116269b529017421779ab1efac;1;anthon.pang@gmail.com;anthon.pang@gmail.com
jslint.js;MODIFY;5558.0;0.0;Equal;True;2012-08-04 16:20:56+00:00;False;1663;187;31647;e35019ba1d595b932295446f6c1d5036e6a4e942;1;anthon.pang@gmail.com;anthon.pang@gmail.com
jslint.js;MODIFY;3772.0;-1786.0;Decreased;True;2013-03-24 04:53:48+00:00;False;1114;153;21945;287311406785497160e3ff75a996dc13843ccb9d;1;apang@softwaredevelopment.ca;apang@softwaredevelopment.ca
jslint.js;MODIFY;3772.0;0.0;Decreased;True;2014-07-23 18:30:48+00:00;False;1114;153;21945;9e5cae9504c6552900c287ae9db53d82b7329332;248;christian.raue@gmail.com;christian.raue@gmail.com
jslint.js;MODIFY;3772.0;0.0;Equal;True;2022-05-03 12:52:45+00:00;False;1114;153;21949;56640ae815fbace78c62482711cb1733d26cee5e;28;noreply@github.com;CommanderRoot@users.noreply.github.com
