file_name;change_type;n_loc;lines_balance;size_change;is_large;date;swapped_classification;complexity;methods;tokens;hash;files_on_commit;committer_email;author_email
sidecar_test.go;ADD;155;0.0;Grew;False;2019-02-25 17:43:27+00:00;False;20;2;657;4410e62efe1333621be426d7b5901bec02454b2b;1;wenchenglu@users.noreply.github.com;MBanikazemi@gmail.com
sidecar_test.go;MODIFY;159;4.0;Grew;False;2019-03-04 22:10:00+00:00;False;20;2;675;5b98c5876b0aee6390edac46c09fe93974e80396;6;noreply@github.com;rshriram@users.noreply.github.com
sidecar_test.go;MODIFY;235;76.0;Grew;False;2019-03-31 19:13:46+00:00;False;25;2;907;8ebf45f5e54c4f56fb11f439f00b31df11224316;1;istio.testing@gmail.com;MBanikazemi@gmail.com
sidecar_test.go;MODIFY;233;-2.0;Decreased;False;2019-04-04 14:22:47+00:00;False;24;2;899;8d82dbe6377f2ab8ea24a12b9ef0c0a1f7cd2f13;83;istio.testing@gmail.com;geeknoid@users.noreply.github.com
sidecar_test.go;MODIFY;233;0.0;Equal;False;2019-04-26 02:13:18+00:00;False;24;2;899;47beff4e01a0853e225a40c8a7d8129f229267d7;1;istio.testing@gmail.com;mb@us.ibm.com
sidecar_test.go;MODIFY;362;129.0;Grew;False;2019-07-09 01:25:24+00:00;False;30;4;1449;4af77c328810b9b896fc99f794ad9e79a82c097c;6;istio.testing@gmail.com;Robert.Panzer.PB@googlemail.com
sidecar_test.go;MODIFY;363;1.0;Grew;False;2019-07-24 00:42:37+00:00;False;30;4;1464;77ccba24fe3537c6bcd8211392faa7d686bc0c17;155;istio.testing@gmail.com;nmittler@gmail.com
sidecar_test.go;MODIFY;467;104.0;Grew;False;2019-07-26 05:04:00+00:00;False;34;6;2127;510058f64f7b3ba00c3a6ab1c8bfc7e42dd1da59;34;istio.testing@gmail.com;howardjohn@google.com
sidecar_test.go;MODIFY;468;1.0;Grew;False;2019-08-01 16:58:03+00:00;False;34;6;2128;93df5e4b38400fdd9d2fd0fe38abf8400532b8d9;37;istio.testing@gmail.com;nmittler@gmail.com
sidecar_test.go;MODIFY;468;0.0;Equal;False;2019-08-02 21:14:43+00:00;False;34;6;2128;9c9a726e722ab3ad7d544fc4cda47d01e8e18de9;58;istio.testing@gmail.com;nmittler@gmail.com
sidecar_test.go;MODIFY;518;50.0;Grew;False;2019-08-05 16:37:44+00:00;False;39;8;2452;fdf202aaf7d1bc17224b1fcecef1d9e604cdb7e5;14;istio.testing@gmail.com;howardjohn@google.com
sidecar_test.go;MODIFY;559;41.0;Grew;False;2019-10-16 23:04:26+00:00;False;39;8;2595;dc1f5c7f3d64d25db9688be006f9eb445a9a4512;3;istio.testing@gmail.com;rama.rao@salesforce.com
sidecar_test.go;MODIFY;756;197.0;Grew;False;2019-10-22 12:59:19+00:00;False;41;8;3185;021a8778fb589a5da924d32bf21eccf2959e8480;4;istio.testing@gmail.com;rama.rao@salesforce.com
sidecar_test.go;MODIFY;559;-197.0;Decreased;False;2019-10-23 23:07:23+00:00;False;39;8;2595;67d1f2e94d52a595251f726d1ffe030e279aa40a;4;geeknoid@users.noreply.github.com;howardjohn@google.com
sidecar_test.go;MODIFY;819;260.0;Grew;False;2019-10-28 04:07:59+00:00;False;41;8;3387;920212422057448118b49f743c8a568d2138172a;3;istio.testing@gmail.com;rama.rao@salesforce.com
sidecar_test.go;MODIFY;864;45.0;Grew;False;2019-11-08 05:12:00+00:00;False;41;8;3539;4b3535f84798b7cbbe32085e75a59ef5bdb70be5;2;istio.testing@gmail.com;rama.rao@salesforce.com
sidecar_test.go;MODIFY;1022;158.0;Grew;False;2019-11-22 17:30:23+00:00;False;41;8;4044;fda68e5dadc51a407bc5a923b8554e03262bf4f0;5;istio.testing@gmail.com;rama.rao@salesforce.com
sidecar_test.go;MODIFY;1016;-6.0;Decreased;False;2019-12-03 16:58:13+00:00;False;41;8;4023;89205baf999ccee1275bfccf0124bc51ec7703b2;48;istio.testing@gmail.com;nmittler@gmail.com
sidecar_test.go;MODIFY;1048;32.0;Grew;False;2019-12-06 05:54:47+00:00;False;41;8;4128;032be5b1ecfd5b087f623d76dca2879f8cd130be;6;istio.testing@gmail.com;rama.rao@salesforce.com
sidecar_test.go;MODIFY;1259;211.0;Grew;False;2020-01-26 01:35:22+00:00;False;44;8;4874;b7f2bbf05c8d1de1533f8f3faf9eb3a0326daaf0;3;istio.testing@gmail.com;jackkleeman@gmail.com
sidecar_test.go;MODIFY;1297;38.0;Grew;False;2020-04-16 22:11:04+00:00;False;46;9;5077;fd15ec56076603aaa03c68f7c1792b1dd60d1452;21;noreply@github.com;zhiheng.fzh@alibaba-inc.com
sidecar_test.go;MODIFY;1297;0.0;Equal;False;2020-05-29 20:42:01+00:00;False;46;9;5077;65bd2ac632cbd6ec8e3fd85bb9874f685aea0cfd;2014;noreply@github.com;howardjohn@google.com
sidecar_test.go;MODIFY;1339;42.0;Grew;False;2020-06-06 06:05:14+00:00;False;47;9;5220;c3c51dc85687f7468566d753f94abd2809dcbc5c;2;noreply@github.com;ivanyangtt@zju.edu.cn
sidecar_test.go;MODIFY;1339;0.0;Equal;False;2020-06-22 15:51:09+00:00;False;47;9;5206;b0620237499985147dc86026148a1691aa2750be;59;noreply@github.com;howardjohn@google.com
sidecar_test.go;MODIFY;1340;1.0;Grew;False;2020-06-22 20:27:22+00:00;False;47;9;5213;b576237ad1280f5abc17291d84b1a913032b7183;44;noreply@github.com;howardjohn@google.com
sidecar_test.go;MODIFY;1341;1.0;Grew;False;2020-07-05 00:47:36+00:00;False;47;9;5234;8ca6f0f2aa4be0c48a94ebd4f08a624ab057a48c;6;noreply@github.com;howardjohn@google.com
sidecar_test.go;MODIFY;1341;0.0;Equal;False;2020-07-27 20:22:49+00:00;False;47;9;5237;f39b56227376ebed70b3813c96e416ecd98870ee;1;noreply@github.com;gaurav@kargo.com
sidecar_test.go;MODIFY;1341;0.0;Decreased;False;2020-08-07 15:55:42+00:00;False;47;9;5237;07782fd8d2ff0225af494b172dc459e5c9ace04a;376;noreply@github.com;howardjohn@google.com
sidecar_test.go;MODIFY;1342;1.0;Grew;False;2020-08-28 22:07:46+00:00;False;47;9;5324;22d9a05c0f85a9da74e17211d50087a7dc713dc5;111;noreply@github.com;howardjohn@google.com
sidecar_test.go;MODIFY;1342;0.0;Grew;False;2020-09-09 16:08:36+00:00;False;47;9;5346;67553a2317f393394648bc9bb8c23ef6ec56c47d;6;noreply@github.com;rama.rao@salesforce.com
sidecar_test.go;MODIFY;1388;46.0;Grew;False;2020-12-07 17:30:27+00:00;False;53;11;5637;7a9d9f957714ef1d2a2f5a3c16c8521b1eed9444;9;noreply@github.com;xuzhonghu@huawei.com
sidecar_test.go;MODIFY;1397;9.0;Grew;False;2021-01-12 20:14:25+00:00;False;54;11;5667;01f68e8647cdb9ad024848cd62a4d966991c2cf9;4;noreply@github.com;howardjohn@google.com
sidecar_test.go;MODIFY;1400;3.0;Equal;False;2021-02-03 17:28:06+00:00;False;54;11;5668;88a2bfb3bd8e0010229ee66befc4e56b326c2a3a;437;noreply@github.com;istio-testing-bot@google.com
sidecar_test.go;MODIFY;1400;0.0;Equal;False;2021-02-26 04:19:17+00:00;False;54;11;5668;6081356e2d472c8494b396ee722121b5ec48da69;5;noreply@github.com;rama.rao@salesforce.com
sidecar_test.go;MODIFY;1400;0.0;Equal;False;2021-02-26 10:19:17+00:00;False;54;11;5668;fd8b375feec487afb7a93c6d46489c07e46d6ce5;5;noreply@github.com;rama.rao@salesforce.com
sidecar_test.go;MODIFY;1449;49.0;Grew;False;2021-03-31 09:47:14+00:00;False;54;11;5867;bcc7fa7d57def20479eb4f1ad37f197307fb55c0;3;noreply@github.com;xuzhonghu@huawei.com
sidecar_test.go;MODIFY;1417;-32.0;Decreased;False;2021-04-19 02:39:54+00:00;False;43;11;5715;17cd8bcd052455a238dc615f5f620dd9fd492223;2;noreply@github.com;xuzhonghu@huawei.com
sidecar_test.go;MODIFY;1535;118.0;Grew;False;2021-04-25 09:01:54+00:00;False;43;11;6106;e02ae5ac606a4d72b085c73e925d0c9333d978dc;1;noreply@github.com;rama.rao@salesforce.com
sidecar_test.go;MODIFY;1582;47.0;Grew;False;2021-05-28 05:44:00+00:00;False;43;11;6266;9d7daef3f0402979dc05574a9610af4c95ea9d93;2;noreply@github.com;rama.rao@salesforce.com
sidecar_test.go;MODIFY;1535;-47.0;Decreased;False;2021-06-03 15:12:11+00:00;False;43;11;6106;ba96f4a20219885287a6a46729c8ad356172bf6e;2;noreply@github.com;howardjohn@google.com
sidecar_test.go;MODIFY;1582;47.0;Grew;False;2021-06-11 17:59:13+00:00;False;43;11;6266;20fd46267f9f1f8e1a0c870650db15ef65c908de;2;noreply@github.com;rama.rao@salesforce.com
sidecar_test.go;MODIFY;1589;7.0;Grew;False;2021-07-02 00:20:13+00:00;False;43;11;6322;d4255f0d96fd87a8158a4444a272fbaad6b7476e;2;noreply@github.com;kebe.liu@daocloud.io
sidecar_test.go;MODIFY;1673;84.0;Grew;False;2021-07-02 08:23:28+00:00;False;43;11;6612;999f5125f2b33121f233292bb61a4c26306bb7aa;2;noreply@github.com;huailong.zhang@intel.com
sidecar_test.go;MODIFY;1740;67.0;Grew;False;2021-07-05 06:21:43+00:00;False;43;11;6831;47be4f460c1dbadcfeb1424c8565cc04e5259dca;3;noreply@github.com;rama.rao@salesforce.com
sidecar_test.go;MODIFY;1740;0.0;Equal;False;2021-08-02 07:57:23+00:00;False;43;11;6833;83b123b7913acf1db54e74c5e8e3b59ac3ba4155;6;noreply@github.com;rama.rao@salesforce.com
sidecar_test.go;MODIFY;1974;234.0;Grew;False;2021-08-31 16:44:42+00:00;False;43;11;7522;68a695bea41afc048c70b80a356f14f292cb8f8c;70;noreply@github.com;nmittler@gmail.com
sidecar_test.go;MODIFY;1756;-218.0;Decreased;False;2021-09-23 16:16:03+00:00;False;43;11;6840;8ce0defcc905873dadf3fa1d8c3f3629cd39895c;71;noreply@github.com;nmittler@gmail.com
sidecar_test.go;MODIFY;1756;0.0;Equal;False;2022-03-22 06:23:23+00:00;False;43;11;6833;93f56e1696c82f72cfe178d95614de5e22d9c7f7;31;noreply@github.com;howardjohn@google.com
sidecar_test.go;MODIFY;1997;241.0;Grew;False;2022-03-29 14:16:21+00:00;False;44;11;7815;f72bf28a23033983912c0facb705d83019fa3aef;18;noreply@github.com;faseela.k@est.tech
sidecar_test.go;MODIFY;2004;7.0;Grew;False;2022-04-28 11:52:33+00:00;False;44;11;7869;ac5ae313be27941e6a2eb59f24cf68db2b9a5813;2;noreply@github.com;41563853+dddddai@users.noreply.github.com
sidecar_test.go;MODIFY;2172;168.0;Grew;True;2022-05-25 02:52:40+00:00;True;44;11;8522;37ce3a5becb92a1982d90d94bf9887f01a00b58c;5;noreply@github.com;100374275+ryan-smick@users.noreply.github.com
sidecar_test.go;MODIFY;2218;46.0;Grew;True;2022-06-08 19:04:03+00:00;False;44;11;8697;16926d6dcdb8743b84b101ab858430f4e7b70332;3;noreply@github.com;howardjohn@google.com
sidecar_test.go;MODIFY;2218;0.0;Equal;True;2022-06-30 21:13:14+00:00;False;44;11;8697;facf2496d15445839d59265594fc84ac7ed5420b;47;noreply@github.com;sebastian.schepens@mercadolibre.com
sidecar_test.go;MODIFY;2218;0.0;Equal;True;2022-07-07 03:52:19+00:00;False;44;11;8701;3f14369c711dd28b094c850750ac797e1aa2a897;21;noreply@github.com;41563853+dddddai@users.noreply.github.com
sidecar_test.go;MODIFY;2219;1.0;Grew;True;2022-08-15 07:13:44+00:00;False;44;11;8709;1b214cea711412973d49aa759aef3ac626017894;43;noreply@github.com;xuzhonghu@huawei.com
sidecar_test.go;MODIFY;2219;0.0;Equal;True;2022-08-22 18:52:40+00:00;False;44;11;8709;73c3c4ecf2df89ac2ac364f665388fef19afdd03;4;noreply@github.com;rama.rao@salesforce.com
sidecar_test.go;MODIFY;2231;12.0;Grew;True;2023-02-14 03:07:41+00:00;False;44;11;8837;9632545cd567ebc7fd642e6c6d5dfb892a0e4d5d;3;noreply@github.com;41563853+dddddai@users.noreply.github.com
sidecar_test.go;MODIFY;2353;122.0;Grew;True;2023-02-16 07:51:22+00:00;False;46;11;9325;d7b6138153f5df104bb8bca4300ca6d751c06ac1;2;noreply@github.com;rama.rao@salesforce.com
sidecar_test.go;MODIFY;2353;0.0;Equal;True;2023-02-16 13:49:22+00:00;False;46;11;9325;b0a95298129a018a6be14152fb929fe124cdd1ff;1;noreply@github.com;pawanbishnoi@outlook.com
sidecar_test.go;MODIFY;2416;63.0;Grew;True;2023-02-27 17:02:23+00:00;False;61;22;9839;c8624737a7c956fa9ff415aa9dec49bdebdff1c8;2;noreply@github.com;wulianglongrd@gmail.com
sidecar_test.go;MODIFY;2416;0.0;Equal;True;2023-03-01 01:34:15+00:00;False;61;22;9791;d54738b5d5713fb57db9dc3bbdb18d4f53a2c2a2;126;noreply@github.com;howardjohn@google.com
sidecar_test.go;MODIFY;2443;27.0;Grew;True;2023-07-31 15:08:59+00:00;False;62;22;9986;58773adea75daf777bf83a686f7c57fb2a31462a;2;noreply@github.com;wulianglongrd@gmail.com
sidecar_test.go;MODIFY;2468;25.0;Grew;True;2023-08-28 20:21:47+00:00;False;62;22;10241;acaa2086e7f93b7847cb18cb6e7990f25af83047;4;noreply@github.com;wulianglongrd@gmail.com
sidecar_test.go;MODIFY;2468;0.0;Equal;True;2023-09-05 17:41:01+00:00;False;62;22;10217;ea9b33aff25012960a060f658118ddd50a006f45;20;noreply@github.com;sebastian.schepens@mercadolibre.com
sidecar_test.go;MODIFY;2468;0.0;Equal;True;2023-10-12 21:01:42+00:00;False;62;22;10217;2cdef3db0831f052b7b8249f10c02459683682dc;10;noreply@github.com;howardjohn@google.com
sidecar_test.go;MODIFY;2619;151.0;Grew;True;2023-10-27 17:19:29+00:00;False;67;24;10955;4ab1fb7008338184d1ce9b0405e6fba69bf86a82;7;noreply@github.com;zack.butcher@gmail.com
sidecar_test.go;MODIFY;2715;96.0;Grew;True;2023-12-09 14:22:50+00:00;False;72;26;11455;5ad6e0c9e9001cf4281b69bc17b628c5f4e26104;10;noreply@github.com;keithmattix@microsoft.com
sidecar_test.go;MODIFY;2735;20.0;Grew;True;2023-12-13 21:08:36+00:00;False;72;26;11546;1c5bb120da69cd5cd193eace57e3118780b32583;2;noreply@github.com;keithmattix@microsoft.com
sidecar_test.go;MODIFY;2735;0.0;Equal;True;2023-12-26 10:34:28+00:00;False;72;26;11546;1287dce09e317592b007c51b6ae89a74b406aa8f;2;noreply@github.com;keithmattix@microsoft.com
sidecar_test.go;MODIFY;2735;0.0;Equal;True;2024-01-04 10:13:06+00:00;False;72;26;11546;c25ac2f7ffc75ecef1f45a9294672b10905012c6;4;noreply@github.com;rama.rao@salesforce.com
sidecar_test.go;MODIFY;3110;375.0;Grew;True;2024-01-25 04:26:03+00:00;False;72;26;12798;2d45bf649567a34ec0bfa7d345af26465af6baf7;5;noreply@github.com;xuzhonghu@huawei.com
sidecar_test.go;MODIFY;3221;111.0;Grew;True;2024-03-04 07:49:37+00:00;False;72;26;13233;98971232a596ab1faea9063c84c164872dd92334;3;noreply@github.com;xuzhonghu@huawei.com
sidecar_test.go;MODIFY;3230;9.0;Grew;True;2024-04-02 21:06:06+00:00;False;74;26;13293;06f093de136781aba5832ee1ecc03c0221c3be81;3;noreply@github.com;xuzhonghu@huawei.com
sidecar_test.go;MODIFY;3230;0.0;Equal;True;2024-04-21 17:42:54+00:00;False;74;26;13293;fac952e9eb85538a6d5c43c7aa85d57357de2599;20;noreply@github.com;matthieu.morel35@gmail.com
sidecar_test.go;MODIFY;3235;5.0;Grew;True;2024-04-29 14:19:45+00:00;False;76;26;13338;81284e303a73fbbc8edfd6456e1b601ef3d47632;2;noreply@github.com;xuzhonghu@huawei.com
sidecar_test.go;MODIFY;3275;40.0;Grew;True;2024-05-07 09:38:49+00:00;False;76;26;13504;e66d1b8043316a73b9230115f3a5bbf5f0b1c147;3;noreply@github.com;rama.rao@salesforce.com
sidecar_test.go;MODIFY;3331;56.0;Grew;True;2024-07-25 02:20:30+00:00;False;61;27;13624;5e6f9d67340be0ba8a234260898c495ad879c2ce;1;noreply@github.com;howardjohn@google.com
sidecar_test.go;MODIFY;3313;-18.0;Decreased;True;2024-07-29 23:15:12+00:00;False;60;27;13520;3cb62000738c7b71c72825b7a50a7d0ebc865c14;23;noreply@github.com;howardjohn@google.com
sidecar_test.go;MODIFY;3427;114.0;Grew;True;2024-08-07 07:23:23+00:00;False;60;27;13924;876108d82b1b9537aea14057ae6b5a4152424dff;5;noreply@github.com;radoslaw.chrzanowski@allegro.pl
sidecar_test.go;MODIFY;3427;0.0;Equal;True;2024-08-07 19:10:24+00:00;False;60;27;13924;f2155b4125fdf0a3465cb3a506058c17de314261;1;noreply@github.com;howardjohn@google.com
sidecar_test.go;MODIFY;3423;-4.0;Decreased;True;2024-09-14 02:07:13+00:00;False;59;27;13896;d26fe42e760863008b51dbb1f020bd8492812234;37;noreply@github.com;howardjohn@google.com
