file_name;change_type;n_loc;lines_balance;size_change;is_large;date;swapped_classification;complexity;methods;tokens;hash;files_on_commit;committer_email;author_email
net.ts;ADD;1579;0.0;Equal;True;2023-02-14 16:38:45+00:00;True;208;82;8891;d47147fb6ad229b1c039aff9d0959b6e281f4df5;332;noreply@github.com;biwanczuk@gmail.com
net.ts;MODIFY;1576;-3.0;Decreased;True;2023-03-05 02:31:38+00:00;False;208;82;8890;b40086fd7da3729d1d59b312c89ee57747fc66a9;219;noreply@github.com;biwanczuk@gmail.com
net.ts;MODIFY;1576;0.0;Equal;True;2023-03-08 11:44:54+00:00;False;208;82;8890;72fe9bb47005e720444e65a66e91559287137780;293;noreply@github.com;biwanczuk@gmail.com
net.ts;MODIFY;1579;3.0;Grew;True;2023-06-06 10:29:55+00:00;False;208;82;8906;42991017e9af59d6a5cb6b523228c62f1c32380e;5;noreply@github.com;matthew@mastracci.com
net.ts;MODIFY;1579;0.0;Equal;True;2023-06-27 06:18:22+00:00;False;208;82;8906;e16b74d792c8fcdb46ab231575fc75f29d4d7fe7;162;noreply@github.com;moriken@kimamass.com
net.ts;MODIFY;1579;0.0;Equal;True;2023-07-02 18:19:30+00:00;False;208;82;8906;01f0d03ae82c422c1f9551f3bfbb57daac769ddc;99;noreply@github.com;biwanczuk@gmail.com
net.ts;MODIFY;1580;1.0;Grew;True;2023-07-18 22:33:43+00:00;False;208;82;8909;bab0294db674c64c18243a877e9dff5f9a91c923;2;noreply@github.com;crowlkats@toaxl.com
net.ts;MODIFY;1580;0.0;Equal;True;2024-01-01 19:58:21+00:00;False;208;82;8909;7e72f3af6152d4b62c2ea94d025dfa297a6b0cb4;1008;noreply@github.com;dsherret@users.noreply.github.com
net.ts;MODIFY;1583;3.0;Grew;True;2024-06-18 10:46:13+00:00;False;208;82;8926;8c4b33db0d05181a0e5538bddaf063144724c938;12;noreply@github.com;me@satyarohith.com
net.ts;MODIFY;1582;-1.0;Decreased;True;2024-09-26 03:17:29+00:00;False;208;82;8921;121d9697a17c66fce2ba974cb0b0f735ca420fce;1;noreply@github.com;dj.srivastava23@gmail.com
net.ts;MODIFY;1587;5.0;Grew;True;2024-10-16 11:58:44+00:00;False;209;82;8938;d59599fc187c559ee231882773e1c5a2b932fc3d;6;noreply@github.com;stibium121@gmail.com
net.ts;MODIFY;1582;-5.0;Decreased;True;2024-10-29 17:41:16+00:00;False;208;82;8921;a69224ea5bd02f08108aac867c492754095f2d34;6;noreply@github.com;stibium121@gmail.com
net.ts;MODIFY;1949;367.0;Grew;True;2024-11-12 10:54:47+00:00;False;266;93;10732;c3c2b379669b17e5fdcbe5e62662404ca22c71c6;9;noreply@github.com;stibium121@gmail.com
net.ts;MODIFY;1958;9.0;Grew;True;2024-12-13 00:44:42+00:00;False;268;94;10792;960776cd32331495034fcda21b194d897e780892;21;noreply@github.com;me@satyarohith.com
