file_name;change_type;n_loc;lines_balance;size_change;is_large;date;swapped_classification;complexity;methods;tokens;hash;files_on_commit;committer_email;author_email
registries.rs;ADD;790;0.0;Equal;False;2021-04-09 01:27:27+00:00;False;88;19;4856;d9d4a5d73c28741deaa2c93d87672ce117315fbf;34;noreply@github.com;me@kitsonkelly.com
registries.rs;MODIFY;889;99.0;Grew;False;2021-04-10 00:37:42+00:00;False;91;20;5420;1aeabce134ed1632a06efb2c020e0b9f97fa8ee2;1;noreply@github.com;lucacasonato@yahoo.com
registries.rs;MODIFY;889;0.0;Equal;False;2021-04-12 02:15:43+00:00;False;91;20;5422;fefe93c91b63e35bf88f5f432f0cca09948d0623;19;noreply@github.com;13135287+crowlKats@users.noreply.github.com
registries.rs;MODIFY;889;0.0;Equal;False;2021-04-18 05:29:37+00:00;False;91;20;5418;204b699be4cf88e216572d77ad4cced9ab4748bc;1;noreply@github.com;aaron.omullan@gmail.com
registries.rs;MODIFY;894;5.0;Grew;False;2021-06-01 11:53:08+00:00;False;92;20;5453;bb5bf91067e28cef869f5180dc73a9b86e368bdc;8;noreply@github.com;me@kitsonkelly.com
registries.rs;MODIFY;894;0.0;Equal;False;2021-06-10 13:26:10+00:00;False;92;20;5453;6091ea098a86cafb38aed3228a64ad96a046c817;40;noreply@github.com;biwanczuk@gmail.com
registries.rs;MODIFY;894;0.0;Equal;False;2021-07-05 13:34:37+00:00;False;92;20;5453;2c0b0e45b72ef1b5d7fa95e1e110d07ddbc720f7;28;noreply@github.com;jimmy@warting.se
registries.rs;MODIFY;893;-1.0;Decreased;False;2021-07-27 21:25:09+00:00;False;92;20;5430;667b026798b5284e9ec8bf47baba80f343975d2e;18;noreply@github.com;me@kitsonkelly.com
registries.rs;MODIFY;893;0.0;Equal;False;2021-07-30 13:03:41+00:00;False;92;20;5421;8f00b5542caffd14988b923efe4f066b712d2858;36;noreply@github.com;yusuktan@maguro.dev
registries.rs;MODIFY;895;2.0;Grew;False;2021-08-09 14:53:21+00:00;False;92;20;5425;353a4a1af3165b2c59319865350d70a99105269c;22;noreply@github.com;theaifam5@gmail.com
registries.rs;MODIFY;1115;220.0;Grew;False;2021-09-14 12:40:35+00:00;False;119;26;6694;d36b01ff6956930b51a80cd773f618b708a5f595;11;noreply@github.com;me@kitsonkelly.com
registries.rs;MODIFY;1112;-3.0;Decreased;False;2021-10-28 23:56:01+00:00;False;119;26;6677;34a9ddff091950aee9d89915cd13944259e7d346;17;noreply@github.com;me@kitsonkelly.com
registries.rs;MODIFY;1144;32.0;Grew;False;2021-11-07 22:35:32+00:00;False;123;28;6938;91f8bdda2cfb98ffdbce59a600fc3602534d5249;3;noreply@github.com;me@kitsonkelly.com
registries.rs;MODIFY;1094;-50.0;Decreased;False;2021-11-12 16:42:04+00:00;False;120;26;6714;28dbb4a95e569772600ae28ae4fe8b6fa2a4d2af;7;noreply@github.com;dsherret@users.noreply.github.com
registries.rs;MODIFY;1094;0.0;Equal;False;2021-11-16 14:02:28+00:00;False;120;26;6714;b2036a4db71afd67a78f932528143fb07faea538;36;noreply@github.com;ry@tinyclouds.org
registries.rs;MODIFY;1094;0.0;Equal;False;2021-11-25 01:10:12+00:00;False;120;26;6714;e68a241946f8fd6602b9d1a99c4b8fa7ead159ef;10;noreply@github.com;biwanczuk@gmail.com
registries.rs;MODIFY;1099;5.0;Grew;False;2021-12-09 11:16:17+00:00;False;120;26;6738;2347e60934a8701bb5f0ecba6a460447eab868c6;7;noreply@github.com;me@kitsonkelly.com
registries.rs;MODIFY;1338;239.0;Grew;False;2021-12-13 19:24:11+00:00;False;143;33;8009;a54fc7a1292b7da3ba1ccc1e6d6ab7ab5c750a36;11;noreply@github.com;me@kitsonkelly.com
registries.rs;MODIFY;1325;-13.0;Decreased;False;2021-12-15 18:23:43+00:00;False;143;33;7970;6c324acf2363e88293ab94cf3de6c9d7a264b55d;15;noreply@github.com;dsherret@users.noreply.github.com
registries.rs;MODIFY;1324;-1.0;Decreased;False;2021-12-18 21:14:42+00:00;False;143;33;7979;6de53b631fcdb96d72639b6d2db3592d5fa8498d;27;noreply@github.com;dj.srivastava23@gmail.com
registries.rs;MODIFY;1328;4.0;Grew;False;2021-12-21 02:40:22+00:00;False;143;33;7985;b5fdfb9d25a636725d3aeae055bd1e740f6ec1d6;4;noreply@github.com;me@kitsonkelly.com
registries.rs;MODIFY;1360;32.0;Grew;False;2022-01-02 05:25:42+00:00;False;145;34;8120;0ae46a975cd32301ee01df4eafb23c9db52f1198;2;noreply@github.com;me@kitsonkelly.com
registries.rs;MODIFY;1369;9.0;Grew;False;2022-01-02 05:27:19+00:00;False;149;34;8168;2e72893fa2da175f5949c0c5c6760d404fa65a23;2;noreply@github.com;me@kitsonkelly.com
registries.rs;MODIFY;1421;52.0;Grew;True;2022-01-04 06:42:33+00:00;True;149;34;8513;01ff7a87847a690546c62c7bd5c13823d3bb2d42;15;noreply@github.com;me@kitsonkelly.com
registries.rs;MODIFY;1474;53.0;Grew;True;2022-01-07 00:27:13+00:00;False;164;35;8870;57bfa87b2c56809eedcc64bf63be9dcdd6c7400f;8;noreply@github.com;me@kitsonkelly.com
registries.rs;MODIFY;1474;0.0;Equal;True;2022-01-08 03:09:52+00:00;False;164;35;8870;1fb5858009f598ce3f917f9f49c466db81f4d9b0;337;noreply@github.com;ry@tinyclouds.org
registries.rs;MODIFY;1486;12.0;Grew;True;2022-01-19 21:05:19+00:00;False;164;35;8913;6cf05220e3370365a2c6ce8116d1c5624004ca59;2;noreply@github.com;me@kitsonkelly.com
registries.rs;MODIFY;1507;21.0;Grew;True;2022-01-24 00:27:52+00:00;False;166;35;9077;3ec248cff8fff1a41c2b2ad5301e7aa3db00c6a8;11;noreply@github.com;me@kitsonkelly.com
registries.rs;MODIFY;1504;-3.0;Decreased;True;2022-02-23 21:01:20+00:00;False;166;35;9059;973fe6dd3a01f518b5f8f2a766fae23b24dfdcac;12;noreply@github.com;me@kitsonkelly.com
registries.rs;MODIFY;1498;-6.0;Decreased;True;2022-03-23 13:54:22+00:00;False;166;35;9033;53dac7451bbdd527aa91e01653b678547624fc39;34;noreply@github.com;dsherret@users.noreply.github.com
registries.rs;MODIFY;1498;0.0;Equal;True;2022-04-01 15:15:37+00:00;False;166;35;9003;1c37ac33526dc45ad0b3f83ca8294dbb55548096;33;noreply@github.com;dsherret@users.noreply.github.com
registries.rs;MODIFY;1498;0.0;Equal;True;2022-04-03 04:17:30+00:00;False;166;35;9005;a6e4b4297d840e9cfe4bdf373f24da8202f58e2d;26;noreply@github.com;m.jason.liu@outlook.com
registries.rs;MODIFY;1550;52.0;Grew;True;2022-08-01 22:54:17+00:00;False;168;35;9247;09d14b1b57ffe28e5d43d3fb3ae237cc944596ae;4;noreply@github.com;me@kitsonkelly.com
registries.rs;MODIFY;1551;1.0;Grew;True;2022-09-09 19:57:39+00:00;False;168;35;9249;f92bd986de7f083ac164c0e3a2b04d3504c29741;10;noreply@github.com;biwanczuk@gmail.com
registries.rs;MODIFY;1544;-7.0;Decreased;True;2022-11-18 22:28:14+00:00;False;167;35;9225;763d492ed69c3a22310dd5c758995fbbbf3e06b8;8;noreply@github.com;dsherret@users.noreply.github.com
registries.rs;MODIFY;1544;0.0;Equal;True;2022-11-26 00:04:30+00:00;False;167;35;9222;0c0af67f89b610eb61e4f66a5dbf665474aa9383;13;noreply@github.com;dsherret@users.noreply.github.com
registries.rs;MODIFY;1544;0.0;Equal;True;2022-11-28 22:28:54+00:00;False;167;35;9222;2d4c46c975eb916dc622cc729a1a8d397582a76f;57;noreply@github.com;dsherret@users.noreply.github.com
registries.rs;MODIFY;1544;0.0;Equal;True;2022-12-17 22:20:15+00:00;False;167;35;9210;f46df3e35940fc78163945eed33e58fafed0b06b;37;noreply@github.com;695601626@qq.com
registries.rs;MODIFY;1544;0.0;Equal;True;2023-01-02 21:00:42+00:00;False;167;35;9210;10e4b2e14046b74469f7310c599579a6611513fe;641;noreply@github.com;dsherret@users.noreply.github.com
registries.rs;MODIFY;1544;0.0;Equal;True;2023-01-07 16:25:34+00:00;False;167;35;9200;fac64478157ee563b185edb5734688e4523df3a1;30;noreply@github.com;biwanczuk@gmail.com
registries.rs;MODIFY;1544;0.0;Equal;True;2023-01-25 21:51:04+00:00;False;166;35;9199;34c14dbf995ab427a39642a478f183dd5a60005c;10;noreply@github.com;dsherret@users.noreply.github.com
registries.rs;MODIFY;1544;0.0;Equal;True;2023-01-27 15:43:16+00:00;False;166;35;9183;f5840bdcd360ec0bac2501f333e58e25742b1537;148;noreply@github.com;dsherret@users.noreply.github.com
registries.rs;MODIFY;1544;0.0;Equal;True;2023-03-04 12:05:07+00:00;False;166;35;9179;58ec963bf190cd33cdbc3218be3b8c61189bdcfd;3;noreply@github.com;geertjanzwiers@protonmail.com
registries.rs;MODIFY;1548;4.0;Grew;True;2023-03-15 21:46:36+00:00;False;165;35;9176;fb021d7ceff3f8b1d7cdb0c2bdd75ea07c0428d2;21;noreply@github.com;dsherret@users.noreply.github.com
registries.rs;MODIFY;1549;1.0;Grew;True;2023-03-30 13:47:39+00:00;False;165;35;9176;d418f792a97e66fb7a0b5c652869478c22e6cc12;6;noreply@github.com;biwanczuk@gmail.com
registries.rs;MODIFY;1548;-1.0;Decreased;True;2023-04-13 01:08:01+00:00;False;165;35;9164;d790ea7d533c3c48b09a2f16f3fef549aa96be78;23;noreply@github.com;linyiyu1992@gmail.com
registries.rs;MODIFY;1540;-8.0;Decreased;True;2023-05-01 20:42:05+00:00;False;165;35;9144;913176313b6869eeb29b8d48e0c8d80227fa6544;23;noreply@github.com;dsherret@users.noreply.github.com
registries.rs;MODIFY;1540;0.0;Equal;True;2023-06-10 15:09:45+00:00;False;165;35;9160;7f15126f23d97f20a4fb33e43136cd4d13825863;40;noreply@github.com;dsherret@users.noreply.github.com
registries.rs;MODIFY;1540;0.0;Equal;True;2023-06-26 13:10:27+00:00;False;165;35;9160;801b9ec62d94f201e67d053ee90dae0b70e50a42;83;noreply@github.com;martin@push-f.com
registries.rs;MODIFY;1539;-1.0;Decreased;True;2023-07-01 22:52:30+00:00;False;165;35;9153;b9c0e7cd550ab14fa7da7e33ed87cbeeeb9785a0;25;noreply@github.com;nayeemrmn99@gmail.com
registries.rs;MODIFY;1530;-9.0;Decreased;True;2023-07-08 20:06:45+00:00;False;164;34;9084;21cc279481ac5bffc29641e917e868dca42189d3;10;noreply@github.com;dsherret@users.noreply.github.com
registries.rs;MODIFY;1530;0.0;Equal;True;2023-08-02 00:49:09+00:00;False;164;34;9107;1cefa831fd74b14121494045a347024502d74e34;35;noreply@github.com;dsherret@users.noreply.github.com
registries.rs;MODIFY;1533;3.0;Grew;True;2023-08-08 14:23:02+00:00;False;164;34;9114;05f838a57cc5b5e7b262e1640baa4d93dfb0df28;16;noreply@github.com;dsherret@users.noreply.github.com
registries.rs;MODIFY;1533;0.0;Equal;True;2023-08-29 15:22:05+00:00;False;164;34;9115;b5f032df73bd5de78be53f002b9bef048cf59f44;5;noreply@github.com;nayeemrmn99@gmail.com
registries.rs;MODIFY;1539;6.0;Grew;True;2023-09-05 15:36:35+00:00;False;164;34;9131;be1fc754a14683bf640b7bf0ecf6e286d02ee118;6;noreply@github.com;bedisnbiba@gmail.com
registries.rs;MODIFY;1541;2.0;Grew;True;2023-09-07 13:09:16+00:00;False;164;34;9149;3fc19dab47492e06043fc7add28e64693a4eb775;61;noreply@github.com;dsherret@users.noreply.github.com
registries.rs;MODIFY;1541;0.0;Equal;True;2023-10-13 13:38:34+00:00;False;164;34;9147;bd238be4b5f26126fee8820d2a64c6660dfd6b6b;2;noreply@github.com;nayeemrmn99@gmail.com
registries.rs;MODIFY;1541;0.0;Equal;True;2024-01-01 19:58:21+00:00;False;164;34;9147;7e72f3af6152d4b62c2ea94d025dfa297a6b0cb4;1008;noreply@github.com;dsherret@users.noreply.github.com
registries.rs;MODIFY;1549;8.0;Grew;True;2024-02-01 03:15:22+00:00;False;169;34;9188;4b7c6049ef9d40394eb823859c82cbf8d293430d;38;noreply@github.com;dsherret@users.noreply.github.com
registries.rs;MODIFY;1550;1.0;Grew;True;2024-02-15 19:49:35+00:00;False;169;34;9192;4f80d83774ce5402a2b10503529fe422c998b841;27;noreply@github.com;dsherret@users.noreply.github.com
registries.rs;MODIFY;1550;0.0;Equal;True;2024-03-12 03:48:00+00:00;False;169;34;9191;ad6b00a2bf061a90c72737d0ecc4a58bb0a89550;38;noreply@github.com;dsherret@users.noreply.github.com
registries.rs;MODIFY;1549;-1.0;Decreased;True;2024-04-19 01:43:28+00:00;False;169;34;9192;c497e766f1a136c674d8be2467eb103c85fe1d44;23;noreply@github.com;dsherret@users.noreply.github.com
registries.rs;MODIFY;1553;4.0;Grew;True;2024-05-03 19:52:58+00:00;False;167;35;9210;1fce59281c38c83c937c01ff92f8656da44ccada;6;noreply@github.com;nayeemrmn99@gmail.com
registries.rs;MODIFY;1597;44.0;Grew;True;2024-06-03 21:17:08+00:00;False;172;35;9396;3341c50b6ae676cdc8f7b1c44221aa633f2bde68;32;noreply@github.com;dsherret@users.noreply.github.com
registries.rs;MODIFY;1597;0.0;Equal;True;2024-06-07 03:37:53+00:00;False;172;35;9396;386d5c8310891c5dc9627abbf2374e60bb4e50d2;69;noreply@github.com;dsherret@users.noreply.github.com
registries.rs;MODIFY;1632;35.0;Grew;True;2024-07-30 22:26:09+00:00;False;178;35;9655;3659781f88236a369aa9ca5142c0fb7d690fc898;2;noreply@github.com;nayeemrmn99@gmail.com
registries.rs;MODIFY;1632;0.0;Equal;True;2024-09-16 20:39:37+00:00;False;178;35;9624;62e952559f600e72d7498c9b12f906cb0b1ba150;74;noreply@github.com;dsherret@users.noreply.github.com
registries.rs;MODIFY;1633;1.0;Grew;True;2024-10-24 18:03:56+00:00;False;178;35;9628;5f0bb3c6f4328003012e98ba70ce18e4e2e842de;39;noreply@github.com;marvin@deno.com
registries.rs;MODIFY;1632;-1.0;Decreased;True;2024-12-16 23:39:40+00:00;False;178;35;9650;95928c46eb83024551e4ede49ea00c4f4b21afef;42;noreply@github.com;dsherret@users.noreply.github.com
