file_name;change_type;n_loc;lines_balance;size_change;is_large;date;swapped_classification;complexity;methods;tokens;hash;files_on_commit;committer_email;author_email
AbstractScreenShotGenerator.java;ADD;1321;0.0;Grew;True;2019-03-26 17:46:51+00:00;True;229;144;10119;79d8f164f8bb8b15cfb60c5d4faeb8e1c25d15ca;12449;46821332+nsadeveloper789@users.noreply.github.com;46821332+nsadeveloper789@users.noreply.github.com
AbstractScreenShotGenerator.java;MODIFY;1320;-1.0;Decreased;True;2019-06-12 18:43:31+00:00;False;229;144;10102;43fa7e3f92de33edc27f417c4fd964f36941cca9;75;48328597+dragonmacher@users.noreply.github.com;48328597+dragonmacher@users.noreply.github.com
AbstractScreenShotGenerator.java;MODIFY;1321;1.0;Grew;True;2019-07-19 15:00:43+00:00;False;229;144;10111;380d863c96228ca6dd0c220aa61a5bf76ea01c9a;113;48328597+dragonmacher@users.noreply.github.com;48328597+dragonmacher@users.noreply.github.com
AbstractScreenShotGenerator.java;MODIFY;1321;0.0;Equal;True;2019-12-16 20:31:29+00:00;False;229;144;10111;3bdf049d44f7c6526e985ce8395889d23f877903;136;ajs222@njit.edu;ajs222@njit.edu
AbstractScreenShotGenerator.java;MODIFY;1336;15.0;Grew;True;2020-01-03 19:55:23+00:00;False;231;146;10205;94e17242eef18532eaf55dd4052aa03772265c46;3;adamopolous@users.noreply.github.com;48328597+dragonmacher@users.noreply.github.com
AbstractScreenShotGenerator.java;MODIFY;1337;1.0;Grew;True;2020-01-21 21:22:17+00:00;False;231;146;10214;cc44d0c952e816538f76ed0480ec8b1145de4980;10;adamopolous@users.noreply.github.com;adamopolous@users.noreply.github.com
AbstractScreenShotGenerator.java;MODIFY;1339;2.0;Grew;True;2021-11-18 20:03:59+00:00;False;231;146;10231;e30884b22963521992d104fc66ed542a605e12c7;3;48328597+dragonmacher@users.noreply.github.com;48328597+dragonmacher@users.noreply.github.com
AbstractScreenShotGenerator.java;MODIFY;1306;-33.0;Decreased;True;2022-03-28 21:17:46+00:00;False;223;144;9987;2a5e6f45b8859bc4485c3f47a8826e8e405b6e68;24;48328597+dragonmacher@users.noreply.github.com;48328597+dragonmacher@users.noreply.github.com
AbstractScreenShotGenerator.java;MODIFY;1310;4.0;Grew;True;2022-11-15 19:53:43+00:00;False;223;144;10027;4eb3d8fd86c7012b1bc78a5cee47e47dd24e43db;113;106987263+ghidragon@users.noreply.github.com;48328597+dragonmacher@users.noreply.github.com
AbstractScreenShotGenerator.java;MODIFY;1310;0.0;Equal;True;2022-11-15 19:55:52+00:00;False;223;144;10019;c86b884dafe4053d845167c67a267700b84e5917;51;106987263+ghidragon@users.noreply.github.com;106987263+ghidragon@users.noreply.github.com
AbstractScreenShotGenerator.java;MODIFY;1309;-1.0;Decreased;True;2023-05-01 05:40:54+00:00;False;223;144;10005;0bfbf50890c4bc66cb6245388e0982bb02e21414;14;47253321+emteere@users.noreply.github.com;48332326+dev747368@users.noreply.github.com
AbstractScreenShotGenerator.java;MODIFY;1309;0.0;Equal;True;2023-05-01 11:23:48+00:00;False;223;144;10005;7fa3389119ff514863f1e9c6ab572267e43d6cb1;662;ryanmkurtz@users.noreply.github.com;ryanmkurtz@users.noreply.github.com
AbstractScreenShotGenerator.java;MODIFY;1308;-1.0;Decreased;True;2023-05-02 17:39:19+00:00;False;223;144;9994;d4eae5ff3c088f6029cb2b1cdf9f6d0b35f2990b;74;48328597+dragonmacher@users.noreply.github.com;48328597+dragonmacher@users.noreply.github.com
AbstractScreenShotGenerator.java;MODIFY;1311;3.0;Grew;True;2023-05-09 13:21:49+00:00;False;224;145;10008;c5da826540a77aa730317994a9d692de8a17f144;107;46821332+nsadeveloper789@users.noreply.github.com;46821332+nsadeveloper789@users.noreply.github.com
AbstractScreenShotGenerator.java;MODIFY;1312;1.0;Grew;True;2023-06-20 18:23:45+00:00;False;224;145;10024;a8328a39f5d9558dabe16ac356fc4e08b790c8ec;6;48328597+dragonmacher@users.noreply.github.com;48328597+dragonmacher@users.noreply.github.com
AbstractScreenShotGenerator.java;MODIFY;1312;0.0;Equal;True;2024-03-14 16:27:41+00:00;False;224;145;10030;8447a61821f13f0e56298b64a83e323dffbad683;1;48328597+dragonmacher@users.noreply.github.com;48328597+dragonmacher@users.noreply.github.com
AbstractScreenShotGenerator.java;MODIFY;1325;13.0;Grew;True;2024-03-22 12:49:56+00:00;False;225;145;10116;51fb8f8793baa2fca1a34e0cd122f01d960424d3;6;ghidra1@users.noreply.github.com;ghidra1@users.noreply.github.com
AbstractScreenShotGenerator.java;MODIFY;1326;1.0;Grew;True;2024-11-18 23:45:17+00:00;False;225;145;10129;b67fab8b5100581f02350f7a8fc177e0155148b5;14;48328597+dragonmacher@users.noreply.github.com;48328597+dragonmacher@users.noreply.github.com
