file_name;change_type;n_loc;lines_balance;size_change;is_large;date;swapped_classification;complexity;methods;tokens;hash;files_on_commit;committer_email;author_email
ggml-metal.m;RENAME;3471;0.0;Grew;True;2024-11-14 17:04:35+00:00;True;5;2;30300;ae8de6d50a09d49545e0afab2e50cc4acfb280e2;191;noreply@github.com;slarengh@gmail.com
ggml-metal.m;MODIFY;3475;4.0;Grew;True;2024-11-17 06:30:29+00:00;False;5;2;30345;8a43e940ab0daaff198809bf9277289994ec62f5;15;ggerganov@gmail.com;johannesg@5d6.de
ggml-metal.m;MODIFY;3521;46.0;Grew;True;2024-11-17 09:23:01+00:00;False;5;2;27064;cf32a9b93ad859ea592c31785b6bd3b4b2121463;5;noreply@github.com;ggerganov@gmail.com
ggml-metal.m;MODIFY;3533;12.0;Grew;True;2024-11-19 18:03:21+00:00;False;5;2;27166;12b0ad953a59563ea8d973708760d747321d8432;2;ggerganov@gmail.com;pierreantoine.bannier@gmail.com
ggml-metal.m;MODIFY;3533;0.0;Equal;True;2024-11-25 13:08:04+00:00;False;5;2;27166;b756441104ca8384640d6df22ba4ea6dab7ad799;2;ggerganov@gmail.com;ggerganov@gmail.com
ggml-metal.m;MODIFY;3551;18.0;Grew;True;2024-11-25 14:13:39+00:00;False;5;2;27262;5931c1f233c616083d64e41a228249d58e039aa5;44;noreply@github.com;slarengh@gmail.com
ggml-metal.m;MODIFY;3551;0.0;Equal;True;2024-11-25 19:49:31+00:00;False;5;2;27262;106964e3d266740f571b5aad7b57545b4a901ac9;1;noreply@github.com;ggerganov@gmail.com
ggml-metal.m;MODIFY;3551;0.0;Equal;True;2024-11-27 09:22:14+00:00;False;5;2;27269;9e2301f4a4ef1690bd99360c11de43fe830b1c8d;1;ggerganov@gmail.com;ggerganov@gmail.com
ggml-metal.m;MODIFY;3769;218.0;Grew;True;2024-12-03 09:52:33+00:00;False;5;2;28773;0115df2f65ac7c64dd0e5915c72ecc4a9343a130;4;noreply@github.com;ggerganov@gmail.com
ggml-metal.m;MODIFY;3832;63.0;Grew;True;2024-12-03 18:04:49+00:00;False;5;2;29382;efb6ae963031709fc331e6e48cc4606ac8f9c3a7;3;ggerganov@gmail.com;pierreantoine.bannier@gmail.com
ggml-metal.m;MODIFY;3809;-23.0;Grew;True;2024-12-03 18:04:49+00:00;False;5;2;29159;667d70d1704dfa6977505f5d01d4638669b90dce;2;ggerganov@gmail.com;pierreantoine.bannier@gmail.com
ggml-metal.m;MODIFY;3862;53.0;Grew;True;2024-12-05 11:27:31+00:00;False;5;2;29790;c2082d93a82d66dca112098c63775d7a97e6d47b;6;ggerganov@gmail.com;pierreantoine.bannier@gmail.com
ggml-metal.m;MODIFY;3926;64.0;Grew;True;2024-12-05 11:27:33+00:00;False;5;2;30303;a8cbab201dcf4c76c30b8028427494d71f02bb57;5;ggerganov@gmail.com;pierreantoine.bannier@gmail.com
ggml-metal.m;MODIFY;3949;23.0;Grew;True;2024-12-07 07:55:01+00:00;False;770;62;30514;86a1934978ce5daffc7e5b4251f6540ee5e7b47b;1;noreply@github.com;52251610+ormandi@users.noreply.github.com
ggml-metal.m;MODIFY;3960;11.0;Grew;True;2024-12-14 12:43:46+00:00;False;772;62;30568;ba1cb19cdd0d92e012e0f6e009e0620f854b6afd;24;noreply@github.com;dsfhe49854@gmail.com
