file_name;change_type;n_loc;lines_balance;size_change;is_large;date;swapped_classification;complexity;methods;tokens;hash;files_on_commit;committer_email;author_email
tap_spec.rb;ADD;317;0.0;Equal;False;2017-02-27 22:10:55+00:00;False;8;8;1571;3dcbb84fb5fd1601e669ea15c9ddb1056c839325;2;me@reitermark.us;me@reitermark.us
tap_spec.rb;MODIFY;319;2.0;Grew;False;2017-03-05 17:58:30+00:00;False;8;8;1497;88676633ef5ad8fe1c9166686e206329d694de84;1;me@reitermark.us;me@reitermark.us
tap_spec.rb;MODIFY;319;0.0;Equal;False;2017-05-15 15:23:40+00:00;False;8;8;1491;3cdf8f938a7cc31e366c49f8f5134a51bdcfdc7f;21;me@reitermark.us;me@reitermark.us
tap_spec.rb;MODIFY;312;-7.0;Decreased;False;2017-07-29 18:25:37+00:00;False;8;8;1479;2ad3a87045246f89aa267251315d660f663c42f2;74;me@reitermark.us;me@reitermark.us
tap_spec.rb;MODIFY;317;5.0;Grew;False;2017-08-04 00:23:16+00:00;False;9;9;1499;1c3ece12b997206fd9cb0b2bf98c25da8332fe10;2;mistydemeo@gmail.com;mistydemeo@gmail.com
tap_spec.rb;MODIFY;317;0.0;Equal;False;2017-10-18 12:39:09+00:00;False;9;9;1497;9bee9ca5757d1c5f720787737fed6a534a620d72;147;me@reitermark.us;me@reitermark.us
tap_spec.rb;MODIFY;318;1.0;Grew;False;2017-10-22 15:52:16+00:00;False;9;9;1501;f9d42659ea951896733f49394a50366fb55eaafb;4;sjackman@gmail.com;sjackman@gmail.com
tap_spec.rb;MODIFY;316;-2.0;Decreased;False;2017-10-24 17:39:40+00:00;False;9;9;1497;8821cdc492bd3d7228962260208bcff25f2a808e;2;me@reitermark.us;me@reitermark.us
tap_spec.rb;MODIFY;316;0.0;Equal;False;2018-03-25 12:30:37+00:00;False;9;9;1497;5e1806e79600ad9c97367fbd685edfee6c246803;95;mike@mikemcquaid.com;mike@mikemcquaid.com
tap_spec.rb;MODIFY;336;20.0;Grew;False;2018-04-24 18:10:48+00:00;False;12;12;1604;87348488297fbcd053aff053fcb234984e12bd11;7;elyscape@gmail.com;elyscape@gmail.com
tap_spec.rb;MODIFY;336;0.0;Equal;False;2018-07-11 16:15:30+00:00;False;12;12;1604;7762ce32aa92450c648b9cfe8900a0044e3f066e;43;me@reitermark.us;me@reitermark.us
tap_spec.rb;MODIFY;350;14.0;Grew;False;2018-07-25 09:04:00+00:00;False;12;12;1634;2912ebfbfe518d5485ed2cc9239677d7ad629c6b;1;me@reitermark.us;me@reitermark.us
tap_spec.rb;MODIFY;352;2.0;Grew;False;2018-09-02 15:15:09+00:00;False;12;12;1634;bcb1ec5499c303cfa643f1282f73e0b5225e4097;57;mike@mikemcquaid.com;mike@mikemcquaid.com
tap_spec.rb;MODIFY;352;0.0;Equal;False;2018-11-28 19:51:55+00:00;False;12;12;1634;5be80a78f6662afa9c1dcbdedd4061acdc9804e2;166;claui@users.noreply.github.com;claui@users.noreply.github.com
tap_spec.rb;MODIFY;352;0.0;Equal;False;2019-04-20 04:27:36+00:00;False;12;12;1634;36dbad3922ad984f7c396a9757fe8ae9750c44b0;721;mike@mikemcquaid.com;mike@mikemcquaid.com
tap_spec.rb;MODIFY;352;0.0;Equal;False;2019-04-30 08:19:18+00:00;False;12;12;1634;c4f72312cee25421a519425b159972198f1a39ad;72;mike@mikemcquaid.com;mike@mikemcquaid.com
tap_spec.rb;MODIFY;344;-8.0;Decreased;False;2019-10-13 15:04:27+00:00;False;12;12;1631;341ea6080716cb06c83fb8a232f2f5929700c1a0;40;me@issyl0.co.uk;me@issyl0.co.uk
tap_spec.rb;MODIFY;342;-2.0;Decreased;False;2019-11-06 10:20:57+00:00;False;12;12;1631;22795d7e306704527137d3c1920bae358b00ab03;6;mike@mikemcquaid.com;mike@mikemcquaid.com
tap_spec.rb;MODIFY;336;-6.0;Decreased;False;2020-02-02 15:36:37+00:00;False;11;11;1607;243e703700fd0c06aea982e5b2b7f45b6dedcabb;4;mike@mikemcquaid.com;mike@mikemcquaid.com
tap_spec.rb;MODIFY;336;0.0;Equal;False;2020-02-05 20:22:21+00:00;False;11;11;1604;a915114ea7de25eca9d6ca0252721468a9b4da03;3;mike@mikemcquaid.com;mike@mikemcquaid.com
tap_spec.rb;MODIFY;327;-9.0;Decreased;False;2020-08-06 11:24:10+00:00;False;11;11;1549;fb0a6338b180c1d2a6865590554685d5adde879d;8;mike@mikemcquaid.com;mike@mikemcquaid.com
tap_spec.rb;MODIFY;327;0.0;Equal;False;2020-08-23 04:40:07+00:00;False;11;11;1550;3118fedab9e487edb9b29c0c952dbf3e220ba5c9;14;me@reitermark.us;me@reitermark.us
tap_spec.rb;MODIFY;327;0.0;Equal;False;2020-10-10 12:59:39+00:00;False;11;11;1550;24ae318a3d5f0519f5fe29d08e01e8a044d99d87;856;me@reitermark.us;me@reitermark.us
tap_spec.rb;MODIFY;419;92.0;Grew;False;2020-11-30 23:18:50+00:00;False;16;16;1777;f8ff0f465f44943c470a2e683519d2b5459f109e;2;rslpolster@gmail.com;rslpolster@gmail.com
tap_spec.rb;MODIFY;419;0.0;Equal;False;2020-12-01 01:32:46+00:00;False;16;16;1777;8d5dc762841c3362eee671a9688e08fdec693d37;2;rslpolster@gmail.com;rslpolster@gmail.com
tap_spec.rb;MODIFY;446;27.0;Grew;False;2021-01-08 22:11:20+00:00;False;16;16;1906;e9d09c4d8f214329de12acb7d059c1fd37d1360c;4;rslpolster@gmail.com;rslpolster@gmail.com
tap_spec.rb;MODIFY;468;22.0;Grew;False;2021-01-11 17:27:57+00:00;False;16;16;2069;e7b369273a9b23f0674491fe33a8d3aaf197c292;7;rslpolster@gmail.com;rslpolster@gmail.com
tap_spec.rb;MODIFY;468;0.0;Equal;False;2021-01-12 21:27:25+00:00;False;16;16;2069;f1f3fdc315238e6f86892f6228f7da5c5eb462a3;9;rslpolster@gmail.com;rslpolster@gmail.com
tap_spec.rb;MODIFY;468;0.0;Equal;False;2021-01-26 21:19:47+00:00;False;16;16;2069;6fc116318e53cc8dae1460a0896026399a75e383;52;enk3@outlook.com;enk3@outlook.com
tap_spec.rb;MODIFY;469;1.0;Grew;False;2021-02-02 01:30:51+00:00;False;16;16;2081;d5d7b6c3dbe028672de90f1d5a04590e933030c5;63;rslpolster@gmail.com;rslpolster@gmail.com
tap_spec.rb;MODIFY;469;0.0;Equal;False;2021-02-02 01:30:51+00:00;False;16;16;2081;af40e072b0634e30224022de81ade98128cd63c7;47;rslpolster@gmail.com;rslpolster@gmail.com
tap_spec.rb;MODIFY;469;0.0;Equal;False;2021-02-15 17:08:27+00:00;False;16;16;2082;56e0c3d9e83983be943bb4600cb3c5a79c5f16b7;13;nanda.harishankar@gmail.com;nanda.harishankar@gmail.com
tap_spec.rb;MODIFY;469;0.0;Equal;False;2021-02-17 18:17:05+00:00;False;16;16;2082;f7c88102146b1b44193242964059c65998d742d7;9;nanda.harishankar@gmail.com;nanda.harishankar@gmail.com
tap_spec.rb;MODIFY;467;-2.0;Decreased;False;2021-03-04 12:59:42+00:00;False;16;16;2058;dc1fdc9f8d31a72b9f02ba76348b75d63f827d84;12;mike@mikemcquaid.com;mike@mikemcquaid.com
tap_spec.rb;MODIFY;489;22.0;Grew;False;2021-03-21 16:35:45+00:00;False;19;19;2191;4e61f61a208c0074bdf60fc68b7bb0e88e67c3d7;6;rslpolster@gmail.com;rslpolster@gmail.com
tap_spec.rb;MODIFY;501;12.0;Grew;False;2021-04-23 02:02:09+00:00;False;20;20;2275;95c8f445fa21650aad59e3f2aa5efb1b53fe7999;2;zachauten@gmail.com;zachauten@gmail.com
tap_spec.rb;MODIFY;506;5.0;Grew;False;2021-05-04 13:20:20+00:00;False;20;20;2275;f174d4363f7f33af734602aaf176af115ddbe095;11;mail@boanderson.me;mail@boanderson.me
tap_spec.rb;MODIFY;528;22.0;Grew;False;2021-10-11 17:11:34+00:00;False;23;23;2390;63f2f6cca7da787229d72cb8b38402a5df8a348a;4;XuehaiPan@pku.edu.cn;XuehaiPan@pku.edu.cn
tap_spec.rb;MODIFY;528;0.0;Equal;False;2022-03-01 00:10:10+00:00;False;23;23;2384;6b76fd012ae8f78e0a7bf422b406900900d78996;28;me@issyl0.co.uk;me@issyl0.co.uk
tap_spec.rb;MODIFY;528;0.0;Equal;False;2022-05-10 23:17:17+00:00;False;23;23;2381;2e899da7c719f7060a9f0aae97984ed1ec41f662;4;gitpull@protonmail.com;gitpull@protonmail.com
tap_spec.rb;MODIFY;528;0.0;Equal;False;2022-09-13 08:43:09+00:00;False;23;23;2381;7349c2b9967b74a642ea2c7dad1a12ca2e7fb386;10;mike@mikemcquaid.com;mike@mikemcquaid.com
tap_spec.rb;MODIFY;527;-1.0;Decreased;False;2022-11-09 14:45:43+00:00;False;23;23;2376;59f4b5226a660d057222fe0ac7d1c3afcc28e484;21;noreply@github.com;mike@mikemcquaid.com
tap_spec.rb;MODIFY;524;-3.0;Decreased;False;2023-02-16 12:25:28+00:00;False;23;23;2319;53c57d7a7023a216196e35a1fae30d76370cc16e;2;mike@mikemcquaid.com;mike@mikemcquaid.com
tap_spec.rb;MODIFY;521;-3.0;Decreased;False;2023-02-24 10:57:41+00:00;False;23;23;2288;f280ce069ba12f185ffd64f75e1d8ad48543da3f;9;mike@mikemcquaid.com;mike@mikemcquaid.com
tap_spec.rb;MODIFY;521;0.0;Equal;False;2023-03-08 23:54:22+00:00;False;23;23;2288;3a83b5492c4a24084a7d68cb3399e0a14cfbc7e4;117;me@issyl0.co.uk;me@issyl0.co.uk
tap_spec.rb;MODIFY;521;0.0;Equal;False;2023-04-21 16:57:47+00:00;False;23;23;2288;ac1e6ded9aba8f8a9517683ea7e07b095c7be102;418;dduugg@gmail.com;dduugg@gmail.com
tap_spec.rb;MODIFY;521;0.0;Equal;False;2023-04-21 16:58:50+00:00;False;23;23;2288;9075cbae62ebad4316a834b55b7f60472a415345;418;dduugg@gmail.com;dduugg@gmail.com
tap_spec.rb;MODIFY;521;0.0;Equal;False;2024-02-19 13:57:27+00:00;False;23;23;2290;26eda5a303a4e1f30d6a5e5b13681a8a6535a080;419;mike@mikemcquaid.com;dduugg@gmail.com
tap_spec.rb;MODIFY;533;12.0;Grew;False;2024-02-22 21:03:54+00:00;False;23;23;2311;ed07203f9ed75e115f501e2a90730b141454c919;2;me@reitermark.us;me@reitermark.us
tap_spec.rb;MODIFY;544;11.0;Grew;False;2024-02-23 15:02:29+00:00;False;25;25;2302;132a87aff5eaaf1cdeb8d16c04fe6b49a3fa8c73;5;me@reitermark.us;me@reitermark.us
tap_spec.rb;MODIFY;560;16.0;Grew;False;2024-03-01 03:05:15+00:00;False;29;29;2388;3da0f8c4a650a107761b8a7824ba5b17c66d75b4;9;me@reitermark.us;me@reitermark.us
tap_spec.rb;MODIFY;583;23.0;Grew;False;2024-03-04 14:32:27+00:00;False;30;30;2520;e369689794421535ffe5efaf752ec98b462bd676;1;me@reitermark.us;me@reitermark.us
tap_spec.rb;MODIFY;583;0.0;Equal;False;2024-03-06 13:30:17+00:00;False;30;30;2520;a851bb86effdc7ecd7eb578b3a4369fc8f6baf43;5;me@reitermark.us;me@reitermark.us
tap_spec.rb;MODIFY;583;0.0;Equal;False;2024-03-06 14:10:14+00:00;False;30;30;2520;e3a102efd4171fdc7c228c930bf1a819a838caac;14;me@reitermark.us;me@reitermark.us
tap_spec.rb;MODIFY;583;0.0;Equal;False;2024-03-07 14:31:37+00:00;False;30;30;2516;be9c0b8787573e4efbbf73347b7f2a78c4176a62;2;me@reitermark.us;me@reitermark.us
tap_spec.rb;MODIFY;563;-20.0;Decreased;False;2024-03-08 16:21:09+00:00;False;27;27;2414;9ac31827a0eaecc8458b36c9d3c24d9e60002ae8;5;mike@mikemcquaid.com;mike@mikemcquaid.com
tap_spec.rb;MODIFY;656;93.0;Grew;False;2024-03-09 18:27:22+00:00;False;37;37;2863;e6a453a20db67c3fa67787d1386d3a6be5f069e0;1;apainintheneck@gmail.com;apainintheneck@gmail.com
tap_spec.rb;MODIFY;656;0.0;Equal;False;2024-03-09 18:27:22+00:00;False;37;37;2863;08442734ab9a62a333e92f08747f655ffe5dca0f;5;apainintheneck@gmail.com;apainintheneck@gmail.com
tap_spec.rb;MODIFY;636;-20.0;Decreased;False;2024-03-18 05:47:37+00:00;False;36;36;2771;820d3208355395c2a91d678ade9bd9e4897f40b9;19;dduugg@gmail.com;dduugg@gmail.com
tap_spec.rb;MODIFY;636;0.0;Equal;False;2024-03-19 03:57:35+00:00;False;36;36;2773;ad35db4b24997c7999e9c1c0a37ff66d2e985ccd;4;apainintheneck@gmail.com;apainintheneck@gmail.com
tap_spec.rb;MODIFY;635;-1.0;Decreased;False;2024-03-20 05:18:02+00:00;False;36;36;2769;74aea8e92d78201db65b6eedfd9ec60954264fc1;6;apainintheneck@gmail.com;apainintheneck@gmail.com
tap_spec.rb;MODIFY;636;1.0;Grew;False;2024-03-31 02:10:56+00:00;False;36;36;2771;fde7d380f77ce6cfb0d0dc656e432151ea58170d;9;dduugg@gmail.com;dduugg@gmail.com
tap_spec.rb;MODIFY;636;0.0;Equal;False;2024-04-08 15:38:32+00:00;False;36;36;2771;1474806527a23e53f650fca371c4027219558b9e;11;mike@mikemcquaid.com;mike@mikemcquaid.com
tap_spec.rb;MODIFY;654;18.0;Grew;False;2024-05-06 14:05:06+00:00;False;36;36;2815;078a328e8e221828080db50abcdbb3e94cb3ea07;2;30379873+carlocab@users.noreply.github.com;30379873+carlocab@users.noreply.github.com
tap_spec.rb;MODIFY;650;-4.0;Decreased;False;2024-05-07 11:18:04+00:00;False;36;36;2804;222fe8ef0bb08cb9cec013c95f583403f2d5594c;50;mike@mikemcquaid.com;mike@mikemcquaid.com
tap_spec.rb;MODIFY;650;0.0;Equal;False;2024-08-10 20:49:10+00:00;False;36;36;2809;a3e917afe19993209c127a1c80a8a0700130fdd3;17;apainintheneck@gmail.com;apainintheneck@gmail.com
tap_spec.rb;MODIFY;649;-1.0;Decreased;False;2024-08-26 01:32:04+00:00;False;36;36;2809;cd430c4d345f2419090aac08c69055dbfc05e30a;2;apainintheneck@gmail.com;apainintheneck@gmail.com
tap_spec.rb;MODIFY;735;86.0;Grew;True;2024-08-27 07:36:23+00:00;True;46;40;3072;62a4734c9026500b77d30d092252b7e1ad59e6cc;2;apainintheneck@gmail.com;apainintheneck@gmail.com
tap_spec.rb;MODIFY;737;2.0;Grew;True;2024-09-24 09:15:34+00:00;False;46;40;3072;94416e82f0e59cea55153005db93335ffeb744f9;48;mike@mikemcquaid.com;mike@mikemcquaid.com
tap_spec.rb;MODIFY;737;0.0;Equal;True;2024-09-25 13:52:41+00:00;False;46;40;3072;7655a6f91ade0d69fd6333b24e409869480d9e18;5;rui@chenrui.dev;rui@chenrui.dev
tap_spec.rb;MODIFY;737;0.0;Equal;True;2024-09-25 14:00:53+00:00;False;46;40;3072;874fdaaa42eeb0e73c8810980c30fe27a0b31554;2;rui@chenrui.dev;rui@chenrui.dev
