file_name;change_type;n_loc;lines_balance;size_change;is_large;date;swapped_classification;complexity;methods;tokens;hash;files_on_commit;committer_email;author_email
BrowserCoordinatorTests.swift;RENAME;692;0.0;Equal;True;2023-11-21 11:38:26+00:00;True;not calculated;0;not calculated;48a02a14165055f7630fafb2549d83413ac4adca;478;noreply@github.com;isabelrios@gmail.com
BrowserCoordinatorTests.swift;MODIFY;692;0.0;Equal;True;2023-12-01 21:10:01+00:00;False;69;68;4913;437283fb158794ac5078f90c6022aab7b99db5ba;7;noreply@github.com;lmarceau@mozilla.com
BrowserCoordinatorTests.swift;MODIFY;692;0.0;Equal;True;2023-12-05 15:24:21+00:00;False;69;68;4913;f8565a9a19a9e5ba48b8e5e6fac7c1a5eba9cba4;16;noreply@github.com;4530+thatswinnie@users.noreply.github.com
BrowserCoordinatorTests.swift;MODIFY;689;-3.0;Decreased;True;2023-12-06 16:24:35+00:00;False;69;68;4895;717c77db22bcd3083f1f10a89cec0737fb6ee78d;6;noreply@github.com;lmarceau@mozilla.com
BrowserCoordinatorTests.swift;MODIFY;693;4.0;Grew;True;2023-12-06 17:58:49+00:00;False;69;68;4903;e69f0eaa36b9d78e983942710788aa2e0184356c;34;noreply@github.com;145381717+mattreaganmozilla@users.noreply.github.com
BrowserCoordinatorTests.swift;MODIFY;695;2.0;Grew;True;2023-12-12 20:32:23+00:00;False;69;68;4921;3ec7840dd9a2ee31806b19b5f96701ab6788ec9b;6;noreply@github.com;55580351+FilippoZazzeroni@users.noreply.github.com
BrowserCoordinatorTests.swift;MODIFY;715;20.0;Grew;True;2023-12-28 21:40:35+00:00;False;69;68;4921;ca190babd56796bcdfdbbb49cff7f193767d2938;24;noreply@github.com;11182210+adudenamedruby@users.noreply.github.com
BrowserCoordinatorTests.swift;MODIFY;725;10.0;Grew;True;2024-01-08 22:30:47+00:00;False;69;68;4990;31e76283167834e53a52ca35c74063f61eaa616e;5;noreply@github.com;55580351+FilippoZazzeroni@users.noreply.github.com
BrowserCoordinatorTests.swift;MODIFY;726;1.0;Grew;True;2024-01-12 17:50:17+00:00;False;69;68;4997;7c31c1e04411763dc9d3d3ab602f9523b8f4fc38;11;noreply@github.com;145381717+mattreaganmozilla@users.noreply.github.com
BrowserCoordinatorTests.swift;MODIFY;724;-2.0;Decreased;True;2024-02-01 15:08:46+00:00;False;69;68;4981;f28366ba702c0ea1fa448ae5d91a741dc051a7e4;2;noreply@github.com;601414708@qq.com
BrowserCoordinatorTests.swift;MODIFY;732;8.0;Grew;True;2024-02-27 20:35:47+00:00;False;70;69;5037;703214e4e24660e85f2765ded76798e292c5bb42;16;noreply@github.com;jnrahme@gmail.com
BrowserCoordinatorTests.swift;MODIFY;743;11.0;Grew;True;2024-02-29 21:28:47+00:00;False;71;70;5113;647aecdb96a1ed3df21405fe64f3ffd35c180047;27;noreply@github.com;litianu.razvan@gmail.com
BrowserCoordinatorTests.swift;MODIFY;748;5.0;Grew;True;2024-03-27 16:40:37+00:00;False;71;70;5118;f40e0011c0fe4a9b0941d0eefa84c16dc2e0172e;22;noreply@github.com;11182210+adudenamedruby@users.noreply.github.com
BrowserCoordinatorTests.swift;MODIFY;749;1.0;Grew;True;2024-04-02 18:26:52+00:00;False;71;70;5134;bae37e4114526e9a3d6bcf24824a5af4bddd47b9;196;noreply@github.com;145381717+mattreaganmozilla@users.noreply.github.com
BrowserCoordinatorTests.swift;MODIFY;749;0.0;Equal;True;2024-04-03 19:54:33+00:00;False;71;70;5129;8e0a9152c635fa59f7b7c9bfc229093c365f6f04;42;noreply@github.com;145381717+mattreaganmozilla@users.noreply.github.com
BrowserCoordinatorTests.swift;MODIFY;750;1.0;Grew;True;2024-05-10 16:41:16+00:00;False;71;70;5145;0f5bf08aab1ab9a93677ea0cdc2b3d5b5b7274a8;9;noreply@github.com;145381717+mattreaganmozilla@users.noreply.github.com
BrowserCoordinatorTests.swift;MODIFY;759;9.0;Grew;True;2024-05-23 12:34:30+00:00;False;72;71;5215;d0d8c240c233f4894199f08292be6b381f8aa4cd;28;noreply@github.com;cgc95@cornell.edu
BrowserCoordinatorTests.swift;MODIFY;760;1.0;Grew;True;2024-05-30 14:41:22+00:00;False;72;71;5217;0625513d4c0fe1910cc2524692b9cf8180fa15e9;149;noreply@github.com;lina@yakshaving.ninja
BrowserCoordinatorTests.swift;MODIFY;760;0.0;Equal;True;2024-06-04 17:23:35+00:00;False;72;71;5217;6db086f37161e55b953d443092a73b1da39c002a;19;noreply@github.com;cgc95@cornell.edu
BrowserCoordinatorTests.swift;MODIFY;761;1.0;Grew;True;2024-06-27 21:02:27+00:00;False;72;71;5227;0ab20e765d87e433c78729f617e22f9b33d2c210;13;noreply@github.com;lichtensteinmp@gmail.com
BrowserCoordinatorTests.swift;MODIFY;778;17.0;Grew;True;2024-07-16 00:39:28+00:00;False;74;73;5337;9231f266e6cde2c568ebf7431a166b8c06156463;9;noreply@github.com;11182210+adudenamedruby@users.noreply.github.com
BrowserCoordinatorTests.swift;MODIFY;782;4.0;Grew;True;2024-08-01 08:14:09+00:00;False;75;73;5365;a4e54fe2ba9bb2fa9a95f49a1d5d38ab93a5f5d5;6;noreply@github.com;61138287+dicarobinho@users.noreply.github.com
BrowserCoordinatorTests.swift;MODIFY;782;0.0;Equal;True;2024-08-26 20:39:21+00:00;False;75;73;5364;1a53ed9dd0cc3a41cc63786bbc6ee6f3667dfa48;20;noreply@github.com;omitchell@mozilla.com
BrowserCoordinatorTests.swift;MODIFY;798;16.0;Grew;True;2024-09-16 14:59:06+00:00;False;78;74;5461;70b455679e3d646b8aac6e0dcdc589e470295fd3;22;noreply@github.com;11182210+adudenamedruby@users.noreply.github.com
BrowserCoordinatorTests.swift;MODIFY;814;16.0;Grew;True;2024-10-01 15:18:17+00:00;False;80;76;5542;182c7e51210773944027729f8696ead44931d87b;11;noreply@github.com;cgc95@cornell.edu
BrowserCoordinatorTests.swift;MODIFY;814;0.0;Equal;True;2024-10-07 14:28:44+00:00;False;80;76;5545;762bc7f6735f81f092851c78e87586c055b6c571;19;noreply@github.com;11182210+adudenamedruby@users.noreply.github.com
BrowserCoordinatorTests.swift;MODIFY;822;8.0;Grew;True;2024-10-07 15:32:53+00:00;False;80;76;5545;adf7fcfd323349854234a07e1cb84734e30423da;32;noreply@github.com;cgc95@cornell.edu
BrowserCoordinatorTests.swift;MODIFY;829;7.0;Grew;True;2024-10-07 19:46:38+00:00;False;81;77;5594;6dfff7e931edbfb03087b4f8c5e6ab1fdfb551d9;23;noreply@github.com;58835213+DanielDervishi@users.noreply.github.com
BrowserCoordinatorTests.swift;MODIFY;828;-1.0;Decreased;True;2024-10-10 17:45:34+00:00;False;81;77;5591;24cc9ca510f6cae3fa4d4542dc1c31952fc80348;9;noreply@github.com;lichtensteinmp@gmail.com
BrowserCoordinatorTests.swift;MODIFY;828;0.0;Equal;True;2024-10-16 10:38:27+00:00;False;81;77;5591;732fc0242baddc1ee32312c4c04266a809c2eef8;28;noreply@github.com;126153378+petruSt24@users.noreply.github.com
BrowserCoordinatorTests.swift;MODIFY;850;22.0;Grew;True;2024-10-22 22:18:06+00:00;False;84;79;5747;48530711d3bc9114dc15edad5aec5da71e2fa075;15;noreply@github.com;ihugel@mozilla.com
BrowserCoordinatorTests.swift;MODIFY;853;3.0;Grew;True;2024-10-23 19:39:21+00:00;False;84;79;5785;957f853e1d7f345c18790aea641c4bfeae63fa8d;13;noreply@github.com;58835213+DanielDervishi@users.noreply.github.com
BrowserCoordinatorTests.swift;MODIFY;861;8.0;Grew;True;2024-11-11 13:18:48+00:00;False;88;79;5821;159cc5c93b5335b328798a27799ed1bd3874b84d;4;noreply@github.com;74779930+bmihai23@users.noreply.github.com
BrowserCoordinatorTests.swift;MODIFY;876;15.0;Grew;True;2024-11-15 21:07:35+00:00;False;89;80;5899;b3c6687b50a975accc2dabac9f61be5efee22207;10;noreply@github.com;123992137+halemu@users.noreply.github.com
BrowserCoordinatorTests.swift;MODIFY;876;0.0;Equal;True;2024-12-03 21:09:20+00:00;False;89;80;5920;3603889988df419fbc4f87ab3fc1ff3be9d71861;20;noreply@github.com;carsonramsden@gmail.com
BrowserCoordinatorTests.swift;MODIFY;881;5.0;Grew;True;2024-12-04 15:04:04+00:00;False;89;80;5946;3d02ea63aec57caa9d332c9e5e6992963ac6e3b1;22;noreply@github.com;ihugel@mozilla.com
BrowserCoordinatorTests.swift;MODIFY;913;32.0;Grew;True;2024-12-10 16:19:39+00:00;False;89;80;6219;aee4b83bbf63d19c68ad24d1d13f66ef4ce3d2ee;27;noreply@github.com;ihugel@mozilla.com
BrowserCoordinatorTests.swift;MODIFY;913;0.0;Equal;True;2024-12-12 18:09:27+00:00;False;89;80;6219;3b7f2490c022ae466949a62d8144a1047552f27c;6;noreply@github.com;ihugel@mozilla.com
BrowserCoordinatorTests.swift;MODIFY;925;12.0;Grew;True;2024-12-12 21:49:57+00:00;False;89;80;6231;e3410ca17d5cd6b3bb079085f71a3abb40f9eb28;9;noreply@github.com;carsonramsden@gmail.com
BrowserCoordinatorTests.swift;MODIFY;918;-7.0;Decreased;True;2024-12-13 22:26:50+00:00;False;88;79;6181;eae4d297538fef6eda137c2aa24f804a1df5fc03;8;noreply@github.com;lmarceau@mozilla.com
