file_name;change_type;n_loc;lines_balance;size_change;is_large;date;swapped_classification;complexity;methods;tokens;hash;files_on_commit;committer_email;author_email
AnalyzeRule.kt;ADD;597;0.0;Equal;True;2022-01-03 15:59:44+00:00;True;141;25;3785;51c16a1efcb036cc18e9cdb6d592e691b3da5816;1294;gekunfei@live.com;gekunfei@live.com
AnalyzeRule.kt;MODIFY;621;24.0;Grew;True;2022-02-02 02:14:18+00:00;False;150;27;3920;92be85e69d05cf17a38737ba07f9bc79ff72dbe8;1;gekunfei@live.com;gekunfei@live.com
AnalyzeRule.kt;MODIFY;619;-2.0;Decreased;True;2022-02-10 15:08:05+00:00;False;150;27;3908;edf5890cb143a989695422539cab9187b108f003;56;gekunfei@live.com;gekunfei@live.com
AnalyzeRule.kt;MODIFY;618;-1.0;Decreased;True;2022-02-26 12:59:43+00:00;False;150;27;3901;8dcb62c9846455468955178598f8519a19d19572;72;gekunfei@live.com;gekunfei@live.com
AnalyzeRule.kt;MODIFY;621;3.0;Grew;True;2022-03-01 15:08:56+00:00;False;150;27;3899;6a0d6636f6a8ed8c62696fd823fc5d3b1409949b;36;gekunfei@live.com;gekunfei@live.com
AnalyzeRule.kt;MODIFY;621;0.0;Equal;True;2022-03-08 05:55:37+00:00;False;150;27;3903;10bdb9962cd636f968f2b4ccb7d38eaa2c378ee1;6;gekunfei@live.com;gekunfei@live.com
AnalyzeRule.kt;MODIFY;621;0.0;Equal;True;2022-03-10 16:05:04+00:00;False;171;28;3894;72a2d11a9ead632404ec908e5e5f6dd3ff8e8e65;13;gekunfei@live.com;gekunfei@live.com
AnalyzeRule.kt;MODIFY;621;0.0;Equal;True;2022-04-08 01:47:32+00:00;False;171;28;3894;fc2b1cb1ff16825416745e638b6ad2b42f39d129;42;gekunfei@live.com;gekunfei@live.com
AnalyzeRule.kt;MODIFY;621;0.0;Equal;True;2022-04-21 14:49:17+00:00;False;171;28;3894;7c251e19058f4ccc8fa2f494daccfc550056f605;13;gekunfei@live.com;gekunfei@live.com
AnalyzeRule.kt;MODIFY;621;0.0;Equal;True;2022-05-28 15:30:00+00:00;False;171;28;3896;ff8f06c578288d7d69a80f63f7ff847ed800afa4;16;gekunfei@live.com;gekunfei@live.com
AnalyzeRule.kt;MODIFY;636;15.0;Grew;True;2022-05-30 12:43:36+00:00;False;150;27;3990;0121859b1bef46ec705099fd6e96246262a74a96;3;gekunfei@live.com;gekunfei@live.com
AnalyzeRule.kt;MODIFY;641;5.0;Grew;True;2022-06-01 03:13:20+00:00;False;150;27;4008;cf4ba745f806771acd7bd2422ef2649fceb1642e;1;gekunfei@live.com;gekunfei@live.com
AnalyzeRule.kt;MODIFY;634;-7.0;Decreased;True;2022-07-04 02:21:23+00:00;False;147;27;3953;ccdcd7c2f35e43f864da582c04991b81acacff59;1;gekunfei@live.com;gekunfei@live.com
AnalyzeRule.kt;MODIFY;634;0.0;Equal;True;2022-08-10 01:18:34+00:00;False;147;27;3947;635699192056df05f08251eb236a77d2825cfcbe;17;gekunfei@live.com;gekunfei@live.com
AnalyzeRule.kt;MODIFY;634;0.0;Equal;True;2022-09-05 09:05:00+00:00;False;147;27;3947;f4f7c7063ecb64fbd49640084c5c32e40821b348;15;gekunfei@live.com;gekunfei@live.com
AnalyzeRule.kt;MODIFY;636;2.0;Grew;True;2023-01-16 03:59:53+00:00;False;142;25;3963;a5f45e9e98607771ffdf629e35761c618112214c;2;gekunfei@live.com;gekunfei@live.com
AnalyzeRule.kt;MODIFY;637;1.0;Grew;True;2023-02-22 08:57:49+00:00;False;143;25;3977;39d6239b4bf4fae12bcc9d4f8621362e2210bb47;5;gekunfei@live.com;gekunfei@live.com
AnalyzeRule.kt;MODIFY;636;-1.0;Decreased;True;2023-02-22 09:52:45+00:00;False;142;25;3963;d8a165c8a5a8ad0addddec9eb2ab76b716d075b8;4;gekunfei@live.com;gekunfei@live.com
AnalyzeRule.kt;MODIFY;641;5.0;Grew;True;2023-03-13 02:39:33+00:00;False;143;25;3994;2450fd8310faf0b8d07764e42f4bde910543ce0b;2;gekunfei@live.com;gekunfei@live.com
AnalyzeRule.kt;MODIFY;649;8.0;Grew;True;2023-03-15 03:48:30+00:00;False;146;26;4054;51d6662d7cb28e0498f20767a6e98e6e6125ba0f;3;821938089@qq.com;821938089@qq.com
AnalyzeRule.kt;MODIFY;649;0.0;Equal;True;2023-03-20 02:12:35+00:00;False;154;29;4094;c7b76832cfc844d1f710b43bc0eae71aa84147b2;1;gekunfei@live.com;gekunfei@live.com
AnalyzeRule.kt;MODIFY;649;0.0;Equal;True;2023-03-25 00:29:33+00:00;False;154;29;4092;2e7ce425a6d4c04c7ac6a63b6c7590c67f815067;11;gekunfei@live.com;gekunfei@live.com
AnalyzeRule.kt;MODIFY;664;15.0;Grew;True;2023-03-26 12:30:25+00:00;False;157;30;4162;28d90203954d5912c5ac717733eb48b415e45611;1;gekunfei@live.com;gekunfei@live.com
AnalyzeRule.kt;MODIFY;666;2.0;Grew;True;2023-03-26 13:17:11+00:00;False;159;30;4198;94b391ae13f74bec0f99be8c46a44e113d84da1f;2;1797350009@qq.com;1797350009@qq.com
AnalyzeRule.kt;MODIFY;670;4.0;Grew;True;2023-03-26 13:47:17+00:00;False;159;30;4228;a3f4efe09e4532aa570a93ded6f05fc6de439ced;2;1797350009@qq.com;1797350009@qq.com
AnalyzeRule.kt;MODIFY;670;0.0;Equal;True;2023-03-26 14:01:16+00:00;False;157;30;4204;fd4efbba39978fd31dce2692df9851750888fd8a;1;1797350009@qq.com;1797350009@qq.com
AnalyzeRule.kt;MODIFY;670;0.0;Equal;True;2023-03-26 14:25:15+00:00;False;157;30;4196;d70f84cce0cd0ce452d8839d65090bb9f3c53c8e;1;gekunfei@live.com;gekunfei@live.com
AnalyzeRule.kt;MODIFY;670;0.0;Equal;True;2023-04-14 04:32:10+00:00;False;157;30;4187;7d62e0d5c6b32a3a5c510e416facf10f93620547;1;noreply@github.com;82232510+Xwite@users.noreply.github.com
AnalyzeRule.kt;MODIFY;675;5.0;Grew;True;2023-04-18 01:08:54+00:00;False;157;30;4220;f8181aa0dbe0f261a4e3a310c6db283b4ba0a902;13;gekunfei@live.com;gekunfei@live.com
AnalyzeRule.kt;MODIFY;679;4.0;Grew;True;2023-04-20 15:42:51+00:00;False;157;30;4241;41eacf72fc8dc90707bb2c08c3e73eaa86fa2f8a;13;gekunfei@live.com;gekunfei@live.com
AnalyzeRule.kt;MODIFY;671;-8.0;Decreased;True;2023-04-20 16:17:59+00:00;False;157;30;4198;1dbe4b4ec0cfa4d08bff60e244cc38d73be187cb;7;gekunfei@live.com;gekunfei@live.com
AnalyzeRule.kt;MODIFY;676;5.0;Grew;True;2023-04-21 06:04:59+00:00;False;157;30;4231;a4a4de8ef1a1b77b2a1a58809aeeaa3b51d223f1;13;gekunfei@live.com;gekunfei@live.com
AnalyzeRule.kt;MODIFY;675;-1.0;Decreased;True;2023-04-21 15:44:32+00:00;False;157;30;4218;359675f92dbfd4c358ae072d0e73298950d63ef8;15;gekunfei@live.com;gekunfei@live.com
AnalyzeRule.kt;MODIFY;666;-9.0;Decreased;True;2023-05-16 13:06:17+00:00;False;154;29;4170;29bab84470c71f26341e1768530122211a37adf3;15;gekunfei@live.com;gekunfei@live.com
AnalyzeRule.kt;MODIFY;672;6.0;Grew;True;2023-06-10 07:23:25+00:00;False;157;30;4223;d6ff9d06ad50fe3c1175143ce86775927eb02bad;9;821938089@qq.com;821938089@qq.com
AnalyzeRule.kt;MODIFY;672;0.0;Equal;True;2023-06-15 03:29:23+00:00;False;157;30;4223;5184ec6cb540ed41fd4128be7b1edcb2925300f3;12;821938089@qq.com;821938089@qq.com
AnalyzeRule.kt;MODIFY;672;0.0;Equal;True;2023-12-13 07:26:56+00:00;False;157;30;4222;535539e69c1ade9ed9945829802d79fef4bbae23;3;821938089@qq.com;821938089@qq.com
AnalyzeRule.kt;MODIFY;662;-10.0;Decreased;True;2023-12-14 14:42:57+00:00;False;164;30;4211;e59de710f816b490066997e800fa92dcef2e8065;6;821938089@qq.com;821938089@qq.com
AnalyzeRule.kt;MODIFY;672;10.0;Grew;True;2023-12-15 07:07:13+00:00;False;157;30;4222;89caa35e47295e0255fd48dbae43302adb9c3c11;5;821938089@qq.com;821938089@qq.com
AnalyzeRule.kt;MODIFY;679;7.0;Grew;True;2023-12-15 07:13:42+00:00;False;136;30;4275;245eb3e8bd14b13319eb22ea8c3feeb610a6beec;1;821938089@qq.com;821938089@qq.com
AnalyzeRule.kt;MODIFY;696;17.0;Grew;True;2023-12-28 15:24:48+00:00;False;137;30;4421;2f29c117a2216344c1ebafa3817fd90a7bdb4c75;4;821938089@qq.com;821938089@qq.com
AnalyzeRule.kt;MODIFY;699;3.0;Grew;True;2024-01-18 08:32:37+00:00;False;138;30;4433;88476f7a82b91bcf33f6a0cba663d78fca9ee01f;4;821938089@qq.com;821938089@qq.com
AnalyzeRule.kt;MODIFY;699;0.0;Equal;True;2024-02-19 06:03:56+00:00;False;138;30;4419;1094e13367e6a276ba9e7c477469b9adaa1c680b;1;1797350009@qq.com;1797350009@qq.com
AnalyzeRule.kt;MODIFY;706;7.0;Grew;True;2024-03-08 01:55:39+00:00;False;139;31;4456;f3be1c36b8f7077fc3f7c17517f6429b4e275274;11;821938089@qq.com;821938089@qq.com
AnalyzeRule.kt;MODIFY;713;7.0;Grew;True;2024-07-08 00:48:04+00:00;False;139;31;4489;e19f8c4568ec87c724c2ce1c303f5fd550b97282;7;8674809+821938089@users.noreply.github.com;8674809+821938089@users.noreply.github.com
AnalyzeRule.kt;MODIFY;711;-2.0;Decreased;True;2024-07-31 09:42:19+00:00;False;139;31;4474;7e6a1e47499b95192745395fdbd414429734618d;18;8674809+821938089@users.noreply.github.com;8674809+821938089@users.noreply.github.com
AnalyzeRule.kt;MODIFY;713;2.0;Grew;True;2024-07-31 11:20:55+00:00;False;139;31;4482;0fea035a05ff18c93d533f26150873f31fc7e266;9;8674809+821938089@users.noreply.github.com;8674809+821938089@users.noreply.github.com
AnalyzeRule.kt;MODIFY;707;-6.0;Decreased;True;2024-09-08 10:43:21+00:00;False;136;31;4452;88cabef11e876a80c840166b437d8e02a0e3515f;1;Nihility.t@gmail.com;Nihility.t@gmail.com
AnalyzeRule.kt;MODIFY;714;7.0;Grew;True;2024-09-09 07:02:08+00:00;False;137;32;4482;79c5ab8dbb1dac657208babcfadcae677f0df407;4;Nihility.t@gmail.com;Nihility.t@gmail.com
AnalyzeRule.kt;MODIFY;707;-7.0;Decreased;True;2024-09-09 12:05:26+00:00;False;136;31;4452;0d7690b2994fc22016183f12a2818d94eaa58d00;5;8674809+821938089@users.noreply.github.com;8674809+821938089@users.noreply.github.com
AnalyzeRule.kt;MODIFY;700;-7.0;Decreased;True;2024-09-15 07:37:25+00:00;False;135;31;4420;c892436c7480d13a97637feeaf3814def4edfa5e;1;8674809+821938089@users.noreply.github.com;8674809+821938089@users.noreply.github.com
AnalyzeRule.kt;MODIFY;704;4.0;Grew;True;2024-12-06 06:50:23+00:00;False;135;31;4473;ad6e61de1e7b57ed9d68e376f5f380f43d9980ec;4;noreply@github.com;76513019+niu-hb@users.noreply.github.com
AnalyzeRule.kt;MODIFY;702;-2.0;Decreased;True;2024-12-06 07:07:52+00:00;False;135;31;4459;60b5a7885713b34d81b9b4de4a95d9a2c950b4ff;3;8674809+821938089@users.noreply.github.com;8674809+821938089@users.noreply.github.com
