file_name;change_type;n_loc;lines_balance;size_change;is_large;date;swapped_classification;complexity;methods;tokens;hash;files_on_commit;committer_email;author_email
BaseReadAloudService.kt;ADD;318;0.0;Grew;False;2022-01-03 15:59:44+00:00;False;51;25;1703;51c16a1efcb036cc18e9cdb6d592e691b3da5816;1294;gekunfei@live.com;gekunfei@live.com
BaseReadAloudService.kt;MODIFY;315;-3.0;Decreased;False;2022-01-11 07:34:01+00:00;False;51;25;1685;8f7242f42da817b9c59e8e87c337500c9bde18ae;2;gekunfei@live.com;gekunfei@live.com
BaseReadAloudService.kt;MODIFY;317;2.0;Grew;False;2022-01-19 09:12:24+00:00;False;60;25;1696;2c70845c06793b6bc68e8dd2991fcbc63fe2ca4a;2;gekunfei@live.com;gekunfei@live.com
BaseReadAloudService.kt;MODIFY;313;-4.0;Decreased;False;2022-02-03 08:30:13+00:00;False;59;25;1678;35dfa58f9d372a71b688916d0d7f9b49201605bc;3;gekunfei@live.com;gekunfei@live.com
BaseReadAloudService.kt;MODIFY;311;-2.0;Decreased;False;2022-02-12 13:30:30+00:00;False;59;25;1667;48bc3f42e81d8f082cf61f83c072a605aa4daf1b;6;gekunfei@live.com;gekunfei@live.com
BaseReadAloudService.kt;MODIFY;311;0.0;Equal;False;2022-02-20 11:47:08+00:00;False;59;25;1667;c47190b30baf2c1d38701add8e16d3408a72e7bc;14;gekunfei@live.com;gekunfei@live.com
BaseReadAloudService.kt;MODIFY;311;0.0;Equal;False;2022-02-25 01:03:16+00:00;False;59;25;1665;67f64a8fd8ac4f39fd59a5c69b7bcf3b0a6a8bf6;6;gekunfei@live.com;gekunfei@live.com
BaseReadAloudService.kt;MODIFY;311;0.0;Equal;False;2022-03-07 09:20:54+00:00;False;59;25;1665;e97075f3a8022b1db51f55748082800452b3bea5;4;gekunfei@live.com;gekunfei@live.com
BaseReadAloudService.kt;MODIFY;318;7.0;Grew;False;2022-03-29 01:33:04+00:00;False;59;25;1714;ac3d79fcd4d84f64feb5227686e0d2368eae25e4;3;gekunfei@live.com;gekunfei@live.com
BaseReadAloudService.kt;MODIFY;325;7.0;Grew;False;2022-03-29 07:25:18+00:00;False;59;25;1722;503d03f609fbef8305eda048e6667a9c48acbf8b;2;gekunfei@live.com;gekunfei@live.com
BaseReadAloudService.kt;MODIFY;325;0.0;Equal;False;2022-03-29 12:30:23+00:00;False;59;25;1722;e1083b5d717d50613566cc6b7a8e58ab19ec4b75;6;gekunfei@live.com;gekunfei@live.com
BaseReadAloudService.kt;MODIFY;326;1.0;Grew;False;2022-04-11 15:53:24+00:00;False;59;25;1734;8cad8fe2305973a5a6e651491928bd9e4b7d72a5;2;gekunfei@live.com;gekunfei@live.com
BaseReadAloudService.kt;MODIFY;329;3.0;Grew;False;2022-07-02 11:54:46+00:00;False;59;25;1740;d78c33954b988f6ff4a1b72b456e3e9aa1bc2ccf;2;gekunfei@live.com;gekunfei@live.com
BaseReadAloudService.kt;MODIFY;329;0.0;Equal;False;2022-07-03 01:50:29+00:00;False;59;25;1740;70024a600302d6e3540d49b27808a63bd68528c6;2;gekunfei@live.com;gekunfei@live.com
BaseReadAloudService.kt;MODIFY;330;1.0;Grew;False;2022-07-07 14:22:20+00:00;False;59;25;1743;92a04f0f1da96a8bebb96fb9076c5462f2d69e24;2;gekunfei@live.com;gekunfei@live.com
BaseReadAloudService.kt;MODIFY;330;0.0;Equal;False;2022-08-12 10:28:49+00:00;False;59;25;1750;a5fc04009ee3ba43d8dccf8f06d6f43ccdad1c0a;7;gekunfei@live.com;gekunfei@live.com
BaseReadAloudService.kt;MODIFY;328;-2.0;Decreased;False;2022-08-12 15:06:13+00:00;False;59;25;1764;2a198aed8f7ff82c5ee6e67c1aa70298f05918b4;6;gekunfei@live.com;gekunfei@live.com
BaseReadAloudService.kt;MODIFY;322;-6.0;Decreased;False;2022-08-14 12:30:07+00:00;False;58;26;1727;9494f9143088238f7e8c5c727e3c2ba1af623512;3;gekunfei@live.com;gekunfei@live.com
BaseReadAloudService.kt;MODIFY;323;1.0;Grew;False;2022-08-15 03:29:48+00:00;False;58;26;1732;55e568425640cb03a396dd18578e618c47306032;2;gekunfei@live.com;gekunfei@live.com
BaseReadAloudService.kt;MODIFY;324;1.0;Grew;False;2022-09-15 11:22:15+00:00;False;58;26;1738;7685360e08baa1f8e5a9fec705c32696bf1a6714;7;gekunfei@live.com;gekunfei@live.com
BaseReadAloudService.kt;MODIFY;331;7.0;Grew;False;2022-09-15 11:37:35+00:00;False;58;26;1767;346807155af5dc0cd362f817bf2bf2f37c6dd33a;1;gekunfei@live.com;gekunfei@live.com
BaseReadAloudService.kt;MODIFY;331;0.0;Decreased;False;2022-09-15 12:02:18+00:00;False;57;26;1753;d441042af85143de052b2a960424fb3fa1bd942a;3;gekunfei@live.com;gekunfei@live.com
BaseReadAloudService.kt;MODIFY;339;8.0;Grew;False;2022-09-18 12:07:12+00:00;False;59;26;1790;cd9a5bbe3905e50981c96221c59fd6e6cc0eebe5;12;821938089@qq.com;821938089@qq.com
BaseReadAloudService.kt;MODIFY;347;8.0;Grew;False;2022-09-19 03:08:52+00:00;False;59;26;1826;b798543156a8d31b1bff154ac0b16817558bcc03;5;821938089@qq.com;821938089@qq.com
BaseReadAloudService.kt;MODIFY;347;0.0;Equal;False;2022-09-21 10:05:47+00:00;False;59;26;1826;fc84a5b9b2e9dd3c0cb88d4f8aaba838b3f8359f;3;gekunfei@live.com;gekunfei@live.com
BaseReadAloudService.kt;MODIFY;347;0.0;Equal;False;2022-09-21 14:59:49+00:00;False;59;26;1824;ad8463c10c06726a04d45bfb510e193e9ad67f3c;3;gekunfei@live.com;gekunfei@live.com
BaseReadAloudService.kt;MODIFY;355;8.0;Grew;False;2022-10-15 05:52:43+00:00;False;59;26;1868;c7e01ee3739f20bf8fa045a68b63e79959433533;4;gekunfei@live.com;gekunfei@live.com
BaseReadAloudService.kt;MODIFY;352;-3.0;Decreased;False;2022-10-16 13:38:30+00:00;False;59;26;1853;f6599802a3b25e05034769233928f5f7431a2f0a;6;821938089@qq.com;821938089@qq.com
BaseReadAloudService.kt;MODIFY;362;10.0;Grew;False;2022-10-19 09:53:24+00:00;False;60;27;1914;c38b670b18946c64dc3f7a0fc8a263f78135c798;27;821938089@qq.com;821938089@qq.com
BaseReadAloudService.kt;MODIFY;367;5.0;Grew;False;2022-10-20 06:50:32+00:00;False;60;27;1937;bf18fc4e35deb9bf0c4e2532169f0ab294fcae65;1;gekunfei@live.com;gekunfei@live.com
BaseReadAloudService.kt;MODIFY;356;-11.0;Decreased;False;2022-10-20 07:04:58+00:00;False;60;27;1880;f8d3447e86bb5c66ed228559f23e833d23aca0f3;12;gekunfei@live.com;gekunfei@live.com
BaseReadAloudService.kt;MODIFY;359;3.0;Grew;False;2022-10-25 15:08:50+00:00;False;61;27;1894;232afd0c8198d7acd7cda202926b1cd37ccd0a40;4;821938089@qq.com;821938089@qq.com
BaseReadAloudService.kt;MODIFY;372;13.0;Grew;False;2022-10-27 12:25:20+00:00;False;63;27;1985;353a68ab77dccb813512ae5d4f17db8c93334c1d;19;gekunfei@live.com;gekunfei@live.com
BaseReadAloudService.kt;MODIFY;372;0.0;Equal;False;2023-02-15 14:38:43+00:00;False;63;27;1985;151c3177cd28a3d31838f2faaebdd2e426e6b697;27;gekunfei@live.com;gekunfei@live.com
BaseReadAloudService.kt;MODIFY;371;-1.0;Decreased;False;2023-02-15 15:33:30+00:00;False;63;27;1982;46a72d3265d4d6369cab564a28e77a2d9aa514e5;7;gekunfei@live.com;gekunfei@live.com
BaseReadAloudService.kt;MODIFY;371;0.0;Equal;False;2023-02-27 03:56:11+00:00;False;63;27;1985;ef3d34c77ecd9dd20aac98f334b4c853d1ff57cd;1;821938089@qq.com;821938089@qq.com
BaseReadAloudService.kt;MODIFY;372;1.0;Grew;False;2023-03-07 14:10:33+00:00;False;63;27;1989;730e954c75d80d74d6529f54e95ce4d0af370d9d;1;gekunfei@live.com;gekunfei@live.com
BaseReadAloudService.kt;MODIFY;372;0.0;Equal;False;2023-03-10 03:14:50+00:00;False;63;27;1991;75e91c54ea55c682e60da62c3b2fdb7732143628;2;821938089@qq.com;821938089@qq.com
BaseReadAloudService.kt;MODIFY;373;1.0;Grew;False;2023-03-23 08:26:33+00:00;False;63;27;1999;e5da28d92b4a32aa39fd8dc9e996fe0115cf1581;14;821938089@qq.com;821938089@qq.com
BaseReadAloudService.kt;MODIFY;373;0.0;Equal;False;2023-05-15 15:27:44+00:00;False;63;27;1999;6f2db4e834a2f45effccdf332af4fff7718ff98c;1;gekunfei@live.com;gekunfei@live.com
BaseReadAloudService.kt;MODIFY;372;-1.0;Grew;False;2023-06-13 14:10:07+00:00;False;58;24;2013;ed23874353c85c6147f09073254fdea41a3eca0c;3;821938089@qq.com;821938089@qq.com
BaseReadAloudService.kt;MODIFY;375;3.0;Grew;False;2023-07-07 12:08:42+00:00;False;58;24;2030;bb577bfa009ad38616f7bd557a000a492c36442c;2;gekunfei@live.com;gekunfei@live.com
BaseReadAloudService.kt;MODIFY;382;7.0;Grew;False;2023-07-07 14:51:12+00:00;False;60;24;2065;25c898ece023773477a162a19370c8a63083645d;1;gekunfei@live.com;gekunfei@live.com
BaseReadAloudService.kt;MODIFY;381;-1.0;Decreased;False;2023-07-08 00:03:17+00:00;False;59;24;2061;b40d533c72f06ede416f0844646b669956390341;1;gekunfei@live.com;gekunfei@live.com
BaseReadAloudService.kt;MODIFY;382;1.0;Grew;False;2023-07-08 01:27:24+00:00;False;59;24;2063;94d6a08fcbdacea0cf96f5a765211f377444a72a;1;gekunfei@live.com;gekunfei@live.com
BaseReadAloudService.kt;MODIFY;383;1.0;Grew;False;2023-07-08 09:07:14+00:00;False;59;24;2066;d072d2d1634e1e6ce4fae4ea4b25c3e643871ffa;1;821938089@qq.com;821938089@qq.com
BaseReadAloudService.kt;MODIFY;379;-4.0;Decreased;False;2023-07-09 05:19:21+00:00;False;59;24;2049;a401d630da4245f533b1bb738d1797d68319aa18;11;gekunfei@live.com;gekunfei@live.com
BaseReadAloudService.kt;MODIFY;381;2.0;Grew;False;2023-07-23 05:38:15+00:00;False;59;24;2058;fdb7255630ab31bd02da3f350a118ae19d00e94d;2;gekunfei@live.com;gekunfei@live.com
BaseReadAloudService.kt;MODIFY;381;0.0;Equal;False;2023-07-30 02:13:32+00:00;False;59;24;2058;b713904d3d3aed340b9f69bd6e7a280724b39b2b;9;gekunfei@live.com;gekunfei@live.com
BaseReadAloudService.kt;MODIFY;384;3.0;Grew;False;2023-07-31 01:41:00+00:00;False;59;24;2077;00fede0b3b47af6dd0055a541acd00f1697f43c2;4;821938089@qq.com;821938089@qq.com
BaseReadAloudService.kt;MODIFY;387;3.0;Grew;False;2023-07-31 12:50:38+00:00;False;62;25;2088;93029ed1a165a6f579769f556746a4acfa118a63;8;gekunfei@live.com;gekunfei@live.com
BaseReadAloudService.kt;MODIFY;393;6.0;Grew;False;2023-08-21 07:22:00+00:00;False;64;26;2121;4e044df3b2afece7b989ca30e06e9a507a6b101d;8;821938089@qq.com;821938089@qq.com
BaseReadAloudService.kt;MODIFY;434;41.0;Grew;False;2023-08-23 04:31:43+00:00;False;73;26;2344;788a5b5d08613a181eb62f037d76d04aa9be788b;12;821938089@qq.com;821938089@qq.com
BaseReadAloudService.kt;MODIFY;438;4.0;Grew;False;2023-08-24 15:44:43+00:00;False;75;26;2379;b7e4bb01934b3619fb1ea066920c2c9a56eb4a2a;6;821938089@qq.com;821938089@qq.com
BaseReadAloudService.kt;MODIFY;450;12.0;Grew;False;2023-09-25 07:07:19+00:00;False;77;28;2444;f724c089e5e167589b76fc0ef548a5bcee59db7e;2;821938089@qq.com;821938089@qq.com
BaseReadAloudService.kt;MODIFY;451;1.0;Grew;False;2023-10-26 14:07:42+00:00;False;77;28;2447;0ebf6d641582a4aa7bc858aff4cde3815c39639f;1;821938089@qq.com;821938089@qq.com
BaseReadAloudService.kt;MODIFY;469;18.0;Grew;False;2023-12-15 07:41:23+00:00;False;77;28;2513;b434d3499b69372e9f5a0e80110a915d187467af;4;821938089@qq.com;821938089@qq.com
BaseReadAloudService.kt;MODIFY;482;13.0;Grew;False;2024-01-27 12:25:23+00:00;False;77;28;2638;3882904f1dc3ba9df2abdfc4896f03b493fc72a2;13;821938089@qq.com;821938089@qq.com
BaseReadAloudService.kt;MODIFY;492;10.0;Grew;True;2024-03-10 03:30:00+00:00;True;78;28;2675;f128df2d96d13fad61ba60ff8bf0cf3f706087e0;2;821938089@qq.com;821938089@qq.com
BaseReadAloudService.kt;MODIFY;488;-4.0;Decreased;False;2024-03-10 14:04:53+00:00;True;78;28;2679;f06821ccb32d99bf715746647c19c1a222f9d987;8;821938089@qq.com;821938089@qq.com
BaseReadAloudService.kt;MODIFY;492;4.0;Grew;True;2024-03-16 05:12:30+00:00;True;80;28;2691;fc791046e50ef3804f2632b9f2f4aaa2fa9327ed;1;821938089@qq.com;821938089@qq.com
BaseReadAloudService.kt;MODIFY;494;2.0;Grew;True;2024-04-08 02:10:47+00:00;False;82;28;2703;d44d2a3b08b2f57287ae570b1e767baa70798f0e;2;821938089@qq.com;821938089@qq.com
BaseReadAloudService.kt;MODIFY;496;2.0;Grew;True;2024-05-27 07:56:32+00:00;False;82;28;2710;d774b2df7c6433250d6ddf68bc29c0151a082a04;1;8674809+821938089@users.noreply.github.com;8674809+821938089@users.noreply.github.com
BaseReadAloudService.kt;MODIFY;497;1.0;Grew;True;2024-05-27 08:13:29+00:00;False;82;28;2718;9247d56cbd26457235580d5b3ee56c52d7bb7ed9;1;8674809+821938089@users.noreply.github.com;8674809+821938089@users.noreply.github.com
BaseReadAloudService.kt;MODIFY;497;0.0;Equal;True;2024-06-14 04:12:08+00:00;False;82;28;2706;0337e465de249f743de9379904c24672bc205293;5;8674809+821938089@users.noreply.github.com;8674809+821938089@users.noreply.github.com
BaseReadAloudService.kt;MODIFY;498;1.0;Grew;True;2024-07-29 02:46:32+00:00;False;82;28;2707;9172659440bc9051a8984d77f58a9e5fb4c9151e;16;8674809+821938089@users.noreply.github.com;8674809+821938089@users.noreply.github.com
BaseReadAloudService.kt;MODIFY;499;1.0;Grew;True;2024-08-16 06:31:33+00:00;False;82;28;2714;d68404c6a403d1366e6f1a5418bf15c7676f0239;1;8674809+821938089@users.noreply.github.com;8674809+821938089@users.noreply.github.com
BaseReadAloudService.kt;MODIFY;500;1.0;Grew;True;2024-08-16 13:07:56+00:00;False;82;28;2721;51cf3185318246ed88beacbd569a7b9026e5c171;1;8674809+821938089@users.noreply.github.com;8674809+821938089@users.noreply.github.com
BaseReadAloudService.kt;MODIFY;501;1.0;Grew;True;2024-08-17 07:44:18+00:00;False;82;28;2728;e43eabac6b9198354d313868cb2f419bf76fd51b;1;895866818@qq.com;895866818@qq.com
BaseReadAloudService.kt;MODIFY;512;11.0;Grew;True;2024-08-17 09:24:01+00:00;False;81;28;2790;22057939db94bc4b8d3fe21836b694496556f6ea;1;895866818@qq.com;895866818@qq.com
BaseReadAloudService.kt;MODIFY;506;-6.0;Decreased;True;2024-08-17 09:46:16+00:00;False;84;29;2770;ebda59cab471b35ec3e0e9a0664c395e7c47b3ce;2;8674809+821938089@users.noreply.github.com;8674809+821938089@users.noreply.github.com
BaseReadAloudService.kt;MODIFY;522;16.0;Grew;True;2024-08-19 20:47:31+00:00;False;87;30;2855;732d7b6178c071767ee63112d41ab61d195700cd;1;895866818@qq.com;895866818@qq.com
BaseReadAloudService.kt;MODIFY;522;0.0;Equal;True;2024-08-20 12:18:33+00:00;False;87;30;2855;61e48aba8adbb1931f74d3272c7f96f6faa4048d;1;895866818@qq.com;895866818@qq.com
BaseReadAloudService.kt;MODIFY;522;0.0;Equal;True;2024-08-20 12:37:51+00:00;False;87;30;2856;cf590d21d4219a4dd77fa56abaa99960503919a4;1;8674809+821938089@users.noreply.github.com;8674809+821938089@users.noreply.github.com
BaseReadAloudService.kt;MODIFY;597;75.0;Grew;True;2024-08-23 09:41:14+00:00;False;102;36;3210;1e9dcb000c1d69c92bf2c50bcff657958d79c8e4;19;8674809+821938089@users.noreply.github.com;8674809+821938089@users.noreply.github.com
BaseReadAloudService.kt;MODIFY;597;0.0;Equal;True;2024-08-23 09:44:04+00:00;False;102;36;3210;d6a77c3908d6a98decf437a36a3dfa8c52ed5426;1;8674809+821938089@users.noreply.github.com;8674809+821938089@users.noreply.github.com
BaseReadAloudService.kt;MODIFY;598;1.0;Grew;True;2024-08-23 10:58:29+00:00;False;102;36;3214;90e6a44895802490a4d94beced669b171fe88aef;1;8674809+821938089@users.noreply.github.com;8674809+821938089@users.noreply.github.com
BaseReadAloudService.kt;MODIFY;608;10.0;Grew;True;2024-08-23 11:12:31+00:00;False;104;36;3253;7a7cb28813bbdd80767a38176e8c666023028918;1;8674809+821938089@users.noreply.github.com;8674809+821938089@users.noreply.github.com
BaseReadAloudService.kt;MODIFY;609;1.0;Grew;True;2024-08-27 12:41:53+00:00;False;104;36;3260;1a7a6f80b4f8ec895e6c9fe4fde2e3f2290a7b0e;3;8674809+821938089@users.noreply.github.com;8674809+821938089@users.noreply.github.com
BaseReadAloudService.kt;MODIFY;612;3.0;Grew;True;2024-09-10 07:48:44+00:00;False;104;36;3269;caeee598490a518acf987e0a1085ff9ecbee038c;1;8674809+821938089@users.noreply.github.com;8674809+821938089@users.noreply.github.com
BaseReadAloudService.kt;MODIFY;618;6.0;Grew;True;2024-09-15 07:15:54+00:00;False;105;37;3288;8ae494056da4eae728c64b7fe2242a5154f707c2;1;8674809+821938089@users.noreply.github.com;8674809+821938089@users.noreply.github.com
BaseReadAloudService.kt;MODIFY;617;-1.0;Decreased;True;2024-11-01 09:20:11+00:00;False;105;37;3281;c3713273bf3d33fcbe69b8c91fce9d462ebe0280;2;8674809+821938089@users.noreply.github.com;8674809+821938089@users.noreply.github.com
