file_name;change_type;n_loc;lines_balance;size_change;is_large;date;swapped_classification;complexity;methods;tokens;hash;files_on_commit;committer_email;author_email
ContentTextView.kt;ADD;483;0.0;Grew;False;2022-01-03 15:59:44+00:00;False;99;29;2991;51c16a1efcb036cc18e9cdb6d592e691b3da5816;1294;gekunfei@live.com;gekunfei@live.com
ContentTextView.kt;MODIFY;483;0.0;Equal;False;2022-03-04 00:53:24+00:00;False;99;29;2993;122a144a33baa6b52a48895410589df0e57a5a28;108;gekunfei@live.com;gekunfei@live.com
ContentTextView.kt;MODIFY;483;0.0;Equal;False;2022-04-08 01:47:32+00:00;False;99;29;2993;fc2b1cb1ff16825416745e638b6ad2b42f39d129;42;gekunfei@live.com;gekunfei@live.com
ContentTextView.kt;MODIFY;482;-1.0;Decreased;False;2022-04-12 03:17:57+00:00;False;99;29;2989;db99dd6deb901b415a8cefdd555c471cd4e57d9d;4;gekunfei@live.com;gekunfei@live.com
ContentTextView.kt;MODIFY;483;1.0;Grew;False;2022-04-13 07:04:13+00:00;False;101;30;3013;5fd8448a6e081a0e8fc3bdb7b0b732a819ba532b;2;gekunfei@live.com;gekunfei@live.com
ContentTextView.kt;MODIFY;486;3.0;Grew;False;2022-04-14 00:48:45+00:00;False;101;30;3029;cca075230598f91d2eb4319b57918f0c3871e496;4;gekunfei@live.com;gekunfei@live.com
ContentTextView.kt;MODIFY;491;5.0;Grew;True;2022-04-14 01:23:50+00:00;True;105;31;3114;4582ca2a85106fb951d4293c3a3e376d676ef0cd;1;gekunfei@live.com;gekunfei@live.com
ContentTextView.kt;MODIFY;486;-5.0;Decreased;False;2022-04-14 04:15:04+00:00;True;105;31;3088;a6e975ee572404b8e2d46f403c1724d0730606a9;2;gekunfei@live.com;gekunfei@live.com
ContentTextView.kt;MODIFY;485;-1.0;Decreased;False;2022-04-14 04:16:13+00:00;False;105;31;3084;a99e0876e727b98a5e5bf81b16edd8564078d502;2;gekunfei@live.com;gekunfei@live.com
ContentTextView.kt;MODIFY;474;-11.0;Decreased;False;2022-04-14 04:24:38+00:00;False;99;29;3016;30b785fbb9497697cad2e709657a463af18ab7cc;1;gekunfei@live.com;gekunfei@live.com
ContentTextView.kt;MODIFY;415;-59.0;Decreased;False;2022-04-15 03:01:44+00:00;False;84;32;2695;6077e39013e1928f415f33c68ee5a2d5317c823e;4;gekunfei@live.com;gekunfei@live.com
ContentTextView.kt;MODIFY;412;-3.0;Decreased;False;2022-04-15 03:19:21+00:00;False;83;31;2668;08c6b9a0b254ea4c3734274ddd3241fb06b5df96;1;gekunfei@live.com;gekunfei@live.com
ContentTextView.kt;MODIFY;410;-2.0;Decreased;False;2022-04-15 05:35:47+00:00;False;83;31;2658;ad72d779ca3292abc21afc81d537d2e9a3db2558;1;gekunfei@live.com;gekunfei@live.com
ContentTextView.kt;MODIFY;410;0.0;Equal;False;2022-04-15 06:09:41+00:00;False;83;31;2658;af1dfea9cffc3f369c89c7ca7b54be489771dfbb;1;gekunfei@live.com;gekunfei@live.com
ContentTextView.kt;MODIFY;412;2.0;Grew;False;2022-04-15 06:18:21+00:00;False;83;31;2645;3a806b5b3b659e0d0b6a51f17d39ddc6d5a68127;1;gekunfei@live.com;gekunfei@live.com
ContentTextView.kt;MODIFY;413;1.0;Grew;False;2022-04-15 11:33:36+00:00;False;83;31;2640;f7d6584e486556da819ac1b2f310ef43d7d9d036;4;gekunfei@live.com;gekunfei@live.com
ContentTextView.kt;MODIFY;392;-21.0;Decreased;False;2022-04-15 14:15:43+00:00;False;75;29;2549;4fdd216aa92f6f0d242b4e5099deadaf11dd769b;2;gekunfei@live.com;gekunfei@live.com
ContentTextView.kt;MODIFY;392;0.0;Equal;False;2022-04-16 04:01:46+00:00;False;75;29;2549;d01c0e98ab26bb6bfda4c26bf140259ace63ad91;4;gekunfei@live.com;gekunfei@live.com
ContentTextView.kt;MODIFY;403;11.0;Grew;False;2022-04-16 04:37:59+00:00;False;75;29;2621;7ff0b897187934ae4fb4d46a6e3991ce946dac2b;5;gekunfei@live.com;gekunfei@live.com
ContentTextView.kt;MODIFY;406;3.0;Grew;False;2022-04-16 04:53:45+00:00;False;75;29;2637;bdfe417aeab8b085fac9c67c0823f280acee3dd4;3;gekunfei@live.com;gekunfei@live.com
ContentTextView.kt;MODIFY;406;0.0;Equal;False;2022-04-16 14:13:45+00:00;False;75;29;2637;45d55a1b2d160364b02cb9614d509bb282557aad;5;gekunfei@live.com;gekunfei@live.com
ContentTextView.kt;MODIFY;406;0.0;Equal;False;2022-04-16 15:54:56+00:00;False;75;29;2649;dfcc1c5397ae12eabfe63571f47b999e7c9e1be3;5;gekunfei@live.com;gekunfei@live.com
ContentTextView.kt;MODIFY;409;3.0;Grew;False;2022-04-22 11:33:19+00:00;False;75;29;2671;5d1ff83acf94b4a5f788114d81930c0454c16cbc;1;ag2s20150909@gmail.com;ag2s20150909@gmail.com
ContentTextView.kt;MODIFY;409;0.0;Decreased;False;2022-04-22 12:47:44+00:00;False;75;29;2671;d0930c1d6f3a952b49811c082e0c020957153dd1;1;gekunfei@live.com;gekunfei@live.com
ContentTextView.kt;MODIFY;410;1.0;Grew;False;2022-04-23 07:44:30+00:00;False;75;29;2675;e59746eae0ec8addf7837e31292c8029bfe6e911;4;gekunfei@live.com;gekunfei@live.com
ContentTextView.kt;MODIFY;409;-1.0;Decreased;False;2022-04-30 16:41:08+00:00;False;75;29;2671;2cd4ed61c7f70abf82e43927264572c733ea70bb;3;gekunfei@live.com;gekunfei@live.com
ContentTextView.kt;MODIFY;413;4.0;Grew;False;2022-05-08 04:08:20+00:00;False;75;29;2687;b219391470a2af4a8914d97703715c79b755baf4;14;ag2s20150909@gmail.com;ag2s20150909@gmail.com
ContentTextView.kt;MODIFY;414;1.0;Grew;False;2022-07-15 04:14:45+00:00;False;76;29;2701;ea59082186d2ef055361c517c1e2662729af5062;9;821938089@qq.com;821938089@qq.com
ContentTextView.kt;MODIFY;414;0.0;Equal;False;2022-08-12 10:28:49+00:00;False;76;29;2699;a5fc04009ee3ba43d8dccf8f06d6f43ccdad1c0a;7;gekunfei@live.com;gekunfei@live.com
ContentTextView.kt;MODIFY;414;0.0;Equal;False;2022-08-16 15:22:49+00:00;False;76;29;2699;bf889d936080155e7cf33653e6299dfdb15c8261;4;gekunfei@live.com;gekunfei@live.com
ContentTextView.kt;MODIFY;448;34.0;Grew;False;2022-09-04 11:36:43+00:00;False;76;29;2862;90a3ba54d565c9580e4fd750dfe6eb6876fa0f12;13;821938089@qq.com;821938089@qq.com
ContentTextView.kt;MODIFY;526;78.0;Grew;True;2022-09-05 14:19:34+00:00;True;86;29;3355;b21659c23a3c1fb496a1a6027cb9ae0ba21cd0b0;9;hidden2333@163.com;hidden2333@163.com
ContentTextView.kt;MODIFY;540;14.0;Grew;True;2022-09-06 04:31:20+00:00;False;89;30;3464;4255749968f5439d95bcc5c9cb1cd72655742b50;5;hidden2333@163.com;hidden2333@163.com
ContentTextView.kt;MODIFY;544;4.0;Grew;True;2022-09-06 06:09:47+00:00;False;89;30;3474;1e9cecef8135e1222430cc8c4f97f553b8cdd48d;3;hidden2333@163.com;hidden2333@163.com
ContentTextView.kt;MODIFY;451;-93.0;Grew;False;2022-09-06 12:47:24+00:00;True;77;30;2879;93e0cb7eeab75345b0cd02901f8367fb1f02eb1e;2;gekunfei@live.com;gekunfei@live.com
ContentTextView.kt;MODIFY;453;2.0;Grew;False;2022-09-07 02:04:55+00:00;False;76;29;2901;9d5f197997fb88baaf47426b809741d846214d31;3;gekunfei@live.com;gekunfei@live.com
ContentTextView.kt;MODIFY;448;-5.0;Decreased;False;2022-09-07 04:24:32+00:00;False;76;29;2830;949cdb3a904eeba3678158dee67391c62b2e568e;8;gekunfei@live.com;gekunfei@live.com
ContentTextView.kt;MODIFY;448;0.0;Equal;False;2022-09-07 12:49:10+00:00;False;76;29;2834;1523f1ca959885af8f5a7470c8cfbef470194238;5;gekunfei@live.com;gekunfei@live.com
ContentTextView.kt;MODIFY;530;82.0;Decreased;True;2022-09-07 14:44:08+00:00;True;85;31;3274;f0ead5b4882cb17f5a478f03ac8c2ce580b8f5b4;8;hidden2333@163.com;hidden2333@163.com
ContentTextView.kt;MODIFY;530;0.0;Grew;True;2022-09-07 15:22:44+00:00;False;85;31;3274;dc2422bbf30b9ea3e3001e5f9d53fb1e1f98b9a9;1;hidden2333@163.com;hidden2333@163.com
ContentTextView.kt;MODIFY;530;0.0;Equal;True;2022-09-07 15:26:40+00:00;False;85;31;3274;aaa591ae73f6858325c35e11726317a5b23988cc;1;hidden2333@163.com;hidden2333@163.com
ContentTextView.kt;MODIFY;530;0.0;Equal;True;2022-09-08 03:48:38+00:00;False;85;31;3274;113d39b92743b57eff1eed87e3d9a9ce4b0c7155;4;hidden2333@163.com;hidden2333@163.com
ContentTextView.kt;MODIFY;534;4.0;Grew;True;2022-09-10 11:44:12+00:00;False;85;31;3328;f9d3161d1ac00f3c6e3b247c4d604df9948befdf;5;gekunfei@live.com;gekunfei@live.com
ContentTextView.kt;MODIFY;469;-65.0;Decreased;False;2022-09-10 13:54:15+00:00;True;86;34;2898;4f32cf0566597fd064282bf817e7f6a4af78a8bb;8;gekunfei@live.com;gekunfei@live.com
ContentTextView.kt;MODIFY;469;0.0;Equal;False;2022-09-11 00:54:29+00:00;False;86;34;2898;0e2f0c8e7db1b7fda5d1a513c70da819333c9cca;3;gekunfei@live.com;gekunfei@live.com
ContentTextView.kt;MODIFY;475;6.0;Grew;False;2022-09-11 09:47:36+00:00;False;86;34;3014;6307c5dc8598bdcd293062da34b0220cad2c3af4;9;gekunfei@live.com;gekunfei@live.com
ContentTextView.kt;MODIFY;468;-7.0;Decreased;False;2022-09-13 02:29:25+00:00;False;86;34;2966;2d2298321c8016cf9ee96363c5ac2c7d0ed2f2e7;3;gekunfei@live.com;gekunfei@live.com
ContentTextView.kt;MODIFY;472;4.0;Grew;False;2022-09-13 07:28:54+00:00;False;87;35;2968;4e8c6a8d7b7f7e92824bf504a4b31c13b41d3d04;1;gekunfei@live.com;gekunfei@live.com
ContentTextView.kt;MODIFY;476;4.0;Grew;False;2022-09-16 15:16:10+00:00;False;87;35;3009;2decc58aa7748e8eb6729df1c7e8ea776acadb28;12;821938089@qq.com;821938089@qq.com
ContentTextView.kt;MODIFY;479;3.0;Grew;False;2022-09-19 02:49:28+00:00;False;88;37;2966;f20989df2d7f8043013581de4296c69c3d98289c;1;gekunfei@live.com;gekunfei@live.com
ContentTextView.kt;MODIFY;522;43.0;Grew;True;2022-10-05 12:19:41+00:00;True;98;38;3194;f0485413379032e3f6a6ef02941a588a827ea4c5;3;821938089@qq.com;821938089@qq.com
ContentTextView.kt;MODIFY;546;24.0;Grew;True;2022-10-10 13:11:56+00:00;False;106;39;3318;734bf8416ad47b771f1d2ed61e4ba5020a83c04a;7;821938089@qq.com;821938089@qq.com
ContentTextView.kt;MODIFY;547;1.0;Grew;True;2023-01-03 03:49:53+00:00;False;106;39;3323;8ea40e14578be3497010171ee75411da628c8dbb;3;gekunfei@live.com;gekunfei@live.com
ContentTextView.kt;MODIFY;555;8.0;Grew;True;2023-03-21 06:30:00+00:00;False;107;39;3357;c479adf950534656a623ae8682cb8d41a3947772;6;821938089@qq.com;821938089@qq.com
ContentTextView.kt;MODIFY;567;12.0;Grew;True;2023-04-02 02:52:08+00:00;False;109;40;3411;473de328ac12642e78745a1af625375f2572b4b8;11;gekunfei@live.com;gekunfei@live.com
ContentTextView.kt;MODIFY;568;1.0;Grew;True;2023-04-02 11:35:17+00:00;False;110;40;3431;6f29c69855af69710ff8b7c55004d3932d0508b9;1;gekunfei@live.com;gekunfei@live.com
ContentTextView.kt;MODIFY;568;0.0;Equal;True;2023-04-02 11:46:39+00:00;False;110;40;3432;486d7fb5aee379ab933e8da2a29821705760f0d0;1;gekunfei@live.com;gekunfei@live.com
ContentTextView.kt;MODIFY;566;-2.0;Decreased;True;2023-04-03 02:17:05+00:00;False;110;40;3416;195c5ed585b8348d9831d5b653c0ff0575fbeb36;2;gekunfei@live.com;gekunfei@live.com
ContentTextView.kt;MODIFY;566;0.0;Equal;True;2023-04-03 03:25:36+00:00;False;110;40;3420;bd2581954a5547ee8b608ff5f5f94ea013e39d19;4;gekunfei@live.com;gekunfei@live.com
ContentTextView.kt;MODIFY;566;0.0;Equal;True;2023-07-09 05:19:21+00:00;False;110;40;3412;a401d630da4245f533b1bb738d1797d68319aa18;11;gekunfei@live.com;gekunfei@live.com
ContentTextView.kt;MODIFY;591;25.0;Grew;True;2023-07-31 01:41:00+00:00;False;116;42;3533;00fede0b3b47af6dd0055a541acd00f1697f43c2;4;821938089@qq.com;821938089@qq.com
ContentTextView.kt;MODIFY;612;21.0;Grew;True;2023-08-24 15:44:43+00:00;False;123;43;3637;b7e4bb01934b3619fb1ea066920c2c9a56eb4a2a;6;821938089@qq.com;821938089@qq.com
ContentTextView.kt;MODIFY;612;0.0;Equal;True;2023-09-17 14:55:10+00:00;False;123;43;3637;54b0cb8a4903d7c0151eda923a2e5475c77c36c7;6;821938089@qq.com;821938089@qq.com
ContentTextView.kt;MODIFY;690;78.0;Grew;True;2023-09-24 03:42:21+00:00;False;141;45;3997;2c76551ef41b4a9a2d7c6938d85fa3e4dbe7f18d;6;821938089@qq.com;821938089@qq.com
ContentTextView.kt;MODIFY;695;5.0;Grew;True;2023-10-18 14:05:00+00:00;False;143;46;4036;8f49e2d9fb2f30a5ae8708e7a191b2baad1fd4b7;12;821938089@qq.com;821938089@qq.com
ContentTextView.kt;MODIFY;695;0.0;Equal;True;2023-11-03 07:21:55+00:00;False;143;46;4036;c2a1303ab2ba21954a80ea48420b537b9c49bfe8;1;821938089@qq.com;821938089@qq.com
ContentTextView.kt;MODIFY;695;0.0;Equal;True;2023-11-03 08:16:19+00:00;False;143;46;4036;ae7ef9b95c62e7fc76217e1c4fa77e3e6d1d905f;3;821938089@qq.com;821938089@qq.com
ContentTextView.kt;MODIFY;709;14.0;Grew;True;2023-12-23 07:35:51+00:00;False;153;47;4220;dae49821ac79f0700b6b7e3a8ab6241da1e8d5e4;7;821938089@qq.com;821938089@qq.com
ContentTextView.kt;MODIFY;679;-30.0;Decreased;True;2023-12-26 14:56:09+00:00;False;153;47;4023;e895223638fe754ecc65d3c592acb040bac61f84;6;821938089@qq.com;821938089@qq.com
ContentTextView.kt;MODIFY;707;28.0;Grew;True;2024-02-08 15:01:19+00:00;False;159;49;4177;1111e36c412e6cb9d4c22baa3ea1214abece3705;8;821938089@qq.com;821938089@qq.com
ContentTextView.kt;MODIFY;606;-101.0;Decreased;True;2024-02-12 12:28:31+00:00;False;147;44;3552;5ac5f8d60bd00d8ee6ac071ad20355ca4cb9e658;23;821938089@qq.com;821938089@qq.com
ContentTextView.kt;MODIFY;607;1.0;Grew;True;2024-02-12 13:17:23+00:00;False;147;44;3558;e213de75a19f9b4a28a78f054d1136292c8ffe4c;2;821938089@qq.com;821938089@qq.com
ContentTextView.kt;MODIFY;604;-3.0;Decreased;True;2024-02-13 04:27:57+00:00;False;147;44;3557;ce1d23a029851a24b0b49ce420e3b17974834273;7;821938089@qq.com;821938089@qq.com
ContentTextView.kt;MODIFY;622;18.0;Grew;True;2024-02-13 14:19:53+00:00;False;150;47;3642;7fbc23ab13e43afea4a5f06b78162f3229b711a1;17;821938089@qq.com;821938089@qq.com
ContentTextView.kt;MODIFY;622;0.0;Equal;True;2024-02-13 14:42:15+00:00;False;150;47;3642;c45f138fd581a7ff1db76af0dc3ad9bc6216d230;2;821938089@qq.com;821938089@qq.com
ContentTextView.kt;MODIFY;613;-9.0;Decreased;True;2024-02-14 15:09:18+00:00;False;147;46;3565;4119231dd028263b2f0ff12949f9c7e5e20a231e;10;821938089@qq.com;821938089@qq.com
ContentTextView.kt;MODIFY;614;1.0;Grew;True;2024-02-14 15:15:54+00:00;False;147;46;3561;db8f9ca6b91fd11126c6e71bce77a2201223131a;1;821938089@qq.com;821938089@qq.com
ContentTextView.kt;MODIFY;626;12.0;Grew;True;2024-02-15 08:24:49+00:00;False;157;46;3627;61049ddffa0c121a3bca9b53eba77861d2acd8df;3;821938089@qq.com;821938089@qq.com
ContentTextView.kt;MODIFY;621;-5.0;Decreased;True;2024-02-16 03:44:51+00:00;False;158;46;3609;7201f923736af25f5a0137fc60e524fffc81a61d;6;821938089@qq.com;821938089@qq.com
ContentTextView.kt;MODIFY;629;8.0;Grew;True;2024-02-18 15:21:19+00:00;False;159;48;3627;f93084f3f155e1f407223793871345b0636f7e84;36;821938089@qq.com;821938089@qq.com
ContentTextView.kt;MODIFY;629;0.0;Equal;True;2024-02-18 15:48:59+00:00;False;159;48;3625;a7d1f2157a4acb18e8c30ff023ee7cc075821137;2;821938089@qq.com;821938089@qq.com
ContentTextView.kt;MODIFY;629;0.0;Equal;True;2024-02-19 14:02:25+00:00;False;159;48;3625;8ba16e256087d99e6521105da1fc63423d41aae0;13;821938089@qq.com;821938089@qq.com
ContentTextView.kt;MODIFY;630;1.0;Equal;True;2024-02-20 09:05:27+00:00;False;159;48;3636;51673357e9bcf037c0fb61700f9b5713a8669952;10;821938089@qq.com;821938089@qq.com
ContentTextView.kt;MODIFY;630;0.0;Equal;True;2024-02-21 15:34:36+00:00;False;159;48;3635;946cd1ab945a8eb6aa81a3b7cb36cde5ca474c87;16;821938089@qq.com;821938089@qq.com
ContentTextView.kt;MODIFY;633;3.0;Grew;True;2024-02-24 01:39:31+00:00;False;161;48;3654;8e28ae1c4a42e4d49dab786b7aeb767302c29256;3;821938089@qq.com;821938089@qq.com
ContentTextView.kt;MODIFY;634;1.0;Grew;True;2024-03-04 09:17:03+00:00;False;162;48;3660;752999b43b1b5e84764df5b7f5d2e7a610ee06af;6;821938089@qq.com;821938089@qq.com
ContentTextView.kt;MODIFY;634;0.0;Equal;True;2024-03-11 15:34:15+00:00;False;162;48;3659;c43ed2c57afcce1822862a2103cce7fc6a575b1c;4;821938089@qq.com;821938089@qq.com
ContentTextView.kt;MODIFY;631;-3.0;Decreased;True;2024-05-19 09:38:16+00:00;False;160;48;3652;27571f5b06cfe67bdab4ec0f6dfa8dba378c17ea;4;8674809+821938089@users.noreply.github.com;8674809+821938089@users.noreply.github.com
ContentTextView.kt;MODIFY;631;0.0;Equal;True;2024-06-04 07:09:07+00:00;False;160;48;3652;916adb7f8e37c87c513ee5a75815fd8dff00c678;2;8674809+821938089@users.noreply.github.com;8674809+821938089@users.noreply.github.com
ContentTextView.kt;MODIFY;631;0.0;Equal;True;2024-06-04 07:21:39+00:00;False;160;48;3652;17416e06f630787a7e1fe402125582ec6f8d84bd;1;8674809+821938089@users.noreply.github.com;8674809+821938089@users.noreply.github.com
ContentTextView.kt;MODIFY;602;-29.0;Decreased;True;2024-07-14 13:36:13+00:00;False;153;48;3505;c0f4fd3923ba3ed1cd1054d3baba6980672f46a9;1;8674809+821938089@users.noreply.github.com;8674809+821938089@users.noreply.github.com
