file_name;change_type;n_loc;lines_balance;size_change;is_large;date;swapped_classification;complexity;methods;tokens;hash;files_on_commit;committer_email;author_email
CohereServiceTests.java;ADD;768;0.0;Equal;False;2024-01-24 21:14:40+00:00;False;31;31;5876;eb8c73f4fbf340f58144bd5d60460d9f02f7ca3f;59;noreply@github.com;56361221+jonathan-buttner@users.noreply.github.com
CohereServiceTests.java;MODIFY;935;167.0;Grew;False;2024-01-30 18:46:49+00:00;False;34;34;7080;92dd213dd778845bf2986217a91a4c02e7b38c22;36;noreply@github.com;56361221+jonathan-buttner@users.noreply.github.com
CohereServiceTests.java;MODIFY;935;0.0;Equal;False;2024-01-31 16:46:03+00:00;False;34;34;7080;47ca7aeb70935b2104053d605bb5aa5d1a55b0ba;289;noreply@github.com;ben.w.trent@gmail.com
CohereServiceTests.java;MODIFY;935;0.0;Equal;False;2024-02-06 18:30:04+00:00;False;34;34;7080;f1b4878c72231bb108347a5c31247bbc68002426;17;noreply@github.com;56361221+jonathan-buttner@users.noreply.github.com
CohereServiceTests.java;MODIFY;934;-1.0;Decreased;False;2024-02-06 20:28:51+00:00;False;35;35;7142;2c5c134623514768e07108b8fb4e139b328c8d8c;40;noreply@github.com;137079448+maxhniebergall@users.noreply.github.com
CohereServiceTests.java;MODIFY;831;-103.0;Decreased;False;2024-02-22 15:23:11+00:00;False;36;36;6567;b2d25b72db8c58f50a74d062eb58b2be68e39a98;12;noreply@github.com;56361221+jonathan-buttner@users.noreply.github.com
CohereServiceTests.java;MODIFY;832;1.0;Grew;False;2024-03-05 17:42:08+00:00;False;36;36;6546;680774e7f276ae403e62b9af9c610483ccb25344;55;noreply@github.com;56361221+jonathan-buttner@users.noreply.github.com
CohereServiceTests.java;MODIFY;861;29.0;Grew;False;2024-03-12 17:19:59+00:00;False;38;38;6842;c33955e4907c9258ae5ddd09a4fdb24eebb8871a;2;noreply@github.com;david.kyle@elastic.co
CohereServiceTests.java;MODIFY;874;13.0;Grew;False;2024-03-27 12:34:28+00:00;False;38;38;6893;2b6b7ae4743f104e8f6562ba1690e91c3e0b5c77;16;noreply@github.com;56361221+jonathan-buttner@users.noreply.github.com
CohereServiceTests.java;MODIFY;992;118.0;Grew;False;2024-03-27 14:23:18+00:00;False;40;40;7304;8f28a7a47a17c503f0d8afdc8d74fc0160731da2;25;noreply@github.com;56361221+jonathan-buttner@users.noreply.github.com
CohereServiceTests.java;MODIFY;1139;147.0;Grew;True;2024-03-27 17:07:23+00:00;True;42;42;8250;2fcd3c20e975eb59fef3a8836faa96f7e6fee5fe;17;noreply@github.com;56361221+jonathan-buttner@users.noreply.github.com
CohereServiceTests.java;MODIFY;1140;1.0;Grew;True;2024-04-03 18:48:22+00:00;False;42;42;8262;f49ead7446e722c5cf6d6268e3a043dd1f818fce;77;noreply@github.com;137079448+maxhniebergall@users.noreply.github.com
CohereServiceTests.java;MODIFY;1198;58.0;Grew;True;2024-04-10 16:29:40+00:00;False;42;42;8325;c9e84558b7f269f0fbaf10c2be2a2d262b6ed3fb;46;noreply@github.com;56361221+jonathan-buttner@users.noreply.github.com
CohereServiceTests.java;MODIFY;1123;-75.0;Decreased;True;2024-04-15 09:35:24+00:00;False;42;42;7988;ecc406edfc5a9b1713751ebe80b2e7fd9ee228c9;18;noreply@github.com;david.kyle@elastic.co
CohereServiceTests.java;MODIFY;1124;1.0;Grew;True;2024-05-17 14:51:30+00:00;False;42;42;8004;ca2ce0e3ddda5d569b5443ba1272c105fc8999ed;37;noreply@github.com;137079448+maxhniebergall@users.noreply.github.com
CohereServiceTests.java;MODIFY;1124;0.0;Equal;True;2024-05-23 11:35:03+00:00;False;42;42;8002;470273a660e4abaceb94179f9f4c46335580f9db;7;noreply@github.com;tim.grein@elastic.co
CohereServiceTests.java;MODIFY;1124;0.0;Equal;True;2024-05-24 09:04:39+00:00;False;42;42;8002;5f146f8b4269e2d7e782f007edbf644d1b24f8b2;1;noreply@github.com;tim.grein@elastic.co
CohereServiceTests.java;MODIFY;1124;0.0;Equal;True;2024-05-27 07:51:21+00:00;False;42;42;8008;843579652c4f1b1842ef44ffbb496995f00b5b71;42;noreply@github.com;david.kyle@elastic.co
CohereServiceTests.java;MODIFY;1124;0.0;Equal;True;2024-05-28 15:59:19+00:00;False;42;42;8002;398c22c06c08686a7c1619ff7a353f73d036e9e9;42;noreply@github.com;137079448+maxhniebergall@users.noreply.github.com
CohereServiceTests.java;MODIFY;1123;-1.0;Decreased;True;2024-06-05 12:25:25+00:00;False;42;42;7986;fdb5058b13abbbc5ce3a5d7c0ab1a7878c72176c;102;noreply@github.com;56361221+jonathan-buttner@users.noreply.github.com
CohereServiceTests.java;MODIFY;1123;0.0;Equal;True;2024-06-07 15:12:00+00:00;False;42;42;7986;8114dc261223c1c96827c28dc1caa87b8a26d579;75;noreply@github.com;137079448+maxhniebergall@users.noreply.github.com
CohereServiceTests.java;MODIFY;1209;86.0;Grew;True;2024-06-17 13:53:39+00:00;False;43;43;8620;df9feae388de39b67e95c1ba648eb7cb7fd5eb8b;22;noreply@github.com;david.kyle@elastic.co
CohereServiceTests.java;MODIFY;1209;0.0;Equal;True;2024-06-21 08:50:08+00:00;False;42;42;8614;47ad8224caf4a5f0908907145b614872aeeb5c0f;8;noreply@github.com;tim.grein@elastic.co
CohereServiceTests.java;MODIFY;1206;-3.0;Decreased;True;2024-07-01 12:31:35+00:00;False;42;42;8565;6b38bfb6122738c20c0c093c5110c0acd502e8ae;2;noreply@github.com;david.kyle@elastic.co
CohereServiceTests.java;MODIFY;1189;-17.0;Decreased;True;2024-07-02 08:01:38+00:00;False;40;40;8429;cdc9914891960736ddd7f63cf42e8b9554f76b5f;9;noreply@github.com;tim.grein@elastic.co
CohereServiceTests.java;MODIFY;1191;2.0;Grew;True;2024-09-16 13:20:57+00:00;False;40;40;8433;2354e8f8a6178e53d61d91729cd5be26b73a8866;11;noreply@github.com;pat.whelan@elastic.co
CohereServiceTests.java;MODIFY;1197;6.0;Grew;True;2024-09-26 16:18:42+00:00;False;40;40;8445;1e2c19fb0be8f73caec9b7bb693b89d120020127;29;noreply@github.com;pat.whelan@elastic.co
CohereServiceTests.java;MODIFY;1192;-5.0;Decreased;True;2024-10-01 14:23:09+00:00;False;40;40;8390;071e7ce620baf3a3751855f29eaacc82463e3ca8;44;noreply@github.com;david.kyle@elastic.co
CohereServiceTests.java;MODIFY;1234;42.0;Grew;True;2024-10-07 19:07:59+00:00;False;43;43;8715;e065a3789be6939d8411811909f5e9370b418052;17;noreply@github.com;pat.whelan@elastic.co
CohereServiceTests.java;MODIFY;1487;253.0;Grew;True;2024-10-08 13:57:46+00:00;False;56;56;11007;b5d6fa0130dd987cea0c215751553478dc38f632;14;noreply@github.com;daniel.rubinstein@elastic.co
CohereServiceTests.java;MODIFY;1489;2.0;Grew;True;2024-10-10 23:02:12+00:00;False;56;56;11021;70d9f09161459be90581f40917e3419f65f1dddc;5;noreply@github.com;pat.whelan@elastic.co
CohereServiceTests.java;MODIFY;1487;-2.0;Decreased;True;2024-10-23 18:02:47+00:00;False;56;56;11007;e0acb56086a27c247867fa4b464973ebefef5230;9;noreply@github.com;pat.whelan@elastic.co
CohereServiceTests.java;MODIFY;1493;6.0;Grew;True;2024-10-28 18:54:03+00:00;False;57;57;11062;9992edc588814ff0d577b30303fac73546fa5118;9;noreply@github.com;pat.whelan@elastic.co
CohereServiceTests.java;MODIFY;1658;165.0;Grew;True;2024-10-30 17:29:58+00:00;False;59;58;11610;4ecdfbb214b1a8ecb8e17e9c4ab9819f97fd638d;90;noreply@github.com;ying.mao@elastic.co
CohereServiceTests.java;MODIFY;1570;-88.0;Decreased;True;2024-11-05 17:55:55+00:00;False;55;54;10895;6c3a509bb798a28ea73e78b10712c722c08ad0ec;29;noreply@github.com;daniel.rubinstein@elastic.co
CohereServiceTests.java;MODIFY;1606;36.0;Grew;True;2024-11-25 15:27:31+00:00;False;60;58;11171;9981a1d905590bb300a0f3c547d8c9cd1e251ddd;17;noreply@github.com;daniel.rubinstein@elastic.co
CohereServiceTests.java;MODIFY;1603;-3.0;Decreased;True;2024-11-27 10:17:34+00:00;False;60;58;11146;d7737e73065dd30da18c409616d242ee7f30ff3e;39;noreply@github.com;ashm.tech@proton.me
CohereServiceTests.java;MODIFY;1603;0.0;Equal;True;2024-12-16 10:42:02+00:00;False;60;58;11146;c4e964e1c1472898ad8cec2f27c987c939ea1e8c;56;noreply@github.com;david.kyle@elastic.co
