file_name;change_type;n_loc;lines_balance;size_change;is_large;date;swapped_classification;complexity;methods;tokens;hash;files_on_commit;committer_email;author_email
CompositeAggregatorTests.java;RENAME;1164;0.0;Equal;True;2018-01-11 18:30:43+00:00;True;not calculated;0;not calculated;99f88f15c5febbca2d13b5b5fda27b844153bf1a;4641;noreply@github.com;tim@uncontended.net
CompositeAggregatorTests.java;MODIFY;1164;0.0;Equal;True;2018-01-15 17:30:38+00:00;False;41;26;13442;bd11e6c44193260d1219c6537e19ee4f236f8e1e;3;noreply@github.com;jim.ferenczi@elastic.co
CompositeAggregatorTests.java;MODIFY;1245;81.0;Grew;True;2018-01-23 14:14:49+00:00;False;43;28;14229;19cfc258734e633889c130e7b13961c827af6249;15;noreply@github.com;jim.ferenczi@elastic.co
CompositeAggregatorTests.java;MODIFY;1282;37.0;Grew;True;2018-01-25 08:15:27+00:00;False;43;28;14778;c26d4ac6c136c32b2f447a974da37a618927561b;9;noreply@github.com;jim.ferenczi@elastic.co
CompositeAggregatorTests.java;MODIFY;1427;145.0;Grew;True;2018-03-26 07:51:37+00:00;False;55;33;16680;5288235ca3d8ad8437952aa77fd5b89075f21018;26;noreply@github.com;jim.ferenczi@elastic.co
CompositeAggregatorTests.java;MODIFY;1519;92.0;Grew;True;2018-04-09 08:49:29+00:00;False;58;35;17725;d755fcfd4bc8ffc1c23210443e14fe1e8ff36f7b;14;noreply@github.com;jim.ferenczi@elastic.co
CompositeAggregatorTests.java;MODIFY;1674;155.0;Grew;True;2018-05-30 07:48:40+00:00;False;61;38;19468;e33d107f840602344774d1b71774d04f834c74e0;25;noreply@github.com;jim.ferenczi@elastic.co
CompositeAggregatorTests.java;MODIFY;1662;-12.0;Decreased;True;2018-05-30 10:55:31+00:00;False;60;37;19363;f582418ada24f34edd21c4c98b31b7b55df41f6b;18;jimczi@apache.org;jimczi@apache.org
CompositeAggregatorTests.java;MODIFY;1662;0.0;Equal;True;2018-07-02 13:14:44+00:00;False;60;37;19362;31aabe4bf9ea73cbb1c21322d9e9aa2a578b41a0;22;noreply@github.com;cbuescher@posteo.de
CompositeAggregatorTests.java;MODIFY;1661;-1.0;Decreased;True;2018-07-23 09:31:04+00:00;False;60;37;19357;ff87b7aba42926dea95f65933a7625636d718c87;87;noreply@github.com;cbuescher@posteo.de
CompositeAggregatorTests.java;MODIFY;1661;0.0;Equal;True;2018-09-07 08:58:06+00:00;False;60;37;19349;79cd6385fe68e92645ec10c5b05ec75c0277cd4a;277;noreply@github.com;jim.ferenczi@elastic.co
CompositeAggregatorTests.java;MODIFY;1721;60.0;Grew;True;2018-11-08 08:30:52+00:00;False;60;37;19878;891fdda68ee6b2c7437457d386c1c2626cc3ffe8;2;noreply@github.com;jim.ferenczi@elastic.co
CompositeAggregatorTests.java;MODIFY;1721;0.0;Equal;True;2018-12-05 18:49:06+00:00;False;60;37;19888;18866c4c0b1ad640f8554dc4b41765a04dcefa04;491;noreply@github.com;jim.ferenczi@elastic.co
CompositeAggregatorTests.java;MODIFY;1721;0.0;Equal;True;2018-12-08 01:23:41+00:00;False;60;37;19884;a27f2efca555da798de961722c7b7ad61c3d0288;42;noreply@github.com;ryan@iernst.net
CompositeAggregatorTests.java;MODIFY;1721;0.0;Equal;True;2019-01-23 09:40:05+00:00;False;60;37;19882;daa2ec8a605d385a65b9ab3e89d016b3fd0dffe2;157;noreply@github.com;alexander@reelsen.net
CompositeAggregatorTests.java;MODIFY;1721;0.0;Equal;True;2019-01-31 07:55:40+00:00;False;60;37;19882;b94acb608b58e7918c2ec1296db83dbc17391fe3;22;noreply@github.com;alexander@reelsen.net
CompositeAggregatorTests.java;MODIFY;1749;28.0;Grew;True;2019-04-24 17:22:06+00:00;False;63;40;20164;5ccc0b5a32fcb01023cf09948e64340d637fa592;5;noreply@github.com;polyfractal@elastic.co
CompositeAggregatorTests.java;MODIFY;1755;6.0;Grew;True;2019-05-06 21:17:11+00:00;False;63;40;20194;290c8b8256fc4da512e7bbe1c727005c21d55a67;108;noreply@github.com;polyfractal@elastic.co
CompositeAggregatorTests.java;MODIFY;1807;52.0;Grew;True;2019-09-05 15:36:34+00:00;False;65;41;20805;9d3467ae307b71b12608e29d8c557f2317d27c2d;16;noreply@github.com;ben.w.trent@gmail.com
CompositeAggregatorTests.java;MODIFY;1939;132.0;Grew;True;2019-12-17 13:02:06+00:00;False;86;44;22115;804a5042e7f6e6f3060685cfe801119b3538cf18;18;noreply@github.com;jim.ferenczi@elastic.co
CompositeAggregatorTests.java;MODIFY;1963;24.0;Grew;True;2020-01-07 19:49:09+00:00;False;86;44;22380;326d696d9ade969717cb08050c7a98d428560f82;12;noreply@github.com;nik9000@gmail.com
CompositeAggregatorTests.java;MODIFY;1962;-1.0;Decreased;True;2020-01-27 16:10:53+00:00;False;85;43;22373;d060d73a7db37300b14705148a78e0dc3b06d7f0;4;noreply@github.com;nik9000@gmail.com
CompositeAggregatorTests.java;MODIFY;1975;13.0;Grew;True;2020-03-10 13:23:44+00:00;False;91;44;22507;57853de283cafaecc3e63df60498925738eab4a0;3;noreply@github.com;nik9000@gmail.com
CompositeAggregatorTests.java;MODIFY;1975;0.0;Equal;True;2020-03-26 19:01:07+00:00;False;91;44;22513;a90c1de8745681356a6516f4f22a8c40f71f6b12;248;noreply@github.com;mark.tozzi@elastic.co
CompositeAggregatorTests.java;MODIFY;2032;57.0;Grew;True;2020-06-09 18:29:46+00:00;False;91;45;23106;e3fcda4dbfa91e8eb8c660d6b3ed0ce0b6542447;3;noreply@github.com;jim.ferenczi@elastic.co
CompositeAggregatorTests.java;MODIFY;2018;-14.0;Decreased;True;2020-06-15 16:47:15+00:00;False;91;45;22976;3b696828ada5953bb1669b972a353736383edf08;260;noreply@github.com;romseygeek@gmail.com
CompositeAggregatorTests.java;MODIFY;2012;-6.0;Decreased;True;2020-07-16 09:15:56+00:00;False;91;45;22919;bf12ac1333315c43b2d18267ec779aca24fd3dc6;17;noreply@github.com;romseygeek@gmail.com
CompositeAggregatorTests.java;MODIFY;2005;-7.0;Decreased;True;2020-08-06 12:08:26+00:00;False;89;45;22858;5de0ed9432f4b41b697c9f3bc28953834cd3eae1;39;noreply@github.com;jim.ferenczi@elastic.co
CompositeAggregatorTests.java;MODIFY;2219;214.0;Grew;True;2020-08-06 16:34:14+00:00;False;92;48;24679;65caee9163a0b57b3d74ac9d8bd4157be14b3339;16;noreply@github.com;mark.tozzi@elastic.co
CompositeAggregatorTests.java;MODIFY;2232;13.0;Grew;True;2020-10-20 09:39:25+00:00;False;94;48;24814;267d345060f221852ba49ee007ca92c519c751c3;2;noreply@github.com;jim.ferenczi@elastic.co
CompositeAggregatorTests.java;MODIFY;2234;2.0;Grew;True;2020-11-30 20:45:14+00:00;False;95;48;24834;8c8ce909687e141c2ed23887f3af7191e2d5cfef;1;nik9000@gmail.com;nik9000@gmail.com
CompositeAggregatorTests.java;MODIFY;2234;0.0;Equal;True;2021-02-03 00:10:53+00:00;False;95;48;24834;a92a647b9f17d1bddf5c707490a19482c273eda3;14916;portugee@gmail.com;portugee@gmail.com
CompositeAggregatorTests.java;MODIFY;2323;89.0;Grew;True;2021-03-22 19:14:29+00:00;False;96;49;25693;e7e7c42c73b1fb209dd6d9d2c8ee2e043065798b;2;noreply@github.com;igor@motovs.org
CompositeAggregatorTests.java;MODIFY;2337;14.0;Grew;True;2021-03-25 23:18:17+00:00;False;96;49;25804;5f471f4527c61254ca45515241dea4b23839ad54;4;noreply@github.com;igor@motovs.org
CompositeAggregatorTests.java;MODIFY;2506;169.0;Grew;True;2021-04-12 14:52:01+00:00;False;106;56;27575;3c198e2606395cff3a9d1017686d3212a7dc1d11;5;noreply@github.com;mark.tozzi@elastic.co
CompositeAggregatorTests.java;MODIFY;2507;1.0;Grew;True;2021-04-22 18:32:26+00:00;False;107;56;27597;39fee5e90886c706ca9abef075dff9542b23f981;5;noreply@github.com;nik9000@gmail.com
CompositeAggregatorTests.java;MODIFY;2503;-4.0;Decreased;True;2021-07-20 17:08:45+00:00;False;107;56;27577;7af39dbc351c69aba3f61f8c34fb7dad3abcd08f;33;noreply@github.com;mark.tozzi@elastic.co
CompositeAggregatorTests.java;MODIFY;2486;-17.0;Decreased;True;2021-08-30 17:42:20+00:00;False;107;56;27577;d71544976608bdb53fa4d29521fb328e1033ee2f;852;noreply@github.com;mark.tozzi@elastic.co
CompositeAggregatorTests.java;MODIFY;2800;314.0;Grew;True;2021-09-13 12:22:38+00:00;False;114;61;29887;c62d8e26c9b68f039a37d26c916a38970ad99ecd;20;noreply@github.com;lukas.wegmann@elastic.co
CompositeAggregatorTests.java;MODIFY;2809;9.0;Grew;True;2021-09-13 17:32:00+00:00;False;114;61;29950;ee42d291f5339d85a69092bf5a184f911208eda4;1;nik9000@gmail.com;nik9000@gmail.com
CompositeAggregatorTests.java;MODIFY;2800;-9.0;Decreased;True;2021-09-15 13:31:42+00:00;False;114;61;29887;7ae4f35b68e45ff92aee2d448e5af413b63f16e7;5;noreply@github.com;lukas.wegmann@elastic.co
CompositeAggregatorTests.java;MODIFY;2800;0.0;Equal;True;2021-09-21 09:48:26+00:00;False;114;61;29887;524d1ea757938cc4a05eb596dc0e93f888933d50;283;noreply@github.com;romseygeek@gmail.com
CompositeAggregatorTests.java;MODIFY;2807;7.0;Grew;True;2021-10-06 16:19:03+00:00;False;115;61;29925;f2580daad6fa425fe8c5e432b45965607eb185eb;2;noreply@github.com;jim.ferenczi@elastic.co
CompositeAggregatorTests.java;MODIFY;2804;-3.0;Decreased;True;2021-10-12 11:45:17+00:00;False;114;61;29911;68bc320dda402171b6f000d11dc5c65125b8933d;1;noreply@github.com;jim.ferenczi@elastic.co
CompositeAggregatorTests.java;MODIFY;2803;-1.0;Decreased;True;2022-01-06 07:15:42+00:00;False;114;61;29904;beb248fbbbe7be4fab369de239a6434a834bb53a;116;noreply@github.com;ievgen.degtiarenko@elastic.co
CompositeAggregatorTests.java;MODIFY;2796;-7.0;Decreased;True;2022-01-10 08:53:35+00:00;False;111;61;29899;0699c9351f1439e246d408fd6538deafde4087b6;720;noreply@github.com;artem.prigoda@elastic.co
CompositeAggregatorTests.java;MODIFY;2902;106.0;Grew;True;2022-01-19 15:57:33+00:00;False;116;64;31223;8ae978126bccdd91dbc31be81cab6cb663fd0c73;12;noreply@github.com;1561376+csoulios@users.noreply.github.com
CompositeAggregatorTests.java;MODIFY;2902;0.0;Equal;True;2022-02-22 08:53:20+00:00;False;116;64;31229;26c3dd6857d047054b2108f85bc2b040a9c81fe4;454;noreply@github.com;mayya.sharipova@elastic.co
CompositeAggregatorTests.java;MODIFY;2902;0.0;Equal;True;2022-02-28 21:17:39+00:00;False;116;64;31229;8cbcaced73164a817686cf58a6e73bac4b6afdc2;50;noreply@github.com;nik9000@gmail.com
CompositeAggregatorTests.java;MODIFY;2903;1.0;Grew;True;2022-03-10 15:05:27+00:00;False;116;64;31240;37ea6a8255623d41be7df11440610ffa958ce50e;95;noreply@github.com;nik9000@gmail.com
CompositeAggregatorTests.java;MODIFY;3113;210.0;Grew;True;2022-03-18 19:41:51+00:00;False;131;69;33402;c0db855bbb645d5d0a5c4a0300e3cd07b8f41cb1;3;noreply@github.com;ben.w.trent@gmail.com
CompositeAggregatorTests.java;MODIFY;3186;73.0;Grew;True;2022-05-03 17:23:29+00:00;False;132;70;34041;6e0a0f93a8b16b7be0ea42dd9b8e9a8fec1e80c3;3;noreply@github.com;mark.tozzi@elastic.co
CompositeAggregatorTests.java;MODIFY;3188;2.0;Grew;True;2022-06-28 15:27:05+00:00;False;132;70;34061;9d6908f87c513b286338b665a44b5acd88621c4d;13;noreply@github.com;nik9000@gmail.com
CompositeAggregatorTests.java;MODIFY;3178;-10.0;Decreased;True;2022-07-08 11:48:31+00:00;False;132;70;34061;d3b1a61f361cbe15d96fa873979a1f219210464b;41;noreply@github.com;javanna@users.noreply.github.com
CompositeAggregatorTests.java;MODIFY;3178;0.0;Equal;True;2022-07-09 05:45:08+00:00;False;132;70;34061;53f09f2f54b372de9c715356f0a2bbcdd90a38ef;122;noreply@github.com;58790826+elasticsearchmachine@users.noreply.github.com
CompositeAggregatorTests.java;MODIFY;3220;42.0;Grew;True;2022-07-20 13:46:27+00:00;False;134;72;34590;6bcb50d7fb9bc4f013b5ef91e67265734d780f2e;4;noreply@github.com;yannick@welsch.lu
CompositeAggregatorTests.java;MODIFY;3221;1.0;Grew;True;2022-09-20 18:58:24+00:00;False;134;72;34586;15932d5168030da53a3530c08dc2f86b9ea3fe4a;54;noreply@github.com;mark.tozzi@gmail.com
CompositeAggregatorTests.java;MODIFY;3222;1.0;Grew;True;2022-09-30 19:21:09+00:00;False;134;72;34589;df27efcae4af4fc20669d56ede1ff49ff1936571;33;noreply@github.com;mark.tozzi@gmail.com
CompositeAggregatorTests.java;MODIFY;3228;6.0;Grew;True;2022-10-06 17:33:57+00:00;False;134;72;34586;4a26dda50c947a15d4e4a234a390f4e140573b95;89;noreply@github.com;mark.tozzi@gmail.com
CompositeAggregatorTests.java;MODIFY;3236;8.0;Grew;True;2022-11-17 16:36:12+00:00;False;134;72;34601;2e12d20b39aca69f2c0db5453c193ea86fd998d3;19;noreply@github.com;mark.tozzi@gmail.com
CompositeAggregatorTests.java;MODIFY;3525;289.0;Grew;True;2022-12-21 16:25:00+00:00;False;146;78;37067;f7e0d477f65440a00f8fc7b4edd5349db6cca2f5;16;noreply@github.com;dimitris@elastic.co
CompositeAggregatorTests.java;MODIFY;3524;-1.0;Decreased;True;2023-03-23 14:37:51+00:00;False;146;78;37056;0c10cef668533d6b684a9b4b6779ad59e8d5c894;31;noreply@github.com;jpountz@gmail.com
CompositeAggregatorTests.java;MODIFY;3546;22.0;Grew;True;2023-04-04 09:03:32+00:00;False;146;78;37056;fe1083f6c5f29e1fc28b82c1b71be9b7c1ec7a73;349;noreply@github.com;pugnascotia@users.noreply.github.com
CompositeAggregatorTests.java;MODIFY;3546;0.0;Equal;True;2023-05-04 09:12:26+00:00;False;146;78;37052;9bbea4789973e0faf59e605f0158d15a951f0c29;27;noreply@github.com;ivera@apache.org
CompositeAggregatorTests.java;MODIFY;3546;0.0;Equal;True;2023-05-08 05:25:10+00:00;False;146;78;37052;c05181528a809793a4ad6e29b4f6920f5de249e7;39;noreply@github.com;ivera@apache.org
CompositeAggregatorTests.java;MODIFY;3545;-1.0;Decreased;True;2023-05-09 16:16:17+00:00;False;146;78;37040;1f9fb7f0e0de2da26d9900af2e9ea773ae5ff7cb;4;noreply@github.com;ivera@apache.org
CompositeAggregatorTests.java;MODIFY;3542;-3.0;Decreased;True;2023-08-28 08:29:21+00:00;False;146;78;37013;424a4c6d71cbdd55b48e09bde2c21ebdb9086bef;62;noreply@github.com;ivera@apache.org
CompositeAggregatorTests.java;MODIFY;3548;6.0;Grew;True;2023-12-11 10:53:42+00:00;False;146;78;37044;7174c19abfb993a85dddf9551840be339d7e68af;4;noreply@github.com;131142368+kkrik-es@users.noreply.github.com
CompositeAggregatorTests.java;MODIFY;3548;0.0;Equal;True;2024-09-13 22:29:46+00:00;False;146;78;37044;a59c182f9f7e9d1bf3d6eecbc0e44f24ff91d053;10208;portugee@gmail.com;portugee@gmail.com
CompositeAggregatorTests.java;MODIFY;3548;0.0;Equal;True;2024-10-21 11:38:23+00:00;False;146;78;37054;8efd08b019b9160f5e703520c6ce3b6a9f92cfbd;662;noreply@github.com;javanna@apache.org
