file_name;change_type;n_loc;lines_balance;size_change;is_large;date;swapped_classification;complexity;methods;tokens;hash;files_on_commit;committer_email;author_email
DynamicTemplatesTests.java;RENAME;not calculated;0.0;Equal;False;2018-01-11 18:30:43+00:00;False;not calculated;0;not calculated;99f88f15c5febbca2d13b5b5fda27b844153bf1a;4641;noreply@github.com;tim@uncontended.net
DynamicTemplatesTests.java;MODIFY;136.0;0.0;Equal;False;2018-03-14 19:47:57+00:00;False;3;3;1804;8e8fdc4f0efc6ddac866009baa22552668d94a12;301;noreply@github.com;dakrone@users.noreply.github.com
DynamicTemplatesTests.java;MODIFY;136.0;0.0;Equal;False;2018-06-08 16:24:09+00:00;False;3;3;1804;8f607071b6e34990d4e42f235d014d02cd680e8b;10;noreply@github.com;julie.tibshirani@elastic.co
DynamicTemplatesTests.java;MODIFY;135.0;-1.0;Decreased;False;2018-07-18 16:33:09+00:00;False;3;3;1778;15ff3da653c5dd9eae7f7a654a9ee6a931d478b7;126;noreply@github.com;julie.tibshirani@elastic.co
DynamicTemplatesTests.java;MODIFY;135.0;0.0;Equal;False;2018-12-24 19:06:50+00:00;False;3;3;1775;7580d9d925d864b25466d693637b3bd3092d44cf;66;noreply@github.com;nhat.nguyen@elastic.co
DynamicTemplatesTests.java;MODIFY;135.0;0.0;Equal;False;2019-01-23 09:40:05+00:00;False;3;3;1775;daa2ec8a605d385a65b9ab3e89d016b3fd0dffe2;157;noreply@github.com;alexander@reelsen.net
DynamicTemplatesTests.java;MODIFY;135.0;0.0;Equal;False;2019-10-15 08:05:29+00:00;False;3;3;1769;6531369f11d159896957b75a7eae0b7da214d01a;100;noreply@github.com;romseygeek@apache.org
DynamicTemplatesTests.java;MODIFY;135.0;0.0;Equal;False;2019-10-30 09:50:23+00:00;False;3;3;1764;dbd33f776436c3267a4f0886fbfe168f7f856edd;24;noreply@github.com;romseygeek@apache.org
DynamicTemplatesTests.java;MODIFY;135.0;0.0;Equal;False;2019-11-14 13:20:39+00:00;False;3;3;1734;c1c7fa5d9c8f8423c848e196682273828bf50b3e;70;noreply@github.com;romseygeek@apache.org
DynamicTemplatesTests.java;MODIFY;135.0;0.0;Equal;False;2020-02-07 18:16:53+00:00;False;3;3;1734;e0b3ea041671e7600e8a1b76491f91041940a386;83;noreply@github.com;julie.tibshirani@elastic.co
DynamicTemplatesTests.java;MODIFY;135.0;0.0;Equal;False;2020-06-15 16:47:15+00:00;False;3;3;1726;3b696828ada5953bb1669b972a353736383edf08;260;noreply@github.com;romseygeek@gmail.com
DynamicTemplatesTests.java;MODIFY;124.0;-11.0;Decreased;False;2020-09-14 14:32:35+00:00;False;3;3;1415;8447b7a0e6cc47ff065846279ebe6ee4228e2da0;7;noreply@github.com;romseygeek@gmail.com
DynamicTemplatesTests.java;MODIFY;176.0;52.0;Grew;False;2020-12-10 10:33:12+00:00;False;6;5;1735;616098e4417c220e5c3fb44d8cf71c76a49d2361;10;noreply@github.com;javanna@users.noreply.github.com
DynamicTemplatesTests.java;MODIFY;176.0;0.0;Equal;False;2021-02-03 00:10:53+00:00;False;6;5;1735;a92a647b9f17d1bddf5c707490a19482c273eda3;14916;portugee@gmail.com;portugee@gmail.com
DynamicTemplatesTests.java;MODIFY;124.0;-52.0;Decreased;False;2021-02-22 11:19:07+00:00;False;3;3;1415;1e610596eb5277b07c0cdb8997eb00c8bd177a92;161;noreply@github.com;javanna@users.noreply.github.com
DynamicTemplatesTests.java;MODIFY;196.0;72.0;Grew;False;2021-06-17 11:11:44+00:00;False;5;5;1860;86500ae6681ddb3b306631fee04f24fee9cad43a;6;noreply@github.com;romseygeek@gmail.com
DynamicTemplatesTests.java;MODIFY;594.0;398.0;Grew;False;2021-06-18 13:26:03+00:00;False;20;17;4697;2446e90f4461c4e37fca428f380a3ffd379c8d00;2;noreply@github.com;javanna@users.noreply.github.com
DynamicTemplatesTests.java;MODIFY;870.0;276.0;Grew;False;2021-06-18 17:45:41+00:00;False;27;24;6504;e6627ead4af36d8bd3f3e46e8401e021ec551e6a;3;noreply@github.com;javanna@users.noreply.github.com
DynamicTemplatesTests.java;MODIFY;869.0;-1.0;Decreased;False;2021-06-24 08:56:30+00:00;False;27;24;6491;7cedc3ec3a109f02f54b9e12a7ca8a3470b67e80;47;noreply@github.com;javanna@users.noreply.github.com
DynamicTemplatesTests.java;MODIFY;869.0;0.0;Equal;False;2021-10-08 16:14:26+00:00;False;27;24;6485;20c9f756d28d116f0667e19a1b531aa80c55bde7;4956;noreply@github.com;62058229+ChrisHegarty@users.noreply.github.com
DynamicTemplatesTests.java;MODIFY;918.0;49.0;Grew;False;2021-10-27 15:19:51+00:00;False;27;24;6485;12ad399c488f0cc60e19b5e1b29c6d569cb4351a;10457;portugee@gmail.com;portugee@gmail.com
DynamicTemplatesTests.java;MODIFY;917.0;-1.0;Decreased;False;2021-11-09 11:44:08+00:00;False;27;24;6483;01a144a60bc2294ec9b7cd6b25e6a879ce50037b;63;noreply@github.com;me@obrown.io
DynamicTemplatesTests.java;MODIFY;990.0;73.0;Grew;False;2021-12-15 17:01:28+00:00;False;27;24;6736;763d6d510f0792a9e3743a413605127316859dde;730;noreply@github.com;artem.prigoda@elastic.co
DynamicTemplatesTests.java;MODIFY;992.0;2.0;Grew;False;2022-01-13 15:23:01+00:00;False;27;24;6764;e421477ac8d699fa37b04e74bd374f8585e02b0e;50;noreply@github.com;yannick@welsch.lu
DynamicTemplatesTests.java;MODIFY;1084.0;92.0;Grew;True;2022-05-17 14:34:39+00:00;True;32;29;7426;d45b19db18161c27b0867a67db1342a163fb52d5;20;noreply@github.com;javanna@users.noreply.github.com
DynamicTemplatesTests.java;MODIFY;1177.0;93.0;Grew;True;2022-05-30 18:59:17+00:00;False;34;31;7992;b8b833bc287dc847ea9d64a786f501849b3ee3ce;3;noreply@github.com;javanna@users.noreply.github.com
DynamicTemplatesTests.java;MODIFY;1217.0;40.0;Grew;True;2022-06-03 07:20:37+00:00;False;35;32;8192;b7df9e98d258df6f13bab54ceb9ccacfac9816d2;3;noreply@github.com;javanna@users.noreply.github.com
DynamicTemplatesTests.java;MODIFY;1280.0;63.0;Grew;True;2022-06-15 13:03:23+00:00;False;37;34;8515;65009b4e3afc383ae7d7d2fa878e964960af3d90;5;noreply@github.com;javanna@users.noreply.github.com
DynamicTemplatesTests.java;MODIFY;1632.0;352.0;Grew;True;2022-06-17 12:19:47+00:00;False;44;41;10575;28085cf83ad2e763fcd6b609830fdb4583d9bbb9;5;noreply@github.com;javanna@users.noreply.github.com
DynamicTemplatesTests.java;MODIFY;1632.0;0.0;Equal;True;2023-03-29 10:08:36+00:00;False;44;41;10575;56d53da38185ff441091afe3ab2eb2f5bf9cde95;62;noreply@github.com;simon.cooper@elastic.co
DynamicTemplatesTests.java;MODIFY;1629.0;-3.0;Decreased;True;2023-03-31 11:14:19+00:00;False;44;41;10571;093e36c875cf847364d7ff3b2fd768037cc68598;77;noreply@github.com;romseygeek@apache.org
DynamicTemplatesTests.java;MODIFY;2067.0;438.0;Grew;True;2023-04-27 16:58:49+00:00;False;53;50;13443;5169011325c26f6c7366e4ea682dfaa62d09fbac;7;noreply@github.com;michael.peterson@elastic.co
DynamicTemplatesTests.java;MODIFY;2278.0;211.0;Grew;True;2023-05-04 13:58:58+00:00;False;63;55;14753;e3bd7d2f6ff6c924d68517fdeefae3129d0c6a1b;2;noreply@github.com;michael.peterson@elastic.co
DynamicTemplatesTests.java;MODIFY;2279.0;1.0;Grew;True;2023-06-14 08:43:31+00:00;False;63;55;14765;71c12262fbf6ff0d5e99c0b4ea006ce2d32f417f;161;noreply@github.com;simon.cooper@elastic.co
DynamicTemplatesTests.java;MODIFY;2279.0;0.0;Equal;True;2023-06-27 13:47:32+00:00;False;63;55;14767;a873e26cf7b362be7730dc70fa7f78ec6da37652;116;noreply@github.com;simon.cooper@elastic.co
DynamicTemplatesTests.java;MODIFY;2281.0;2.0;Grew;True;2023-07-10 10:40:32+00:00;False;63;55;14758;532e346e4a98beb313037e71522f00b4d0f49a62;24;noreply@github.com;simon.cooper@elastic.co
DynamicTemplatesTests.java;MODIFY;2281.0;0.0;Equal;True;2023-08-01 11:55:18+00:00;False;63;55;14760;999489ce04958b7a5d7785da86d713630bfd428e;42;noreply@github.com;przemyslaw.gomulka@elastic.co
DynamicTemplatesTests.java;MODIFY;2280.0;-1.0;Decreased;True;2023-09-13 11:25:13+00:00;False;63;55;14752;af895549cdce9c7021b545c4904cc455bb257a93;21;noreply@github.com;41850454+eyalkoren@users.noreply.github.com
DynamicTemplatesTests.java;MODIFY;2281.0;1.0;Grew;True;2023-10-20 00:44:51+00:00;False;63;55;14761;8a1db8c6c3ffa8028b98c9c1393aee9d9ea4d6f5;177;noreply@github.com;ryan@iernst.net
DynamicTemplatesTests.java;MODIFY;2281.0;0.0;Equal;True;2024-02-05 07:31:13+00:00;False;63;55;14761;e85bb5afc30b3eb16253591e59b2d724496d67d3;8;noreply@github.com;131142368+kkrik-es@users.noreply.github.com
DynamicTemplatesTests.java;MODIFY;2330.0;49.0;Grew;True;2024-02-09 15:42:26+00:00;False;65;57;15109;5f909782963f82e4374ed11009f78eab83f9171f;6;noreply@github.com;axw@elastic.co
DynamicTemplatesTests.java;MODIFY;2340.0;10.0;Grew;True;2024-02-12 16:16:24+00:00;False;65;57;15122;11f3c290892a039f7037a5a1a206c4142943653c;46;noreply@github.com;przemyslaw.gomulka@elastic.co
DynamicTemplatesTests.java;MODIFY;2384.0;44.0;Grew;True;2024-02-20 06:57:44+00:00;False;66;58;15300;61264682f5c05bb97559c60d34ee45ff044637be;4;noreply@github.com;felixbarny@users.noreply.github.com
DynamicTemplatesTests.java;MODIFY;2384.0;0.0;Equal;True;2024-02-22 10:43:12+00:00;False;66;58;15300;dee0be589ca16c5764761a7d3709c653295c093c;19;noreply@github.com;felixbarny@users.noreply.github.com
DynamicTemplatesTests.java;MODIFY;2384.0;0.0;Equal;True;2024-04-18 13:53:12+00:00;False;66;58;15292;b18af0706e7e374342bf1392dc01b1184543282a;4;noreply@github.com;jim.ferenczi@elastic.co
DynamicTemplatesTests.java;MODIFY;2384.0;0.0;Equal;True;2024-08-02 07:26:37+00:00;False;66;58;15292;6ca3ac253a8d8171f228d9dbfd6c5c924239c226;27;noreply@github.com;mmack@apache.org
DynamicTemplatesTests.java;MODIFY;2666.0;282.0;Grew;True;2024-08-22 12:13:52+00:00;False;76;68;16912;1362d56865db488fb9e084ff3b3fe88c6f597b86;22;noreply@github.com;131142368+kkrik-es@users.noreply.github.com
DynamicTemplatesTests.java;MODIFY;2602.0;-64.0;Decreased;True;2024-09-11 16:40:11+00:00;False;75;67;16556;4ce661cc48a2d2ea75092dc21dc507456b2acb42;205;noreply@github.com;portugee@gmail.com
DynamicTemplatesTests.java;MODIFY;2602.0;0.0;Equal;True;2024-09-13 22:29:46+00:00;False;75;67;16556;a59c182f9f7e9d1bf3d6eecbc0e44f24ff91d053;10208;portugee@gmail.com;portugee@gmail.com
DynamicTemplatesTests.java;MODIFY;2651.0;49.0;Grew;True;2024-09-26 08:42:40+00:00;False;76;68;16779;fffe8844e926d16c109afc0cea71aee6c65f2774;20;noreply@github.com;131142368+kkrik-es@users.noreply.github.com
DynamicTemplatesTests.java;MODIFY;2602.0;-49.0;Decreased;True;2024-09-30 07:11:15+00:00;False;75;67;16556;c9f378da2914a2d0a2c5c1c3ead759a0395b84c5;18;noreply@github.com;131142368+kkrik-es@users.noreply.github.com
DynamicTemplatesTests.java;MODIFY;2610.0;8.0;Grew;True;2024-10-12 16:55:27+00:00;False;75;67;16660;e833e7b6c4e81284ef4e5bcb29cea9d9dad6b963;11;noreply@github.com;martijn.v.groningen@gmail.com
