file_name;change_type;n_loc;lines_balance;size_change;is_large;date;swapped_classification;complexity;methods;tokens;hash;files_on_commit;committer_email;author_email
ElasticsearchInternalService.java;RENAME;368;0.0;Equal;False;2024-02-25 11:06:21+00:00;False;48;21;2444;3587bc828e90116661b2c9d9491fb04f88332684;12;noreply@github.com;david.kyle@elastic.co
ElasticsearchInternalService.java;MODIFY;372;4.0;Grew;False;2024-03-22 11:32:56+00:00;False;49;21;2501;d0c7da6bb7f9ff3373c71d8b9b89ac4d877f1660;7;noreply@github.com;jim.ferenczi@elastic.co
ElasticsearchInternalService.java;MODIFY;372;0.0;Equal;False;2024-03-25 18:25:24+00:00;False;49;21;2503;092f95e06e7b6ad123dc45f3ae31e7a46703a010;4;noreply@github.com;david.kyle@elastic.co
ElasticsearchInternalService.java;MODIFY;372;0.0;Equal;False;2024-03-27 14:23:18+00:00;False;49;21;2503;8f28a7a47a17c503f0d8afdc8d74fc0160731da2;25;noreply@github.com;56361221+jonathan-buttner@users.noreply.github.com
ElasticsearchInternalService.java;MODIFY;371;-1.0;Decreased;False;2024-03-27 17:07:23+00:00;False;50;22;2523;2fcd3c20e975eb59fef3a8836faa96f7e6fee5fe;17;noreply@github.com;56361221+jonathan-buttner@users.noreply.github.com
ElasticsearchInternalService.java;MODIFY;384;13.0;Grew;False;2024-04-03 18:48:22+00:00;False;51;23;2597;f49ead7446e722c5cf6d6268e3a043dd1f818fce;77;noreply@github.com;137079448+maxhniebergall@users.noreply.github.com
ElasticsearchInternalService.java;MODIFY;387;3.0;Grew;False;2024-04-10 16:29:40+00:00;False;51;23;2598;c9e84558b7f269f0fbaf10c2be2a2d262b6ed3fb;46;noreply@github.com;56361221+jonathan-buttner@users.noreply.github.com
ElasticsearchInternalService.java;MODIFY;389;2.0;Grew;False;2024-05-03 09:49:53+00:00;False;51;23;2610;a8166ddb6bf42c38b45a059d487aebe6b3275aa0;3;noreply@github.com;david.kyle@elastic.co
ElasticsearchInternalService.java;MODIFY;466;77.0;Grew;False;2024-05-13 11:15:36+00:00;False;59;25;3217;8831aaf89a3721ae6bf17662d6e0d916ca3fe05b;18;noreply@github.com;david.kyle@elastic.co
ElasticsearchInternalService.java;MODIFY;495;29.0;Grew;False;2024-06-05 15:16:53+00:00;False;61;26;3336;cccac69344d2d0df2bfda2d67692ec7ba93a87b8;9;noreply@github.com;david.kyle@elastic.co
ElasticsearchInternalService.java;MODIFY;496;1.0;Grew;False;2024-06-07 15:12:00+00:00;False;61;26;3343;8114dc261223c1c96827c28dc1caa87b8a26d579;75;noreply@github.com;137079448+maxhniebergall@users.noreply.github.com
ElasticsearchInternalService.java;MODIFY;495;-1.0;Decreased;False;2024-06-11 09:40:47+00:00;False;61;26;3344;5f3f7db7b622c7e706cb9c5032f66515479bd547;8;noreply@github.com;david.kyle@elastic.co
ElasticsearchInternalService.java;MODIFY;489;-6.0;Decreased;False;2024-06-11 20:46:35+00:00;False;61;26;3340;98b0842d02363b52a487783c6d4eb75c6d0f1dc0;2;noreply@github.com;56361221+jonathan-buttner@users.noreply.github.com
ElasticsearchInternalService.java;MODIFY;543;54.0;Grew;False;2024-06-21 13:55:12+00:00;False;68;29;3626;47bc0ba22ca549ddd075c0a5baead893248da467;15;noreply@github.com;56361221+jonathan-buttner@users.noreply.github.com
ElasticsearchInternalService.java;MODIFY;544;1.0;Grew;False;2024-07-09 09:51:44+00:00;False;68;29;3640;4cfe6cc2cdeeb7ed8d9bbbe7f744f28fd7c3f58f;72;noreply@github.com;148754765+jan-elastic@users.noreply.github.com
ElasticsearchInternalService.java;MODIFY;544;0.0;Equal;False;2024-07-15 16:56:45+00:00;False;68;29;3640;4c413f4434fd2dff65ea09daeffcf74d8741985e;44;noreply@github.com;56361221+jonathan-buttner@users.noreply.github.com
ElasticsearchInternalService.java;MODIFY;539;-5.0;Decreased;False;2024-07-17 10:40:18+00:00;False;64;26;3428;167cf33e56ae57fb6f6cbaa0a437ef506eb7a679;24;noreply@github.com;david.kyle@elastic.co
ElasticsearchInternalService.java;MODIFY;539;0.0;Equal;False;2024-07-24 09:40:35+00:00;False;64;26;3428;32c21beb3ff395ff60f046fbeb3d2fd5592a79b7;79;noreply@github.com;simon.cooper@elastic.co
ElasticsearchInternalService.java;MODIFY;477;-62.0;Decreased;False;2024-08-29 16:18:54+00:00;False;54;23;2903;e3e562ffbfb981014bdd71bf663bb6f972f5e352;8;noreply@github.com;david.kyle@elastic.co
ElasticsearchInternalService.java;MODIFY;478;1.0;Grew;False;2024-09-26 16:18:42+00:00;False;54;23;2906;1e2c19fb0be8f73caec9b7bb693b89d120020127;29;noreply@github.com;pat.whelan@elastic.co
ElasticsearchInternalService.java;MODIFY;477;-1.0;Decreased;False;2024-09-30 08:26:23+00:00;False;54;23;2913;3a04f07c50f665783411bc4082db6984f680dbd4;4;noreply@github.com;david.kyle@elastic.co
ElasticsearchInternalService.java;MODIFY;487;10.0;Grew;False;2024-10-01 14:23:09+00:00;False;55;24;2960;071e7ce620baf3a3751855f29eaacc82463e3ca8;44;noreply@github.com;david.kyle@elastic.co
ElasticsearchInternalService.java;MODIFY;595;108.0;Grew;False;2024-10-03 14:36:25+00:00;False;64;26;3499;fa06764bad714f73989b05a1deb6cdf6c55cd040;28;noreply@github.com;137079448+maxhniebergall@users.noreply.github.com
ElasticsearchInternalService.java;MODIFY;645;50.0;Grew;False;2024-10-04 09:27:10+00:00;False;68;28;3754;4d5906422b6696f1e083fae716ac2b1486de39ea;29;noreply@github.com;david.kyle@elastic.co
ElasticsearchInternalService.java;MODIFY;649;4.0;Grew;False;2024-10-04 17:01:13+00:00;False;69;28;3811;c59e3509dab743928f25fc11e8e75b4aa2e701c9;1;noreply@github.com;david.kyle@elastic.co
ElasticsearchInternalService.java;MODIFY;690;41.0;Grew;False;2024-10-07 19:06:13+00:00;False;75;28;3998;ce73a908cce972a62d4e5c4f3abb9aaf283266b9;7;noreply@github.com;david.kyle@elastic.co
ElasticsearchInternalService.java;MODIFY;690;0.0;Equal;False;2024-10-09 23:32:42+00:00;False;75;28;3998;5f25cf90eb602368d6f276ab6bc00c18ae98c048;57;noreply@github.com;david.kyle@elastic.co
ElasticsearchInternalService.java;MODIFY;756;66.0;Grew;False;2024-10-10 21:24:15+00:00;False;82;28;4272;7dd4c5c1e7ee4a60cdef1fe9affa548bd93ae22e;9;noreply@github.com;daniel.rubinstein@elastic.co
ElasticsearchInternalService.java;MODIFY;760;4.0;Grew;False;2024-10-14 16:28:02+00:00;False;88;32;4347;74522c43d80c7eaf67b12eccb841fef74b85f808;23;noreply@github.com;david.kyle@elastic.co
ElasticsearchInternalService.java;MODIFY;765;5.0;Grew;False;2024-10-14 19:31:24+00:00;False;89;32;4365;a7752a3d44cf1ffa792b3c8a4de48fd662152d3a;1;noreply@github.com;137079448+maxhniebergall@users.noreply.github.com
ElasticsearchInternalService.java;MODIFY;803;38.0;Grew;False;2024-10-14 20:39:57+00:00;False;94;33;4622;8040fbb0d05401d40ea856f0a4982e8aaab48340;7;noreply@github.com;david.kyle@elastic.co
ElasticsearchInternalService.java;MODIFY;800;-3.0;Decreased;False;2024-10-14 23:05:40+00:00;False;94;32;4635;5efba5b43d79c15d8d7304d32e4f95a741134ffb;8;noreply@github.com;david.kyle@elastic.co
ElasticsearchInternalService.java;MODIFY;800;0.0;Equal;False;2024-10-15 15:23:23+00:00;False;94;32;4635;38d9710e61744f94a78b053d6aaa006d6b60cbf1;2;noreply@github.com;daniel.rubinstein@elastic.co
ElasticsearchInternalService.java;MODIFY;896;96.0;Grew;False;2024-10-15 18:11:23+00:00;False;110;37;5399;630af382f134a2346e06a9d4337f22150207a46e;14;noreply@github.com;david.kyle@elastic.co
ElasticsearchInternalService.java;MODIFY;858;-38.0;Decreased;False;2024-10-15 20:23:31+00:00;False;105;36;5142;2697f857bcceb518baeff8a10fd67b84b65a2e64;7;noreply@github.com;portugee@gmail.com
ElasticsearchInternalService.java;MODIFY;897;39.0;Grew;False;2024-10-22 11:30:22+00:00;False;110;37;5402;c7f53ff3b639555736e2b6d0864e537cacbc2d59;8;noreply@github.com;david.kyle@elastic.co
ElasticsearchInternalService.java;MODIFY;897;0.0;Equal;False;2024-10-23 12:34:37+00:00;False;110;37;5402;0f7ddd5c9878e03f6f0ce6ac6bce58c609e25ff5;2;noreply@github.com;david.kyle@elastic.co
ElasticsearchInternalService.java;MODIFY;897;0.0;Equal;False;2024-10-24 14:12:41+00:00;False;110;37;5402;fffb98ac6c68cc633afbb855f697d514f4185c9b;1;noreply@github.com;david.kyle@elastic.co
ElasticsearchInternalService.java;MODIFY;897;0.0;Equal;False;2024-10-24 21:33:56+00:00;False;110;37;5392;b2ab9df1a9ff71442ad8d695ec15fcf8b72e133d;2;noreply@github.com;david.kyle@elastic.co
ElasticsearchInternalService.java;MODIFY;982;85.0;Grew;False;2024-10-30 17:29:58+00:00;False;112;39;5962;4ecdfbb214b1a8ecb8e17e9c4ab9819f97fd638d;90;noreply@github.com;ying.mao@elastic.co
ElasticsearchInternalService.java;MODIFY;971;-11.0;Decreased;False;2024-11-05 17:55:55+00:00;False;109;39;5906;6c3a509bb798a28ea73e78b10712c722c08ad0ec;29;noreply@github.com;daniel.rubinstein@elastic.co
ElasticsearchInternalService.java;MODIFY;1016;45.0;Grew;False;2024-11-12 11:14:06+00:00;False;117;43;6205;cca70d7eff1540fad2ff19081aac6f5f82cc68f5;3;noreply@github.com;david.kyle@elastic.co
ElasticsearchInternalService.java;MODIFY;1040;24.0;Grew;False;2024-11-18 22:59:47+00:00;False;119;44;6332;f7b6e20ce35699ad2479d5d7e58c3c01a386d673;6;noreply@github.com;137079448+maxhniebergall@users.noreply.github.com
ElasticsearchInternalService.java;MODIFY;1041;1.0;Grew;False;2024-11-25 16:20:18+00:00;False;119;44;6338;4e3301530d16ff937fa835b42a108aee48203af5;2;noreply@github.com;david.kyle@elastic.co
ElasticsearchInternalService.java;MODIFY;1038;-3.0;Decreased;False;2024-11-27 10:17:34+00:00;False;119;44;6321;d7737e73065dd30da18c409616d242ee7f30ff3e;39;noreply@github.com;ashm.tech@proton.me
ElasticsearchInternalService.java;MODIFY;1055;17.0;Grew;True;2024-12-06 14:07:57+00:00;True;122;44;6484;54c320ebc9b262e66ab92af660a8a155311059d4;11;noreply@github.com;ying.mao@elastic.co
ElasticsearchInternalService.java;MODIFY;1066;11.0;Grew;True;2024-12-06 20:52:31+00:00;False;123;45;6537;467fdb879c6ed1ea084d02087a4afaa12babe7c6;105;noreply@github.com;137079448+maxhniebergall@users.noreply.github.com
ElasticsearchInternalService.java;MODIFY;1049;-17.0;Decreased;False;2024-12-09 09:59:53+00:00;True;120;45;6374;638e5b6de2daa785ba07548feb907ad9079a6c94;11;noreply@github.com;david.kyle@elastic.co
ElasticsearchInternalService.java;MODIFY;1066;17.0;Grew;True;2024-12-11 13:21:26+00:00;True;123;45;6537;052f46ae49d532d6ca14c9f823944d96ce4745e5;11;noreply@github.com;david.kyle@elastic.co
ElasticsearchInternalService.java;MODIFY;1066;0.0;Equal;True;2024-12-16 10:42:02+00:00;False;123;45;6537;c4e964e1c1472898ad8cec2f27c987c939ea1e8c;56;noreply@github.com;david.kyle@elastic.co
