file_name;change_type;n_loc;lines_balance;size_change;is_large;date;swapped_classification;complexity;methods;tokens;hash;files_on_commit;committer_email;author_email
FieldSubsetReaderTests.java;RENAME;not calculated;0.0;Equal;False;2018-04-20 22:29:54+00:00;False;not calculated;0;not calculated;2efd22454a62e7387c51eb0cd973e5ff7a3fb09f;3887;ryan@iernst.net;ryan@iernst.net
FieldSubsetReaderTests.java;MODIFY;836.0;0.0;Equal;False;2018-05-22 11:53:34+00:00;False;34;27;9051;25959ed8cfc9af9ecd4b47d67ac8d50df9e5b901;2;noreply@github.com;martijn.v.groningen@gmail.com
FieldSubsetReaderTests.java;MODIFY;836.0;0.0;Equal;False;2018-09-03 07:36:39+00:00;False;34;27;9051;f0a61b6decc8ba6e662f410389bb45665b1cd840;2;noreply@github.com;jim.ferenczi@elastic.co
FieldSubsetReaderTests.java;MODIFY;836.0;0.0;Equal;False;2018-11-06 10:55:23+00:00;False;34;27;9051;a5e1f4d3a2b6f03f5b6268555ebb4271ea3c153b;81;jim.ferenczi@elastic.co;nknize@gmail.com
FieldSubsetReaderTests.java;MODIFY;845.0;9.0;Grew;False;2019-02-27 14:35:44+00:00;False;34;27;9172;68c57adadf4dfbe4cce3893e55bac751b4177ea4;54;noreply@github.com;romseygeek@gmail.com
FieldSubsetReaderTests.java;MODIFY;845.0;0.0;Equal;False;2019-10-21 09:10:34+00:00;False;34;27;9080;afeee4be9ebdd675459e01b6954ac575cb156c2f;57;noreply@github.com;romseygeek@apache.org
FieldSubsetReaderTests.java;MODIFY;845.0;0.0;Equal;False;2019-11-14 10:44:43+00:00;False;34;27;9078;6acb70a0ab6f08f3be4b81260c9712c14c1941f2;26;noreply@github.com;romseygeek@apache.org
FieldSubsetReaderTests.java;MODIFY;845.0;0.0;Equal;False;2020-03-31 19:52:01+00:00;False;34;27;9078;95a7eed9aa35f47b228e402508709b5bd6703cf4;1779;noreply@github.com;jason@tedor.me
FieldSubsetReaderTests.java;MODIFY;873.0;28.0;Grew;False;2020-09-17 16:46:40+00:00;False;36;28;9392;6784c4d1b55d443511c517a8b992e657fa2b678f;13;noreply@github.com;jim.ferenczi@elastic.co
FieldSubsetReaderTests.java;MODIFY;873.0;0.0;Equal;False;2021-02-03 00:10:53+00:00;False;36;28;9392;a92a647b9f17d1bddf5c707490a19482c273eda3;14916;portugee@gmail.com;portugee@gmail.com
FieldSubsetReaderTests.java;MODIFY;873.0;0.0;Equal;False;2021-04-29 12:59:56+00:00;False;36;28;9408;8997027f50696e954e6333c746625519d9005306;12;noreply@github.com;francisco.fernandez.castano@gmail.com
FieldSubsetReaderTests.java;MODIFY;873.0;0.0;Equal;False;2021-09-16 16:23:18+00:00;False;36;28;9408;05c25e4b0a78abe08a3bf8a966c5c476ea3e0978;71;noreply@github.com;nhat.nguyen@elastic.co
FieldSubsetReaderTests.java;MODIFY;873.0;0.0;Equal;False;2021-09-21 09:48:26+00:00;False;36;28;9413;524d1ea757938cc4a05eb596dc0e93f888933d50;283;noreply@github.com;romseygeek@gmail.com
FieldSubsetReaderTests.java;MODIFY;873.0;0.0;Equal;False;2021-10-08 16:14:26+00:00;False;36;28;9411;20c9f756d28d116f0667e19a1b531aa80c55bde7;4956;noreply@github.com;62058229+ChrisHegarty@users.noreply.github.com
FieldSubsetReaderTests.java;MODIFY;899.0;26.0;Grew;False;2021-10-26 17:48:18+00:00;False;37;29;9757;07428a1ec757630cd3909eca2bc97ed5aecc876f;5;noreply@github.com;julie.tibshirani@elastic.co
FieldSubsetReaderTests.java;MODIFY;926.0;27.0;Grew;False;2021-10-27 15:19:51+00:00;False;37;29;9757;12ad399c488f0cc60e19b5e1b29c6d569cb4351a;10457;portugee@gmail.com;portugee@gmail.com
FieldSubsetReaderTests.java;MODIFY;928.0;2.0;Grew;False;2021-12-15 17:01:28+00:00;False;37;29;9751;763d6d510f0792a9e3743a413605127316859dde;730;noreply@github.com;artem.prigoda@elastic.co
FieldSubsetReaderTests.java;MODIFY;928.0;0.0;Equal;False;2022-02-22 08:53:20+00:00;False;37;29;9755;26c3dd6857d047054b2108f85bc2b040a9c81fe4;454;noreply@github.com;mayya.sharipova@elastic.co
FieldSubsetReaderTests.java;MODIFY;928.0;0.0;Equal;False;2022-03-04 16:36:26+00:00;False;37;29;9763;bba2dfac56ebd015fb06b64af6727de8e8eded98;61;noreply@github.com;julietibs@apache.org
FieldSubsetReaderTests.java;MODIFY;928.0;0.0;Equal;False;2022-04-20 04:26:28+00:00;False;37;29;9759;b2c9028384253416bd3e17de9e45af5eefe32764;261;noreply@github.com;ryan@iernst.net
FieldSubsetReaderTests.java;MODIFY;927.0;-1.0;Decreased;False;2022-05-25 18:44:19+00:00;False;37;29;9748;7d86f1459a8ba68180ba64a009cfef91de2f8c77;11;noreply@github.com;ryan@iernst.net
FieldSubsetReaderTests.java;MODIFY;1009.0;82.0;Grew;False;2023-01-19 13:07:33+00:00;False;38;30;10480;edd7749164aa6873a0eb7565abcc612d29c601f0;59;noreply@github.com;javanna@apache.org
FieldSubsetReaderTests.java;MODIFY;1008.0;-1.0;Decreased;False;2023-01-31 18:48:25+00:00;False;38;30;10455;200e061e3296aee830fb5e2c16b741a79a4034d5;29;noreply@github.com;javanna@apache.org
FieldSubsetReaderTests.java;MODIFY;998.0;-10.0;Decreased;False;2023-03-09 19:59:57+00:00;False;38;30;10420;009a7319e6c758ad3dc2f784a7065fe9ee5e2d75;47;noreply@github.com;me@obrown.io
FieldSubsetReaderTests.java;MODIFY;998.0;0.0;Equal;False;2023-04-17 13:05:49+00:00;False;38;30;10424;32c17d79c55c109636659aa162ac7d38e863897c;12;noreply@github.com;mayya.sharipova@elastic.co
FieldSubsetReaderTests.java;MODIFY;998.0;0.0;Equal;False;2023-06-19 18:21:08+00:00;False;38;30;10420;248498d20efe16603001665f0598b9d1425de7c1;8;noreply@github.com;javanna@apache.org
FieldSubsetReaderTests.java;MODIFY;998.0;0.0;Equal;False;2023-07-25 11:25:56+00:00;False;38;30;10424;03e92b30df5b81aea939ff6533380d8cd8a63f1f;256;noreply@github.com;simon.cooper@elastic.co
FieldSubsetReaderTests.java;MODIFY;1002.0;4.0;Grew;False;2023-08-22 16:36:34+00:00;False;38;30;10466;743e18f81a7514b231a32cf5fb8960da0593c8e8;2;noreply@github.com;ben.w.trent@gmail.com
FieldSubsetReaderTests.java;MODIFY;1120.0;118.0;Grew;True;2024-06-21 05:19:25+00:00;True;39;31;11282;9c603a38f089d98bad47c365819d51d15f854e4c;10;noreply@github.com;131142368+kkrik-es@users.noreply.github.com
FieldSubsetReaderTests.java;MODIFY;1082.0;-38.0;Decreased;True;2024-10-21 11:38:23+00:00;False;39;31;10988;8efd08b019b9160f5e703520c6ce3b6a9f92cfbd;662;noreply@github.com;javanna@apache.org
FieldSubsetReaderTests.java;MODIFY;1083.0;1.0;Grew;True;2024-10-30 16:15:16+00:00;False;39;31;10995;f3b34f3e344516811780de5682ad7d624a245f4f;20;noreply@github.com;nhat.nguyen@elastic.co
