file_name;change_type;n_loc;lines_balance;size_change;is_large;date;swapped_classification;complexity;methods;tokens;hash;files_on_commit;committer_email;author_email
FiltersAggregatorTests.java;RENAME;166;0.0;Equal;False;2018-01-11 18:30:43+00:00;False;not calculated;0;not calculated;99f88f15c5febbca2d13b5b5fda27b844153bf1a;4641;noreply@github.com;tim@uncontended.net
FiltersAggregatorTests.java;MODIFY;166;0.0;Equal;False;2018-12-03 10:49:11+00:00;False;16;4;1589;74aca756b80ff5ad5e633ab54f184cc3ec1ba7a0;28;noreply@github.com;jim.ferenczi@elastic.co
FiltersAggregatorTests.java;MODIFY;176;10.0;Grew;False;2019-01-22 17:38:55+00:00;False;17;4;1668;2ba9e361aba7df6e9c0b5fa8fae3d219d50ddf09;49;noreply@github.com;polyfractal@elastic.co
FiltersAggregatorTests.java;MODIFY;173;-3.0;Decreased;False;2019-01-25 17:39:42+00:00;False;16;4;1638;afd4618851813d15584f1aac656fab4d694fbeb6;3;zach@elastic.co;zach@elastic.co
FiltersAggregatorTests.java;MODIFY;169;-4.0;Decreased;False;2020-06-15 16:47:15+00:00;False;16;4;1637;3b696828ada5953bb1669b972a353736383edf08;260;noreply@github.com;romseygeek@gmail.com
FiltersAggregatorTests.java;MODIFY;155;-14.0;Decreased;False;2020-08-06 12:08:26+00:00;False;12;4;1549;5de0ed9432f4b41b697c9f3bc28953834cd3eae1;39;noreply@github.com;jim.ferenczi@elastic.co
FiltersAggregatorTests.java;MODIFY;185;30.0;Grew;False;2020-11-09 19:20:25+00:00;False;13;5;1859;7ceed1369dcec5eacd4f023e3b917dea5084b3dc;36;noreply@github.com;nik9000@gmail.com
FiltersAggregatorTests.java;MODIFY;234;49.0;Grew;False;2020-11-25 21:20:28+00:00;False;15;7;2291;91cbb9d330289252f6ca63ed5bb502462651a7ed;6;noreply@github.com;nik9000@gmail.com
FiltersAggregatorTests.java;MODIFY;243;9.0;Grew;False;2020-12-16 19:25:54+00:00;False;15;7;2305;55b6ef510dbfdad41530c057a017dd25b75a7e37;1;nik9000@gmail.com;nik9000@gmail.com
FiltersAggregatorTests.java;MODIFY;283;40.0;Grew;False;2021-01-07 15:05:59+00:00;False;17;9;2642;b0747c5a760d2bf9ef0fa403826346bc8ac3c063;7;noreply@github.com;nik9000@gmail.com
FiltersAggregatorTests.java;MODIFY;283;0.0;Equal;False;2021-02-03 00:10:53+00:00;False;17;9;2642;a92a647b9f17d1bddf5c707490a19482c273eda3;14916;portugee@gmail.com;portugee@gmail.com
FiltersAggregatorTests.java;MODIFY;464;181.0;Grew;False;2021-02-25 19:15:57+00:00;False;34;15;4680;4ffdad36d422258f0042f08cab88cb2c4c922738;11;noreply@github.com;nik9000@gmail.com
FiltersAggregatorTests.java;MODIFY;679;215.0;Grew;False;2021-03-03 23:04:47+00:00;False;43;20;7053;10e2f90560f3ee5027fa1213968b0e13e5c0d357;18;noreply@github.com;nik9000@gmail.com
FiltersAggregatorTests.java;MODIFY;679;0.0;Equal;False;2021-03-09 15:40:03+00:00;False;43;20;7073;139ff8657ab3dcd869b75de1df2e605b39fb3c0f;11;noreply@github.com;romseygeek@gmail.com
FiltersAggregatorTests.java;MODIFY;680;1.0;Grew;False;2021-03-15 16:41:15+00:00;False;43;20;7075;c4233dfbb7c9b807da6778d1bc18a7318cb7cb3c;20;noreply@github.com;nik9000@gmail.com
FiltersAggregatorTests.java;MODIFY;684;4.0;Grew;False;2021-04-14 08:18:05+00:00;False;43;20;7083;05551dd77b18f96796aeed05b77110c68254d2ef;15;noreply@github.com;romseygeek@gmail.com
FiltersAggregatorTests.java;MODIFY;713;29.0;Grew;False;2021-05-05 16:20:50+00:00;False;48;21;7312;47719f84fa5c7b905c71f50b4deb9f18b2a25a20;2;noreply@github.com;nik9000@gmail.com
FiltersAggregatorTests.java;MODIFY;864;151.0;Grew;False;2021-05-12 13:46:30+00:00;False;73;29;8588;0cf63fc5307941759a5a014b21a577d52c38f636;5;noreply@github.com;nik9000@gmail.com
FiltersAggregatorTests.java;MODIFY;867;3.0;Grew;False;2021-05-24 17:57:23+00:00;False;74;29;8609;6aa47a93d78f42065546598ed32fc092164364a9;1;noreply@github.com;nik9000@gmail.com
FiltersAggregatorTests.java;MODIFY;879;12.0;Grew;False;2021-06-03 13:24:25+00:00;False;63;29;8602;51fd95de13856058da87bfdd4417b963250a4554;1;noreply@github.com;nik9000@gmail.com
FiltersAggregatorTests.java;MODIFY;879;0.0;Equal;False;2021-06-08 16:53:28+00:00;False;63;29;8602;68817d7ca29c264b3ea3f766737d81e2ebb4028c;3142;noreply@github.com;ryan@elastic.co
FiltersAggregatorTests.java;MODIFY;1055;176.0;Grew;True;2021-06-24 12:56:01+00:00;True;59;32;9007;a5af44d413b7a17395ee3dc5c47fdbad88fb270d;23;noreply@github.com;nik9000@gmail.com
FiltersAggregatorTests.java;MODIFY;1057;2.0;Grew;True;2021-06-24 17:16:27+00:00;False;59;32;9011;df941367df1487899cf3585e889846c47ca7a4b8;19;noreply@github.com;1561376+csoulios@users.noreply.github.com
FiltersAggregatorTests.java;MODIFY;1058;1.0;Grew;True;2021-06-30 16:19:26+00:00;False;59;32;9057;bdd62d76c3a7d017d80adf47bb2221659bee2735;1;noreply@github.com;nik9000@gmail.com
FiltersAggregatorTests.java;MODIFY;1058;0.0;Equal;True;2021-07-06 18:22:44+00:00;False;59;32;9060;cbcc219b869897ee2413931a7dcac496cf1f8381;1;noreply@github.com;nik9000@gmail.com
FiltersAggregatorTests.java;MODIFY;1044;-14.0;Decreased;False;2021-08-30 17:42:20+00:00;True;59;32;9060;d71544976608bdb53fa4d29521fb328e1033ee2f;852;noreply@github.com;mark.tozzi@elastic.co
FiltersAggregatorTests.java;MODIFY;1044;0.0;Equal;False;2021-08-31 15:25:05+00:00;False;59;32;9062;37516daa561282df5a2ca2ce45db8c9aa65b82a3;13;noreply@github.com;me@obrown.io
FiltersAggregatorTests.java;MODIFY;1046;2.0;Grew;False;2021-09-20 13:45:50+00:00;False;59;32;9066;b2ed599ec5fa09d6358c9f8cf61ca778321d510f;31;noreply@github.com;1561376+csoulios@users.noreply.github.com
FiltersAggregatorTests.java;MODIFY;1047;1.0;Grew;False;2021-10-01 17:22:40+00:00;False;59;32;9071;ec40e08f90b19a941b25b2028795dfaeb94a2d8b;30;noreply@github.com;daniel.hsu7@gmail.com
FiltersAggregatorTests.java;MODIFY;1048;1.0;Grew;False;2021-12-07 16:37:47+00:00;False;59;32;9081;fd185e4661ee61a99eeefe94d781839893c8bba2;114;noreply@github.com;nik9000@gmail.com
FiltersAggregatorTests.java;MODIFY;1048;0.0;Equal;False;2021-12-09 17:37:55+00:00;False;59;32;9073;5ce8b8ca99289ce5d17dd55aab398d81747a0e7a;21;noreply@github.com;nik9000@gmail.com
FiltersAggregatorTests.java;MODIFY;1049;1.0;Grew;False;2022-02-01 15:50:22+00:00;False;59;32;9075;6efc28bca03c4ba05172ed93dd9ceae7c38b892b;38;noreply@github.com;nik9000@gmail.com
FiltersAggregatorTests.java;MODIFY;1049;0.0;Equal;False;2022-02-01 17:10:08+00:00;False;59;32;9075;51435211a9ee79fe9af3eb1bdfb248fe96e8038c;43;noreply@github.com;nik9000@gmail.com
FiltersAggregatorTests.java;MODIFY;1049;0.0;Equal;False;2022-02-22 08:53:20+00:00;False;59;32;9077;26c3dd6857d047054b2108f85bc2b040a9c81fe4;454;noreply@github.com;mayya.sharipova@elastic.co
FiltersAggregatorTests.java;MODIFY;1049;0.0;Equal;False;2022-02-28 21:17:39+00:00;False;59;32;9077;8cbcaced73164a817686cf58a6e73bac4b6afdc2;50;noreply@github.com;nik9000@gmail.com
FiltersAggregatorTests.java;MODIFY;1223;174.0;Grew;True;2022-02-28 21:35:37+00:00;True;65;35;10182;7bda7d1a8daecb8e34ebd56a3a74ad837e5485de;5;noreply@github.com;nik9000@gmail.com
FiltersAggregatorTests.java;MODIFY;1224;1.0;Grew;True;2022-03-04 16:36:26+00:00;False;65;35;10193;bba2dfac56ebd015fb06b64af6727de8e8eded98;61;noreply@github.com;julietibs@apache.org
FiltersAggregatorTests.java;MODIFY;1264;40.0;Grew;True;2022-03-17 08:52:18+00:00;False;67;36;10482;e6dfc8309afd93a9b5f5f958f695e998ccae910f;8;noreply@github.com;nik9000@gmail.com
FiltersAggregatorTests.java;MODIFY;1268;4.0;Grew;True;2022-04-01 21:00:03+00:00;False;67;36;10482;796b73f43ffcb1ae2145d8e06b274324cb3d0bb9;1;noreply@github.com;nik9000@gmail.com
FiltersAggregatorTests.java;MODIFY;1268;0.0;Equal;True;2022-06-04 10:24:41+00:00;False;67;36;10506;da4577ea8240c01713951aea1699d8afc00be90e;11;noreply@github.com;me@obrown.io
FiltersAggregatorTests.java;MODIFY;1396;128.0;Grew;True;2022-06-08 17:01:59+00:00;False;71;38;11408;51d1a33c994e6296033309b45ab5b3af1bcd7954;13;noreply@github.com;nik9000@gmail.com
FiltersAggregatorTests.java;MODIFY;1384;-12.0;Decreased;True;2022-06-14 07:13:09+00:00;False;71;38;11372;590e523db2e2047aaa1999dfaf85e53a3b086f09;9;noreply@github.com;jpountz@gmail.com
FiltersAggregatorTests.java;MODIFY;1445;61.0;Grew;True;2022-06-22 13:20:51+00:00;False;73;39;11877;6039e2f9f4d6d66137eb44f9c6f5a8e874da6ff9;1;noreply@github.com;nik9000@gmail.com
FiltersAggregatorTests.java;MODIFY;1449;4.0;Grew;True;2022-06-29 15:11:22+00:00;False;73;39;11904;81815f0ac56e2ecc4ecce23e9600e29b1baccbce;12;noreply@github.com;me@obrown.io
FiltersAggregatorTests.java;MODIFY;1450;1.0;Grew;True;2022-07-11 15:13:41+00:00;False;73;39;11923;450f223eb549b353a9ad0334dd6caff918f28a2c;14;noreply@github.com;ivera@apache.org
FiltersAggregatorTests.java;MODIFY;1450;0.0;Equal;True;2022-07-18 06:18:13+00:00;False;73;39;11935;04bdefd58c6936fd9ab0f8c8a5806aa66c9b597c;26;noreply@github.com;ivera@apache.org
FiltersAggregatorTests.java;MODIFY;1450;0.0;Equal;True;2022-07-19 06:03:26+00:00;False;73;39;11935;6d0fe1be6157972445eae7335e4d94a2034f11a5;120;noreply@github.com;58790826+elasticsearchmachine@users.noreply.github.com
FiltersAggregatorTests.java;MODIFY;1470;20.0;Grew;True;2022-09-09 21:16:38+00:00;False;74;40;12133;5809b0d318944217013752e472972a701aff2d2f;5;noreply@github.com;tatyana.gordeeva@elastic.co
FiltersAggregatorTests.java;MODIFY;1470;0.0;Equal;True;2022-09-14 14:32:17+00:00;False;74;40;12135;aed64a6c763ccedde89fa875a64e4147b0111121;12;noreply@github.com;romseygeek@apache.org
FiltersAggregatorTests.java;MODIFY;1461;-9.0;Decreased;True;2022-09-20 18:58:24+00:00;False;74;40;12141;15932d5168030da53a3530c08dc2f86b9ea3fe4a;54;noreply@github.com;mark.tozzi@gmail.com
FiltersAggregatorTests.java;MODIFY;1455;-6.0;Decreased;True;2022-09-30 19:21:09+00:00;False;74;40;12126;df27efcae4af4fc20669d56ede1ff49ff1936571;33;noreply@github.com;mark.tozzi@gmail.com
FiltersAggregatorTests.java;MODIFY;1451;-4.0;Decreased;True;2022-10-06 17:33:57+00:00;False;74;40;12154;4a26dda50c947a15d4e4a234a390f4e140573b95;89;noreply@github.com;mark.tozzi@gmail.com
FiltersAggregatorTests.java;MODIFY;1433;-18.0;Decreased;True;2022-10-11 14:09:07+00:00;False;74;40;11833;453e7b9d901e7b38c3e3d9c03687941f5007f281;7;noreply@github.com;mark.tozzi@gmail.com
FiltersAggregatorTests.java;MODIFY;1434;1.0;Grew;True;2022-10-20 13:16:13+00:00;False;74;40;11846;ddbd7a8263975f52b9244ffa808b29ca226505d4;30;noreply@github.com;yannick@welsch.lu
FiltersAggregatorTests.java;MODIFY;1434;0.0;Equal;True;2022-11-10 15:44:06+00:00;False;74;40;11850;74d0d19c0fd40301b68d349e61d8f15d05863c4c;36;noreply@github.com;nik9000@gmail.com
FiltersAggregatorTests.java;MODIFY;1452;18.0;Grew;True;2022-11-24 19:39:15+00:00;False;74;40;11982;6b7e8ffeafc71ad361bb6ce301b5e6ebbeaad006;4;noreply@github.com;martijn.v.groningen@gmail.com
FiltersAggregatorTests.java;MODIFY;1452;0.0;Equal;True;2023-02-08 13:16:43+00:00;False;74;40;11980;af8fccf4b466e03886f8704fdd878510fa9093e0;23;noreply@github.com;jpountz@gmail.com
FiltersAggregatorTests.java;MODIFY;1454;2.0;Grew;True;2023-02-20 07:03:21+00:00;False;74;40;11984;df4a8f72c81117e242d42075de8c3126c4b36ae5;15;noreply@github.com;martijn.v.groningen@gmail.com
FiltersAggregatorTests.java;MODIFY;1454;0.0;Equal;True;2023-04-04 09:03:32+00:00;False;74;40;11984;fe1083f6c5f29e1fc28b82c1b71be9b7c1ec7a73;349;noreply@github.com;pugnascotia@users.noreply.github.com
FiltersAggregatorTests.java;MODIFY;1454;0.0;Equal;True;2023-05-04 09:12:26+00:00;False;74;40;11972;9bbea4789973e0faf59e605f0158d15a951f0c29;27;noreply@github.com;ivera@apache.org
FiltersAggregatorTests.java;MODIFY;1454;0.0;Equal;True;2023-05-08 05:25:10+00:00;False;74;40;11972;c05181528a809793a4ad6e29b4f6920f5de249e7;39;noreply@github.com;ivera@apache.org
FiltersAggregatorTests.java;MODIFY;1454;0.0;Equal;True;2023-06-14 08:43:31+00:00;False;74;40;11974;71c12262fbf6ff0d5e99c0b4ea006ce2d32f417f;161;noreply@github.com;simon.cooper@elastic.co
FiltersAggregatorTests.java;MODIFY;1454;0.0;Equal;True;2023-06-27 13:47:32+00:00;False;74;40;11978;a873e26cf7b362be7730dc70fa7f78ec6da37652;116;noreply@github.com;simon.cooper@elastic.co
FiltersAggregatorTests.java;MODIFY;1458;4.0;Grew;True;2023-06-30 15:49:23+00:00;False;74;40;11978;b00d2b7363cf89a348883c785faf13d34bac65df;14;noreply@github.com;32795016+alexgorunescu97@users.noreply.github.com
FiltersAggregatorTests.java;MODIFY;1458;0.0;Equal;True;2023-08-10 09:38:21+00:00;False;74;40;11966;693ab3dee8a84e04049c941efb7b30ad60799fa4;6;noreply@github.com;131142368+kkrik-es@users.noreply.github.com
FiltersAggregatorTests.java;MODIFY;1460;2.0;Grew;True;2023-08-28 08:29:21+00:00;False;74;40;11950;424a4c6d71cbdd55b48e09bde2c21ebdb9086bef;62;noreply@github.com;ivera@apache.org
FiltersAggregatorTests.java;MODIFY;1453;-7.0;Decreased;True;2023-08-29 05:17:42+00:00;False;74;40;11899;0131df64794e72337fbeaff583cc31aeddc93c7d;5;noreply@github.com;ivera@apache.org
FiltersAggregatorTests.java;MODIFY;1453;0.0;Equal;True;2024-09-13 22:29:46+00:00;False;74;40;11899;a59c182f9f7e9d1bf3d6eecbc0e44f24ff91d053;10208;portugee@gmail.com;portugee@gmail.com
FiltersAggregatorTests.java;MODIFY;1437;-16.0;Decreased;True;2024-11-13 20:55:14+00:00;False;74;40;11795;77a7c9c2e285d8b23933245d16b869bada272be7;11;noreply@github.com;me@obrown.io
