file_name;change_type;n_loc;lines_balance;size_change;is_large;date;swapped_classification;complexity;methods;tokens;hash;files_on_commit;committer_email;author_email
IndexFollowingIT.java;RENAME;1341;0.0;Equal;True;2020-05-12 02:01:34+00:00;True;not calculated;0;not calculated;92fcbd3a27ee3ddc22fa661149698382aa23f3d9;61;noreply@github.com;ryan@elastic.co
IndexFollowingIT.java;MODIFY;1341;0.0;Equal;True;2020-07-09 07:26:45+00:00;False;113;45;15568;c531ecc3e7c0ecdd91aaf8e93b398d3f1e7b8ba4;1;noreply@github.com;danielmitterdorfer@users.noreply.github.com
IndexFollowingIT.java;MODIFY;1342;1.0;Grew;True;2020-07-20 12:36:12+00:00;False;114;45;15586;bd7755d2b2abea868247f01d843c367104f785ae;1;noreply@github.com;nhat.nguyen@elastic.co
IndexFollowingIT.java;MODIFY;1347;5.0;Grew;True;2020-07-27 13:23:30+00:00;False;114;45;15727;f238d0a3678452b3fc944739effc034e46528eb9;11;noreply@github.com;nhat.nguyen@elastic.co
IndexFollowingIT.java;MODIFY;1332;-15.0;Decreased;True;2020-08-04 03:09:52+00:00;False;110;45;15584;c87050c1ca47d67ee0542e850f5df3c167e7b3c3;2;noreply@github.com;nhat.nguyen@elastic.co
IndexFollowingIT.java;MODIFY;1332;0.0;Equal;True;2020-11-04 13:21:35+00:00;False;110;45;15590;9f1bbc27040e2491b71cc36916f92a74e0fb0fb3;1;noreply@github.com;nhat.nguyen@elastic.co
IndexFollowingIT.java;MODIFY;1332;0.0;Equal;True;2021-01-12 14:51:40+00:00;False;110;45;15592;cda7b614d335ecad543f5c4a7697c8f77d3a8b5c;32;noreply@github.com;andrei.dan@elastic.co
IndexFollowingIT.java;MODIFY;1332;0.0;Equal;True;2021-02-03 00:10:53+00:00;False;110;45;15592;a92a647b9f17d1bddf5c707490a19482c273eda3;14916;portugee@gmail.com;portugee@gmail.com
IndexFollowingIT.java;MODIFY;1332;0.0;Equal;True;2021-03-04 12:05:24+00:00;False;110;45;15594;864ff66f68277db5b31e59fe5780e3772b22ecc7;23;noreply@github.com;david.turner@elastic.co
IndexFollowingIT.java;MODIFY;1332;0.0;Equal;True;2021-06-08 16:53:28+00:00;False;110;45;15592;68817d7ca29c264b3ea3f766737d81e2ebb4028c;3142;noreply@github.com;ryan@elastic.co
IndexFollowingIT.java;MODIFY;1335;3.0;Grew;True;2021-06-29 18:14:47+00:00;False;110;45;15605;293d490ded0b99c21752eac0345f95ba90e6e57a;46;noreply@github.com;tim@uncontended.net
IndexFollowingIT.java;MODIFY;1335;0.0;Equal;True;2021-10-08 16:14:26+00:00;False;110;45;15599;20c9f756d28d116f0667e19a1b531aa80c55bde7;4956;noreply@github.com;62058229+ChrisHegarty@users.noreply.github.com
IndexFollowingIT.java;MODIFY;1335;0.0;Equal;True;2021-10-13 20:24:42+00:00;False;110;45;15599;b2c5fd34ffe5bbdf3b3966721c8979bce6b7fd36;82;noreply@github.com;6207777+grcevski@users.noreply.github.com
IndexFollowingIT.java;MODIFY;1363;28.0;Grew;True;2021-10-15 08:00:07+00:00;False;114;47;15972;1e111653f50d1345a1800dbb1fa2993d31c9c08e;1;noreply@github.com;33268011+henningandersen@users.noreply.github.com
IndexFollowingIT.java;MODIFY;1551;188.0;Grew;True;2021-10-27 15:19:51+00:00;False;114;47;15972;12ad399c488f0cc60e19b5e1b29c6d569cb4351a;10457;portugee@gmail.com;portugee@gmail.com
IndexFollowingIT.java;MODIFY;1547;-4.0;Decreased;True;2021-11-09 11:40:47+00:00;False;114;47;15968;f003bd01bd3f4109926c1d8b69f040dc14fde320;13;noreply@github.com;me@obrown.io
IndexFollowingIT.java;MODIFY;1547;0.0;Equal;True;2021-12-22 17:43:04+00:00;False;114;47;15970;a2bc4854b562782a8a66eeacb23246d4d21a2b01;1527;noreply@github.com;62058229+ChrisHegarty@users.noreply.github.com
IndexFollowingIT.java;MODIFY;1548;1.0;Grew;True;2022-01-14 09:38:29+00:00;False;114;47;15991;f19635bb98d743aef8bdbdf426616b52f7a9a7f5;120;noreply@github.com;me@obrown.io
IndexFollowingIT.java;MODIFY;1548;0.0;Equal;True;2022-01-16 19:34:08+00:00;False;114;47;15985;16cd22e879901ba04f4b8a1187066d651407c75e;89;noreply@github.com;david.turner@elastic.co
IndexFollowingIT.java;MODIFY;1548;0.0;Equal;True;2022-01-18 13:39:19+00:00;False;114;47;15982;212d15ba1e754e80bc2409bdcc5522e19b89cac3;69;noreply@github.com;david.turner@elastic.co
IndexFollowingIT.java;MODIFY;1549;1.0;Grew;True;2022-01-19 15:41:41+00:00;False;114;47;15992;3f8011e348a65166c94db5376cc40604a8b653ef;300;noreply@github.com;artem.prigoda@elastic.co
IndexFollowingIT.java;MODIFY;1549;0.0;Equal;True;2022-01-24 23:31:15+00:00;False;114;47;15992;cce5ad2e4fdfe20fdce0972a1e20a9c4a722a75a;211;noreply@github.com;artem.prigoda@elastic.co
IndexFollowingIT.java;MODIFY;1548;-1.0;Decreased;True;2022-03-01 15:18:26+00:00;False;114;47;15976;331b6302946f4339ac47d56aa1b8d5e3453f540f;6;noreply@github.com;ryan@iernst.net
IndexFollowingIT.java;MODIFY;1548;0.0;Equal;True;2022-03-04 19:47:51+00:00;False;114;47;15974;42872d3b2c96463c285b3ff9ac115f6e0e5a8e96;32;noreply@github.com;ryan@iernst.net
IndexFollowingIT.java;MODIFY;1549;1.0;Grew;True;2022-03-14 17:25:55+00:00;False;114;47;15987;05405f666c2211563e574e12d0ffd4432b1b888b;65;noreply@github.com;me@obrown.io
IndexFollowingIT.java;MODIFY;1548;-1.0;Decreased;True;2022-04-26 11:22:14+00:00;False;114;47;15966;b8962066a6a6550fee648b6c87cc6888e6a9267c;120;noreply@github.com;david.turner@elastic.co
IndexFollowingIT.java;MODIFY;1547;-1.0;Decreased;True;2022-10-06 14:52:06+00:00;False;114;47;15911;43a037773548d9df84f86abb7e3684cd91fb5a19;344;noreply@github.com;rene@elastic.co
IndexFollowingIT.java;MODIFY;1549;2.0;Grew;True;2023-01-03 18:28:27+00:00;False;114;47;15949;2bc739875465d2e3048e51a81a5d973537c6c460;340;noreply@github.com;artem.prigoda@elastic.co
IndexFollowingIT.java;MODIFY;1548;-1.0;Decreased;True;2023-03-02 15:14:49+00:00;False;114;47;15937;49898d4a603cfbff2f30228ec3ed1a5668ab7db6;82;noreply@github.com;me@obrown.io
IndexFollowingIT.java;MODIFY;1547;-1.0;Decreased;True;2023-03-03 18:51:12+00:00;False;114;47;15938;b18c036761e67c06f18fa66452b8fcead1c5b9c4;2;noreply@github.com;keith.massey@elastic.co
IndexFollowingIT.java;MODIFY;1553;6.0;Grew;True;2023-10-04 18:07:57+00:00;False;115;48;16019;7a9aadb82f48bb35de2678b41b91bbaf8cac32b5;3;noreply@github.com;tim@timbrooks.org
IndexFollowingIT.java;MODIFY;1551;-2.0;Decreased;True;2023-10-23 17:48:10+00:00;False;115;48;15998;3945ee75d0e8cf634d958397fb9bd86262a6f1ad;100;noreply@github.com;me@obrown.io
IndexFollowingIT.java;MODIFY;1551;0.0;Equal;True;2023-11-14 18:06:53+00:00;False;115;48;16002;9f9c7ad129cdfb6ae7ca3a729620511928a7ab52;50;noreply@github.com;felixbarny@users.noreply.github.com
IndexFollowingIT.java;MODIFY;1530;-21.0;Decreased;True;2023-12-11 17:25:22+00:00;False;115;48;15707;7a63a666e2295191be31ba4c2a04ecaf4fbd3e8f;15;noreply@github.com;me@obrown.io
IndexFollowingIT.java;MODIFY;1528;-2.0;Decreased;True;2023-12-11 20:52:14+00:00;False;115;48;15705;e4ed41d6e73e8c2d2ef91dafb85cf0c0a402eb33;124;noreply@github.com;me@obrown.io
IndexFollowingIT.java;MODIFY;1528;0.0;Equal;True;2024-01-08 11:27:22+00:00;False;115;48;15705;68fc2add6ab5f13f900adc97051133a0694133fc;70;noreply@github.com;me@obrown.io
IndexFollowingIT.java;MODIFY;1559;31.0;Grew;True;2024-05-29 10:18:24+00:00;False;115;48;15734;f94c5416e30179a4b6cc0d2f564e96ea0961f800;50;noreply@github.com;david.turner@elastic.co
IndexFollowingIT.java;MODIFY;1567;8.0;Grew;True;2024-09-10 07:17:09+00:00;False;115;48;15755;8f07d60c2cf0cc7ece801faee46acba2f4e0344f;357;noreply@github.com;david.turner@elastic.co
IndexFollowingIT.java;MODIFY;1567;0.0;Equal;True;2024-12-19 19:17:55+00:00;False;115;48;15748;91835ecffac4e78bbef263a92aed9a858845ebc7;23;noreply@github.com;me@obrown.io
