file_name;change_type;n_loc;lines_balance;size_change;is_large;date;swapped_classification;complexity;methods;tokens;hash;files_on_commit;committer_email;author_email
IndexRecoveryIT.java;RENAME;not calculated;0.0;Equal;False;2020-05-07 00:20:26+00:00;False;not calculated;0;not calculated;cabe6a330514f0f80f3b95be8763082b25efce89;345;noreply@github.com;ryan@elastic.co
IndexRecoveryIT.java;MODIFY;1415.0;0.0;Equal;True;2020-05-25 09:20:17+00:00;True;118;38;15743;444e1e155daf092f7090176ec5e391f2cd01cd35;7;noreply@github.com;me@obrown.io
IndexRecoveryIT.java;MODIFY;1434.0;19.0;Grew;True;2020-05-26 20:51:13+00:00;False;121;38;15898;579ce2f99cb6ef8933aadfadc539278e94362e16;21;noreply@github.com;tim@uncontended.net
IndexRecoveryIT.java;MODIFY;1446.0;12.0;Grew;True;2020-06-09 16:49:15+00:00;False;123;38;15985;9524daf17e67aa8843cad14de583c5d11fc5d498;1;noreply@github.com;tim@uncontended.net
IndexRecoveryIT.java;MODIFY;1498.0;52.0;Grew;True;2020-07-01 07:04:45+00:00;False;128;39;16761;83d6589b2ae4a4f8deb384cfebeda63cc2024846;35;noreply@github.com;david.turner@elastic.co
IndexRecoveryIT.java;MODIFY;1499.0;1.0;Grew;True;2020-09-24 13:05:04+00:00;False;128;39;16768;68a0e499817e343383e533185fbc99b83c4b1ab5;1;noreply@github.com;danielmitterdorfer@users.noreply.github.com
IndexRecoveryIT.java;MODIFY;1498.0;-1.0;Decreased;True;2020-10-05 07:38:45+00:00;False;128;39;16761;df50291afac3c591ef05d024323ed1ef308c73d3;2;noreply@github.com;me@obrown.io
IndexRecoveryIT.java;MODIFY;1479.0;-19.0;Decreased;True;2020-12-09 10:45:40+00:00;False;125;37;16664;e189a206d68def06369eb9d9801122617bc6f29a;11;noreply@github.com;me@obrown.io
IndexRecoveryIT.java;MODIFY;1479.0;0.0;Equal;True;2021-02-03 00:10:53+00:00;False;125;37;16664;a92a647b9f17d1bddf5c707490a19482c273eda3;14916;portugee@gmail.com;portugee@gmail.com
IndexRecoveryIT.java;MODIFY;1479.0;0.0;Equal;True;2021-06-08 16:53:28+00:00;False;125;37;16662;68817d7ca29c264b3ea3f766737d81e2ebb4028c;3142;noreply@github.com;ryan@elastic.co
IndexRecoveryIT.java;MODIFY;1479.0;0.0;Equal;True;2021-06-24 14:58:33+00:00;False;125;37;16661;cbf48e06330c07b838cef50a6f8b9305d4f3516b;71;noreply@github.com;me@obrown.io
IndexRecoveryIT.java;MODIFY;1495.0;16.0;Grew;True;2021-08-02 08:23:53+00:00;False;127;38;16871;6099d68fa17cd92e77218e68975ae678ceebd840;1;noreply@github.com;francisco.fernandez.castano@gmail.com
IndexRecoveryIT.java;MODIFY;1538.0;43.0;Grew;True;2021-08-13 08:42:16+00:00;False;134;41;17283;2ebe5cd075b57f1dfee51395d214ad8c4ad132f8;38;noreply@github.com;francisco.fernandez.castano@gmail.com
IndexRecoveryIT.java;MODIFY;1537.0;-1.0;Decreased;True;2021-09-08 15:27:21+00:00;False;134;41;17269;411d7e7df86e2e484491ea775e7884c46342c37e;14;noreply@github.com;artem.prigoda@elastic.co
IndexRecoveryIT.java;MODIFY;1537.0;0.0;Equal;True;2021-10-08 16:14:26+00:00;False;134;41;17267;20c9f756d28d116f0667e19a1b531aa80c55bde7;4956;noreply@github.com;62058229+ChrisHegarty@users.noreply.github.com
IndexRecoveryIT.java;MODIFY;1537.0;0.0;Equal;True;2021-10-12 08:55:53+00:00;False;134;41;17267;feaf4983de96d98094413fca851aa1565963ce85;27;noreply@github.com;martijn.v.groningen@gmail.com
IndexRecoveryIT.java;MODIFY;1537.0;0.0;Equal;True;2021-10-13 20:24:42+00:00;False;134;41;17267;b2c5fd34ffe5bbdf3b3966721c8979bce6b7fd36;82;noreply@github.com;6207777+grcevski@users.noreply.github.com
IndexRecoveryIT.java;MODIFY;1538.0;1.0;Grew;True;2021-10-14 09:17:09+00:00;False;134;41;17280;ad4dbb5ddbfddbef5f7158fd336a09ec5313c3b4;49;noreply@github.com;martijn.v.groningen@gmail.com
IndexRecoveryIT.java;MODIFY;1162.0;-376.0;Decreased;True;2021-10-26 18:29:53+00:00;False;96;36;13589;8430a58a6965cd943a2b07a497f6213de4232ea4;27;noreply@github.com;francisco.fernandez.castano@gmail.com
IndexRecoveryIT.java;MODIFY;1539.0;377.0;Grew;True;2021-10-27 15:19:51+00:00;False;96;36;13589;12ad399c488f0cc60e19b5e1b29c6d569cb4351a;10457;portugee@gmail.com;portugee@gmail.com
IndexRecoveryIT.java;MODIFY;1539.0;0.0;Equal;True;2021-11-09 11:40:47+00:00;False;96;36;13587;f003bd01bd3f4109926c1d8b69f040dc14fde320;13;noreply@github.com;me@obrown.io
IndexRecoveryIT.java;MODIFY;1590.0;51.0;Grew;True;2022-02-08 10:50:29+00:00;False;101;37;14086;da6a4be19ea46c54077c407da7edbc8f7b2157fb;1;noreply@github.com;francisco.fernandez.castano@gmail.com
IndexRecoveryIT.java;MODIFY;1590.0;0.0;Equal;True;2022-02-08 13:26:14+00:00;False;101;37;14086;33b3ccaabc6960f02c005b6bc14a1c527a24875b;12;noreply@github.com;david.turner@elastic.co
IndexRecoveryIT.java;MODIFY;1590.0;0.0;Equal;True;2022-02-28 10:23:35+00:00;False;101;37;14086;0ba208c9b31be67903f6318440d27ea2dad05928;12;noreply@github.com;david.turner@elastic.co
IndexRecoveryIT.java;MODIFY;1590.0;0.0;Equal;True;2022-03-04 22:24:46+00:00;False;101;37;14082;14bdbdf4f613015b8796c4ad64ae99851e389a13;21;noreply@github.com;ryan@iernst.net
IndexRecoveryIT.java;MODIFY;1590.0;0.0;Equal;True;2022-03-14 12:20:48+00:00;False;101;37;14067;2a00f25f573e1c1078c1f864eea52397a081c5c8;318;noreply@github.com;me@obrown.io
IndexRecoveryIT.java;MODIFY;1590.0;0.0;Equal;True;2022-06-28 10:13:36+00:00;False;101;37;14065;02568210bafae6d0e5af49e3020fb405f327e15a;87;noreply@github.com;me@obrown.io
IndexRecoveryIT.java;MODIFY;1590.0;0.0;Equal;True;2022-07-22 07:35:50+00:00;False;101;37;14045;584f7f24fcdeb214d69bc8999ac63c501f11c881;32;noreply@github.com;ievgen.degtiarenko@elastic.co
IndexRecoveryIT.java;MODIFY;1600.0;10.0;Grew;True;2022-08-02 08:03:31+00:00;False;101;37;14121;e4214efe6df897ae649c88ed1dfab417d57cf045;1;noreply@github.com;ievgen.degtiarenko@elastic.co
IndexRecoveryIT.java;MODIFY;1600.0;0.0;Equal;True;2022-09-27 14:14:38+00:00;False;101;37;14119;f2154e86870dc93e2e5a97469d8f4a7c9f4fad92;64;noreply@github.com;tlrx.dev@gmail.com
IndexRecoveryIT.java;MODIFY;1600.0;0.0;Equal;True;2022-10-20 13:16:13+00:00;False;101;37;14122;ddbd7a8263975f52b9244ffa808b29ca226505d4;30;noreply@github.com;yannick@welsch.lu
IndexRecoveryIT.java;MODIFY;1601.0;1.0;Grew;True;2022-10-24 14:44:55+00:00;False;101;37;14129;1091a7f5d2e39556c9ceb6658d046ddf98de31ad;1;noreply@github.com;93581129+salvatore-campagna@users.noreply.github.com
IndexRecoveryIT.java;MODIFY;1611.0;10.0;Grew;True;2022-11-08 13:23:24+00:00;False;103;37;14218;07056f59d114f4925350609a0f93eab5115ec97a;133;noreply@github.com;david.turner@elastic.co
IndexRecoveryIT.java;MODIFY;1610.0;-1.0;Decreased;True;2022-11-28 13:00:41+00:00;False;103;37;14211;6871283fd173efcbf716f39dd16ca3fb5edca5ac;3;noreply@github.com;artem.prigoda@elastic.co
IndexRecoveryIT.java;MODIFY;1570.0;-40.0;Decreased;True;2023-02-28 12:23:49+00:00;False;103;37;13913;2819b1152300c7f9ebc7a9b2904465b42f1d5643;78;noreply@github.com;me@obrown.io
IndexRecoveryIT.java;MODIFY;1551.0;-19.0;Decreased;True;2023-03-01 13:59:37+00:00;False;103;37;13840;0cec731eabd2ab1af343e95445b2eeb8f0f14744;74;noreply@github.com;me@obrown.io
IndexRecoveryIT.java;MODIFY;1545.0;-6.0;Decreased;True;2023-03-24 16:31:51+00:00;False;103;37;13816;26f728fd4233ebc554ad50d64ee9f7c72131187e;33;noreply@github.com;me@obrown.io
IndexRecoveryIT.java;MODIFY;1550.0;5.0;Grew;True;2023-04-11 17:30:42+00:00;False;103;37;13840;66cc83583a55de85f70e54445f2cde484058f6ea;1;noreply@github.com;pxsalehi@users.noreply.github.com
IndexRecoveryIT.java;MODIFY;1517.0;-33.0;Decreased;True;2023-04-27 15:11:48+00:00;False;103;37;13704;4e69fa102ffe583a224b11c3649c82784dd91a3e;140;noreply@github.com;me@obrown.io
IndexRecoveryIT.java;MODIFY;1493.0;-24.0;Decreased;True;2023-04-28 09:18:07+00:00;False;103;37;13639;c41bda9e3a180a5d80cbdb3a863197b872ce8f56;48;noreply@github.com;me@obrown.io
IndexRecoveryIT.java;MODIFY;1494.0;1.0;Grew;True;2023-05-09 09:27:59+00:00;False;103;37;13646;146fa8757f9e598a84cbfe82700b2d16525f1fc0;1;noreply@github.com;pxsalehi@users.noreply.github.com
IndexRecoveryIT.java;MODIFY;1493.0;-1.0;Decreased;True;2023-05-09 15:13:10+00:00;False;103;37;13639;a7f2b3deaa4100e4e21e801ee1eeceb43be4b701;1;noreply@github.com;kingherc@gmail.com
IndexRecoveryIT.java;MODIFY;1477.0;-16.0;Decreased;True;2023-05-16 08:40:46+00:00;False;103;37;13327;53ecc2eb2f4b6eac88b56b7f714dd31acadb4f6b;133;noreply@github.com;me@obrown.io
IndexRecoveryIT.java;MODIFY;1478.0;1.0;Grew;True;2023-06-14 08:43:31+00:00;False;103;37;13336;71c12262fbf6ff0d5e99c0b4ea006ce2d32f417f;161;noreply@github.com;simon.cooper@elastic.co
IndexRecoveryIT.java;MODIFY;1438.0;-40.0;Decreased;True;2023-06-22 12:27:23+00:00;False;103;37;13160;dd7d381922f145f677ec5f545c2eab5a6f4b5d9a;203;noreply@github.com;me@obrown.io
IndexRecoveryIT.java;MODIFY;1438.0;0.0;Equal;True;2023-06-27 13:47:32+00:00;False;103;37;13162;a873e26cf7b362be7730dc70fa7f78ec6da37652;116;noreply@github.com;simon.cooper@elastic.co
IndexRecoveryIT.java;MODIFY;1437.0;-1.0;Decreased;True;2023-06-28 15:04:19+00:00;False;103;37;13157;5486667d73d95ee5ff80ca00683948e7170a74c9;50;noreply@github.com;simon.cooper@elastic.co
IndexRecoveryIT.java;MODIFY;1437.0;0.0;Equal;True;2023-08-22 03:49:21+00:00;False;103;37;13156;207a995fcefc7ef65975b53e69b88cee1bba543a;91;noreply@github.com;christophbuescher@posteo.de
IndexRecoveryIT.java;MODIFY;1552.0;115.0;Grew;True;2023-09-21 06:48:48+00:00;False;107;38;14112;2b4ce4d768ed090c0773a6eb529c60cabdbc553a;30;noreply@github.com;david.turner@elastic.co
IndexRecoveryIT.java;MODIFY;1509.0;-43.0;Decreased;True;2023-09-22 10:33:11+00:00;False;106;38;13792;e70d774cad38a2cd8acdc8a830dd0aa81f294d15;2;noreply@github.com;david.turner@elastic.co
IndexRecoveryIT.java;MODIFY;1509.0;0.0;Equal;True;2023-10-02 09:12:08+00:00;False;106;38;13790;c24cc0f54c216a5bff8e6b0e3ad2d09f7a3eb956;111;noreply@github.com;romseygeek@apache.org
IndexRecoveryIT.java;MODIFY;1510.0;1.0;Grew;True;2023-10-03 17:14:51+00:00;False;106;38;13797;6d859f407b1b11ee66cf768ff64316f7f826288a;1;noreply@github.com;portugee@gmail.com
IndexRecoveryIT.java;MODIFY;1511.0;1.0;Grew;True;2023-10-04 05:42:29+00:00;False;106;38;13804;9c717df5a29cdbfde5c593dece4bb9c9d822dbd0;1;david.turner@elastic.co;david.turner@elastic.co
IndexRecoveryIT.java;MODIFY;1510.0;-1.0;Decreased;True;2023-10-04 09:10:22+00:00;False;106;38;13797;2c0834b15191fbf27dad822f16888d4c2a848ea1;2;noreply@github.com;david.turner@elastic.co
IndexRecoveryIT.java;MODIFY;1502.0;-8.0;Decreased;True;2023-10-05 08:28:56+00:00;False;104;38;13759;31a79952e68fd8efc2fd7f5a7e6f77bc19a45a24;57;noreply@github.com;david.turner@elastic.co
IndexRecoveryIT.java;MODIFY;1587.0;85.0;Grew;True;2023-10-11 08:54:09+00:00;False;106;39;14484;c4e55ab14c9335c0fff343e94895fa0447e663d9;4;noreply@github.com;david.turner@elastic.co
IndexRecoveryIT.java;MODIFY;1701.0;114.0;Grew;True;2023-10-13 19:45:26+00:00;False;118;44;15576;323d9366dfa288fea2f78fc28128b456c3d3246e;1;noreply@github.com;dianna.hohensee@elastic.co
IndexRecoveryIT.java;MODIFY;1697.0;-4.0;Decreased;True;2023-10-16 15:28:27+00:00;False;118;44;15539;9084a63d5ee845f249f5d24b2368bd21f6fbff57;1;noreply@github.com;dianna.hohensee@elastic.co
IndexRecoveryIT.java;MODIFY;1697.0;0.0;Equal;True;2023-10-17 13:43:36+00:00;False;118;44;15527;bae6991fb3fde35bd7bd229aa33603a54c2f4d11;98;noreply@github.com;me@obrown.io
IndexRecoveryIT.java;MODIFY;1697.0;0.0;Equal;True;2023-10-20 10:18:58+00:00;False;118;44;15515;1eda6ac74b50133b6c1f027b59b476ff9220dfb3;263;noreply@github.com;david.turner@elastic.co
IndexRecoveryIT.java;MODIFY;1697.0;0.0;Equal;True;2023-10-20 17:33:00+00:00;False;118;44;15511;9794c6e205e6070f1930725f7833e3e8fa18fc6a;102;noreply@github.com;david.turner@elastic.co
IndexRecoveryIT.java;MODIFY;1693.0;-4.0;Decreased;True;2023-10-23 17:48:10+00:00;False;118;44;15499;3945ee75d0e8cf634d958397fb9bd86262a6f1ad;100;noreply@github.com;me@obrown.io
IndexRecoveryIT.java;MODIFY;1676.0;-17.0;Decreased;True;2023-10-27 08:54:52+00:00;False;118;44;15404;acdb46869a5f23cfd295de1c8ada7b7ac1770283;31;noreply@github.com;david.turner@elastic.co
IndexRecoveryIT.java;MODIFY;1677.0;1.0;Grew;True;2023-10-30 15:18:16+00:00;False;118;44;15411;47b3d4e5b00c4c85470f4fe1f84318a3ad40369e;26;noreply@github.com;david.turner@elastic.co
IndexRecoveryIT.java;MODIFY;1675.0;-2.0;Decreased;True;2023-10-31 10:09:14+00:00;False;117;44;15409;43a3730df92bf34954a69566dbedbea436481562;35;noreply@github.com;simon.cooper@elastic.co
IndexRecoveryIT.java;MODIFY;1670.0;-5.0;Decreased;True;2023-11-23 09:10:10+00:00;False;117;44;15341;a9c286b25c418db997541b5cc697a2c7917ff966;146;noreply@github.com;me@obrown.io
IndexRecoveryIT.java;MODIFY;1672.0;2.0;Grew;True;2023-11-23 14:47:36+00:00;False;117;44;15257;cdc83ad29b02a1497bee50de271ff768800c3c76;410;noreply@github.com;me@obrown.io
IndexRecoveryIT.java;MODIFY;1672.0;0.0;Equal;True;2023-12-04 18:09:48+00:00;False;117;44;15237;143f4208d1bb6942a5be7054d074be970390523e;39;noreply@github.com;me@obrown.io
IndexRecoveryIT.java;MODIFY;1673.0;1.0;Grew;True;2023-12-11 22:07:26+00:00;False;117;44;15244;d47fee26644ad93a75c0a83a62c3eee14d349d0f;1;max.hniebergall@elastic.co;max.hniebergall@elastic.co
IndexRecoveryIT.java;MODIFY;1672.0;-1.0;Decreased;True;2023-12-18 10:53:27+00:00;False;117;44;15228;997fbb372cdec82eb803d32de5147dbccec21e64;21;noreply@github.com;ievgen.degtiarenko@elastic.co
IndexRecoveryIT.java;MODIFY;1674.0;2.0;Grew;True;2024-01-04 10:39:30+00:00;False;117;44;15239;785a0bf413eb4ff44f631654ad01e53dda2c61b7;1;noreply@github.com;pxsalehi@users.noreply.github.com
IndexRecoveryIT.java;MODIFY;1675.0;1.0;Grew;True;2024-02-05 10:38:39+00:00;False;117;44;15246;2a39c32fb0386581e51ac5126bf70d2a2e766d54;1;noreply@github.com;david.kyle@elastic.co
IndexRecoveryIT.java;MODIFY;1671.0;-4.0;Decreased;True;2024-02-09 17:16:21+00:00;False;116;44;15231;d9ffc592132eb595dce4362c867381acf3f419ec;17;noreply@github.com;nhat.nguyen@elastic.co
IndexRecoveryIT.java;MODIFY;1671.0;0.0;Equal;True;2024-03-31 19:49:30+00:00;False;116;44;15231;60d5083b5f1c632f01ddc0fc7271eebd52666f6e;106;noreply@github.com;me@obrown.io
IndexRecoveryIT.java;MODIFY;1672.0;1.0;Grew;True;2024-06-11 14:36:53+00:00;False;116;44;15203;74fa55e60328fe28666fb4b3fae5f87da10216d6;38;noreply@github.com;david.turner@elastic.co
IndexRecoveryIT.java;MODIFY;1670.0;-2.0;Decreased;True;2024-06-17 06:59:26+00:00;False;116;44;15195;14073d7b5677f546d09b48076adb2d9f4229d6c8;13;noreply@github.com;david.turner@elastic.co
IndexRecoveryIT.java;MODIFY;1670.0;0.0;Equal;True;2024-06-19 19:23:47+00:00;False;116;44;15197;b9e7965184efb6da6b06de56821db13911803c3a;87;noreply@github.com;810052+prdoyle@users.noreply.github.com
IndexRecoveryIT.java;MODIFY;1670.0;0.0;Equal;True;2024-06-19 22:10:50+00:00;False;116;44;15195;43b2e877e0b937d491745081479e6a1b2edf93cc;87;noreply@github.com;810052+prdoyle@users.noreply.github.com
IndexRecoveryIT.java;MODIFY;1670.0;0.0;Equal;True;2024-06-20 21:11:12+00:00;False;116;44;15205;5662f988b208718b8b3a1f1a1b0e549ac0a2d563;169;noreply@github.com;david.turner@elastic.co
IndexRecoveryIT.java;MODIFY;1672.0;2.0;Grew;True;2024-06-21 15:21:55+00:00;False;116;44;15223;b8b7101d15bed0521c31e9d0a2e8dffa26fc53ca;1;noreply@github.com;francisco.fernandez.castano@gmail.com
IndexRecoveryIT.java;MODIFY;1671.0;-1.0;Decreased;True;2024-06-24 15:20:11+00:00;False;116;44;15216;91747411a0dac011a3c343e2c2d3a1fc8824291d;1;noreply@github.com;ben.w.trent@gmail.com
IndexRecoveryIT.java;MODIFY;1671.0;0.0;Equal;True;2024-07-09 11:56:10+00:00;False;116;44;15224;5d26c67d22c5ecd9abd635908c8436d6cc85ef29;24;noreply@github.com;simon.cooper@elastic.co
IndexRecoveryIT.java;MODIFY;1668.0;-3.0;Decreased;True;2024-08-05 08:21:13+00:00;False;116;44;15211;bf7be8e23a8dd89bc8c36e82b812b728cddeb8f0;69;noreply@github.com;me@obrown.io
IndexRecoveryIT.java;MODIFY;1668.0;0.0;Equal;True;2024-09-10 07:17:09+00:00;False;116;44;15220;8f07d60c2cf0cc7ece801faee46acba2f4e0344f;357;noreply@github.com;david.turner@elastic.co
IndexRecoveryIT.java;MODIFY;1668.0;0.0;Equal;True;2024-09-13 22:29:46+00:00;False;116;44;15220;a59c182f9f7e9d1bf3d6eecbc0e44f24ff91d053;10208;portugee@gmail.com;portugee@gmail.com
IndexRecoveryIT.java;MODIFY;1734.0;66.0;Grew;True;2024-09-20 16:16:03+00:00;False;118;45;15829;33a73a8111fb7aa80667f56c4c1468dbb165c3af;6;noreply@github.com;david.turner@elastic.co
IndexRecoveryIT.java;MODIFY;1791.0;57.0;Grew;True;2024-09-24 14:47:29+00:00;False;121;47;16241;60713622a542ab2a32466e4484cc8d80ac81f231;5;noreply@github.com;david.turner@elastic.co
IndexRecoveryIT.java;MODIFY;1788.0;-3.0;Decreased;True;2024-12-09 20:30:14+00:00;False;121;47;16239;d614804731fc97c468d911ad6e462206103755f0;174;noreply@github.com;ben.w.trent@gmail.com
IndexRecoveryIT.java;MODIFY;1787.0;-1.0;Decreased;True;2024-12-10 23:05:27+00:00;False;121;47;16231;d213efd272f6ed5cece5d88fc09975f624303363;46;noreply@github.com;jim.ferenczi@elastic.co
IndexRecoveryIT.java;MODIFY;1787.0;0.0;Equal;True;2024-12-18 12:46:21+00:00;False;121;47;16231;ede1a7ab2af7156edd0e3cb6626cb9cbf8e858c4;32;noreply@github.com;javanna@apache.org
