file_name;change_type;n_loc;lines_balance;size_change;is_large;date;swapped_classification;complexity;methods;tokens;hash;files_on_commit;committer_email;author_email
Job.java;RENAME;not calculated;0.0;Equal;False;2018-04-20 22:29:54+00:00;False;not calculated;0;not calculated;2efd22454a62e7387c51eb0cd973e5ff7a3fb09f;3887;ryan@iernst.net;ryan@iernst.net
Job.java;MODIFY;937.0;0.0;Equal;False;2018-07-12 10:49:06+00:00;False;235;80;7201;2cfe703299a9955c6eef8a1d38774c9fc63f9dc0;10;noreply@github.com;dimitris@elastic.co
Job.java;MODIFY;929.0;-8.0;Decreased;False;2018-07-17 14:01:12+00:00;False;233;79;7135;99c2a82c04872fe09e98aa461e744718b91ac3f1;6;noreply@github.com;dave.roberts@elastic.co
Job.java;MODIFY;926.0;-3.0;Decreased;False;2018-07-26 15:55:40+00:00;False;237;79;7057;0afa265ac90277b0b21dc125da29181550b7e99e;36;noreply@github.com;dave.roberts@elastic.co
Job.java;MODIFY;914.0;-12.0;Decreased;False;2018-08-24 07:51:21+00:00;False;232;79;6969;f4e9729d647add3d42b5bdd091278dcb3af727af;174;noreply@github.com;jim.ferenczi@elastic.co
Job.java;MODIFY;868.0;-46.0;Decreased;False;2018-10-04 12:16:14+00:00;False;221;77;6544;ef5007b6d89fad848e8c0a706fdfda78f954c459;19;noreply@github.com;david.kyle@elastic.co
Job.java;MODIFY;868.0;0.0;Equal;False;2018-10-04 23:41:28+00:00;False;221;77;6530;4dacfa95d2a2e88cec7e9d9d80af5a39542397a8;31;noreply@github.com;dimitris@elastic.co
Job.java;MODIFY;868.0;0.0;Equal;False;2018-11-07 12:01:05+00:00;False;221;77;6530;8a85b2eadadc2307d30afd24e24c25b6dfb8d298;95;noreply@github.com;torokalpar@gmail.com
Job.java;MODIFY;869.0;1.0;Grew;False;2018-12-07 20:16:25+00:00;False;222;77;6559;7870ae81b151ca6bc189551362eae2a860e83253;6;noreply@github.com;dimitris@elastic.co
Job.java;MODIFY;869.0;0.0;Equal;False;2018-12-10 15:05:47+00:00;False;222;77;6559;891a37adaa4804dd2cc5fc060d864bb29e593efe;3;noreply@github.com;dimitris@elastic.co
Job.java;MODIFY;855.0;-14.0;Decreased;False;2018-12-18 17:45:31+00:00;False;222;76;6523;e294056bbf3ce579c41847d0bbe4a407f9f3f1cd;149;noreply@github.com;david.kyle@elastic.co
Job.java;MODIFY;855.0;0.0;Equal;False;2019-01-23 17:52:17+00:00;False;222;76;6517;169cb387784653262c8de13666772a4942edbecf;29;noreply@github.com;jason@tedor.me
Job.java;MODIFY;855.0;0.0;Equal;False;2019-01-28 09:38:46+00:00;False;222;76;6517;57d321ed5f030cb6f17dba01b9d62e67133fc6d8;7;noreply@github.com;dave.roberts@elastic.co
Job.java;MODIFY;865.0;10.0;Grew;False;2019-04-10 10:47:44+00:00;False;225;77;6605;fbed035ae31e0c1d8062c8a8cf96f2aeb8f99c1a;9;noreply@github.com;przemyslaw.witek@elastic.co
Job.java;MODIFY;841.0;-24.0;Decreased;False;2019-05-15 14:48:11+00:00;False;213;77;6369;4b28f5b57c0836b0cf99fe8351a41ddc21563972;26;noreply@github.com;JubBoy333@gmail.com
Job.java;MODIFY;841.0;0.0;Equal;False;2019-06-27 13:52:08+00:00;False;213;77;6367;46c7cd905f74a006caa9cd2fa27a44e8dd63e605;25;noreply@github.com;przemyslaw.witek@elastic.co
Job.java;MODIFY;841.0;0.0;Equal;False;2019-10-04 08:16:56+00:00;False;213;77;6367;d683b2060b1775a517778d7ac28adbe84d524336;5;noreply@github.com;dave.roberts@elastic.co
Job.java;MODIFY;874.0;33.0;Grew;False;2019-10-14 11:13:01+00:00;False;222;79;6615;fd83c18cc1c10f91a19acbeaa15b5dd862a29ca8;46;noreply@github.com;dave.roberts@elastic.co
Job.java;MODIFY;874.0;0.0;Equal;False;2019-10-14 21:10:07+00:00;False;222;79;6615;1c9e0bbf445f117be00a916c14c38994ae457e19;11;noreply@github.com;dave.roberts@elastic.co
Job.java;MODIFY;913.0;39.0;Grew;False;2020-04-28 19:56:46+00:00;False;232;81;6886;a74d8222598cb50ac590a4b3aeabbde83896d3be;9;noreply@github.com;dave.roberts@elastic.co
Job.java;MODIFY;881.0;-32.0;Decreased;False;2020-04-29 09:49:40+00:00;False;217;81;6619;e0f38896fd331d7ac53fcd53d05237371e5228cb;4;noreply@github.com;dave.roberts@elastic.co
Job.java;MODIFY;902.0;21.0;Grew;False;2020-05-05 11:55:50+00:00;False;226;84;6713;c99021cdcbff4d364adee7208b6204548a7c4c12;28;noreply@github.com;dave.roberts@elastic.co
Job.java;MODIFY;907.0;5.0;Grew;False;2020-06-05 12:32:35+00:00;False;228;85;6753;bbeda643a62c7e29caf59967538b837ae6d6495b;18;noreply@github.com;david.kyle@elastic.co
Job.java;MODIFY;899.0;-8.0;Decreased;False;2020-07-31 15:21:29+00:00;False;225;85;6696;6bc19756556f2b9364ada94b8eec1ad9866c3289;38;noreply@github.com;ed.savage@elastic.co
Job.java;MODIFY;909.0;10.0;Grew;False;2020-10-02 12:29:19+00:00;False;227;85;6783;7bd6e78dae67d550aef2bd1fa39314e86ad56f34;30;noreply@github.com;ben.w.trent@gmail.com
Job.java;MODIFY;908.0;-1.0;Decreased;False;2020-10-16 13:05:00+00:00;False;227;85;6769;71fbf2ccac75f8c80450d4ff835543360714d9be;40;noreply@github.com;ben.w.trent@gmail.com
Job.java;MODIFY;908.0;0.0;Equal;False;2020-10-20 15:28:29+00:00;False;227;85;6769;c1de07fa83fd0d9e3e307b20661386dfc2e2284d;30;noreply@github.com;ben.w.trent@gmail.com
Job.java;MODIFY;908.0;0.0;Equal;False;2021-01-12 16:40:55+00:00;False;227;85;6769;e71d2c0e56daf0011fec8b23bdc4af2789e774d1;9;noreply@github.com;ed.savage@elastic.co
Job.java;MODIFY;908.0;0.0;Equal;False;2021-02-03 00:10:53+00:00;False;227;85;6769;a92a647b9f17d1bddf5c707490a19482c273eda3;14916;portugee@gmail.com;portugee@gmail.com
Job.java;MODIFY;908.0;0.0;Equal;False;2021-02-03 21:40:49+00:00;False;227;85;6776;65501d0f254c8c71f03cd3733cc1a75eefe3a5bd;97;noreply@github.com;pugnascotia@users.noreply.github.com
Job.java;MODIFY;908.0;0.0;Equal;False;2021-06-08 16:53:28+00:00;False;227;85;6774;68817d7ca29c264b3ea3f766737d81e2ebb4028c;3142;noreply@github.com;ryan@elastic.co
Job.java;MODIFY;908.0;0.0;Equal;False;2021-06-08 20:32:14+00:00;False;227;85;6776;63012c8a40742829806b44cb6577b05d9ab25a83;1224;noreply@github.com;ryan@elastic.co
Job.java;MODIFY;841.0;-67.0;Decreased;False;2021-06-10 11:22:53+00:00;False;206;84;6294;4222fd96ce0b732a26c98740737695633ffe8ec9;6;noreply@github.com;ben.w.trent@gmail.com
Job.java;MODIFY;882.0;41.0;Grew;False;2021-06-14 15:56:28+00:00;False;221;86;6655;dc61a72c9e273ac348422c92ff5bac5da02bd604;37;noreply@github.com;dimitris@elastic.co
Job.java;MODIFY;874.0;-8.0;Decreased;False;2021-06-15 07:53:04+00:00;False;217;86;6579;6bc0916bb794ae342c80e82c780d508a7b326848;3;noreply@github.com;dimitris@elastic.co
Job.java;MODIFY;870.0;-4.0;Decreased;False;2021-06-15 13:54:45+00:00;False;216;86;6551;98943a28bef8a66014ce9a32ba37e0b8864b1d2c;1;noreply@github.com;dave.roberts@elastic.co
Job.java;MODIFY;931.0;61.0;Grew;False;2021-06-23 12:06:58+00:00;False;235;89;7064;0303e6d733de1f6d42dfd1cfcd3a6e9ef5a90665;25;noreply@github.com;ben.w.trent@gmail.com
Job.java;MODIFY;921.0;-10.0;Decreased;False;2021-07-12 18:39:20+00:00;False;231;89;6987;1946104577b86a61fec8937c2ff830e4e5622ab3;2;noreply@github.com;ben.w.trent@gmail.com
Job.java;MODIFY;924.0;3.0;Grew;False;2021-07-26 12:11:35+00:00;False;232;90;6999;cc25792390cf2ced5eb7ba51f628a70c9bf40616;6;noreply@github.com;ben.w.trent@gmail.com
Job.java;MODIFY;958.0;34.0;Grew;False;2021-07-29 13:27:03+00:00;False;241;92;7249;30d9f134368fcb3c253ca856c782ce1c66cbf38c;25;noreply@github.com;przemyslaw.witek@elastic.co
Job.java;MODIFY;948.0;-10.0;Decreased;False;2021-07-29 16:51:14+00:00;False;237;92;7174;fd6d966e44170c2e621d0501c9a94b76f62038c7;3;noreply@github.com;przemyslaw.witek@elastic.co
Job.java;MODIFY;937.0;-11.0;Decreased;False;2021-08-04 16:42:31+00:00;False;240;90;7145;7ac5ea39df86cbeffc92a6212008b78cf164acc0;19;noreply@github.com;dave.roberts@elastic.co
Job.java;MODIFY;925.0;-12.0;Decreased;False;2021-08-04 19:02:46+00:00;False;232;90;6999;b62ab7e078065802d098b9aa129af82c2af6f19c;4;noreply@github.com;dave.roberts@elastic.co
Job.java;MODIFY;925.0;0.0;Equal;False;2021-10-08 16:14:26+00:00;False;232;90;6989;20c9f756d28d116f0667e19a1b531aa80c55bde7;4956;noreply@github.com;62058229+ChrisHegarty@users.noreply.github.com
Job.java;MODIFY;1045.0;120.0;Grew;False;2021-10-27 15:19:51+00:00;False;232;90;6989;12ad399c488f0cc60e19b5e1b29c6d569cb4351a;10457;portugee@gmail.com;portugee@gmail.com
Job.java;MODIFY;1045.0;0.0;Equal;False;2021-12-02 09:57:29+00:00;False;232;90;6996;c1efe471fb7d91e0275882bf7339bc2ce04aff66;70;noreply@github.com;pugnascotia@users.noreply.github.com
Job.java;MODIFY;1068.0;23.0;Grew;True;2021-12-20 11:27:30+00:00;True;237;90;7221;a646f55c5729aec9f53e5de76f1b461f0f50996e;8;noreply@github.com;ed.savage@elastic.co
Job.java;MODIFY;1094.0;26.0;Grew;True;2022-01-10 17:04:18+00:00;False;240;90;7383;e8a46649c55931ef39bc73f1e702bbbdf00f64da;6;noreply@github.com;ed.savage@elastic.co
Job.java;MODIFY;1094.0;0.0;Equal;True;2022-01-27 18:57:00+00:00;False;240;90;7383;51c1f27b94d2e8bb55a76b07027a535267f895d6;59;noreply@github.com;artem.prigoda@elastic.co
Job.java;MODIFY;1094.0;0.0;Equal;True;2022-03-04 02:39:22+00:00;False;240;90;7383;ed5fc8bdb343fa27a23ccb2b91d6bf6bd28cc999;76;noreply@github.com;ryan@iernst.net
Job.java;MODIFY;1094.0;0.0;Equal;True;2022-10-10 09:24:15+00:00;False;240;90;7381;4c8847bdd4c31aa2ddb04b0d5eb7c2968696a316;68;noreply@github.com;me@obrown.io
Job.java;MODIFY;1094.0;0.0;Equal;True;2023-08-03 14:29:59+00:00;False;240;90;7387;ac68e54e8e6730cb0e7e323cd30338923d8edd8a;76;noreply@github.com;ed.savage@elastic.co
Job.java;MODIFY;1094.0;0.0;Equal;True;2023-09-04 10:46:54+00:00;False;240;90;7387;1e9c7f1d95598ed2be4a06953340f49d2fe22887;390;noreply@github.com;david.turner@elastic.co
Job.java;MODIFY;1094.0;0.0;Equal;True;2024-01-08 13:05:53+00:00;False;240;90;7387;af916a05494d134c965759815139711ec8518634;103;noreply@github.com;david.turner@elastic.co
Job.java;MODIFY;1097.0;3.0;Grew;True;2024-03-08 13:49:45+00:00;False;242;91;7414;24228cd6ea2f6966daab81b3fcec57c7ec8424cf;4;noreply@github.com;148754765+jan-elastic@users.noreply.github.com
Job.java;MODIFY;1086.0;-11.0;Decreased;True;2024-03-11 10:01:11+00:00;False;239;90;7344;be1cf31cf8b7dfaf0950fdc2eabdf703e42a1fd7;9;noreply@github.com;148754765+jan-elastic@users.noreply.github.com
Job.java;MODIFY;1097.0;11.0;Grew;True;2024-03-13 11:56:15+00:00;False;242;91;7414;426b6106567aa3b548a7f34737134654e2296c54;9;noreply@github.com;148754765+jan-elastic@users.noreply.github.com
Job.java;MODIFY;1086.0;-11.0;Decreased;True;2024-03-19 08:10:16+00:00;False;239;90;7344;5d7942dc6d415fb3be181c3be01eb9e5d962a822;9;noreply@github.com;148754765+jan-elastic@users.noreply.github.com
Job.java;MODIFY;1090.0;4.0;Grew;True;2024-10-14 15:32:29+00:00;False;239;90;7344;b0aa39fa671fffe04d4a5833bda8382a7f08eaa5;77;noreply@github.com;david.turner@elastic.co
