file_name;change_type;n_loc;lines_balance;size_change;is_large;date;swapped_classification;complexity;methods;tokens;hash;files_on_commit;committer_email;author_email
MachineLearningInfoTransportActionTests.java;RENAME;395;0.0;Equal;False;2019-06-24 06:28:24+00:00;False;24;18;4534;f666ceeb78d802f1fc99335e0837416110225ea5;72;noreply@github.com;ryan@iernst.net
MachineLearningInfoTransportActionTests.java;MODIFY;380;-15.0;Decreased;False;2019-06-25 13:01:35+00:00;False;23;17;4373;84a7b1cc6b4903b42c5d2a24be499bdf1385fe62;18;noreply@github.com;dave.roberts@elastic.co
MachineLearningInfoTransportActionTests.java;MODIFY;380;0.0;Equal;False;2019-06-26 15:58:35+00:00;False;23;17;4385;516b4b9e5f5677d0468b8924e247613961731373;149;noreply@github.com;ryan@elastic.co
MachineLearningInfoTransportActionTests.java;MODIFY;380;0.0;Equal;False;2019-07-15 13:00:20+00:00;False;23;17;4382;23943aeb398447492263d5c7a2bf32f5d5d09899;32;noreply@github.com;david.kyle@elastic.co
MachineLearningInfoTransportActionTests.java;MODIFY;409;29.0;Grew;False;2019-08-22 17:49:49+00:00;False;25;19;4672;041250446438d931101ff8feb56e2dfa9b0d564d;3;noreply@github.com;ben.w.trent@gmail.com
MachineLearningInfoTransportActionTests.java;MODIFY;513;104.0;Grew;False;2019-11-18 15:11:48+00:00;False;28;22;5879;680608164cba4976202c3d0b0bd7fc05f755db90;97;noreply@github.com;ben.w.trent@gmail.com
MachineLearningInfoTransportActionTests.java;MODIFY;513;0.0;Equal;False;2020-03-26 22:53:16+00:00;False;28;22;5881;32f46f2214808c0b2c2271bf977f2f08fe6d6fbc;18;noreply@github.com;stu@elastic.co
MachineLearningInfoTransportActionTests.java;MODIFY;513;0.0;Equal;False;2020-03-31 19:52:01+00:00;False;28;22;5881;95a7eed9aa35f47b228e402508709b5bd6703cf4;1779;noreply@github.com;jason@tedor.me
MachineLearningInfoTransportActionTests.java;MODIFY;513;0.0;Equal;False;2020-04-30 00:35:00+00:00;False;28;22;5906;316a2f14dbe7aedbffeee77b301ba7e03abd5cba;109;noreply@github.com;ryan@elastic.co
MachineLearningInfoTransportActionTests.java;MODIFY;545;32.0;Grew;False;2020-05-27 18:11:50+00:00;False;29;23;6375;4bfd07697fa350df5568f9bb177ff2a820cfe5da;2;noreply@github.com;dave.roberts@elastic.co
MachineLearningInfoTransportActionTests.java;MODIFY;545;0.0;Equal;False;2020-07-01 05:31:37+00:00;False;29;23;6375;d3912094f6923f4c6b55bc68a817a46c89a8ea3a;116;noreply@github.com;ryan@elastic.co
MachineLearningInfoTransportActionTests.java;MODIFY;545;0.0;Equal;False;2020-07-09 19:30:10+00:00;False;29;23;6373;8d8bd3df7c9f56995a13d8c27b515b4a45decaba;17;noreply@github.com;stu@elastic.co
MachineLearningInfoTransportActionTests.java;MODIFY;545;0.0;Equal;False;2020-07-13 16:37:46+00:00;False;29;23;6375;b87bb86d88dc6031adfae7fc7d64969ba978215b;37;noreply@github.com;tim@uncontended.net
MachineLearningInfoTransportActionTests.java;MODIFY;545;0.0;Equal;False;2020-07-14 19:25:36+00:00;False;29;23;6375;5d6a2dd35beff59db27f90aee77792dc5af7029f;33;noreply@github.com;ryan@elastic.co
MachineLearningInfoTransportActionTests.java;MODIFY;545;0.0;Equal;False;2021-02-03 00:10:53+00:00;False;29;23;6375;a92a647b9f17d1bddf5c707490a19482c273eda3;14916;portugee@gmail.com;portugee@gmail.com
MachineLearningInfoTransportActionTests.java;MODIFY;615;70.0;Grew;False;2021-02-24 13:45:26+00:00;False;33;23;7184;bbf81a2603f0f18d0f54bb1c2a619562dbc31c29;5;noreply@github.com;dimitris@elastic.co
MachineLearningInfoTransportActionTests.java;MODIFY;615;0.0;Equal;False;2021-06-08 16:53:28+00:00;False;33;23;7184;68817d7ca29c264b3ea3f766737d81e2ebb4028c;3142;noreply@github.com;ryan@elastic.co
MachineLearningInfoTransportActionTests.java;MODIFY;615;0.0;Equal;False;2021-10-08 16:14:26+00:00;False;33;23;7178;20c9f756d28d116f0667e19a1b531aa80c55bde7;4956;noreply@github.com;62058229+ChrisHegarty@users.noreply.github.com
MachineLearningInfoTransportActionTests.java;MODIFY;615;0.0;Equal;False;2021-10-15 16:25:24+00:00;False;33;23;7166;9c5f148624b1e1a6a4c627fe06c320eebf9c6f69;29;noreply@github.com;ryan@elastic.co
MachineLearningInfoTransportActionTests.java;MODIFY;614;-1.0;Decreased;False;2021-10-19 14:46:44+00:00;False;33;23;7154;fef1e4338bf51d5902b8064cee07cd7d40a59540;15;noreply@github.com;dave.roberts@elastic.co
MachineLearningInfoTransportActionTests.java;MODIFY;614;0.0;Equal;False;2021-10-21 12:57:27+00:00;False;33;23;7156;808b70d2f906892e0b27fe62367723b70a48c8ae;31;noreply@github.com;stu@elastic.co
MachineLearningInfoTransportActionTests.java;MODIFY;612;-2.0;Decreased;False;2021-10-21 14:47:49+00:00;False;33;23;7143;9b92926ed961f73ce95a185629c577dbca43fc14;7;noreply@github.com;dave.roberts@elastic.co
MachineLearningInfoTransportActionTests.java;MODIFY;612;0.0;Equal;False;2021-10-26 21:16:11+00:00;False;33;23;7143;f8d8702b881fb17a8f20269b6f3bdefc08ae41b9;315;noreply@github.com;ryan@elastic.co
MachineLearningInfoTransportActionTests.java;MODIFY;700;88.0;Grew;False;2021-10-27 15:19:51+00:00;False;33;23;7143;12ad399c488f0cc60e19b5e1b29c6d569cb4351a;10457;portugee@gmail.com;portugee@gmail.com
MachineLearningInfoTransportActionTests.java;MODIFY;769;69.0;Grew;False;2021-11-04 15:26:37+00:00;False;32;25;7757;4557d5f797ddb58b1862f2c845b09859e492faa8;4;noreply@github.com;benjamin.trent@elastic.co
MachineLearningInfoTransportActionTests.java;MODIFY;764;-5.0;Decreased;False;2021-11-09 21:09:47+00:00;False;32;25;7758;cf5f521fac9df06ddc3a7b87eaae9793d429d84c;18;noreply@github.com;benjamin.trent@elastic.co
MachineLearningInfoTransportActionTests.java;MODIFY;764;0.0;Equal;False;2021-11-10 15:23:25+00:00;False;32;25;7758;5627dc66e1864c4cba8ffbf59dbd03f467240813;24;noreply@github.com;benjamin.trent@elastic.co
MachineLearningInfoTransportActionTests.java;MODIFY;768;4.0;Grew;False;2021-12-15 07:47:39+00:00;False;32;25;7786;3851f3f75bda740465f870c6a3b4d0b30989e00c;28;noreply@github.com;dimitris@elastic.co
MachineLearningInfoTransportActionTests.java;MODIFY;803;35.0;Grew;False;2021-12-22 16:20:47+00:00;False;32;25;7964;14a63ac11570006080862279480c36a2598d896b;14;noreply@github.com;dimitris@elastic.co
MachineLearningInfoTransportActionTests.java;MODIFY;803;0.0;Equal;False;2021-12-22 17:43:04+00:00;False;32;25;7966;a2bc4854b562782a8a66eeacb23246d4d21a2b01;1527;noreply@github.com;62058229+ChrisHegarty@users.noreply.github.com
MachineLearningInfoTransportActionTests.java;MODIFY;700;-103.0;Decreased;False;2022-01-05 16:52:32+00:00;False;30;23;7301;08eb1a7a9415606e162ac69befeae1f8d5ddbae7;3;noreply@github.com;dimitris@elastic.co
MachineLearningInfoTransportActionTests.java;MODIFY;700;0.0;Equal;False;2022-01-10 12:32:04+00:00;False;30;23;7301;8765d2665bd376d16da50fb9852d9d7b30f1d168;2;noreply@github.com;dimitris@elastic.co
MachineLearningInfoTransportActionTests.java;MODIFY;759;59.0;Grew;False;2022-01-10 18:59:06+00:00;False;30;23;7504;74db5c11768fbe8cdd97c59f3576f701e2574e1d;2;noreply@github.com;dimitris@elastic.co
MachineLearningInfoTransportActionTests.java;MODIFY;765;6.0;Grew;False;2022-01-27 16:18:20+00:00;False;30;23;7516;c1fbf87de821004043ef355ee5849b404bfa9d9d;12;noreply@github.com;david.kyle@elastic.co
MachineLearningInfoTransportActionTests.java;MODIFY;771;6.0;Grew;False;2022-03-08 11:06:36+00:00;False;30;23;7532;27ae82139a751748e726eb9c340ad4bbeb399993;12;noreply@github.com;david.kyle@elastic.co
MachineLearningInfoTransportActionTests.java;MODIFY;771;0.0;Equal;False;2022-04-18 15:35:10+00:00;False;30;23;7532;25d1afbe6fcce954444f385ae79ce241041a1ffa;66;noreply@github.com;ben.w.trent@gmail.com
MachineLearningInfoTransportActionTests.java;MODIFY;775;4.0;Grew;False;2022-07-18 13:19:01+00:00;False;30;23;7552;afa28d49b4698de06134016f552e977c6ebfffa6;28;noreply@github.com;ben.w.trent@gmail.com
MachineLearningInfoTransportActionTests.java;MODIFY;775;0.0;Equal;False;2022-07-19 06:03:26+00:00;False;30;23;7552;6d0fe1be6157972445eae7335e4d94a2034f11a5;120;noreply@github.com;58790826+elasticsearchmachine@users.noreply.github.com
MachineLearningInfoTransportActionTests.java;MODIFY;779;4.0;Grew;False;2022-07-26 16:53:43+00:00;False;29;23;7558;15e7b06b79442d54a30b189db70ffdedbaf263e2;19;noreply@github.com;dave.roberts@elastic.co
MachineLearningInfoTransportActionTests.java;MODIFY;781;2.0;Grew;False;2022-09-29 11:18:27+00:00;False;29;23;7566;17579ae1af2ede9a99022fd35896d10bee94b16e;11;noreply@github.com;david.kyle@elastic.co
MachineLearningInfoTransportActionTests.java;MODIFY;783;2.0;Grew;False;2022-11-04 12:22:30+00:00;False;29;23;7591;4e67df8b0512ceb63f529539ed78d27c707a737b;42;noreply@github.com;dimitris@elastic.co
MachineLearningInfoTransportActionTests.java;MODIFY;792;9.0;Grew;False;2023-04-11 13:28:54+00:00;False;29;23;7595;d704f21ef9a54ee504221879a47c98b628383d5a;79;noreply@github.com;david.kyle@elastic.co
MachineLearningInfoTransportActionTests.java;MODIFY;793;1.0;Grew;False;2023-05-02 07:15:21+00:00;False;29;23;7600;bd208ead73d94a6c1ccec20dcf28323c9579aac9;119;noreply@github.com;simon.cooper@elastic.co
MachineLearningInfoTransportActionTests.java;MODIFY;789;-4.0;Decreased;False;2023-05-04 10:01:48+00:00;False;29;23;7576;7260812a6c50ca38c603aac0263cc0643c86f072;111;noreply@github.com;simon.cooper@elastic.co
MachineLearningInfoTransportActionTests.java;MODIFY;789;0.0;Equal;False;2023-06-01 14:23:56+00:00;False;29;23;7576;ff9c0aab378e6c8f49310190169365b1615ba361;269;noreply@github.com;simon.cooper@elastic.co
MachineLearningInfoTransportActionTests.java;MODIFY;944;155.0;Grew;False;2023-07-20 11:34:37+00:00;False;34;26;9737;067f5d3e9b9cef3caa22826d804a844cd40a8b00;5;noreply@github.com;dave.roberts@elastic.co
MachineLearningInfoTransportActionTests.java;MODIFY;944;0.0;Equal;False;2023-07-24 12:30:58+00:00;False;34;26;9742;29f5b64a161be94f303609c7e79b556a151b2760;66;noreply@github.com;david.turner@elastic.co
MachineLearningInfoTransportActionTests.java;MODIFY;949;5.0;Grew;False;2023-09-08 17:21:53+00:00;False;34;26;9769;df38bc8a84a7a47d98d16680f898596edb039122;123;noreply@github.com;dianna.hohensee@elastic.co
MachineLearningInfoTransportActionTests.java;MODIFY;944;-5.0;Decreased;False;2023-09-08 17:40:21+00:00;False;34;26;9742;7433b5122c2d092fea60d802c8a7ed293e6a6bea;123;dianna.hohensee@elastic.co;dianna.hohensee@elastic.co
MachineLearningInfoTransportActionTests.java;MODIFY;949;5.0;Grew;False;2023-09-08 21:12:40+00:00;False;34;26;9769;f69c5b146006aad99564809f7871c7637551ff49;123;noreply@github.com;dianna.hohensee@elastic.co
MachineLearningInfoTransportActionTests.java;MODIFY;1000;51.0;Grew;False;2023-11-13 07:50:15+00:00;False;35;27;10341;2e95b992b2ec98b2dcfafba10d8dff86770f664f;4;noreply@github.com;148754765+jan-elastic@users.noreply.github.com
MachineLearningInfoTransportActionTests.java;MODIFY;1007;7.0;Grew;False;2023-12-14 12:45:41+00:00;False;35;27;10343;133008bfc50f6af703e6bea7f9b8691666c3aee5;23;noreply@github.com;aurelien.foucret@gmail.com
MachineLearningInfoTransportActionTests.java;MODIFY;1009;2.0;Grew;False;2024-07-09 09:51:44+00:00;False;35;27;10347;4cfe6cc2cdeeb7ed8d9bbbe7f744f28fd7c3f58f;72;noreply@github.com;148754765+jan-elastic@users.noreply.github.com
MachineLearningInfoTransportActionTests.java;MODIFY;1002;-7.0;Decreased;False;2024-08-29 15:30:16+00:00;False;35;27;10345;e966d0d9da74cb24c97a17d174f1b65324411e2b;8;noreply@github.com;aurelien.foucret@gmail.com
MachineLearningInfoTransportActionTests.java;MODIFY;1069;67.0;Grew;True;2024-09-23 15:08:46+00:00;True;36;28;10900;884196ced3599cd96baf6c6cafb05e3a28a6d198;8;noreply@github.com;david.kyle@elastic.co
MachineLearningInfoTransportActionTests.java;MODIFY;1069;0.0;Equal;True;2024-10-28 14:34:57+00:00;False;36;28;10860;15a3a4e353ff136c9f543c5b9fc6fca0631acb2a;57;noreply@github.com;ryan@iernst.net
