file_name;change_type;n_loc;lines_balance;size_change;is_large;date;swapped_classification;complexity;methods;tokens;hash;files_on_commit;committer_email;author_email
ResultSetTestCase.java;RENAME;1773;0.0;Grew;True;2020-05-22 13:52:41+00:00;True;122;79;18264;c09f4a04484b8a43934fe58fbc41bd90b7dbcc76;202;noreply@github.com;matriv@gmail.com
ResultSetTestCase.java;MODIFY;1735;-38.0;Decreased;True;2021-01-28 23:16:44+00:00;False;123;80;18209;17e4c91810099f1ad3c9ddd68da444032ed656b6;1;noreply@github.com;andras.palinkas@elastic.co
ResultSetTestCase.java;MODIFY;1929;194.0;Grew;True;2021-01-29 10:07:29+00:00;False;135;91;19714;bbf3cbfcfa4886086e22256dc4e1bd0b85c54deb;92;noreply@github.com;matriv@gmail.com
ResultSetTestCase.java;MODIFY;1931;2.0;Grew;True;2021-01-29 10:35:59+00:00;False;136;91;19726;551beff1f235cf40bbcb879f5c58f4bf747bb416;1;matriv@gmail.com;matriv@users.noreply.github.com
ResultSetTestCase.java;MODIFY;1931;0.0;Equal;True;2021-01-29 11:13:04+00:00;False;137;91;19730;9b8de64e8d2151332a1dd543a103a5dd08be0df1;1;matriv@gmail.com;matriv@users.noreply.github.com
ResultSetTestCase.java;MODIFY;1931;0.0;Grew;True;2021-02-03 00:10:53+00:00;False;137;91;19730;a92a647b9f17d1bddf5c707490a19482c273eda3;14916;portugee@gmail.com;portugee@gmail.com
ResultSetTestCase.java;MODIFY;1931;0.0;Equal;True;2021-02-08 15:38:22+00:00;False;137;91;19728;9c7fe876a227ddb264f938015deff25f6490c268;87;noreply@github.com;pugnascotia@users.noreply.github.com
ResultSetTestCase.java;MODIFY;1931;0.0;Equal;True;2021-06-04 07:35:07+00:00;False;137;91;19728;aba22825112da75fc8991443fd0645957142f2d3;16;noreply@github.com;przemyslaw.gomulka@elastic.co
ResultSetTestCase.java;MODIFY;1931;0.0;Equal;True;2021-06-08 16:53:28+00:00;False;137;91;19726;68817d7ca29c264b3ea3f766737d81e2ebb4028c;3142;noreply@github.com;ryan@elastic.co
ResultSetTestCase.java;MODIFY;1931;0.0;Equal;True;2021-10-08 16:14:26+00:00;False;137;91;19722;20c9f756d28d116f0667e19a1b531aa80c55bde7;4956;noreply@github.com;62058229+ChrisHegarty@users.noreply.github.com
ResultSetTestCase.java;MODIFY;1934;3.0;Grew;True;2021-10-11 20:44:26+00:00;False;138;92;19742;61ed2e7515a3a2512be37b729ac67a38c56e80f8;10;noreply@github.com;ryan@elastic.co
ResultSetTestCase.java;MODIFY;1951;17.0;Grew;True;2021-10-27 15:19:51+00:00;False;138;92;19742;12ad399c488f0cc60e19b5e1b29c6d569cb4351a;10457;portugee@gmail.com;portugee@gmail.com
ResultSetTestCase.java;MODIFY;2143;192.0;Grew;True;2022-02-03 19:07:00+00:00;False;165;105;21905;67c98e9f3d034426e790b90ef3039e1be30dd200;82;noreply@github.com;bogdan.pintea@elastic.co
ResultSetTestCase.java;MODIFY;2143;0.0;Equal;True;2022-03-31 11:00:57+00:00;False;165;105;21905;660d9f75a9416e66e73342f8f0e81832c40beebe;88;noreply@github.com;martijn.v.groningen@gmail.com
ResultSetTestCase.java;MODIFY;2195;52.0;Grew;True;2022-06-09 06:43:23+00:00;False;169;107;22406;79b0078b0dfaeba83a68ccc8c9e39701b2f231e3;51;noreply@github.com;luigi.dellaquila@gmail.com
ResultSetTestCase.java;MODIFY;2143;-52.0;Decreased;True;2022-06-09 07:34:26+00:00;False;165;105;21905;3dc4176a1ad8096ab953a92e78cd795800343a8a;51;luigi.dellaquila@gmail.com;luigi.dellaquila@gmail.com
ResultSetTestCase.java;MODIFY;2195;52.0;Grew;True;2022-06-23 06:54:20+00:00;False;169;107;22406;62f27f50ed4cbc6830687b5fa6ab711261943bd5;53;noreply@github.com;luigi.dellaquila@gmail.com
ResultSetTestCase.java;MODIFY;2195;0.0;Equal;True;2023-09-25 09:37:06+00:00;False;169;107;22396;58268ed2c87fb086a46a670591d559ce2072191d;1;noreply@github.com;bogdan.pintea@elastic.co
ResultSetTestCase.java;MODIFY;2199;4.0;Grew;True;2024-02-23 16:43:26+00:00;False;168;106;22372;bc47d185992d07c596469600b2592684885dbffe;21;noreply@github.com;simon.cooper@elastic.co
ResultSetTestCase.java;MODIFY;2204;5.0;Grew;True;2024-03-04 17:23:48+00:00;False;168;106;22396;6f87bd379f653ab34d912d68d123eca7bfae4060;5;noreply@github.com;56361221+jonathan-buttner@users.noreply.github.com
ResultSetTestCase.java;MODIFY;2204;0.0;Equal;True;2024-10-14 15:32:29+00:00;False;168;106;22396;b0aa39fa671fffe04d4a5833bda8382a7f08eaa5;77;noreply@github.com;david.turner@elastic.co
