file_name;change_type;n_loc;lines_balance;size_change;is_large;date;swapped_classification;complexity;methods;tokens;hash;files_on_commit;committer_email;author_email
SamlRealmTests.java;RENAME;516;0.0;Equal;False;2018-04-20 22:29:54+00:00;False;not calculated;0;not calculated;2efd22454a62e7387c51eb0cd973e5ff7a3fb09f;3887;ryan@iernst.net;ryan@iernst.net
SamlRealmTests.java;MODIFY;516;0.0;Equal;False;2018-05-29 16:11:09+00:00;False;44;20;5578;a8faf9768adb1c8a7426ceea59b776c977beaba8;231;noreply@github.com;ikakavas@protonmail.com
SamlRealmTests.java;MODIFY;516;0.0;Equal;False;2018-06-12 09:23:40+00:00;False;44;20;5608;b2e48c9fa7b67cb7bbea0d72500332baa2459b92;11;noreply@github.com;ikakavas@protonmail.com
SamlRealmTests.java;MODIFY;524;8.0;Grew;False;2018-07-17 07:54:10+00:00;False;44;20;5652;9e529d9d584ae6f6978ac09056b73d9ccdde4a3c;72;noreply@github.com;ikakavas@protonmail.com
SamlRealmTests.java;MODIFY;575;51.0;Grew;False;2018-08-31 03:25:27+00:00;False;51;23;6189;273c82d7c9d70f3378c3e2dafcd2fab851c4308f;37;noreply@github.com;tim@adjective.org
SamlRealmTests.java;MODIFY;591;16.0;Grew;False;2018-11-06 03:56:50+00:00;False;53;24;6367;574ec6686ed5edfbc9876356d8e8c53aff107289;136;noreply@github.com;tim@adjective.org
SamlRealmTests.java;MODIFY;591;0.0;Equal;False;2018-11-08 01:57:42+00:00;False;53;24;6367;7d052578969cb3f16200cbec9d8837b795bfaaff;10;noreply@github.com;tim@adjective.org
SamlRealmTests.java;MODIFY;621;30.0;Grew;False;2018-11-27 06:18:18+00:00;False;55;25;6842;998c663f0d497ba6fe5d4e848ac192bcb90b491a;1;noreply@github.com;ikakavas@protonmail.com
SamlRealmTests.java;MODIFY;622;1.0;Grew;False;2019-01-14 21:06:22+00:00;False;55;25;6840;f3edbe291146d92888087c6458a08d2e4cbb602d;63;noreply@github.com;jaymode@users.noreply.github.com
SamlRealmTests.java;MODIFY;640;18.0;Grew;False;2019-05-07 23:05:58+00:00;False;58;26;6998;96bf049ef37714c3044bc85894c094efb0005cfe;32;jason@tedor.me;jaymode@users.noreply.github.com
SamlRealmTests.java;MODIFY;641;1.0;Grew;False;2019-06-04 22:21:20+00:00;False;58;26;6998;ed1d3d7a33991280bda25d17d9afaae3be59e5da;7;noreply@github.com;jason@tedor.me
SamlRealmTests.java;MODIFY;641;0.0;Equal;False;2019-07-22 17:13:32+00:00;False;58;26;6998;3b7b0256907961307eda4d3c6aa6ed77e1ee3f1c;9;noreply@github.com;ioannis@elastic.co
SamlRealmTests.java;MODIFY;656;15.0;Grew;False;2019-08-25 15:00:33+00:00;False;64;27;7178;13179b28cc8d4ffd16afda4188943e36e7962aa5;24;noreply@github.com;ioannis@elastic.co
SamlRealmTests.java;MODIFY;657;1.0;Grew;False;2019-11-07 16:51:48+00:00;False;64;27;7185;eb3c57b8ebf9d151eba884cd61e1c6cb3e037049;18;noreply@github.com;tim@adjective.org
SamlRealmTests.java;MODIFY;656;-1.0;Decreased;False;2020-01-06 04:45:20+00:00;False;64;27;7174;b14b4a77e50984f16178809132f231b3450070f8;42;noreply@github.com;tim.vernum@elastic.co
SamlRealmTests.java;MODIFY;656;0.0;Equal;False;2020-01-14 01:41:31+00:00;False;64;27;7176;75b68fa55e05a781612349fb90e18ed3cb50774e;34;noreply@github.com;tim.vernum@elastic.co
SamlRealmTests.java;MODIFY;666;10.0;Grew;False;2020-01-28 06:59:54+00:00;False;64;27;7281;83a819ab63ea362e1cc55cfed3786ebd2918820e;55;noreply@github.com;yang.wang@elastic.co
SamlRealmTests.java;MODIFY;666;0.0;Equal;False;2020-03-31 19:52:01+00:00;False;64;27;7281;95a7eed9aa35f47b228e402508709b5bd6703cf4;1779;noreply@github.com;jason@tedor.me
SamlRealmTests.java;MODIFY;667;1.0;Grew;False;2020-04-17 19:20:26+00:00;False;64;27;7295;62719221a5838df31cafc6db3fc69f4e043c73eb;37;noreply@github.com;ryan@elastic.co
SamlRealmTests.java;MODIFY;668;1.0;Grew;False;2020-04-23 22:39:01+00:00;False;64;27;7309;999ebbd7ef1bad1d7f4855795558693ebd3bfbd3;53;noreply@github.com;ryan@elastic.co
SamlRealmTests.java;MODIFY;668;0.0;Equal;False;2020-06-29 00:28:11+00:00;False;64;27;7316;e9661558e748582c26e7581e085901fdc82406c2;25;noreply@github.com;yang.wang@elastic.co
SamlRealmTests.java;MODIFY;668;0.0;Equal;False;2020-07-01 05:31:37+00:00;False;64;27;7316;d3912094f6923f4c6b55bc68a817a46c89a8ea3a;116;noreply@github.com;ryan@elastic.co
SamlRealmTests.java;MODIFY;671;3.0;Grew;False;2020-12-23 19:00:49+00:00;False;64;27;7343;bd873698bceec01e3860c9544bce80f645a1f704;177;noreply@github.com;ioannis@elastic.co
SamlRealmTests.java;MODIFY;671;0.0;Equal;False;2021-02-03 00:10:53+00:00;False;64;27;7343;a92a647b9f17d1bddf5c707490a19482c273eda3;14916;portugee@gmail.com;portugee@gmail.com
SamlRealmTests.java;MODIFY;671;0.0;Equal;False;2021-06-07 15:14:44+00:00;False;64;27;7343;64054de1acf3b3304eeac669e811bd1dd73ba04b;47;noreply@github.com;ryan@elastic.co
SamlRealmTests.java;MODIFY;671;0.0;Equal;False;2021-06-08 16:53:28+00:00;False;64;27;7341;68817d7ca29c264b3ea3f766737d81e2ebb4028c;3142;noreply@github.com;ryan@elastic.co
SamlRealmTests.java;MODIFY;674;3.0;Grew;False;2021-07-08 22:53:20+00:00;False;64;27;7362;063a1f2d30d041f14e982f50bfdbdb6251123b9a;17;noreply@github.com;35386883+BigPandaToo@users.noreply.github.com
SamlRealmTests.java;MODIFY;677;3.0;Grew;False;2021-07-21 18:58:39+00:00;False;64;27;7378;123a06f588cb55f1157a7c4543c4a344a6743c73;79;noreply@github.com;pugnascotia@users.noreply.github.com
SamlRealmTests.java;MODIFY;677;0.0;Equal;False;2021-08-05 01:58:34+00:00;False;64;27;7376;b371463ac2b9709cd4c83e644db0665ba08ef25e;29;noreply@github.com;tim.vernum@elastic.co
SamlRealmTests.java;MODIFY;676;-1.0;Decreased;False;2021-08-09 06:36:01+00:00;False;64;27;7362;fed790e4e4b71db7c02fe05016c236e9ea4cbbab;127;noreply@github.com;ioannis@elastic.co
SamlRealmTests.java;MODIFY;676;0.0;Equal;False;2021-08-20 00:31:02+00:00;False;64;27;7362;76a684ad322ddb8da2f20862e8050aa4ad148a37;67;noreply@github.com;tim.vernum@elastic.co
SamlRealmTests.java;MODIFY;673;-3.0;Decreased;False;2021-08-23 15:35:04+00:00;False;64;27;7341;3a8586b596b52e567336035e77b7739722d295a8;2;noreply@github.com;35386883+BigPandaToo@users.noreply.github.com
SamlRealmTests.java;MODIFY;675;2.0;Grew;False;2021-09-21 05:28:54+00:00;False;64;27;7334;22c77f9fdbca096850a1146d2da1010f8f180541;23;noreply@github.com;tim.vernum@elastic.co
SamlRealmTests.java;MODIFY;675;0.0;Equal;False;2021-09-22 08:15:34+00:00;False;64;27;7334;e73d16dc20cf50a5215ee8ff8cccfcbd2f0c1a7e;146;noreply@github.com;tim.vernum@elastic.co
SamlRealmTests.java;MODIFY;675;0.0;Equal;False;2021-10-18 16:16:40+00:00;False;64;27;7334;444d7caa9a7993b9cf5a8f3ea983896d7d580423;11;noreply@github.com;ryan@elastic.co
SamlRealmTests.java;MODIFY;676;1.0;Grew;False;2021-10-26 03:02:18+00:00;False;64;27;7355;7d21e3c6510b32807924063d791229d4fece16ac;51;noreply@github.com;yang.wang@elastic.co
SamlRealmTests.java;MODIFY;676;0.0;Equal;False;2021-10-26 21:16:11+00:00;False;64;27;7355;f8d8702b881fb17a8f20269b6f3bdefc08ae41b9;315;noreply@github.com;ryan@elastic.co
SamlRealmTests.java;MODIFY;804;128.0;Grew;False;2021-10-27 15:19:51+00:00;False;64;27;7355;12ad399c488f0cc60e19b5e1b29c6d569cb4351a;10457;portugee@gmail.com;portugee@gmail.com
SamlRealmTests.java;MODIFY;787;-17.0;Decreased;False;2022-03-28 19:46:59+00:00;False;61;26;7217;0832232b997fa0e50f8dcf1911307a2e8771a77f;36;noreply@github.com;ryan@iernst.net
SamlRealmTests.java;MODIFY;787;0.0;Equal;False;2022-05-26 09:21:35+00:00;False;61;26;7218;43b69b6f704da5b0a41f1785635f2c894bd9d2e5;139;noreply@github.com;przemyslaw.gomulka@elastic.co
SamlRealmTests.java;MODIFY;852;65.0;Grew;False;2022-10-25 17:30:07+00:00;False;62;27;7918;e5cdf697d60222c3d3213bbfe2d7f269eb9a9610;4;noreply@github.com;89857999+justincr-elastic@users.noreply.github.com
SamlRealmTests.java;MODIFY;1008;156.0;Grew;False;2023-02-16 06:32:01+00:00;False;74;34;9084;34c270c0231e0968b16031282a2862e8507b460a;22;noreply@github.com;tim@adjective.org
SamlRealmTests.java;MODIFY;1008;0.0;Equal;False;2023-07-03 12:24:57+00:00;False;74;34;9080;63e64ae61b867d5309a3a999861b51bffb3bf730;117;noreply@github.com;me@obrown.io
SamlRealmTests.java;MODIFY;1141;133.0;Grew;True;2023-12-07 07:55:46+00:00;True;86;43;9991;077b47db3703323fe4cdfa07ba7dbfda3380c491;4;noreply@github.com;109296772+jfreden@users.noreply.github.com
SamlRealmTests.java;MODIFY;1211;70.0;Grew;True;2024-02-14 13:49:36+00:00;False;98;47;10553;4f070200849ed425d6e5471fc961734b29cb3e20;8;noreply@github.com;slobodanadamovic@users.noreply.github.com
SamlRealmTests.java;MODIFY;1213;2.0;Grew;True;2024-04-23 06:21:53+00:00;False;98;47;10565;d7733c06e02582de67da8eddc8509a0842e09105;96;noreply@github.com;david.turner@elastic.co
