file_name;change_type;n_loc;lines_balance;size_change;is_large;date;swapped_classification;complexity;methods;tokens;hash;files_on_commit;committer_email;author_email
SnapshotBasedIndexRecoveryIT.java;RENAME;1165;0.0;Grew;True;2021-10-26 18:29:53+00:00;True;72;35;9335;8430a58a6965cd943a2b07a497f6213de4232ea4;27;noreply@github.com;francisco.fernandez.castano@gmail.com
SnapshotBasedIndexRecoveryIT.java;MODIFY;1167;2.0;Grew;True;2021-10-28 08:59:25+00:00;False;72;35;9372;28a0ab8f2b8fcf08d599f1f473cb6d02415dbc7d;1;noreply@github.com;francisco.fernandez.castano@gmail.com
SnapshotBasedIndexRecoveryIT.java;MODIFY;1183;16.0;Grew;True;2021-11-29 10:12:14+00:00;False;72;35;9476;5cb5d921b68f41b0c4a559f2360dcb78f666ac61;2;noreply@github.com;francisco.fernandez.castano@gmail.com
SnapshotBasedIndexRecoveryIT.java;MODIFY;1182;-1.0;Decreased;True;2022-01-10 08:53:35+00:00;False;72;35;9476;0699c9351f1439e246d408fd6538deafde4087b6;720;noreply@github.com;artem.prigoda@elastic.co
SnapshotBasedIndexRecoveryIT.java;MODIFY;1235;53.0;Grew;True;2022-03-12 15:03:07+00:00;False;72;35;9776;74495e9ed108bc292192d7bd7cfcc8f1a57ace8f;3;noreply@github.com;david.turner@elastic.co
SnapshotBasedIndexRecoveryIT.java;MODIFY;1385;150.0;Grew;True;2022-09-30 12:47:14+00:00;False;83;41;11032;ac4e85e1227bff2fae08173ff56763d40e2b5330;7;noreply@github.com;francisco.fernandez.castano@gmail.com
SnapshotBasedIndexRecoveryIT.java;MODIFY;1386;1.0;Grew;True;2022-10-05 09:56:22+00:00;False;83;41;11039;59913e3ba64a44a6c0457f202c2a38867f1a1a28;1;noreply@github.com;francisco.fernandez.castano@gmail.com
SnapshotBasedIndexRecoveryIT.java;MODIFY;1394;8.0;Grew;True;2022-11-04 15:25:52+00:00;False;83;41;11071;0b689b744a303b9413cb6133fa64112e2ed90b0b;1;noreply@github.com;francisco.fernandez.castano@gmail.com
SnapshotBasedIndexRecoveryIT.java;MODIFY;1299;-95.0;Decreased;True;2023-02-28 12:23:49+00:00;False;83;41;10604;2819b1152300c7f9ebc7a9b2904465b42f1d5643;78;noreply@github.com;me@obrown.io
SnapshotBasedIndexRecoveryIT.java;MODIFY;1293;-6.0;Decreased;True;2023-03-01 13:59:37+00:00;False;83;41;10581;0cec731eabd2ab1af343e95445b2eeb8f0f14744;74;noreply@github.com;me@obrown.io
SnapshotBasedIndexRecoveryIT.java;MODIFY;1293;0.0;Equal;True;2023-03-08 09:15:14+00:00;False;83;41;10581;b27b1fdfb0d74e63dcc9fdd96e662cd961b77bf4;10;noreply@github.com;me@obrown.io
SnapshotBasedIndexRecoveryIT.java;MODIFY;1290;-3.0;Decreased;True;2023-03-09 19:41:25+00:00;False;83;41;10532;17932263c67bde578bb5bfab518b49824c5e4666;18;noreply@github.com;me@obrown.io
SnapshotBasedIndexRecoveryIT.java;MODIFY;1254;-36.0;Decreased;True;2023-04-28 09:18:07+00:00;False;83;41;10328;c41bda9e3a180a5d80cbdb3a863197b872ce8f56;48;noreply@github.com;me@obrown.io
SnapshotBasedIndexRecoveryIT.java;MODIFY;1309;55.0;Grew;True;2023-05-30 09:45:22+00:00;False;85;42;10740;651ec81d04b7c5dc7d4d1a7b649d2a3c4d3beb4e;4;noreply@github.com;david.turner@elastic.co
SnapshotBasedIndexRecoveryIT.java;MODIFY;1310;1.0;Grew;True;2023-05-30 11:16:40+00:00;False;85;42;10747;dd4641d1e85a56032a4406ba8183a44ecde6d697;1;david.turner@elastic.co;david.turner@elastic.co
SnapshotBasedIndexRecoveryIT.java;MODIFY;1342;32.0;Grew;True;2023-05-30 16:46:53+00:00;False;86;42;10923;ad463c90a4132325698b381d2d87c4c963c55a7b;1;noreply@github.com;david.turner@elastic.co
SnapshotBasedIndexRecoveryIT.java;MODIFY;1341;-1.0;Decreased;True;2023-06-06 07:17:53+00:00;False;86;42;10916;6ffb71c754527f9194d797760e4b9019a4ff206b;1;noreply@github.com;david.turner@elastic.co
SnapshotBasedIndexRecoveryIT.java;MODIFY;1378;37.0;Grew;True;2023-06-06 13:00:43+00:00;False;88;43;11310;c76ad03ce8e2add7fb65efc8c6309c6f766628ab;3;noreply@github.com;david.turner@elastic.co
SnapshotBasedIndexRecoveryIT.java;MODIFY;1387;9.0;Grew;True;2023-06-07 07:20:58+00:00;False;88;43;11343;f9e3b72204b80b1067697be484976f8db9908776;1;noreply@github.com;david.turner@elastic.co
SnapshotBasedIndexRecoveryIT.java;MODIFY;1388;1.0;Grew;True;2023-06-07 11:14:29+00:00;False;88;43;11350;5b3f9e23137155398fadb12d09406a4cd2573774;1;david.turner@elastic.co;david.turner@elastic.co
SnapshotBasedIndexRecoveryIT.java;MODIFY;1393;5.0;Grew;True;2023-06-07 14:17:48+00:00;False;89;43;11381;ec40b2896dfaebdf38b4295b146038c914ceeffe;1;noreply@github.com;david.turner@elastic.co
SnapshotBasedIndexRecoveryIT.java;MODIFY;1391;-2.0;Decreased;True;2023-06-20 11:32:59+00:00;False;89;43;11333;3f8ee82ef8eeef36c3e9976eb5c94794d5aa0543;328;noreply@github.com;me@obrown.io
SnapshotBasedIndexRecoveryIT.java;MODIFY;1387;-4.0;Decreased;True;2023-06-22 12:27:23+00:00;False;89;43;11261;dd7d381922f145f677ec5f545c2eab5a6f4b5d9a;203;noreply@github.com;me@obrown.io
SnapshotBasedIndexRecoveryIT.java;MODIFY;1396;9.0;Grew;True;2023-06-26 11:16:21+00:00;False;90;43;11318;657efd5aa113d7abab8c10b7ebf388a4acfeb3d8;1;noreply@github.com;tlrx.dev@gmail.com
SnapshotBasedIndexRecoveryIT.java;MODIFY;1391;-5.0;Decreased;True;2023-08-24 06:41:05+00:00;False;90;43;11294;ef4f44ba9b879a6e3bbe033e5bdebb4a5e794896;1;noreply@github.com;ievgen.degtiarenko@elastic.co
SnapshotBasedIndexRecoveryIT.java;MODIFY;1392;1.0;Grew;True;2023-10-02 10:37:08+00:00;False;90;43;11324;5628392fa517543ccbd1740b2cdf65dd27d531f2;65;noreply@github.com;yang.wang@elastic.co
SnapshotBasedIndexRecoveryIT.java;MODIFY;1390;-2.0;Decreased;True;2023-10-20 10:18:58+00:00;False;90;43;11320;1eda6ac74b50133b6c1f027b59b476ff9220dfb3;263;noreply@github.com;david.turner@elastic.co
SnapshotBasedIndexRecoveryIT.java;MODIFY;1368;-22.0;Decreased;True;2023-10-27 08:54:52+00:00;False;90;43;11246;acdb46869a5f23cfd295de1c8ada7b7ac1770283;31;noreply@github.com;david.turner@elastic.co
SnapshotBasedIndexRecoveryIT.java;MODIFY;1368;0.0;Equal;True;2023-10-30 10:19:37+00:00;False;90;43;11242;50d4a282099cf075aec6d3380b5150d02083fd0e;34;noreply@github.com;david.turner@elastic.co
SnapshotBasedIndexRecoveryIT.java;MODIFY;1367;-1.0;Equal;True;2023-11-13 10:24:38+00:00;False;90;43;11255;769b8a619882b762099f92104e4f1b71c26380f7;23;noreply@github.com;134913285+piergm@users.noreply.github.com
SnapshotBasedIndexRecoveryIT.java;MODIFY;1365;-2.0;Decreased;True;2023-11-23 14:47:36+00:00;False;90;43;11251;cdc83ad29b02a1497bee50de271ff768800c3c76;410;noreply@github.com;me@obrown.io
SnapshotBasedIndexRecoveryIT.java;MODIFY;1367;2.0;Grew;True;2023-12-07 23:26:17+00:00;False;90;43;11263;b9c29807ecc831838c398aace29157d24e51fdea;42;noreply@github.com;yang.wang@elastic.co
SnapshotBasedIndexRecoveryIT.java;MODIFY;1363;-4.0;Decreased;True;2024-01-08 09:24:23+00:00;False;90;43;11247;d39d1e2c249f49b8170d4f50329934d871b2b382;13;noreply@github.com;david.turner@elastic.co
SnapshotBasedIndexRecoveryIT.java;MODIFY;1359;-4.0;Decreased;True;2024-02-09 17:16:21+00:00;False;89;43;11230;d9ffc592132eb595dce4362c867381acf3f419ec;17;noreply@github.com;nhat.nguyen@elastic.co
SnapshotBasedIndexRecoveryIT.java;MODIFY;1364;5.0;Grew;True;2024-03-12 22:23:22+00:00;False;89;43;11254;026fab92b381c9490b3906077f2649931bfe52ac;1;noreply@github.com;129072588+volodk85@users.noreply.github.com
SnapshotBasedIndexRecoveryIT.java;MODIFY;1368;4.0;Grew;True;2024-03-26 09:25:12+00:00;False;89;43;11264;daf46b56e943aed8e9c545eb657105fae75d8e45;1;noreply@github.com;artem.prigoda@elastic.co
SnapshotBasedIndexRecoveryIT.java;MODIFY;1354;-14.0;Decreased;True;2024-05-02 13:32:54+00:00;False;89;43;11176;e63e8dd9020183d66a0c419f0e4feadc370d83d1;54;noreply@github.com;ryan@iernst.net
SnapshotBasedIndexRecoveryIT.java;MODIFY;1352;-2.0;Decreased;True;2024-05-18 16:10:21+00:00;False;89;43;11158;449632c22e2aaaf3386c16f1b07c32385603dda4;30;noreply@github.com;ryan@iernst.net
SnapshotBasedIndexRecoveryIT.java;MODIFY;1347;-5.0;Decreased;True;2024-05-20 13:22:49+00:00;False;89;43;11158;29d6023de87eda7f98cdf946dbaee6d16638bd38;91;noreply@github.com;ryan@iernst.net
SnapshotBasedIndexRecoveryIT.java;MODIFY;1349;2.0;Grew;True;2024-06-20 21:11:12+00:00;False;89;43;11162;5662f988b208718b8b3a1f1a1b0e549ac0a2d563;169;noreply@github.com;david.turner@elastic.co
SnapshotBasedIndexRecoveryIT.java;MODIFY;1340;-9.0;Decreased;True;2024-06-25 07:22:18+00:00;False;89;43;11120;c2796eb126827ed9c56428da5c3fba96672293a3;1;noreply@github.com;francisco.fernandez.castano@gmail.com
SnapshotBasedIndexRecoveryIT.java;MODIFY;1340;0.0;Equal;True;2024-09-10 07:17:09+00:00;False;89;43;11127;8f07d60c2cf0cc7ece801faee46acba2f4e0344f;357;noreply@github.com;david.turner@elastic.co
SnapshotBasedIndexRecoveryIT.java;MODIFY;1340;0.0;Equal;True;2024-09-26 15:10:39+00:00;False;89;43;11126;ade235bf0f032926ab611a17d553160bc2f254a9;15;noreply@github.com;david.turner@elastic.co
SnapshotBasedIndexRecoveryIT.java;MODIFY;1340;0.0;Equal;True;2024-10-21 11:38:23+00:00;False;89;43;11130;8efd08b019b9160f5e703520c6ce3b6a9f92cfbd;662;noreply@github.com;javanna@apache.org
