file_name;change_type;n_loc;lines_balance;size_change;is_large;date;swapped_classification;complexity;methods;tokens;hash;files_on_commit;committer_email;author_email
SniffConnectionStrategyTests.java;ADD;366;0.0;Equal;False;2019-09-30 17:41:17+00:00;False;20;12;3444;50e0c96f3f4a00c2703e039657cbc8690f7ee819;8;noreply@github.com;tim@uncontended.net
SniffConnectionStrategyTests.java;MODIFY;536;170.0;Grew;False;2019-10-24 17:13:06+00:00;False;24;18;5003;0600e6587815a2172417bca83b3403271f19a04c;15;noreply@github.com;tim@uncontended.net
SniffConnectionStrategyTests.java;MODIFY;538;2.0;Grew;False;2019-11-19 16:08:03+00:00;False;24;18;5041;4f4140431b83a82f5dc640f11cf9c3d396e88b46;20;noreply@github.com;tim@uncontended.net
SniffConnectionStrategyTests.java;MODIFY;566;28.0;Grew;False;2019-11-22 19:50:02+00:00;False;26;19;5379;7069045cd420ed524914686bd47dade26414c1df;17;noreply@github.com;tim@uncontended.net
SniffConnectionStrategyTests.java;MODIFY;574;8.0;Grew;False;2019-12-03 16:34:03+00:00;False;26;19;5460;fb293adb0f5deb71edeb125eb28cd55f0ad1faec;4;noreply@github.com;tim@uncontended.net
SniffConnectionStrategyTests.java;MODIFY;573;-1.0;Decreased;False;2019-12-19 16:31:28+00:00;False;26;19;5448;342a2920a9659ec9c5a8042ddb1d4b6aef965a71;21;noreply@github.com;tim@uncontended.net
SniffConnectionStrategyTests.java;MODIFY;573;0.0;Equal;False;2020-01-31 16:43:25+00:00;False;26;19;5448;9dbd9ba757f63441c990e9812dfd3129498a5f18;17;noreply@github.com;tim@uncontended.net
SniffConnectionStrategyTests.java;MODIFY;597;24.0;Grew;False;2020-04-10 16:03:31+00:00;False;27;20;5680;dd72ccbe277eb4d16c984ab3b4c7d04b21db739b;2;noreply@github.com;tim@uncontended.net
SniffConnectionStrategyTests.java;MODIFY;597;0.0;Equal;False;2020-04-17 04:10:56+00:00;False;27;20;5724;5216bd273a70dd8d801d4c925b85c60d5ceadf7a;10;noreply@github.com;nhat.nguyen@elastic.co
SniffConnectionStrategyTests.java;MODIFY;597;0.0;Equal;False;2021-02-03 00:10:53+00:00;False;27;20;5724;a92a647b9f17d1bddf5c707490a19482c273eda3;14916;portugee@gmail.com;portugee@gmail.com
SniffConnectionStrategyTests.java;MODIFY;597;0.0;Equal;False;2021-04-14 02:53:05+00:00;False;27;20;5732;6823b8eb5e02849923e2700bc43f4d392e905f4d;57;noreply@github.com;jason@tedor.me
SniffConnectionStrategyTests.java;MODIFY;597;0.0;Equal;False;2021-06-08 16:53:28+00:00;False;27;20;5730;68817d7ca29c264b3ea3f766737d81e2ebb4028c;3142;noreply@github.com;ryan@elastic.co
SniffConnectionStrategyTests.java;MODIFY;807;210.0;Grew;False;2021-10-27 15:19:51+00:00;False;27;20;5730;12ad399c488f0cc60e19b5e1b29c6d569cb4351a;10457;portugee@gmail.com;portugee@gmail.com
SniffConnectionStrategyTests.java;MODIFY;807;0.0;Equal;False;2021-12-15 17:01:28+00:00;False;27;20;5742;763d6d510f0792a9e3743a413605127316859dde;730;noreply@github.com;artem.prigoda@elastic.co
SniffConnectionStrategyTests.java;MODIFY;851;44.0;Grew;False;2022-01-26 19:22:31+00:00;False;27;20;5819;39b3cb8fe166976f6211d6ffea4d902b14642f28;31;noreply@github.com;david.turner@elastic.co
SniffConnectionStrategyTests.java;MODIFY;850;-1.0;Decreased;False;2022-03-14 12:20:48+00:00;False;27;20;5800;2a00f25f573e1c1078c1f864eea52397a081c5c8;318;noreply@github.com;me@obrown.io
SniffConnectionStrategyTests.java;MODIFY;850;0.0;Equal;False;2022-10-06 14:52:06+00:00;False;27;20;5800;43a037773548d9df84f86abb7e3684cd91fb5a19;344;noreply@github.com;rene@elastic.co
SniffConnectionStrategyTests.java;MODIFY;850;0.0;Equal;False;2023-01-03 18:28:27+00:00;False;27;20;5802;2bc739875465d2e3048e51a81a5d973537c6c460;340;noreply@github.com;artem.prigoda@elastic.co
SniffConnectionStrategyTests.java;MODIFY;1016;166.0;Grew;False;2023-02-27 09:24:22+00:00;False;27;20;5997;0d095801103d6112c818256e0f0f83ad62b3c54f;18;noreply@github.com;simon.cooper@elastic.co
SniffConnectionStrategyTests.java;MODIFY;1063;47.0;Grew;True;2023-02-28 09:32:08+00:00;True;34;23;6285;9d6c44311d2f9f69a20acf24ee78245e5891bf45;20;noreply@github.com;yang.wang@elastic.co
SniffConnectionStrategyTests.java;MODIFY;1063;0.0;Equal;True;2023-03-22 09:16:30+00:00;False;34;23;6285;56b849d8023c8c667211a0c49e65266546ad2a11;15;noreply@github.com;n1v0lg@users.noreply.github.com
SniffConnectionStrategyTests.java;MODIFY;1066;3.0;Grew;True;2023-03-23 02:08:44+00:00;False;34;23;6314;5dc2541675b897f1d64ceec514f76c22a5c3bf63;21;noreply@github.com;yang.wang@elastic.co
SniffConnectionStrategyTests.java;MODIFY;1041;-25.0;Decreased;False;2023-05-04 10:01:48+00:00;True;34;23;6269;7260812a6c50ca38c603aac0263cc0643c86f072;111;noreply@github.com;simon.cooper@elastic.co
SniffConnectionStrategyTests.java;MODIFY;1046;5.0;Grew;False;2023-06-01 14:23:56+00:00;False;34;23;6269;ff9c0aab378e6c8f49310190169365b1615ba361;269;noreply@github.com;simon.cooper@elastic.co
SniffConnectionStrategyTests.java;MODIFY;1045;-1.0;Decreased;False;2023-06-13 09:02:20+00:00;False;34;23;6259;c57fb3a77d9620949c97408b983d695f25d4d51e;16;noreply@github.com;simon.cooper@elastic.co
SniffConnectionStrategyTests.java;MODIFY;1050;5.0;Grew;True;2023-06-13 22:44:15+00:00;True;34;23;6329;164e97e2ca1203dbacb3b3bebb1cdb5129a2083c;214;noreply@github.com;ryan@iernst.net
SniffConnectionStrategyTests.java;MODIFY;1050;0.0;Equal;True;2023-06-27 09:52:00+00:00;False;34;23;6329;3726113f068a29403003462cf9ba744dba065bf6;27;noreply@github.com;simon.cooper@elastic.co
SniffConnectionStrategyTests.java;MODIFY;1105;55.0;Grew;True;2023-06-27 15:41:45+00:00;False;34;23;6377;f554a6ab2df3a005b9143d53aec650c69dd1c6b7;31;noreply@github.com;simon.cooper@elastic.co
SniffConnectionStrategyTests.java;MODIFY;1108;3.0;Grew;True;2023-08-17 15:02:12+00:00;False;34;23;6387;4e7113f8b73e65ead596b48002a3615fb3e22b70;13;noreply@github.com;simon.cooper@elastic.co
SniffConnectionStrategyTests.java;MODIFY;1109;1.0;Grew;True;2023-09-06 19:14:41+00:00;False;34;23;6394;19257125b19ff05a6b014f37693f9417ca579626;757;noreply@github.com;ryan@iernst.net
SniffConnectionStrategyTests.java;MODIFY;1110;1.0;Grew;True;2023-09-08 17:21:53+00:00;False;34;23;6403;df38bc8a84a7a47d98d16680f898596edb039122;123;noreply@github.com;dianna.hohensee@elastic.co
SniffConnectionStrategyTests.java;MODIFY;1109;-1.0;Decreased;True;2023-09-08 17:40:21+00:00;False;34;23;6394;7433b5122c2d092fea60d802c8a7ed293e6a6bea;123;dianna.hohensee@elastic.co;dianna.hohensee@elastic.co
SniffConnectionStrategyTests.java;MODIFY;1110;1.0;Grew;True;2023-09-08 21:12:40+00:00;False;34;23;6403;f69c5b146006aad99564809f7871c7637551ff49;123;noreply@github.com;dianna.hohensee@elastic.co
SniffConnectionStrategyTests.java;MODIFY;1107;-3.0;Decreased;True;2023-10-04 15:42:06+00:00;False;34;23;6426;22a0ae1d0363c658a01b4a74eb4044c57edd6d96;16;noreply@github.com;simon.cooper@elastic.co
SniffConnectionStrategyTests.java;MODIFY;1107;0.0;Equal;True;2023-10-18 10:14:12+00:00;False;34;23;6434;588fed797b09c2cbad251a35b8376c59511636a9;62;noreply@github.com;me@obrown.io
SniffConnectionStrategyTests.java;MODIFY;1108;1.0;Grew;True;2023-10-20 00:44:51+00:00;False;34;23;6443;8a1db8c6c3ffa8028b98c9c1393aee9d9ea4d6f5;177;noreply@github.com;ryan@iernst.net
SniffConnectionStrategyTests.java;MODIFY;1108;0.0;Equal;True;2023-11-13 13:46:08+00:00;False;34;23;6456;f017fab91f5385f5794252241de53a8aca4f8513;104;noreply@github.com;david.turner@elastic.co
SniffConnectionStrategyTests.java;MODIFY;1152;44.0;Grew;True;2023-12-08 15:08:26+00:00;False;35;23;6508;7ded90655f4d18e7edcc83e6325849bdd0c53309;25;noreply@github.com;n1v0lg@users.noreply.github.com
SniffConnectionStrategyTests.java;MODIFY;1108;-44.0;Decreased;True;2023-12-08 17:51:02+00:00;False;34;23;6456;9db4cb4f98ec3a94243a0d2898a8b32df6429f67;25;noreply@github.com;n1v0lg@users.noreply.github.com
SniffConnectionStrategyTests.java;MODIFY;1152;44.0;Grew;True;2023-12-18 09:46:29+00:00;False;35;23;6508;d920f4f2916929b694930d201793064cbc593877;25;noreply@github.com;n1v0lg@users.noreply.github.com
SniffConnectionStrategyTests.java;MODIFY;1154;2.0;Grew;True;2024-01-08 16:48:52+00:00;False;35;23;6532;62d466d2e179f7c7de46458e0442354596298107;12;noreply@github.com;simon.cooper@elastic.co
SniffConnectionStrategyTests.java;MODIFY;1154;0.0;Equal;True;2024-09-13 22:29:46+00:00;False;35;23;6532;a59c182f9f7e9d1bf3d6eecbc0e44f24ff91d053;10208;portugee@gmail.com;portugee@gmail.com
