file_name;change_type;n_loc;lines_balance;size_change;is_large;date;swapped_classification;complexity;methods;tokens;hash;files_on_commit;committer_email;author_email
Translog.java;RENAME;not calculated;0.0;Equal;False;2018-01-11 18:30:43+00:00;False;not calculated;0;not calculated;99f88f15c5febbca2d13b5b5fda27b844153bf1a;4641;noreply@github.com;tim@uncontended.net
Translog.java;MODIFY;1215.0;0.0;Equal;True;2018-01-25 19:29:46+00:00;True;238;125;8186;f39402a039a9495ab506e887689ec9ea697979d4;7;noreply@github.com;nhat.nguyen@elastic.co
Translog.java;MODIFY;1219.0;4.0;Grew;True;2018-02-01 18:51:53+00:00;False;238;125;8234;1970e0178284611ce2dae84d694c4216ca16fba3;4;noreply@github.com;nhat.nguyen@elastic.co
Translog.java;MODIFY;1230.0;11.0;Grew;True;2018-02-12 18:23:32+00:00;False;241;126;8332;9eb9ce3843ded2501c6300e85f550428da2d46a5;8;noreply@github.com;nhat.nguyen@elastic.co
Translog.java;MODIFY;1234.0;4.0;Grew;True;2018-02-15 08:24:09+00:00;False;241;128;8418;beb55d148ab021b4cd7df119a1c7bb96284fd5f6;8;noreply@github.com;b.leskes@gmail.com
Translog.java;MODIFY;1249.0;15.0;Grew;True;2018-02-16 15:23:33+00:00;False;245;130;8547;5aeb479ffd681a2f7edef1349132c801914b47d8;4;b.leskes@gmail.com;justin@lifeasageek.com
Translog.java;MODIFY;1249.0;0.0;Equal;True;2018-03-13 16:49:33+00:00;False;245;130;8549;5904d936fabfa25b832b757461efa6b0d3e9acb9;120;noreply@github.com;jason@tedor.me
Translog.java;MODIFY;1249.0;0.0;Equal;True;2018-03-17 21:43:20+00:00;False;245;130;8549;f1029aaad5b49084aed543db1a7d9c0e60fb7264;1;noreply@github.com;nhat.nguyen@elastic.co
Translog.java;MODIFY;1238.0;-11.0;Decreased;True;2018-03-22 18:31:15+00:00;False;242;127;8484;14157c87051c1951907aa97ee6222c18b4824062;8;noreply@github.com;nhat.nguyen@elastic.co
Translog.java;MODIFY;1237.0;-1.0;Decreased;True;2018-03-23 11:35:50+00:00;False;242;127;8467;794de63232fb48c8ea29cb662eea153a934301ee;112;noreply@github.com;nhat.nguyen@elastic.co
Translog.java;MODIFY;1256.0;19.0;Grew;True;2018-03-28 16:03:34+00:00;False;247;128;8588;13e19e7428568e8a71dd42618bbbdd807881f131;21;noreply@github.com;simonw@apache.org
Translog.java;MODIFY;1264.0;8.0;Grew;True;2018-03-29 17:35:57+00:00;False;249;130;8650;eb8b31746a0807604997105b701cbb9d552611dd;9;nhat.nguyen@elastic.co;b.leskes@gmail.com
Translog.java;MODIFY;1269.0;5.0;Grew;True;2018-04-05 06:51:27+00:00;False;251;131;8673;25996852a621668c263eb519788811a62b6421af;1;martijn.v.groningen@gmail.com;martijn.v.groningen@gmail.com
Translog.java;MODIFY;1273.0;4.0;Grew;True;2018-04-06 14:33:21+00:00;False;251;130;8687;cb3295b21268d1d5fba5a356d66df4a5ca7dcbd5;2;noreply@github.com;jason@tedor.me
Translog.java;MODIFY;1249.0;-24.0;Decreased;True;2018-04-06 21:59:42+00:00;False;245;130;8587;11a534932db72523e433fcc77886bd1ca31dc90d;1;noreply@github.com;jason@tedor.me
Translog.java;MODIFY;1207.0;-42.0;Decreased;True;2018-04-11 07:41:37+00:00;False;237;129;8270;4918924fae600cb7d9c329c55c76c44e8320a3c2;226;noreply@github.com;jpountz@gmail.com
Translog.java;MODIFY;1215.0;8.0;Grew;True;2018-04-12 17:57:59+00:00;False;237;128;8374;f96e00badf1411426190dd34c6dbfd341abdf024;31;noreply@github.com;nhat.nguyen@elastic.co
Translog.java;MODIFY;1214.0;-1.0;Decreased;True;2018-04-15 20:26:09+00:00;False;237;128;8388;00fd73acc4a2991f96438f8c1948016c5b9eefb2;2;noreply@github.com;jason@tedor.me
Translog.java;MODIFY;1214.0;0.0;Equal;True;2018-05-02 15:08:54+00:00;False;237;128;8388;916bf9d26d6292dcb9b229123c58a86f0e741ffd;143;noreply@github.com;ryan@iernst.net
Translog.java;MODIFY;1219.0;5.0;Grew;True;2018-06-07 05:39:28+00:00;False;241;129;8423;5c6711b8a440a937dccb890e1e33cc75728bbc0c;19;noreply@github.com;simonw@apache.org
Translog.java;MODIFY;1244.0;25.0;Grew;True;2018-06-08 16:16:38+00:00;False;243;130;8582;a86c0f8c25fb146793c4992f2a18caffeecdfca6;20;noreply@github.com;vladimir.dolzhenko@gmail.com
Translog.java;MODIFY;1254.0;10.0;Grew;True;2018-06-28 13:51:40+00:00;False;247;131;8637;e4315cc71060c130f9449c3c4f6614355f2db21d;3;noreply@github.com;nhat.nguyen@elastic.co
Translog.java;MODIFY;1249.0;-5.0;Decreased;True;2018-07-11 19:02:08+00:00;False;245;130;8614;4d180175c67ee7c594195e7259e301b4a9a208a8;5;noreply@github.com;nhat.nguyen@elastic.co
Translog.java;MODIFY;1240.0;-9.0;Decreased;True;2018-07-18 01:59:48+00:00;False;245;128;8536;df1380b8d3267d70771a640c7bac5a04fb63a8e1;16;noreply@github.com;nhat.nguyen@elastic.co
Translog.java;MODIFY;1243.0;3.0;Grew;True;2018-07-27 12:16:52+00:00;False;245;128;8548;8474f8a01c8fc26ca78cd532c28781bcd56b15a2;6;noreply@github.com;nhat.nguyen@elastic.co
Translog.java;MODIFY;1243.0;0.0;Equal;True;2018-08-03 07:33:08+00:00;False;245;128;8555;0d60e8a029a8e38cbf69c2d923f0b97dc144c8af;28;noreply@github.com;yannick@welsch.lu
Translog.java;MODIFY;1241.0;-2.0;Decreased;True;2018-08-07 11:03:43+00:00;False;244;128;8568;6449d9bc1438ce00d8e34aee4589228301def059;12;noreply@github.com;andrershov@gmail.com
Translog.java;MODIFY;1263.0;22.0;Grew;True;2018-08-20 17:22:10+00:00;False;247;129;8731;0749b18181c8dbfc3f85a4a6d64dd09beeb411ac;5;noreply@github.com;andrershov@gmail.com
Translog.java;MODIFY;1309.0;46.0;Grew;True;2018-08-22 11:57:44+00:00;False;258;135;8998;262d3c0783d771ea6b196ae2d9e38f44ec33d89c;8;noreply@github.com;nhat.nguyen@elastic.co
Translog.java;MODIFY;1312.0;3.0;Grew;True;2018-08-31 02:11:23+00:00;False;258;135;9010;6dd0aa54f6d0ad44219b3b416438b1be57cb37e5;63;noreply@github.com;nhat.nguyen@elastic.co
Translog.java;MODIFY;1309.0;-3.0;Decreased;True;2018-08-31 03:44:57+00:00;False;258;135;8998;547de71d5991ecee65fcc2ae05cadf95fad717f9;63;nhat.nguyen@elastic.co;nhat.nguyen@elastic.co
Translog.java;MODIFY;1312.0;3.0;Grew;True;2018-08-31 03:46:07+00:00;False;258;135;9010;ad4dd086d2cef4df3008fd1a3acffe5735231ce8;63;nhat.nguyen@elastic.co;nhat.nguyen@elastic.co
Translog.java;MODIFY;1322.0;10.0;Grew;True;2018-09-22 12:02:57+00:00;False;259;136;9096;7944a0cb2526188295820461f75269aed435041f;14;noreply@github.com;nhat.nguyen@elastic.co
Translog.java;MODIFY;1322.0;0.0;Equal;True;2018-11-07 12:01:05+00:00;False;259;136;9096;8a85b2eadadc2307d30afd24e24c25b6dfb8d298;95;noreply@github.com;torokalpar@gmail.com
Translog.java;MODIFY;1333.0;11.0;Grew;True;2018-11-20 07:09:14+00:00;False;259;136;9098;a5f5ceb869ff62877ad0725dbaa174167bc4e1f9;61;noreply@github.com;jim.ferenczi@elastic.co
Translog.java;MODIFY;1334.0;1.0;Grew;True;2018-11-23 08:43:34+00:00;False;260;137;9082;d01436de3c55b9c206b89b868c5281a68b06f7d4;2;noreply@github.com;david.turner@elastic.co
Translog.java;MODIFY;1337.0;3.0;Grew;True;2018-12-19 16:19:25+00:00;False;261;137;9097;b63f9b967c544c972ff674e22eb671b98c966c7e;2;noreply@github.com;nhat.nguyen@elastic.co
Translog.java;MODIFY;1330.0;-7.0;Decreased;True;2019-03-07 17:07:38+00:00;False;259;135;9071;da602dad0f8b59acd4f15705759a2b6ef27f903a;4;noreply@github.com;nhat.nguyen@elastic.co
Translog.java;MODIFY;1329.0;-1.0;Decreased;True;2019-03-14 13:04:36+00:00;False;257;135;9031;74ba9cedcb72b5b94836e91af1a22c596b1db29c;80;noreply@github.com;me@obrown.io
Translog.java;MODIFY;1322.0;-7.0;Decreased;True;2019-05-08 20:03:11+00:00;False;256;135;8982;a3aacc359f98953f444719a50522fc217cbf014a;36;noreply@github.com;cbuescher@posteo.de
Translog.java;MODIFY;1323.0;1.0;Grew;True;2019-05-10 12:50:55+00:00;False;256;135;8989;80f4846fdb1798b664b95f2388e0ce2696c28c4a;1;noreply@github.com;nhat.nguyen@elastic.co
Translog.java;MODIFY;1331.0;8.0;Grew;True;2019-06-20 06:46:30+00:00;False;256;135;9033;f27e808c1457ddbda1c69b4422d9a10ee6ec299d;57;noreply@github.com;yannick@welsch.lu
Translog.java;MODIFY;1332.0;1.0;Grew;True;2019-07-15 14:19:54+00:00;False;257;135;9027;c251450a2fec134084992a0ed4a288bada1e8c3e;11;noreply@github.com;david.turner@elastic.co
Translog.java;MODIFY;1333.0;1.0;Grew;True;2019-08-22 20:16:13+00:00;False;257;135;9031;9f654fd67efce369105df6d5ea633db5664a59ad;1;nhat.nguyen@elastic.co;dengweisysu@163.com
Translog.java;MODIFY;1336.0;3.0;Grew;True;2019-08-23 15:09:49+00:00;False;258;136;9043;18282b0f2b0fb519aa938e8373a89a6093654772;4;noreply@github.com;nhat.nguyen@elastic.co
Translog.java;MODIFY;1347.0;11.0;Grew;True;2019-09-02 18:56:22+00:00;False;261;136;9101;fd8183ee51d7cf08d9def58a2ae027714beb60de;1;nhat.nguyen@elastic.co;wesleydeng@tencent.com
Translog.java;MODIFY;1336.0;-11.0;Decreased;True;2019-09-04 20:50:34+00:00;False;258;136;9043;41d3eb31946a1f6f894fe1c46f57260e2195704e;1;nhat.nguyen@elastic.co;nhat.nguyen@elastic.co
Translog.java;MODIFY;1322.0;-14.0;Decreased;True;2019-09-27 11:57:37+00:00;False;255;135;8958;2b8c7c5e11c2d8ea9397bd94e59c5bc7c50c3be4;1;noreply@github.com;yannick@welsch.lu
Translog.java;MODIFY;1323.0;1.0;Grew;True;2019-10-09 21:15:15+00:00;False;255;135;8962;f749bacf34bfe7fb14974c13020e864e12d9f5b1;1;nhat.nguyen@elastic.co;dengweisysu@163.com
Translog.java;MODIFY;1322.0;-1.0;Decreased;True;2019-10-15 08:05:29+00:00;False;258;133;8947;6531369f11d159896957b75a7eae0b7da214d01a;100;noreply@github.com;romseygeek@apache.org
Translog.java;MODIFY;1322.0;0.0;Equal;True;2019-10-21 19:15:39+00:00;False;258;133;8947;458de912561dff153dbcf8d7a67b4f89e47773aa;24;noreply@github.com;tim@uncontended.net
Translog.java;MODIFY;1318.0;-4.0;Decreased;True;2019-12-16 16:08:00+00:00;False;257;133;8935;972b81f8a9de5e88106180a5becc5baab39ccdeb;3;noreply@github.com;nhat.nguyen@elastic.co
Translog.java;MODIFY;1318.0;0.0;Equal;True;2020-01-24 20:13:53+00:00;False;257;133;8932;b034d1e2ef81bcf150ea7d7c115009d2e71545f6;21;noreply@github.com;nhat.nguyen@elastic.co
Translog.java;MODIFY;1301.0;-17.0;Decreased;True;2020-02-10 13:26:01+00:00;False;254;132;8836;ebc468147321cfdd56a9d011e0b40126677b9e78;23;noreply@github.com;nhat.nguyen@elastic.co
Translog.java;MODIFY;1314.0;13.0;Grew;True;2020-02-20 14:55:33+00:00;False;258;133;8906;16af0472a983ac89bc739591ddc922e54d640c7a;2;noreply@github.com;yannick@welsch.lu
Translog.java;MODIFY;1334.0;20.0;Grew;True;2020-04-06 13:51:05+00:00;False;261;134;9019;f6feb6c2c845aaab31cec4b4047c77c2caf85b89;162;noreply@github.com;tlrx.dev@gmail.com
Translog.java;MODIFY;1338.0;4.0;Grew;True;2020-04-30 12:02:29+00:00;False;262;135;9035;a508d3303d59794d77844c780e9f34076b9b3841;5;noreply@github.com;nhat.nguyen@elastic.co
Translog.java;MODIFY;1336.0;-2.0;Decreased;True;2020-05-25 09:50:35+00:00;False;262;135;9019;2787eadb1ac4b9064376afd5fbbfd4c5e89fe437;5;noreply@github.com;me@obrown.io
Translog.java;MODIFY;1339.0;3.0;Grew;True;2020-05-29 19:09:24+00:00;False;264;135;9045;2ef82cd7f954cc5edc19a74d662923ed2156a2ff;4;noreply@github.com;me@obrown.io
Translog.java;MODIFY;1338.0;-1.0;Decreased;True;2020-07-07 12:52:42+00:00;False;264;134;9011;31a569a60a2df2c10e54fb30b433b82d714752fe;7;noreply@github.com;nhat.nguyen@elastic.co
Translog.java;MODIFY;1344.0;6.0;Grew;True;2020-07-13 00:05:49+00:00;False;266;134;9050;4c1b081e270677d76045ad66a79e53b98f9c9ee7;2;noreply@github.com;nhat.nguyen@elastic.co
Translog.java;MODIFY;1344.0;0.0;Equal;True;2020-09-01 17:35:16+00:00;False;266;134;9050;1a31f9e332c702dbaf9faccc06a98dcd7151143e;6;noreply@github.com;tim@uncontended.net
Translog.java;MODIFY;1348.0;4.0;Grew;True;2020-10-02 19:26:33+00:00;False;267;134;9070;13a073dca33def6c6975dbf2ab734911c3851993;7;noreply@github.com;tim@uncontended.net
Translog.java;MODIFY;1344.0;-4.0;Decreased;True;2020-10-03 00:03:16+00:00;False;266;134;9050;59a365d7034f0ec4e126ab2c03420164804b417e;7;tim@uncontended.net;tim@uncontended.net
Translog.java;MODIFY;1348.0;4.0;Grew;True;2020-10-05 16:44:41+00:00;False;267;134;9070;f1df20c6fa8ae4d647db8e230236a699c782b324;7;noreply@github.com;tim@uncontended.net
Translog.java;MODIFY;1345.0;-3.0;Decreased;True;2020-10-06 16:49:45+00:00;False;266;134;9056;aa6c88f56645716706bb43bb4e6193f5b46d210d;5;noreply@github.com;tim@uncontended.net
Translog.java;MODIFY;1344.0;-1.0;Decreased;True;2020-11-19 13:20:27+00:00;False;266;134;9047;6e4c9836d004f24cda2c1b5740f389b4ebbba8e3;4;noreply@github.com;me@obrown.io
Translog.java;MODIFY;1344.0;0.0;Equal;True;2021-02-03 00:10:53+00:00;False;266;134;9047;a92a647b9f17d1bddf5c707490a19482c273eda3;14916;portugee@gmail.com;portugee@gmail.com
Translog.java;MODIFY;1341.0;-3.0;Decreased;True;2021-02-08 15:20:34+00:00;False;264;134;9029;780f27306777399db574b9f9a9f44e77f41779f3;122;noreply@github.com;pugnascotia@users.noreply.github.com
Translog.java;MODIFY;1332.0;-9.0;Decreased;True;2021-04-27 08:35:37+00:00;False;264;134;8973;5edc0d364859ddde367236ca602956a66b3fe779;7;noreply@github.com;me@obrown.io
Translog.java;MODIFY;1333.0;1.0;Grew;True;2021-05-05 15:56:54+00:00;False;264;134;8977;85ddd7b5ccf49ba4b49e684c0c8f3dfd4b36cd0d;1;noreply@github.com;david.turner@elastic.co
Translog.java;MODIFY;1333.0;0.0;Equal;True;2021-06-08 16:53:28+00:00;False;264;134;8973;68817d7ca29c264b3ea3f766737d81e2ebb4028c;3142;noreply@github.com;ryan@elastic.co
Translog.java;MODIFY;1427.0;94.0;Grew;True;2021-10-27 15:19:51+00:00;False;264;134;8973;12ad399c488f0cc60e19b5e1b29c6d569cb4351a;10457;portugee@gmail.com;portugee@gmail.com
Translog.java;MODIFY;1432.0;5.0;Grew;True;2021-12-30 14:22:16+00:00;False;264;134;9003;adb54120d3f1a9c63f1345973a577be815c20384;6;noreply@github.com;me@obrown.io
Translog.java;MODIFY;1413.0;-19.0;Decreased;True;2022-01-10 08:53:35+00:00;False;262;134;8979;0699c9351f1439e246d408fd6538deafde4087b6;720;noreply@github.com;artem.prigoda@elastic.co
Translog.java;MODIFY;1413.0;0.0;Equal;True;2022-04-20 04:26:28+00:00;False;262;134;8975;b2c9028384253416bd3e17de9e45af5eefe32764;261;noreply@github.com;ryan@iernst.net
Translog.java;MODIFY;1413.0;0.0;Equal;True;2022-04-24 19:09:37+00:00;False;262;134;8975;e3d3c86b5abef5c6ba1d7a02c543f2f605eb470b;3;noreply@github.com;luyuncheng@bytedance.com
Translog.java;MODIFY;1413.0;0.0;Equal;True;2022-05-24 10:09:46+00:00;False;262;134;8973;86142aad84a279755901e1f8413d2de5cf9889f7;101;noreply@github.com;przemyslaw.gomulka@elastic.co
Translog.java;MODIFY;1402.0;-11.0;Decreased;True;2022-09-30 10:08:01+00:00;False;260;132;8918;c4590be76be8f84b755bb911a59b7bbb448b536e;4;noreply@github.com;tlrx.dev@gmail.com
Translog.java;MODIFY;1406.0;4.0;Grew;True;2022-09-30 12:02:50+00:00;False;259;131;8862;3eba92505aca69485373127b984196253eeb25c9;14;noreply@github.com;tlrx.dev@gmail.com
Translog.java;MODIFY;1409.0;3.0;Grew;True;2022-12-06 14:01:57+00:00;False;259;131;8870;f989f0f7ec803d3c6dd8a5af1aea1ce683d0292c;1;noreply@github.com;me@obrown.io
Translog.java;MODIFY;1413.0;4.0;Grew;True;2023-01-24 19:30:06+00:00;False;259;131;8898;45ed328cd84efd619c8ff4fd69eb6b92652ef7b2;6;noreply@github.com;tim@timbrooks.org
Translog.java;MODIFY;1417.0;4.0;Grew;True;2023-01-31 11:24:32+00:00;False;259;131;8898;f086dd18ddc705bf84a1ff99d35196ec2498fd52;82;noreply@github.com;simon.cooper@elastic.co
Translog.java;MODIFY;1421.0;4.0;Grew;True;2023-04-04 09:03:32+00:00;False;259;131;8898;fe1083f6c5f29e1fc28b82c1b71be9b7c1ec7a73;349;noreply@github.com;pugnascotia@users.noreply.github.com
Translog.java;MODIFY;1430.0;9.0;Grew;True;2023-04-05 19:20:03+00:00;False;261;132;8965;7a83e0c9e3739b8c098dde14aab359899796ac15;1;noreply@github.com;me@obrown.io
Translog.java;MODIFY;1400.0;-30.0;Decreased;True;2023-04-10 15:16:08+00:00;False;253;127;8830;93479992aba5296c6e9c039adfa01d34d616db26;7;noreply@github.com;me@obrown.io
Translog.java;MODIFY;1403.0;3.0;Grew;True;2023-04-11 08:37:58+00:00;False;254;128;8855;313a72f141fcbb1780e5cd7aaeda35ba473baca0;2;noreply@github.com;kingherc@gmail.com
Translog.java;MODIFY;1403.0;0.0;Equal;True;2023-04-11 09:39:55+00:00;False;254;128;8865;9c95fca70a01712d8724f6ec1fad7e4b5fd89c9a;1;noreply@github.com;david.turner@elastic.co
Translog.java;MODIFY;1415.0;12.0;Grew;True;2023-04-26 09:40:31+00:00;False;255;129;8908;d6123a456977c2b544ca672ce4089cf68b0c4125;2;noreply@github.com;me@obrown.io
Translog.java;MODIFY;1408.0;-7.0;Decreased;True;2023-05-29 19:44:10+00:00;False;254;128;8880;0cf80f4f2d87091860214d9b1d0725fad2833d1d;12;noreply@github.com;tim@timbrooks.org
Translog.java;MODIFY;1407.0;-1.0;Decreased;True;2023-07-03 12:24:57+00:00;False;254;128;8866;63e64ae61b867d5309a3a999861b51bffb3bf730;117;noreply@github.com;me@obrown.io
Translog.java;MODIFY;1407.0;0.0;Equal;True;2023-09-06 19:14:41+00:00;False;254;128;8866;19257125b19ff05a6b014f37693f9417ca579626;757;noreply@github.com;ryan@iernst.net
Translog.java;MODIFY;1408.0;1.0;Grew;True;2023-09-25 08:30:21+00:00;False;254;128;8871;d411acecbcbd029ebadbfa533a07c70330d454c8;326;noreply@github.com;tim@adjective.org
Translog.java;MODIFY;1404.0;-4.0;Decreased;True;2024-01-31 13:21:59+00:00;False;254;128;8852;18bd6c423822c606a784b690478afce60d1974a8;4;noreply@github.com;me@obrown.io
Translog.java;MODIFY;1404.0;0.0;Equal;True;2024-02-09 01:30:30+00:00;False;254;128;8852;cf27a501aa697f0d789e61a4b2cc26af920d64da;21;noreply@github.com;me@obrown.io
Translog.java;MODIFY;1406.0;2.0;Grew;True;2024-05-06 08:04:17+00:00;False;254;128;8861;0d5b80af34b68603e36d42a60ce0f2505143c238;9;noreply@github.com;ievgen.degtiarenko@elastic.co
Translog.java;MODIFY;1479.0;73.0;Grew;True;2024-07-02 17:45:27+00:00;False;251;127;8894;6312bd8139a514a82d2d030066f82381686b2bf6;2;noreply@github.com;me@obrown.io
Translog.java;MODIFY;1441.0;-38.0;Decreased;True;2024-07-09 11:56:10+00:00;False;242;123;8705;5d26c67d22c5ecd9abd635908c8436d6cc85ef29;24;noreply@github.com;simon.cooper@elastic.co
Translog.java;MODIFY;1441.0;0.0;Equal;True;2024-09-13 22:29:46+00:00;False;242;123;8705;a59c182f9f7e9d1bf3d6eecbc0e44f24ff91d053;10208;portugee@gmail.com;portugee@gmail.com
Translog.java;MODIFY;1444.0;3.0;Grew;True;2024-12-16 11:46:36+00:00;False;243;124;8724;b461baf1965e7da69c92bca8c97f50ef62bb8c53;15;noreply@github.com;tlrx.dev@gmail.com
