file_name;change_type;n_loc;lines_balance;size_change;is_large;date;swapped_classification;complexity;methods;tokens;hash;files_on_commit;committer_email;author_email
TransportShardBulkActionTests.java;RENAME;654;0.0;Equal;False;2018-01-11 18:30:43+00:00;False;not calculated;0;not calculated;99f88f15c5febbca2d13b5b5fda27b844153bf1a;4641;noreply@github.com;tim@uncontended.net
TransportShardBulkActionTests.java;MODIFY;654;0.0;Equal;False;2018-05-01 06:15:02+00:00;False;33;28;6619;4a537ef03cc83ad4774258216a819ae8e549edae;28;noreply@github.com;b.leskes@gmail.com
TransportShardBulkActionTests.java;MODIFY;650;-4.0;Decreased;False;2018-07-05 13:38:06+00:00;False;33;28;6576;bd1c513422d63d8f7df1fac6743ba7fd7133fa9e;66;noreply@github.com;cbuescher@posteo.de
TransportShardBulkActionTests.java;MODIFY;650;0.0;Equal;False;2018-08-03 07:33:08+00:00;False;33;28;6598;0d60e8a029a8e38cbf69c2d923f0b97dc144c8af;28;noreply@github.com;yannick@welsch.lu
TransportShardBulkActionTests.java;MODIFY;646;-4.0;Decreased;False;2018-08-10 08:15:01+00:00;False;39;23;7320;f58ed21720d186a3af5ee9eabc1e96a83a0aa6ca;9;noreply@github.com;b.leskes@gmail.com
TransportShardBulkActionTests.java;MODIFY;648;2.0;Grew;False;2018-08-14 06:20:35+00:00;False;39;23;7350;a8bfa466b2f2a68c2384bc730a0b8c7c9ce7ea87;3;noreply@github.com;yannick@welsch.lu
TransportShardBulkActionTests.java;MODIFY;653;5.0;Grew;False;2018-12-15 16:59:57+00:00;False;39;23;7422;733a6d34c1d08f3a1c50fc5a283733cc994b4343;20;noreply@github.com;b.leskes@gmail.com
TransportShardBulkActionTests.java;MODIFY;653;0.0;Equal;False;2019-02-14 16:30:40+00:00;False;39;23;7422;2a03802a9ef4fa18e236894d36c21fa01b412d9c;2;noreply@github.com;dakrone@users.noreply.github.com
TransportShardBulkActionTests.java;MODIFY;671;18.0;Grew;False;2019-02-15 09:10:27+00:00;False;41;24;7546;dacb0dfa292b33dad325a7408182a9521b22f1db;4;noreply@github.com;33268011+henningandersen@users.noreply.github.com
TransportShardBulkActionTests.java;MODIFY;671;0.0;Equal;False;2019-03-27 11:18:28+00:00;False;41;24;7542;db03109fab9a0684ce92a0be2275c46f4d42a87c;11;noreply@github.com;jpountz@gmail.com
TransportShardBulkActionTests.java;MODIFY;700;29.0;Grew;False;2019-04-06 16:11:00+00:00;False;42;24;7792;5d26243aba226648e1bd2c327e0ac0cae4a4c14f;29;noreply@github.com;me@obrown.io
TransportShardBulkActionTests.java;MODIFY;664;-36.0;Decreased;False;2019-04-14 09:29:51+00:00;False;41;23;7428;c86e7f17e27624bb5f76f2c1061e99500d55d7bb;2;noreply@github.com;me@obrown.io
TransportShardBulkActionTests.java;MODIFY;662;-2.0;Decreased;False;2019-07-19 14:57:14+00:00;False;41;23;7419;6be57f8da7670c6e0f7c67fbabde8852fe4bfca3;12;noreply@github.com;nhat.nguyen@elastic.co
TransportShardBulkActionTests.java;MODIFY;662;0.0;Equal;False;2019-08-01 15:29:31+00:00;False;41;23;7417;48d31194c25e2adb2f3fc4db3769f02faed0023a;7;noreply@github.com;yannick@welsch.lu
TransportShardBulkActionTests.java;MODIFY;662;0.0;Equal;False;2019-08-07 01:14:42+00:00;False;41;23;7417;5508aba42b376951b0c036335e172c1bedf71f2f;3;noreply@github.com;jason@tedor.me
TransportShardBulkActionTests.java;MODIFY;666;4.0;Grew;False;2019-09-19 14:45:45+00:00;False;41;23;7473;08e3cebc00ec08c3e2fc9e4a4d2253b8ed16417a;17;noreply@github.com;yannick@welsch.lu
TransportShardBulkActionTests.java;MODIFY;659;-7.0;Decreased;False;2019-10-07 12:29:12+00:00;False;41;23;7387;7a622f024f555566ab06176f85b830baf47e61c0;83;noreply@github.com;romseygeek@apache.org
TransportShardBulkActionTests.java;MODIFY;657;-2.0;Decreased;False;2019-10-11 09:23:55+00:00;False;41;23;7346;566e1b7d33ec62e2f6011245782cd65d6381ee43;251;noreply@github.com;romseygeek@apache.org
TransportShardBulkActionTests.java;MODIFY;657;0.0;Equal;False;2019-10-15 08:05:29+00:00;False;41;23;7342;6531369f11d159896957b75a7eae0b7da214d01a;100;noreply@github.com;romseygeek@apache.org
TransportShardBulkActionTests.java;MODIFY;661;4.0;Grew;False;2019-11-05 14:29:07+00:00;False;41;23;7412;a5f17fc2750cd9f5e2f5da30d0a0ea84bca3f59b;5;noreply@github.com;david.turner@elastic.co
TransportShardBulkActionTests.java;MODIFY;661;0.0;Equal;False;2019-11-13 10:42:13+00:00;False;41;23;7416;66f49d8ea5d263eb3c78739657dc4718c1420825;11;noreply@github.com;yannick@welsch.lu
TransportShardBulkActionTests.java;MODIFY;660;-1.0;Decreased;False;2019-11-14 10:44:43+00:00;False;41;23;7414;6acb70a0ab6f08f3be4b81260c9712c14c1941f2;26;noreply@github.com;romseygeek@apache.org
TransportShardBulkActionTests.java;MODIFY;660;0.0;Equal;False;2019-11-14 13:20:39+00:00;False;41;23;7404;c1c7fa5d9c8f8423c848e196682273828bf50b3e;70;noreply@github.com;romseygeek@apache.org
TransportShardBulkActionTests.java;MODIFY;748;88.0;Grew;False;2020-02-15 01:10:39+00:00;False;44;24;8391;0dd1ed814d09efe269d7e1f6c6b0d24847fa07a6;2;noreply@github.com;tim@uncontended.net
TransportShardBulkActionTests.java;MODIFY;748;0.0;Equal;False;2020-03-31 19:52:01+00:00;False;44;24;8391;95a7eed9aa35f47b228e402508709b5bd6703cf4;1779;noreply@github.com;jason@tedor.me
TransportShardBulkActionTests.java;MODIFY;750;2.0;Grew;False;2020-04-20 09:09:29+00:00;False;44;24;8423;05066aecf071ef0f66f99d83a1c95e3c8f11025b;30;noreply@github.com;kongshi.yks@alibaba-inc.com
TransportShardBulkActionTests.java;MODIFY;752;2.0;Grew;False;2020-09-22 18:14:45+00:00;False;44;24;8446;242083a36e02496aae9214dc41b89372022e7076;30;noreply@github.com;jaymode@users.noreply.github.com
TransportShardBulkActionTests.java;MODIFY;752;0.0;Equal;False;2020-11-24 16:25:22+00:00;False;44;24;8440;af2f084bff420e8ef367ffa4b3608c1e35b2b800;15;noreply@github.com;julie.tibshirani@elastic.co
TransportShardBulkActionTests.java;MODIFY;752;0.0;Equal;False;2021-02-03 00:10:53+00:00;False;44;24;8440;a92a647b9f17d1bddf5c707490a19482c273eda3;14916;portugee@gmail.com;portugee@gmail.com
TransportShardBulkActionTests.java;MODIFY;791;39.0;Grew;False;2021-03-11 07:28:49+00:00;False;47;25;8760;800414eeb8788f00e4e7e602b0ace78d6b1706b2;1;noreply@github.com;andrei.dan@elastic.co
TransportShardBulkActionTests.java;MODIFY;791;0.0;Equal;False;2021-08-12 18:41:26+00:00;False;47;25;8762;e305a6bed75e99b5053b07e03f4c6c813e02160b;28;noreply@github.com;nik9000@gmail.com
TransportShardBulkActionTests.java;MODIFY;791;0.0;Equal;False;2021-10-26 21:16:11+00:00;False;47;25;8762;f8d8702b881fb17a8f20269b6f3bdefc08ae41b9;315;noreply@github.com;ryan@elastic.co
TransportShardBulkActionTests.java;MODIFY;904;113.0;Grew;False;2021-10-27 15:19:51+00:00;False;47;25;8762;12ad399c488f0cc60e19b5e1b29c6d569cb4351a;10457;portugee@gmail.com;portugee@gmail.com
TransportShardBulkActionTests.java;MODIFY;911;7.0;Grew;False;2021-12-15 17:01:28+00:00;False;47;25;8780;763d6d510f0792a9e3743a413605127316859dde;730;noreply@github.com;artem.prigoda@elastic.co
TransportShardBulkActionTests.java;MODIFY;911;0.0;Equal;False;2021-12-22 17:43:04+00:00;False;47;25;8782;a2bc4854b562782a8a66eeacb23246d4d21a2b01;1527;noreply@github.com;62058229+ChrisHegarty@users.noreply.github.com
TransportShardBulkActionTests.java;MODIFY;915;4.0;Grew;False;2022-03-10 15:05:27+00:00;False;47;25;8830;37ea6a8255623d41be7df11440610ffa958ce50e;95;noreply@github.com;nik9000@gmail.com
TransportShardBulkActionTests.java;MODIFY;915;0.0;Equal;False;2023-01-23 10:25:13+00:00;False;47;25;8830;c0228c73fea5caf279bf7141eabea50813c4528b;12;noreply@github.com;david.turner@elastic.co
TransportShardBulkActionTests.java;MODIFY;911;-4.0;Decreased;False;2023-04-27 15:11:48+00:00;False;47;25;8810;4e69fa102ffe583a224b11c3649c82784dd91a3e;140;noreply@github.com;me@obrown.io
TransportShardBulkActionTests.java;MODIFY;917;6.0;Grew;False;2023-06-12 08:08:23+00:00;False;48;25;8864;22d2709bb6dabbdbb34f7bf368a3def6abbed696;4;noreply@github.com;felixbarny@users.noreply.github.com
TransportShardBulkActionTests.java;MODIFY;919;2.0;Grew;False;2023-06-27 12:29:38+00:00;False;48;25;8876;43072b5f3640c84fb1f75d9977350d4a2fe51efc;6;noreply@github.com;david.turner@elastic.co
TransportShardBulkActionTests.java;MODIFY;919;0.0;Equal;False;2023-07-25 11:25:56+00:00;False;48;25;8880;03e92b30df5b81aea939ff6533380d8cd8a63f1f;256;noreply@github.com;simon.cooper@elastic.co
TransportShardBulkActionTests.java;MODIFY;1039;120.0;Grew;False;2024-01-02 07:40:09+00:00;False;53;28;10106;68093e6e0dd2d69bf250227646df3eb077f01c2a;4;noreply@github.com;felixbarny@users.noreply.github.com
TransportShardBulkActionTests.java;MODIFY;1053;14.0;Grew;True;2024-02-12 16:16:24+00:00;True;53;28;10173;11f3c290892a039f7037a5a1a206c4142943653c;46;noreply@github.com;przemyslaw.gomulka@elastic.co
TransportShardBulkActionTests.java;MODIFY;1047;-6.0;Decreased;False;2024-03-30 19:23:27+00:00;True;53;28;10191;7f83189cb24bf41ddea13126385c47302ea9f9b3;10;noreply@github.com;david.turner@elastic.co
TransportShardBulkActionTests.java;MODIFY;1049;2.0;Grew;False;2024-05-01 12:10:51+00:00;False;53;28;10201;c1f409cc907ca5a172d8f05841dbf0d793ad6806;19;noreply@github.com;david.turner@elastic.co
TransportShardBulkActionTests.java;MODIFY;1059;10.0;Grew;True;2024-05-22 13:05:36+00:00;True;53;28;10292;d06f3564be5fe96708de9620ad1c40155d2a9b71;3;noreply@github.com;przemyslaw.gomulka@elastic.co
TransportShardBulkActionTests.java;MODIFY;1059;0.0;Equal;True;2024-06-27 09:18:27+00:00;False;53;28;10378;7e81229b7fdd9e5d4924f6cb11660ac7bda1cada;3;noreply@github.com;me@obrown.io
TransportShardBulkActionTests.java;MODIFY;1066;7.0;Grew;True;2024-07-11 08:49:32+00:00;False;53;28;10445;cf03c66c1f2720ad129c199cc10cd81cc185b121;11;noreply@github.com;przemyslaw.gomulka@elastic.co
TransportShardBulkActionTests.java;MODIFY;1066;0.0;Equal;True;2024-08-02 07:26:37+00:00;False;53;28;10446;6ca3ac253a8d8171f228d9dbfd6c5c924239c226;27;noreply@github.com;mmack@apache.org
TransportShardBulkActionTests.java;MODIFY;1066;0.0;Equal;True;2024-09-13 22:29:46+00:00;False;53;28;10446;a59c182f9f7e9d1bf3d6eecbc0e44f24ff91d053;10208;portugee@gmail.com;portugee@gmail.com
TransportShardBulkActionTests.java;MODIFY;1073;7.0;Grew;True;2024-09-16 20:08:58+00:00;False;57;28;10408;1eca400590cd370f69a411fa55d17f1940805bbe;5;noreply@github.com;mike.pellegrini@elastic.co
TransportShardBulkActionTests.java;MODIFY;1069;-4.0;Decreased;True;2024-10-25 18:52:06+00:00;False;57;28;10389;68316f7d17da89a11695e62561b4b0e099c0c3ff;25;noreply@github.com;mmack@apache.org
