|File Name|Change Type|Local File PATH Old|Local File PATH New|Complexity|Methods|Tokens|Lines Of Code (nloc)|Lines Added|Lines Deleted
0|work.c|MODIFY|net/mac80211/work.c|net/mac80211/work.c|195|30|5494|923|2|1
