file_name;change_type;n_loc;lines_balance;size_change;is_large;date;swapped_classification;complexity;methods;tokens;hash;files_on_commit;committer_email;author_email
CustomShellCommands.cs;ADD;4914;0.0;Equal;True;2016-03-31 00:16:23+00:00;True;89;38;7371;60b3b304f2e1042bcf773d7e2ae3530a1f5d52f0;1182;sevoroby@microsoft.com;PowerShellTeam@hotmail.com
CustomShellCommands.cs;MODIFY;4923;9.0;Grew;True;2016-05-19 00:41:26+00:00;False;89;38;7371;d9bf6b037f7c859b0951d0f0a3f7dc52fae58cb5;35;andschwa@microsoft.com;PowerShellTeam@hotmail.com
CustomShellCommands.cs;MODIFY;4931;8.0;Grew;True;2016-05-31 21:12:49+00:00;False;89;38;7373;b38773eb79908709628115c2f7b18eb0cb121164;63;andschwa@microsoft.com;PowerShellTeam@hotmail.com
CustomShellCommands.cs;MODIFY;4926;-5.0;Decreased;True;2016-08-01 22:57:03+00:00;False;89;38;7373;403ae3f53f26aec83d867998400cdf1a91aa5d68;953;jasonsh@microsoft.com;PowerShellTeam@hotmail.com
CustomShellCommands.cs;MODIFY;4846;-80.0;Decreased;True;2016-08-03 19:14:28+00:00;False;89;38;7315;ae8d2ed794da9158a9d4ccdc4ecd1e16c4c43ceb;263;jasonsh@microsoft.com;PowerShellTeam@hotmail.com
CustomShellCommands.cs;MODIFY;4846;0.0;Equal;True;2016-08-24 01:21:31+00:00;False;89;38;7315;f538eeb416ef7cc3cba94601a073dd358c72894c;288;xiaoyinl@users.noreply.github.com;xiaoyinl@users.noreply.github.com
CustomShellCommands.cs;MODIFY;4846;0.0;Equal;True;2016-08-28 05:27:36+00:00;False;89;38;7315;64bd97801a61eb286edcb059bf5e4cfa2c1f8eb7;18;jsoref@users.noreply.github.com;jsoref@users.noreply.github.com
CustomShellCommands.cs;MODIFY;4846;0.0;Equal;True;2016-09-02 16:21:20+00:00;False;89;38;7315;a398315a870118e61bd048345aeac38b223765cf;27;jsoref@users.noreply.github.com;jsoref@users.noreply.github.com
CustomShellCommands.cs;MODIFY;4847;1.0;Grew;True;2016-12-08 18:28:55+00:00;False;89;38;7320;177c99de93b8f9c082cd1195501ddccee44cca42;13;jason@truewheels.net;dlwyatt115@gmail.com
CustomShellCommands.cs;MODIFY;4847;0.0;Equal;True;2017-01-16 21:31:14+00:00;False;89;38;7320;02b5f357a20e6dee9f8e60e3adb9025be3c94490;1394;noreply@github.com;jason@truewheels.net
CustomShellCommands.cs;MODIFY;4847;0.0;Equal;True;2017-04-13 20:45:46+00:00;False;89;38;7320;4ad4b194fce73bb1fbc3f81b40aada2f30eb2401;24;xvorsx@gmail.com;darpa@yandex.ru
CustomShellCommands.cs;MODIFY;4846;-1.0;Decreased;True;2017-04-17 18:52:38+00:00;False;89;38;7309;7a55bf98b2370ab4817ab2533cb67673053ee446;159;noreply@github.com;dongb.wang@gmail.com
CustomShellCommands.cs;MODIFY;4846;0.0;Equal;True;2017-06-20 22:08:02+00:00;False;89;38;7309;598cebf7b2f0b5bb0b0add97c6393ccfaaa792f5;19;dongb.wang@gmail.com;darpa@yandex.ru
CustomShellCommands.cs;MODIFY;4852;6.0;Grew;True;2017-07-18 17:07:05+00:00;False;89;38;7309;44e377525b77a2cb1bbbf2c5bd64ac05d684c030;2;dongb.wang@gmail.com;slee@microsoft.com
CustomShellCommands.cs;MODIFY;4852;0.0;Equal;True;2017-07-22 04:03:49+00:00;False;89;38;7317;ffd39b2853b68419eb0fd5e34a89b755c98b8022;99;dongb.wang@gmail.com;c.bergmeister@gmail.com
CustomShellCommands.cs;MODIFY;4892;40.0;Grew;True;2017-07-26 17:08:52+00:00;False;65;31;6147;cf7b9f3de1539b4f442568c3e9068bad3a7bed0f;1;mirichmo@microsoft.com;slee@microsoft.com
CustomShellCommands.cs;MODIFY;4327;-565.0;Decreased;True;2017-08-08 16:36:22+00:00;False;333;68;13466;515a999e1cdc9d8764edb8b49d23338060968532;6;dongb.wang@gmail.com;mirichmo@microsoft.com
CustomShellCommands.cs;MODIFY;4325;-2.0;Decreased;True;2017-09-28 16:27:43+00:00;False;333;68;13440;6e77537181b92ea2141b1a75102c78c13ec4d0a1;8;dongb.wang@gmail.com;darpa@yandex.ru
CustomShellCommands.cs;MODIFY;4325;0.0;Equal;True;2017-10-26 21:12:19+00:00;False;333;68;13440;4bc52d2358222084738157a08907fac32d13bd3a;1058;dongbow@microsoft.com;slee@microsoft.com
CustomShellCommands.cs;MODIFY;4322;-3.0;Decreased;True;2018-02-13 17:23:53+00:00;False;333;68;13440;c1c5344a8897262433141ecbc13bb06ac2c4bbef;1567;travis.plunk@microsoft.com;slee@microsoft.com
CustomShellCommands.cs;MODIFY;4370;48.0;Grew;True;2018-04-10 19:21:44+00:00;False;333;68;13452;3cd2308af98be2d47366da139c20330a12108f57;3;travis.plunk@microsoft.com;algizklaudia@gmail.com
CustomShellCommands.cs;MODIFY;4370;0.0;Equal;True;2018-04-13 19:27:03+00:00;False;333;68;13452;dd8f76b8d590870ae1ca659362b6f80c327b6a1d;1;travis.plunk@microsoft.com;algizklaudia@gmail.com
CustomShellCommands.cs;MODIFY;4328;-42.0;Decreased;True;2018-06-06 03:08:49+00:00;False;320;66;13255;2429b431818f2c13edbb351bb682109e736ce9e3;7;darpa@yandex.ru;dongbow@microsoft.com
CustomShellCommands.cs;MODIFY;4328;0.0;Equal;True;2018-06-08 05:49:03+00:00;False;320;66;13255;fa544c33dbe05b9bef14e299e830bc13d8d3c65c;37;darpa@yandex.ru;c.bergmeister@gmail.com
CustomShellCommands.cs;MODIFY;4328;0.0;Equal;True;2018-06-12 19:30:10+00:00;False;320;66;13257;e177fcaef610f874aa31cd3d85f97162d2859e72;160;dongbow@microsoft.com;darpa@yandex.ru
CustomShellCommands.cs;MODIFY;4328;0.0;Equal;True;2018-06-14 03:35:55+00:00;False;320;66;13257;87bec49b2775655dd17fb4d320bec682bac895d4;5;darpa@yandex.ru;dongbow@microsoft.com
CustomShellCommands.cs;MODIFY;4328;0.0;Equal;True;2018-06-25 21:37:09+00:00;False;320;66;13257;4fc784e840b8df00d2552045c6ed52d027659d2b;186;dongbow@microsoft.com;darpa@yandex.ru
CustomShellCommands.cs;MODIFY;4334;6.0;Grew;True;2018-07-17 02:35:48+00:00;False;320;66;13259;0a2f9c88212edff63cf4f5b1c99c11a639d2e3c5;5;travis.plunk@microsoft.com;slee@microsoft.com
CustomShellCommands.cs;MODIFY;4334;0.0;Equal;True;2018-07-17 02:40:46+00:00;False;320;66;13259;63041b4aec19c634f760fef52559d2575486b101;5;travis.plunk@microsoft.com;slee@microsoft.com
CustomShellCommands.cs;MODIFY;4332;-2.0;Decreased;True;2018-08-01 05:39:13+00:00;False;320;66;13259;5d03e1653a7d518715fa3f00587cad6b5c78cc89;395;noreply@github.com;darpa@yandex.ru
CustomShellCommands.cs;MODIFY;4332;0.0;Equal;True;2018-12-08 16:53:30+00:00;False;320;66;13259;b7b386d2094f38de632b1599b06761f5a34f62c3;224;darpa@yandex.ru;meirblachman@gmail.com
CustomShellCommands.cs;MODIFY;4332;0.0;Equal;True;2018-12-21 18:07:01+00:00;False;320;66;13247;56ad1d3a65122fcce6401efcbd3137ee4d2b1042;21;noreply@github.com;dongbow@microsoft.com
CustomShellCommands.cs;MODIFY;4350;18.0;Grew;True;2018-12-24 06:20:06+00:00;False;320;66;13247;4af3068566b2218bc37ea19785ded589c2a5c42f;766;darpa@yandex.ru;slee@microsoft.com
CustomShellCommands.cs;MODIFY;4350;0.0;Equal;True;2018-12-25 16:43:03+00:00;False;320;66;13247;871ce5696d01186f620f67366dc33691e0382a32;257;noreply@github.com;darpa@yandex.ru
CustomShellCommands.cs;MODIFY;4350;0.0;Equal;True;2018-12-28 11:39:06+00:00;False;320;66;13247;479fc64aff24c23ff4d445d2422fd2fd59602ec0;360;noreply@github.com;darpa@yandex.ru
CustomShellCommands.cs;MODIFY;4350;0.0;Equal;True;2018-12-31 10:10:15+00:00;False;320;66;13247;56569b9315c6f8afa707942c36d9953ca69f2e54;222;noreply@github.com;darpa@yandex.ru
CustomShellCommands.cs;MODIFY;4350;0.0;Equal;True;2018-12-31 15:44:16+00:00;False;320;66;13245;dfd2f6936922856d1c9bc0e0061763325ba8c159;282;noreply@github.com;darpa@yandex.ru
CustomShellCommands.cs;MODIFY;4350;0.0;Equal;True;2019-01-05 23:40:24+00:00;False;320;66;13245;1be3f4cc0e465ae11ad8e59e9060f5a59e4762eb;658;dongbow@microsoft.com;darpa@yandex.ru
CustomShellCommands.cs;MODIFY;4350;0.0;Equal;True;2019-01-06 01:51:20+00:00;False;320;66;13245;233b54ed65d398604c0bfadccdc59cb81eb7e5de;296;dongbow@microsoft.com;darpa@yandex.ru
CustomShellCommands.cs;MODIFY;4350;0.0;Equal;True;2019-03-10 01:53:31+00:00;False;320;66;13245;759c4abde811aff1490dec92e438d61e341c3181;95;dongbow@microsoft.com;darpa@yandex.ru
CustomShellCommands.cs;MODIFY;4352;2.0;Grew;True;2019-03-25 16:39:15+00:00;False;320;66;13259;9ea60587fc81b83ac88d87ad982a75df51e3fd2a;2;travis.plunk@microsoft.com;paulhi@microsoft.com
CustomShellCommands.cs;MODIFY;4352;0.0;Equal;True;2019-04-24 14:27:22+00:00;False;320;66;13259;ceed73d7375cb98a199ceb19796bb2311b0b0002;99;noreply@github.com;darpa@yandex.ru
CustomShellCommands.cs;MODIFY;4352;0.0;Equal;True;2019-04-30 05:25:11+00:00;False;320;66;13259;bd6fdae73520931f0d27a29d6290e18761772141;454;noreply@github.com;darpa@yandex.ru
CustomShellCommands.cs;MODIFY;4352;0.0;Equal;True;2019-05-10 22:34:27+00:00;False;320;66;13259;a96b4c040492e4e8f79ba243af6d43206fcd8791;60;dongbow@microsoft.com;slee@microsoft.com
CustomShellCommands.cs;MODIFY;4288;-64.0;Decreased;True;2019-05-21 03:38:33+00:00;False;309;65;12855;afa76dec2374df8dadc1629bd7050c5db11c0694;6;noreply@github.com;darpa@yandex.ru
CustomShellCommands.cs;MODIFY;4288;0.0;Equal;True;2019-06-26 06:02:07+00:00;False;309;65;12849;dd7e45fe2ebb358f0833c1c5be0f8f5eb90d2554;15;noreply@github.com;darpa@yandex.ru
CustomShellCommands.cs;MODIFY;4280;-8.0;Decreased;True;2019-07-06 20:03:03+00:00;False;306;63;12758;5d98b901be24094f96cad6b00bfcade96735e468;19;noreply@github.com;darpa@yandex.ru
CustomShellCommands.cs;MODIFY;4270;-10.0;Decreased;True;2019-07-09 21:35:08+00:00;False;306;63;12673;fe56f9d90238ede0a77c5eb3c7190c2d459cd8be;23;dongbow@microsoft.com;c.bergmeister@gmail.com
CustomShellCommands.cs;MODIFY;4269;-1.0;Decreased;True;2019-07-25 19:38:52+00:00;False;304;63;12678;2ed9abc99b9ea9caf13b09b1b64099a86405794d;24;dongbow@microsoft.com;slee@microsoft.com
CustomShellCommands.cs;MODIFY;4148;-121.0;Decreased;True;2019-10-04 17:05:04+00:00;False;304;63;12599;c11a69c88f9c6f3604a7be63601274c574390849;1;darpa@yandex.ru;KirkMunro@users.noreply.github.com
CustomShellCommands.cs;MODIFY;4153;5.0;Grew;True;2019-11-18 18:44:55+00:00;False;304;63;12599;b218e6f6ccfbd784d29258a0cab5820c676c4773;21;dongbow@microsoft.com;anmenaga@microsoft.com
CustomShellCommands.cs;MODIFY;4153;0.0;Equal;True;2019-12-02 18:25:56+00:00;False;304;63;12599;3923ca172854b8f3b00dcd02b0f1829917758f10;162;adityap@microsoft.com;v-dasmat@microsoft.com
CustomShellCommands.cs;MODIFY;4149;-4.0;Decreased;True;2020-01-24 17:54:07+00:00;False;303;63;12588;a7a2b1233623679ff803dc6df0f4ea47f4215474;2;dongbow@microsoft.com;paulhi@microsoft.com
CustomShellCommands.cs;MODIFY;4149;0.0;Equal;True;2020-03-24 18:08:37+00:00;False;303;63;12588;b7cb335f03fe2992d0cbd61699de9d9aafa1d7c1;1760;noreply@github.com;slee@microsoft.com
CustomShellCommands.cs;MODIFY;4150;1.0;Grew;True;2020-05-29 04:56:33+00:00;False;303;63;12588;05cab7fa5a3e229f2665ef9cb70fbb15b9fcc7c1;159;noreply@github.com;45661989+xtqqczze@users.noreply.github.com
CustomShellCommands.cs;MODIFY;4150;0.0;Equal;True;2020-07-30 13:04:03+00:00;False;303;63;12588;6c03776d743edfdffc3e347a7d7249864b5e2447;581;noreply@github.com;45661989+xtqqczze@users.noreply.github.com
CustomShellCommands.cs;MODIFY;4150;0.0;Equal;True;2020-07-30 23:06:38+00:00;False;303;63;12588;4b9b0788ed28ea6d463ce857d1ed81bd4a977a59;581;noreply@github.com;dongbow@microsoft.com
CustomShellCommands.cs;MODIFY;4100;-50.0;Decreased;True;2020-07-31 00:59:11+00:00;False;303;63;12588;2eade89f251c44d924871867f7de0c747ab7bcc5;1;noreply@github.com;45661989+xtqqczze@users.noreply.github.com
CustomShellCommands.cs;MODIFY;4100;0.0;Equal;True;2020-11-05 04:48:13+00:00;False;303;63;12584;3ba61069b8e8d027dbbe11f69a85c871359291f9;43;noreply@github.com;45661989+xtqqczze@users.noreply.github.com
CustomShellCommands.cs;MODIFY;4099;-1.0;Decreased;True;2020-11-05 16:58:48+00:00;False;303;63;12581;76cef3b299911ba264fef7a2f510dd633f36497d;74;noreply@github.com;45661989+xtqqczze@users.noreply.github.com
CustomShellCommands.cs;MODIFY;4099;0.0;Equal;True;2020-11-07 11:36:04+00:00;False;303;63;12587;d128fbc1a80093b0bb3b46e9429436b838a4e211;56;noreply@github.com;45661989+xtqqczze@users.noreply.github.com
CustomShellCommands.cs;MODIFY;4099;0.0;Equal;True;2020-11-13 04:39:25+00:00;False;303;63;12585;b521b858ad3bc7cc66c82e5d7193523dfe72b5b6;36;noreply@github.com;45661989+xtqqczze@users.noreply.github.com
CustomShellCommands.cs;MODIFY;4099;0.0;Equal;True;2020-11-20 06:42:51+00:00;False;303;63;12575;9e285298c0d4dde9d78b558efd14e584463f2c6e;43;noreply@github.com;45661989+xtqqczze@users.noreply.github.com
CustomShellCommands.cs;MODIFY;4099;0.0;Equal;True;2020-11-24 10:12:11+00:00;False;303;63;12577;94597deb39629424089ae4000eda81a2bd25c080;25;noreply@github.com;45661989+xtqqczze@users.noreply.github.com
CustomShellCommands.cs;MODIFY;4099;0.0;Equal;True;2020-11-24 15:06:16+00:00;False;303;63;12578;c7bdb24ff3160b69285202f30a079e4c589f26f4;68;noreply@github.com;45661989+xtqqczze@users.noreply.github.com
CustomShellCommands.cs;MODIFY;4099;0.0;Equal;True;2020-12-19 15:00:51+00:00;False;303;63;12578;5f3dd938b792e1a395fd011ac1461246db7c0e1f;11;noreply@github.com;45661989+xtqqczze@users.noreply.github.com
CustomShellCommands.cs;MODIFY;4099;0.0;Equal;True;2021-04-12 19:44:05+00:00;False;303;63;12579;91e7298fd8101b85b17514dfefa41b20a7276ca4;89;noreply@github.com;darpa@yandex.ru
CustomShellCommands.cs;MODIFY;4135;36.0;Grew;True;2021-05-26 02:24:28+00:00;False;303;63;12579;7ead1374072c2664f5830fceb6b281a500196d0a;62;noreply@github.com;adityap@microsoft.com
CustomShellCommands.cs;MODIFY;4132;-3.0;Decreased;True;2021-12-01 23:54:25+00:00;False;303;63;12566;64d2fe26f3957eeb400e48234accbc8e643ef929;6;noreply@github.com;paulhi@microsoft.com
CustomShellCommands.cs;MODIFY;4132;0.0;Equal;True;2022-10-27 22:25:41+00:00;False;303;63;12558;8965af3d5201b103971b00f040c13e90ca7b6de6;27;noreply@github.com;darpa@yandex.ru
CustomShellCommands.cs;MODIFY;4132;0.0;Equal;True;2022-10-31 16:56:15+00:00;False;303;63;12558;9016adf1c22fcaf97d026762bf4b0c8da9e3d6c4;10;noreply@github.com;berkan.diler1@ingka.ikea.com
CustomShellCommands.cs;MODIFY;4130;-2.0;Decreased;True;2023-01-23 17:36:26+00:00;False;303;63;12557;4c586a7a86515869a4732532b5c8c29c9e58fa70;14;noreply@github.com;105941898+CarloToso@users.noreply.github.com
CustomShellCommands.cs;MODIFY;4130;0.0;Equal;True;2023-02-03 05:40:43+00:00;False;303;63;12557;ec0eb220626c5d30e8feeb1e9519d028fe67e906;63;noreply@github.com;111918424+spaette@users.noreply.github.com
CustomShellCommands.cs;MODIFY;4132;2.0;Grew;True;2024-07-01 21:00:50+00:00;False;303;63;12559;908c325879693fe377a3ac4816829fa791050914;1;noreply@github.com;slee@microsoft.com
