file_name;change_type;n_loc;lines_balance;size_change;is_large;date;swapped_classification;complexity;methods;tokens;hash;files_on_commit;committer_email;author_email
ScriptWriter.cs;ADD;1945;0.0;Equal;True;2016-03-31 00:16:23+00:00;True;248;49;10528;60b3b304f2e1042bcf773d7e2ae3530a1f5d52f0;1182;sevoroby@microsoft.com;PowerShellTeam@hotmail.com
ScriptWriter.cs;MODIFY;1945;0.0;Equal;True;2016-08-01 22:57:03+00:00;False;248;49;10394;403ae3f53f26aec83d867998400cdf1a91aa5d68;953;jasonsh@microsoft.com;PowerShellTeam@hotmail.com
ScriptWriter.cs;MODIFY;1945;0.0;Equal;True;2016-08-03 19:14:28+00:00;False;248;49;10394;85d6e9f022993149b9d74259c5028a5509695a51;156;jasonsh@microsoft.com;PowerShellTeam@hotmail.com
ScriptWriter.cs;MODIFY;1945;0.0;Equal;True;2016-08-28 21:46:20+00:00;False;248;49;10394;857def02ccfbe5068dcae73e4f6e32e547059df5;21;jsoref@users.noreply.github.com;jsoref@users.noreply.github.com
ScriptWriter.cs;MODIFY;1945;0.0;Equal;True;2017-01-16 21:31:14+00:00;False;248;49;10394;02b5f357a20e6dee9f8e60e3adb9025be3c94490;1394;noreply@github.com;jason@truewheels.net
ScriptWriter.cs;MODIFY;1943;-2.0;Decreased;True;2017-04-17 18:52:38+00:00;False;246;49;10373;7a55bf98b2370ab4817ab2533cb67673053ee446;159;noreply@github.com;dongb.wang@gmail.com
ScriptWriter.cs;MODIFY;1944;1.0;Grew;True;2017-05-02 16:40:53+00:00;False;247;49;10383;52336b8fdaff99103ffa295936b773f6a4e18ab9;1;noreply@github.com;dongb.wang@gmail.com
ScriptWriter.cs;MODIFY;1944;0.0;Equal;True;2017-10-26 21:12:19+00:00;False;247;49;10383;4bc52d2358222084738157a08907fac32d13bd3a;1058;dongbow@microsoft.com;slee@microsoft.com
ScriptWriter.cs;MODIFY;1943;-1.0;Decreased;True;2018-02-13 17:23:53+00:00;False;247;49;10382;c1c5344a8897262433141ecbc13bb06ac2c4bbef;1567;travis.plunk@microsoft.com;slee@microsoft.com
ScriptWriter.cs;MODIFY;1940;-3.0;Decreased;True;2018-04-13 22:06:13+00:00;False;247;49;10360;6125c0f4564aef489c5f6d1cda48b99d49ca4d17;12;noreply@github.com;dongbow@microsoft.com
ScriptWriter.cs;MODIFY;1940;0.0;Equal;True;2018-12-22 09:26:06+00:00;False;247;49;10360;289981a017e9fe4c26dcbd0ec0500c75cb39e49e;120;darpa@yandex.ru;dongbow@microsoft.com
ScriptWriter.cs;MODIFY;1941;1.0;Grew;True;2018-12-24 06:20:06+00:00;False;247;49;10360;4af3068566b2218bc37ea19785ded589c2a5c42f;766;darpa@yandex.ru;slee@microsoft.com
ScriptWriter.cs;MODIFY;1941;0.0;Equal;True;2019-01-06 01:51:20+00:00;False;247;49;10360;233b54ed65d398604c0bfadccdc59cb81eb7e5de;296;dongbow@microsoft.com;darpa@yandex.ru
ScriptWriter.cs;MODIFY;1935;-6.0;Decreased;True;2019-02-13 11:51:05+00:00;False;247;49;10292;ff3edaa2e38d715b287bbb7046fd75a5ba5d1061;14;noreply@github.com;darpa@yandex.ru
ScriptWriter.cs;MODIFY;1932;-3.0;Decreased;True;2019-07-09 21:35:08+00:00;False;247;49;10272;fe56f9d90238ede0a77c5eb3c7190c2d459cd8be;23;dongbow@microsoft.com;c.bergmeister@gmail.com
ScriptWriter.cs;MODIFY;1932;0.0;Equal;True;2020-03-24 18:08:37+00:00;False;247;49;10272;b7cb335f03fe2992d0cbd61699de9d9aafa1d7c1;1760;noreply@github.com;slee@microsoft.com
ScriptWriter.cs;MODIFY;1932;0.0;Equal;True;2020-05-29 04:56:33+00:00;False;247;49;10272;05cab7fa5a3e229f2665ef9cb70fbb15b9fcc7c1;159;noreply@github.com;45661989+xtqqczze@users.noreply.github.com
ScriptWriter.cs;MODIFY;1932;0.0;Equal;True;2020-07-30 13:04:03+00:00;False;247;49;10272;6c03776d743edfdffc3e347a7d7249864b5e2447;581;noreply@github.com;45661989+xtqqczze@users.noreply.github.com
ScriptWriter.cs;MODIFY;1932;0.0;Equal;True;2020-07-30 23:06:38+00:00;False;247;49;10272;4b9b0788ed28ea6d463ce857d1ed81bd4a977a59;581;noreply@github.com;dongbow@microsoft.com
ScriptWriter.cs;MODIFY;1932;0.0;Equal;True;2020-11-20 12:26:46+00:00;False;247;49;10272;99a49e0eab9b137449b690ab4607d7932c6f9956;46;noreply@github.com;45661989+xtqqczze@users.noreply.github.com
ScriptWriter.cs;MODIFY;1932;0.0;Equal;True;2020-11-27 08:16:31+00:00;False;247;49;10268;8d4869372e2dd3b53880202290af3a8f4eb1513e;21;noreply@github.com;45661989+xtqqczze@users.noreply.github.com
ScriptWriter.cs;MODIFY;1932;0.0;Equal;True;2020-12-09 03:52:00+00:00;False;247;49;10146;bb78d4b5c0aa9237df47c512d4059248078f5bbd;8;noreply@github.com;45661989+xtqqczze@users.noreply.github.com
ScriptWriter.cs;MODIFY;1932;0.0;Equal;True;2021-01-10 13:15:02+00:00;False;247;49;10136;9ea718f1719e54e81ae8c704f9b1bd2357ad90bc;10;noreply@github.com;45661989+xtqqczze@users.noreply.github.com
ScriptWriter.cs;MODIFY;1932;0.0;Equal;True;2021-04-12 19:44:05+00:00;False;247;49;10141;91e7298fd8101b85b17514dfefa41b20a7276ca4;89;noreply@github.com;darpa@yandex.ru
ScriptWriter.cs;MODIFY;1932;0.0;Equal;True;2021-06-26 00:19:05+00:00;False;247;49;10140;1e992c5e5345ae1f77a1896ba81c076084fb8759;3;noreply@github.com;45661989+xtqqczze@users.noreply.github.com
ScriptWriter.cs;MODIFY;1932;0.0;Equal;True;2021-07-07 04:33:19+00:00;False;247;49;10142;03b07a0062648b6b6f9f58227dbd25fb0e0759e7;24;noreply@github.com;45661989+xtqqczze@users.noreply.github.com
ScriptWriter.cs;MODIFY;1958;26.0;Grew;True;2022-10-26 16:50:26+00:00;False;252;49;10218;8b82fa3597bc5d207f1745199f3d4a0d302adf39;1;noreply@github.com;dongbow@microsoft.com
ScriptWriter.cs;MODIFY;1958;0.0;Equal;True;2023-01-20 07:21:19+00:00;False;252;49;10215;f5627538e14cf0a97915068caec42f825a18fdd9;7;noreply@github.com;105941898+CarloToso@users.noreply.github.com
ScriptWriter.cs;MODIFY;1958;0.0;Equal;True;2023-01-20 10:26:43+00:00;False;252;49;10215;64d82f812d8bc3ce0ef4a435e56cfab73ff8cf33;4;noreply@github.com;105941898+CarloToso@users.noreply.github.com
ScriptWriter.cs;MODIFY;1967;9.0;Grew;True;2023-03-03 18:51:53+00:00;False;252;49;10221;d00407612caa982f040fa13371a1dc70472a1870;25;noreply@github.com;105941898+CarloToso@users.noreply.github.com
ScriptWriter.cs;MODIFY;1964;-3.0;Decreased;True;2023-07-11 00:16:32+00:00;False;252;49;10203;b679b59e73f4b797ebacb40109987a7365d8db98;17;noreply@github.com;mr.molkree@gmail.com
