file_name;change_type;n_loc;lines_balance;size_change;is_large;date;swapped_classification;complexity;methods;tokens;hash;files_on_commit;committer_email;author_email
ServerRunspacePoolDriver.cs;ADD;1693;0.0;Equal;False;2016-03-31 00:16:23+00:00;False;295;78;7780;60b3b304f2e1042bcf773d7e2ae3530a1f5d52f0;1182;sevoroby@microsoft.com;PowerShellTeam@hotmail.com
ServerRunspacePoolDriver.cs;MODIFY;1695;2.0;Grew;False;2016-04-13 16:41:34+00:00;False;295;78;7785;273328d06f591296ae2548fcab38c17efc2466cb;8;andschwa@microsoft.com;sevoroby@microsoft.com
ServerRunspacePoolDriver.cs;MODIFY;1703;8.0;Grew;False;2016-04-28 20:53:04+00:00;False;293;78;7808;3998ce06ba7c0d352278db553265ebadaec79e4c;40;andschwa@microsoft.com;PowerShellTeam@hotmail.com
ServerRunspacePoolDriver.cs;MODIFY;1703;0.0;Equal;False;2016-08-01 22:57:03+00:00;False;293;78;7688;403ae3f53f26aec83d867998400cdf1a91aa5d68;953;jasonsh@microsoft.com;PowerShellTeam@hotmail.com
ServerRunspacePoolDriver.cs;MODIFY;1701;-2.0;Decreased;False;2016-08-03 19:06:06+00:00;False;293;78;7676;bc4901bd59fa96d6554b394ca9371ce79a80a7ce;477;jasonsh@microsoft.com;PowerShellTeam@hotmail.com
ServerRunspacePoolDriver.cs;MODIFY;1676;-25.0;Decreased;False;2016-08-03 19:14:28+00:00;False;293;78;7650;ae8d2ed794da9158a9d4ccdc4ecd1e16c4c43ceb;263;jasonsh@microsoft.com;PowerShellTeam@hotmail.com
ServerRunspacePoolDriver.cs;MODIFY;1676;0.0;Equal;False;2016-08-28 05:34:28+00:00;False;293;78;7650;bf5d15d891fbf3316798437028aab5ab6ce9fc07;8;jsoref@users.noreply.github.com;jsoref@users.noreply.github.com
ServerRunspacePoolDriver.cs;MODIFY;1676;0.0;Equal;False;2016-09-02 16:21:20+00:00;False;293;78;7650;a398315a870118e61bd048345aeac38b223765cf;27;jsoref@users.noreply.github.com;jsoref@users.noreply.github.com
ServerRunspacePoolDriver.cs;MODIFY;1666;-10.0;Decreased;False;2016-12-01 21:46:56+00:00;False;293;78;7571;386b4f37f4365fde0b4fdd0692f9cf44a22e6a8d;146;xvorsx@gmail.com;jasonsh@microsoft.com
ServerRunspacePoolDriver.cs;MODIFY;1666;0.0;Equal;False;2017-01-16 21:31:14+00:00;False;293;78;7571;02b5f357a20e6dee9f8e60e3adb9025be3c94490;1394;noreply@github.com;jason@truewheels.net
ServerRunspacePoolDriver.cs;MODIFY;1666;0.0;Equal;False;2017-04-17 18:52:38+00:00;False;293;78;7571;7a55bf98b2370ab4817ab2533cb67673053ee446;159;noreply@github.com;dongb.wang@gmail.com
ServerRunspacePoolDriver.cs;MODIFY;1666;0.0;Equal;False;2017-10-26 21:12:19+00:00;False;293;78;7571;4bc52d2358222084738157a08907fac32d13bd3a;1058;dongbow@microsoft.com;slee@microsoft.com
ServerRunspacePoolDriver.cs;MODIFY;1666;0.0;Equal;False;2017-11-08 21:47:12+00:00;False;293;78;7571;5f5407595de11f0a0deb251a9e5c50dedf50fe8b;24;travis.plunk@microsoft.com;slee@microsoft.com
ServerRunspacePoolDriver.cs;MODIFY;1666;0.0;Equal;False;2018-02-13 17:23:53+00:00;False;293;78;7571;c1c5344a8897262433141ecbc13bb06ac2c4bbef;1567;travis.plunk@microsoft.com;slee@microsoft.com
ServerRunspacePoolDriver.cs;MODIFY;1666;0.0;Equal;False;2018-06-25 21:37:09+00:00;False;293;78;7571;4fc784e840b8df00d2552045c6ed52d027659d2b;186;dongbow@microsoft.com;darpa@yandex.ru
ServerRunspacePoolDriver.cs;MODIFY;1662;-4.0;Decreased;False;2018-11-14 00:16:29+00:00;False;291;78;7540;79f21b41de0de9b2f68a19ba1fdef0b98f3fb1cb;61;noreply@github.com;travis.plunk@microsoft.com
ServerRunspacePoolDriver.cs;MODIFY;1662;0.0;Equal;False;2018-11-26 18:38:13+00:00;False;292;78;7556;6a388f0b7d2ba97aff608f6fb228a21ab5dda9af;2;adityap@microsoft.com;paulhi@microsoft.com
ServerRunspacePoolDriver.cs;MODIFY;1652;-10.0;Decreased;False;2018-12-19 18:14:53+00:00;False;288;78;7495;bc29337460ead999fad77acbcc2a8ebc639b7076;7;dongbow@microsoft.com;paulhi@microsoft.com
ServerRunspacePoolDriver.cs;MODIFY;1653;1.0;Grew;False;2018-12-24 06:20:06+00:00;False;288;78;7495;4af3068566b2218bc37ea19785ded589c2a5c42f;766;darpa@yandex.ru;slee@microsoft.com
ServerRunspacePoolDriver.cs;MODIFY;1653;0.0;Equal;False;2018-12-25 16:43:03+00:00;False;288;78;7495;871ce5696d01186f620f67366dc33691e0382a32;257;noreply@github.com;darpa@yandex.ru
ServerRunspacePoolDriver.cs;MODIFY;1653;0.0;Equal;False;2018-12-28 11:39:06+00:00;False;288;78;7495;479fc64aff24c23ff4d445d2422fd2fd59602ec0;360;noreply@github.com;darpa@yandex.ru
ServerRunspacePoolDriver.cs;MODIFY;1653;0.0;Equal;False;2018-12-29 03:25:49+00:00;False;288;78;7495;7207db6360d1527238975526e299d7bacde0d9d8;258;noreply@github.com;darpa@yandex.ru
ServerRunspacePoolDriver.cs;MODIFY;1653;0.0;Equal;False;2019-01-05 23:40:24+00:00;False;288;78;7495;1be3f4cc0e465ae11ad8e59e9060f5a59e4762eb;658;dongbow@microsoft.com;darpa@yandex.ru
ServerRunspacePoolDriver.cs;MODIFY;1653;0.0;Equal;False;2019-01-09 21:07:40+00:00;False;288;78;7495;d80154430d600a52a1d1e3a9f3ecf032b36185d4;222;adityap@microsoft.com;darpa@yandex.ru
ServerRunspacePoolDriver.cs;MODIFY;1665;12.0;Grew;False;2019-04-14 02:14:53+00:00;False;290;80;7577;13fd3af8106dbfd5d65e697036af5999255badc7;18;travis.plunk@microsoft.com;tylerl0706@gmail.com
ServerRunspacePoolDriver.cs;MODIFY;1665;0.0;Equal;False;2019-04-24 14:27:22+00:00;False;290;80;7577;ceed73d7375cb98a199ceb19796bb2311b0b0002;99;noreply@github.com;darpa@yandex.ru
ServerRunspacePoolDriver.cs;MODIFY;1665;0.0;Equal;False;2019-04-30 05:25:11+00:00;False;290;80;7577;bd6fdae73520931f0d27a29d6290e18761772141;454;noreply@github.com;darpa@yandex.ru
ServerRunspacePoolDriver.cs;MODIFY;1651;-14.0;Decreased;False;2019-07-25 19:38:52+00:00;False;279;80;7535;2ed9abc99b9ea9caf13b09b1b64099a86405794d;24;dongbow@microsoft.com;slee@microsoft.com
ServerRunspacePoolDriver.cs;MODIFY;1655;4.0;Grew;False;2019-08-23 17:34:10+00:00;False;280;81;7556;8b9f4124cea30cfcd52693cb21bcd8100d39a796;16;dongbow@microsoft.com;KirkMunro@users.noreply.github.com
ServerRunspacePoolDriver.cs;MODIFY;1757;102.0;Grew;False;2019-09-05 18:30:25+00:00;False;310;80;8312;cc0fed479a3e455b746a3d12597f078462f2d644;23;adityap@microsoft.com;KirkMunro@users.noreply.github.com
ServerRunspacePoolDriver.cs;MODIFY;1767;10.0;Grew;True;2019-09-11 17:51:32+00:00;True;311;80;8372;f69f30ba49c13ddd601724b35634bf4d1f44e31d;10;adityap@microsoft.com;sotirisnan@gmail.com
ServerRunspacePoolDriver.cs;MODIFY;1767;0.0;Equal;True;2019-09-28 07:47:09+00:00;False;311;80;8372;eb2220632cf43d40273844ff98b162e704286900;9;noreply@github.com;darpa@yandex.ru
ServerRunspacePoolDriver.cs;MODIFY;1769;2.0;Grew;True;2019-10-30 21:46:55+00:00;False;311;80;8393;96eb361af8d04d7821343ea2d59f61f0efcdd54c;5;adityap@microsoft.com;rjmholt_msft@outlook.com
ServerRunspacePoolDriver.cs;MODIFY;1801;32.0;Grew;True;2019-12-13 01:23:12+00:00;False;312;81;8586;ca202da6437f5c9ed334725469f6d8f1cb7e5a2c;9;adityap@microsoft.com;tylerl0706@gmail.com
ServerRunspacePoolDriver.cs;MODIFY;1801;0.0;Equal;True;2020-01-30 19:27:57+00:00;False;312;81;8552;f0fe35655378d24e36aa3679dd77ee3f84200309;7;noreply@github.com;rjmholt_msft@outlook.com
ServerRunspacePoolDriver.cs;MODIFY;1801;0.0;Equal;True;2020-01-31 22:56:22+00:00;False;312;81;8552;a34d0f3e808659b0c07b8fdac83aaae1dae43c21;50;noreply@github.com;45661989+xtqqczze@users.noreply.github.com
ServerRunspacePoolDriver.cs;MODIFY;1800;-1.0;Decreased;True;2020-02-28 20:26:08+00:00;False;312;81;8546;00b60c44fa91606a7458c3e9a428f8d05c0639d7;5;noreply@github.com;paulhi@microsoft.com
ServerRunspacePoolDriver.cs;MODIFY;1800;0.0;Equal;True;2020-03-18 13:38:55+00:00;False;312;81;8536;b5d4739b2a79ba6ad1b51ea726b87c1be404c196;40;noreply@github.com;darpa@yandex.ru
ServerRunspacePoolDriver.cs;MODIFY;1800;0.0;Equal;True;2020-03-24 18:08:37+00:00;False;312;81;8536;b7cb335f03fe2992d0cbd61699de9d9aafa1d7c1;1760;noreply@github.com;slee@microsoft.com
ServerRunspacePoolDriver.cs;MODIFY;1800;0.0;Equal;True;2020-05-17 22:07:06+00:00;False;312;81;8532;056b9d7ca39b471ecfe575bb5af329a1239dc242;11;noreply@github.com;45661989+xtqqczze@users.noreply.github.com
ServerRunspacePoolDriver.cs;MODIFY;1800;0.0;Equal;True;2020-05-19 18:57:52+00:00;False;312;81;8541;9212aac0fa020b657454ef4f9ff2fdd6fc6d759c;278;noreply@github.com;45661989+xtqqczze@users.noreply.github.com
ServerRunspacePoolDriver.cs;MODIFY;1800;0.0;Equal;True;2020-05-29 04:56:33+00:00;False;312;81;8541;05cab7fa5a3e229f2665ef9cb70fbb15b9fcc7c1;159;noreply@github.com;45661989+xtqqczze@users.noreply.github.com
ServerRunspacePoolDriver.cs;MODIFY;1789;-11.0;Decreased;True;2020-06-11 09:01:01+00:00;False;312;81;8437;58c371ca31d9e1b72da5d94821f2d670da5b4dfa;65;noreply@github.com;45661989+xtqqczze@users.noreply.github.com
ServerRunspacePoolDriver.cs;MODIFY;1789;0.0;Equal;True;2020-07-30 13:04:03+00:00;False;312;81;8437;6c03776d743edfdffc3e347a7d7249864b5e2447;581;noreply@github.com;45661989+xtqqczze@users.noreply.github.com
ServerRunspacePoolDriver.cs;MODIFY;1789;0.0;Equal;True;2020-07-30 23:06:38+00:00;False;312;81;8437;4b9b0788ed28ea6d463ce857d1ed81bd4a977a59;581;noreply@github.com;dongbow@microsoft.com
ServerRunspacePoolDriver.cs;MODIFY;1789;0.0;Equal;True;2020-08-31 18:39:00+00:00;False;312;81;8437;8f37cced709168f313a00b2e3ee7088495bbcd7a;28;noreply@github.com;45661989+xtqqczze@users.noreply.github.com
ServerRunspacePoolDriver.cs;MODIFY;1789;0.0;Equal;True;2020-11-07 11:36:04+00:00;False;312;81;8457;d128fbc1a80093b0bb3b46e9429436b838a4e211;56;noreply@github.com;45661989+xtqqczze@users.noreply.github.com
ServerRunspacePoolDriver.cs;MODIFY;1789;0.0;Equal;True;2020-11-13 04:39:25+00:00;False;312;81;8456;b521b858ad3bc7cc66c82e5d7193523dfe72b5b6;36;noreply@github.com;45661989+xtqqczze@users.noreply.github.com
ServerRunspacePoolDriver.cs;MODIFY;1789;0.0;Equal;True;2020-11-20 11:11:36+00:00;False;312;81;8456;f14c76aab984515eb81e8d95109f21fcbf37ce12;56;noreply@github.com;45661989+xtqqczze@users.noreply.github.com
ServerRunspacePoolDriver.cs;MODIFY;1789;0.0;Equal;True;2020-11-21 14:26:44+00:00;False;312;81;8455;cba73e724f5dbf234949358f407e12dfefa35dfe;38;noreply@github.com;45661989+xtqqczze@users.noreply.github.com
ServerRunspacePoolDriver.cs;MODIFY;1789;0.0;Equal;True;2020-11-24 15:06:16+00:00;False;312;81;8457;c7bdb24ff3160b69285202f30a079e4c589f26f4;68;noreply@github.com;45661989+xtqqczze@users.noreply.github.com
ServerRunspacePoolDriver.cs;MODIFY;1787;-2.0;Decreased;True;2020-12-02 03:25:56+00:00;False;312;81;8453;18717c529b90f69f4e3ab67ca238100b84064e71;29;noreply@github.com;45661989+xtqqczze@users.noreply.github.com
ServerRunspacePoolDriver.cs;MODIFY;1787;0.0;Equal;True;2021-01-09 15:50:04+00:00;False;312;81;8453;7bbe18ea8601ad2d2c38322341e9e692980ab792;1;noreply@github.com;staffangu@outlook.com
ServerRunspacePoolDriver.cs;MODIFY;1787;0.0;Equal;True;2021-04-12 19:44:05+00:00;False;312;81;8454;91e7298fd8101b85b17514dfefa41b20a7276ca4;89;noreply@github.com;darpa@yandex.ru
ServerRunspacePoolDriver.cs;MODIFY;1787;0.0;Equal;True;2021-07-13 17:13:49+00:00;False;312;81;8438;00bc0f6d2926fa6c91f6f8a5c10f465e540502e8;5;noreply@github.com;45661989+xtqqczze@users.noreply.github.com
ServerRunspacePoolDriver.cs;MODIFY;1787;0.0;Equal;True;2021-07-15 04:17:46+00:00;False;312;81;8430;4dd25a432cb612d6c2d5fbf69f6d462f7edac242;7;noreply@github.com;45661989+xtqqczze@users.noreply.github.com
ServerRunspacePoolDriver.cs;MODIFY;1787;0.0;Equal;True;2021-07-19 09:09:12+00:00;False;312;81;8431;883ca98dd74ea13b3d8c0dd62d301963a40483d6;59;noreply@github.com;45661989+xtqqczze@users.noreply.github.com
ServerRunspacePoolDriver.cs;MODIFY;1778;-9.0;Decreased;True;2022-07-25 18:26:01+00:00;False;312;81;8410;e8c66a32822e5cd90384cdaa71def55d86900cd0;21;noreply@github.com;mr.molkree@gmail.com
ServerRunspacePoolDriver.cs;MODIFY;1751;-27.0;Decreased;False;2022-08-01 16:21:16+00:00;True;310;80;8353;7c624902e1dbb165b1fa0700df498a22c567b9f8;33;noreply@github.com;3436158+fflaten@users.noreply.github.com
ServerRunspacePoolDriver.cs;MODIFY;1751;0.0;Equal;False;2022-10-11 17:24:31+00:00;False;310;80;8353;80d2fb7e4744fe78c4df96a5818021ec92c1b28e;10;noreply@github.com;dongbow@microsoft.com
ServerRunspacePoolDriver.cs;MODIFY;1760;9.0;Grew;False;2023-03-16 17:02:42+00:00;False;310;80;8353;69e9b439fd38177ff7f3af1ef62f5617454bcf23;21;noreply@github.com;105941898+CarloToso@users.noreply.github.com
