file_name;change_type;n_loc;lines_balance;size_change;is_large;date;swapped_classification;complexity;methods;tokens;hash;files_on_commit;committer_email;author_email
str.rs;MODIFY;1603;0.0;Equal;True;2020-07-28 07:58:20+00:00;True;150;121;13537;6e9dc7d9ff806eb3a0b99ffd10892dac8e6f9739;3;aleksey.kladov@gmail.com;aleksey.kladov@gmail.com
str.rs;MODIFY;1610;7.0;Grew;True;2020-09-05 11:48:45+00:00;False;150;121;13598;5a0a58bbef8d917bb6047a3125b236b2e311a383;2;ayush.k.mishra@xcelenergy.com;ayush.k.mishra@xcelenergy.com
str.rs;MODIFY;1622;12.0;Grew;True;2020-09-05 11:54:06+00:00;False;150;121;13611;7d834c87d2ebb3d8dd4895bc5fabc4d44a1d2b52;3;ayush.k.mishra@xcelenergy.com;ayush.k.mishra@xcelenergy.com
str.rs;MODIFY;1603;-19.0;Decreased;True;2020-09-06 03:53:40+00:00;False;150;121;13537;05d22c8519f5c29436a26d0bc47734bcf51a4dcd;2;ayush.k.mishra@xcelenergy.com;ayush.k.mishra@xcelenergy.com
str.rs;MODIFY;1645;42.0;Grew;True;2020-10-21 00:18:08+00:00;False;150;121;13738;9202fbdbdbd60adb62839c3230738274e30f15fc;5;jistone@redhat.com;jistone@redhat.com
str.rs;MODIFY;1732;87.0;Grew;True;2020-11-30 01:47:32+00:00;False;150;121;14141;be554c4101df2a9ac65d40962ee37ece85d517bf;38;christiaan@dirkx.email;christiaan@dirkx.email
str.rs;MODIFY;1736;4.0;Grew;True;2020-12-02 12:49:33+00:00;False;150;121;14141;67a67d827abfe506977938efaeb5c38b3ea94bf6;1;post@ralfj.de;post@ralfj.de
str.rs;MODIFY;1737;1.0;Grew;True;2020-12-02 13:09:36+00:00;False;150;121;14141;7e74b72d135c072c49dd0273b9582b4a51eb7a93;1;post@ralfj.de;post@ralfj.de
str.rs;MODIFY;1762;25.0;Grew;True;2021-02-03 21:36:33+00:00;False;156;124;14271;6d43225bfb08ec91f7476b76c7fec632c4a096ef;2;yechan@gatech.edu;yechan@gatech.edu
str.rs;MODIFY;1762;0.0;Equal;True;2021-06-18 07:09:40+00:00;False;156;124;14286;88abd7d81d585ba31cab1ca404a5ed6b44511f98;18;rustin.liu@gmail.com;rustin.liu@gmail.com
str.rs;MODIFY;1793;31.0;Grew;True;2021-07-11 15:47:57+00:00;False;156;124;14661;cd04731d3a6d86f4f9bfb2ff8fa6bf0179a379f8;1;alexis.bourget@gmail.com;alexis.bourget@gmail.com
str.rs;MODIFY;1818;25.0;Grew;True;2021-09-11 15:40:04+00:00;False;160;126;14891;83925dd453ca67c611e45cbd6c17d7a4d3041bde;3;spektom@gmail.com;spektom@gmail.com
str.rs;MODIFY;1793;-25.0;Decreased;True;2021-10-30 22:21:29+00:00;False;156;124;14664;68b0d862945782f215f39980d6ac9ffabdb2031c;25;john@kugelman.name;john@kugelman.name
str.rs;MODIFY;1841;48.0;Grew;True;2021-11-17 21:50:42+00:00;False;160;126;15191;cf6f64a963f3cf630ca4bc3688cf461a98d2c9ce;6;waffle.lapkin@gmail.com;waffle.lapkin@gmail.com
str.rs;MODIFY;1841;0.0;Equal;True;2021-12-14 15:40:43+00:00;False;160;126;15191;a957cefda63c76c7a91a705f683be45c684d4303;29;frank.steffahn@stu.uni-kiel.de;frank.steffahn@stu.uni-kiel.de
str.rs;MODIFY;1901;60.0;Grew;True;2022-02-05 19:15:18+00:00;False;164;128;15750;002aaf2c65765408c8fddb7e3384d224f35fd1f1;1;chiovolonit@gmail.com;chiovolonit@gmail.com
str.rs;MODIFY;1966;65.0;Grew;True;2022-02-07 18:34:08+00:00;False;164;128;16264;edd318c313763d8c4cf3e8cc339f433832d6454a;5;usr@ltdk.xyz;usr@ltdk.xyz
str.rs;MODIFY;1966;0.0;Equal;True;2022-03-10 15:23:40+00:00;False;164;128;16260;72a25d05bf1a4b155d74139ef700ff93af6d8e22;177;mark.simulacrum@gmail.com;bageliq@protonmail.com
str.rs;MODIFY;1966;0.0;Equal;True;2022-03-27 11:49:10+00:00;False;164;128;16260;2ac9efbe950419979050ff14feb7fb89df4806a0;5;dtolnay@gmail.com;dtolnay@gmail.com
str.rs;MODIFY;1969;3.0;Grew;True;2022-03-31 17:11:44+00:00;False;164;128;16290;85bfe2d99d191d385ecb1ac4660692e9de5c4fbe;1;post@ralfj.de;post@ralfj.de
str.rs;MODIFY;1975;6.0;Grew;True;2022-05-26 12:18:57+00:00;False;164;128;16362;d0f993070929428f7a484cfce66d5690e709006d;2;conradludgate@gmail.com;conradludgate@gmail.com
str.rs;MODIFY;1975;0.0;Equal;True;2022-08-20 22:21:41+00:00;False;164;128;16362;e4720e1cf26b6a9804615f79dc6ff1a006399cf1;22;waffle.lapkin@gmail.com;waffle.lapkin@gmail.com
str.rs;MODIFY;1988;13.0;Grew;True;2022-10-06 16:05:38+00:00;False;165;129;16434;cef81dcd0a9503ff8a8f915c43688a78c1c11d83;3;konrad@borowski.pw;konrad@borowski.pw
str.rs;MODIFY;1988;0.0;Equal;True;2022-11-15 17:30:07+00:00;False;165;128;16488;c37e8fae57862383fad43f3201a28b1fb8249904;1;git@infinite-source.de;git@infinite-source.de
str.rs;MODIFY;1995;7.0;Grew;True;2022-11-22 19:58:43+00:00;False;166;129;16518;d576a9b241a21740226cd32dd0c7da06bf32b46a;1;git@infinite-source.de;git@infinite-source.de
str.rs;MODIFY;2009;14.0;Grew;True;2023-05-26 22:18:28+00:00;False;167;130;16591;b84c190b9ac872fc07ac59c9ec7712dba5b4c2f8;2;urgau@numericable.fr;urgau@numericable.fr
str.rs;MODIFY;2005;-4.0;Decreased;True;2023-06-08 13:21:05+00:00;False;167;130;16586;d47371de6975524e2dd3848d48c43b724f7aa8f3;1;usr@ltdk.xyz;usr@ltdk.xyz
str.rs;MODIFY;2009;4.0;Grew;True;2023-07-13 01:38:55+00:00;False;167;130;16591;67b0cfc761c9ad31a1dbacca36c42803b255f17a;14;mark.simulacrum@gmail.com;mark.simulacrum@gmail.com
str.rs;MODIFY;2028;19.0;Grew;True;2023-07-20 19:52:33+00:00;False;170;132;16889;e6fa5c18b56806aff5525c67f851a250bd8089f7;2;ajtribick@googlemail.com;ajtribick@googlemail.com
str.rs;MODIFY;2034;6.0;Grew;True;2023-11-27 21:06:35+00:00;False;171;133;16982;40cf1f9257628d40e38a4eca9e1b8ea03a3abcd1;2;git@infinite-source.de;git@infinite-source.de
str.rs;MODIFY;2035;1.0;Grew;True;2024-05-08 15:05:10+00:00;False;171;133;16994;bbdf97254a2ed63d764a39e92a3adcecc49b962b;2;cavenati.marco@gmail.com;cavenati.marco@gmail.com
str.rs;MODIFY;2052;17.0;Grew;True;2024-07-15 10:12:44+00:00;False;193;142;15743;772315de7c1f68bb95de5a7eb85cb2f167834c53;15;bdgdlm@outlook.com;bdgdlm@outlook.com
str.rs;MODIFY;2044;-8.0;Decreased;True;2024-09-23 09:31:29+00:00;False;193;142;15768;e393f56d37857d3b690b687fe54e8413bb9d5b3a;4;git@jhorstmann.net;git@jhorstmann.net
