file_name;change_type;n_loc;lines_balance;size_change;is_large;date;swapped_classification;complexity;methods;tokens;hash;files_on_commit;committer_email;author_email
quic_multistream_test.c;MODIFY;815;0.0;Equal;False;2023-05-12 13:47:13+00:00;False;179;18;4706;571aff4bfaf0407cadba2e304b60c0364684cee5;4;hlandau@openssl.org;hlandau@openssl.org
quic_multistream_test.c;ADD;815;0.0;Equal;False;2023-05-12 13:47:13+00:00;False;179;18;4706;ed835673ae5d99cac39d0bef6677597a68d1e248;3;hlandau@openssl.org;hlandau@openssl.org
quic_multistream_test.c;MODIFY;865;50.0;Grew;False;2023-05-12 13:47:14+00:00;False;188;18;4975;97f30fd5d84d3409a4720226f61e94b6442fb3c9;1;hlandau@openssl.org;hlandau@openssl.org
quic_multistream_test.c;MODIFY;855;-10.0;Decreased;False;2023-05-12 13:47:14+00:00;False;187;18;4903;9715e3aacffece002f94725fb2105601111f6fa6;1;hlandau@openssl.org;hlandau@openssl.org
quic_multistream_test.c;MODIFY;867;12.0;Grew;False;2023-05-12 13:47:15+00:00;False;188;18;4981;de521629c1f296a6eb50a84ab2d2b200fc766bc6;8;hlandau@openssl.org;hlandau@openssl.org
quic_multistream_test.c;MODIFY;866;-1.0;Decreased;False;2023-05-12 13:47:15+00:00;False;188;18;4979;4f2d32d6b6b4b80ff5f55c5462b545516d252d11;1;hlandau@openssl.org;hlandau@openssl.org
quic_multistream_test.c;MODIFY;866;0.0;Equal;False;2023-05-12 13:47:15+00:00;False;188;18;4979;83df44ae53c3c3bb1e79785af38ab52bb4f865cb;12;hlandau@openssl.org;hlandau@openssl.org
quic_multistream_test.c;MODIFY;1191;325.0;Grew;False;2023-05-24 09:34:47+00:00;False;245;23;6717;fca44cfc1c930afab94fac08ad5a3a303f1724fe;1;hlandau@openssl.org;hlandau@openssl.org
quic_multistream_test.c;MODIFY;1240;49.0;Grew;False;2023-05-24 09:34:47+00:00;False;246;23;6952;7ba8f79a0ff5f085c9f1b4471496180c052360f5;1;hlandau@openssl.org;hlandau@openssl.org
quic_multistream_test.c;MODIFY;1101;-139.0;Decreased;False;2023-05-24 09:34:47+00:00;False;232;23;6293;274bb489cb800552cdf6d15ef5e7481551c14544;1;hlandau@openssl.org;hlandau@openssl.org
quic_multistream_test.c;MODIFY;1042;-59.0;Decreased;False;2023-05-24 09:34:47+00:00;False;232;23;5959;a350db7318cba3566014ac02a5caa5f4884f00ba;1;hlandau@openssl.org;hlandau@openssl.org
quic_multistream_test.c;MODIFY;1241;199.0;Grew;False;2023-05-24 09:34:47+00:00;False;245;23;6950;0554f723c1b13f66e56d892b332ccd36aee498ad;1;hlandau@openssl.org;hlandau@openssl.org
quic_multistream_test.c;MODIFY;1242;1.0;Grew;False;2023-05-24 09:34:54+00:00;False;249;23;6957;629b408c12c56b2c9e3279de8658718e8dd658a2;13;hlandau@openssl.org;hlandau@openssl.org
quic_multistream_test.c;MODIFY;1242;0.0;Equal;False;2023-05-29 06:51:12+00:00;False;249;23;6957;6084e04b25378a4590798a034633e90791cf74a3;12;tomas@openssl.org;hlandau@openssl.org
quic_multistream_test.c;MODIFY;1338;96.0;Grew;False;2023-06-15 23:26:48+00:00;False;262;28;7593;693b23e3d07813985de510a00b1db58070439a51;2;pauli@openssl.org;hlandau@openssl.org
quic_multistream_test.c;MODIFY;1358;20.0;Grew;False;2023-06-15 23:26:48+00:00;False;264;29;7711;2525109f90cf3a91a909621266ec6854a83805e2;6;pauli@openssl.org;hlandau@openssl.org
quic_multistream_test.c;MODIFY;1359;1.0;Grew;False;2023-06-27 23:53:22+00:00;False;264;29;7717;37f27b91deda5b6537883c06e845f0d2c28c5d5c;8;pauli@openssl.org;matt@openssl.org
quic_multistream_test.c;MODIFY;1359;0.0;Equal;False;2023-06-28 14:04:06+00:00;False;264;29;7717;0e1da9d7ec3c7dd2af49be0d9be3e0848c167608;1;hlandau@openssl.org;hlandau@openssl.org
quic_multistream_test.c;MODIFY;1361;2.0;Grew;False;2023-07-04 23:03:04+00:00;False;264;29;7733;9289e59c9581d76f2c3e570d3d8eed6aea598bb8;1;pauli@openssl.org;hlandau@openssl.org
quic_multistream_test.c;MODIFY;1362;1.0;Grew;False;2023-07-06 02:55:21+00:00;False;264;29;7737;0cea6df239fc5c5c5902b4c660305bf953f03eb1;3;pauli@openssl.org;matt@openssl.org
quic_multistream_test.c;MODIFY;1365;3.0;Grew;False;2023-07-07 08:03:25+00:00;False;264;29;7763;76696a5413db0a93e374f9f0f55e5694f93ecc0e;1;hlandau@openssl.org;hlandau@openssl.org
quic_multistream_test.c;MODIFY;1436;71.0;Grew;False;2023-07-07 13:13:29+00:00;False;281;29;8075;0345cac6d29da328739e8b06b02260b63d4a91e9;1;tomas@openssl.org;tomas@openssl.org
quic_multistream_test.c;MODIFY;1448;12.0;Grew;False;2023-07-16 22:17:57+00:00;False;284;29;8131;2f018d14f06d54c9528ac41d40e95d7638371e50;9;pauli@openssl.org;hlandau@openssl.org
quic_multistream_test.c;MODIFY;1986;538.0;Grew;False;2023-07-16 22:17:57+00:00;False;357;38;11586;e26dc8e3d54a414ba9dc85f54e13112617e32556;7;pauli@openssl.org;hlandau@openssl.org
quic_multistream_test.c;MODIFY;2041;55.0;Grew;False;2023-07-16 22:18:05+00:00;False;364;38;11859;1d547f8fc4fa2bc16fca935703ec90cfdf3fefd4;5;pauli@openssl.org;hlandau@openssl.org
quic_multistream_test.c;MODIFY;2025;-16.0;Decreased;False;2023-07-16 22:18:05+00:00;False;359;38;11803;70cafc4479e7faf005068580d0354d5ab1c8c0d4;1;pauli@openssl.org;hlandau@openssl.org
quic_multistream_test.c;MODIFY;2015;-10.0;Decreased;False;2023-07-16 22:18:05+00:00;False;359;38;11716;7eebc3546fa5738a807722345006fe97fcad3013;1;pauli@openssl.org;hlandau@openssl.org
quic_multistream_test.c;MODIFY;2015;0.0;Equal;False;2023-07-16 22:18:05+00:00;False;359;38;11719;49a38dee0d65c6fb7ddcf9dbf76e9afa0ed3c776;2;pauli@openssl.org;hlandau@openssl.org
quic_multistream_test.c;MODIFY;2042;27.0;Grew;False;2023-07-16 22:18:05+00:00;False;364;38;11861;8aa6a436dce7c8139909d9a694c6ce2afea4e416;1;pauli@openssl.org;hlandau@openssl.org
quic_multistream_test.c;MODIFY;2043;1.0;Grew;False;2023-07-16 22:18:05+00:00;False;365;38;11869;96b7df60b3e54641c6046fea31c7a5cb535c2eeb;7;pauli@openssl.org;hlandau@openssl.org
quic_multistream_test.c;MODIFY;2048;5.0;Grew;False;2023-07-16 22:18:05+00:00;False;364;38;11904;9ff3a99ea625c116833c950f51bff2554f6f7d1b;5;pauli@openssl.org;hlandau@openssl.org
quic_multistream_test.c;MODIFY;2041;-7.0;Decreased;False;2023-07-16 22:18:05+00:00;False;364;38;11859;de9564bdd72142ab9353f84cc2f186ad559a8eed;1;pauli@openssl.org;hlandau@openssl.org
quic_multistream_test.c;MODIFY;2060;19.0;Grew;False;2023-07-31 13:03:25+00:00;False;364;38;11986;0786483adffec3ce0f2e77133388b7f119df4975;1;matt@openssl.org;hlandau@openssl.org
quic_multistream_test.c;MODIFY;2100;40.0;Grew;False;2023-07-31 13:03:42+00:00;False;369;38;12222;cd5e438065a8de960b2581db9ba5a18e406d187e;1;matt@openssl.org;hlandau@openssl.org
quic_multistream_test.c;MODIFY;2101;1.0;Grew;False;2023-08-02 19:27:07+00:00;False;369;38;12228;829eec9f86f94ca81de920a1b61e9b636792d3c2;6;hlandau@openssl.org;matt@openssl.org
quic_multistream_test.c;MODIFY;2251;150.0;Grew;False;2023-08-08 13:33:42+00:00;False;401;43;13144;ab6c63456f30a849e3046532c582b4eaff7716d6;1;matt@openssl.org;hlandau@openssl.org
quic_multistream_test.c;MODIFY;2236;-15.0;Decreased;False;2023-08-08 13:33:42+00:00;False;401;43;13057;27c2f62f96287d7bbe2aade5fc3e3c86e88c4496;1;matt@openssl.org;hlandau@openssl.org
quic_multistream_test.c;MODIFY;2251;15.0;Grew;False;2023-08-08 13:33:42+00:00;False;401;43;13144;741170bef340b31a32a94a4ea86cc0d7744c01b2;11;matt@openssl.org;hlandau@openssl.org
quic_multistream_test.c;MODIFY;2191;-60.0;Decreased;False;2023-08-08 13:33:42+00:00;False;391;42;12765;7eb330ff7aa5580d7d97f2d183606c2d6bbbb449;5;matt@openssl.org;hlandau@openssl.org
quic_multistream_test.c;MODIFY;2485;294.0;Grew;False;2023-08-10 17:19:44+00:00;False;435;47;14473;a1aff2c63f84ddfdb656302653a29aa5035d7275;1;hlandau@openssl.org;hlandau@openssl.org
quic_multistream_test.c;MODIFY;2470;-15.0;Decreased;False;2023-08-10 17:19:44+00:00;False;435;47;14383;ed0d6ba4589acc4da38c4197910aed9705eba5e1;1;hlandau@openssl.org;hlandau@openssl.org
quic_multistream_test.c;MODIFY;2290;-180.0;Decreased;False;2023-08-10 17:19:44+00:00;False;408;44;13370;97684a1517ec07300cb87cebe107fa7a709a04ba;1;hlandau@openssl.org;hlandau@openssl.org
quic_multistream_test.c;MODIFY;2324;34.0;Grew;False;2023-08-10 17:19:44+00:00;False;412;46;13567;17340e87855fb785a986f09208af4279f74a201f;7;hlandau@openssl.org;hlandau@openssl.org
quic_multistream_test.c;MODIFY;2548;224.0;Grew;False;2023-08-10 17:19:44+00:00;False;445;48;14884;477944b67b26287e1eee0d315f52c5761c71ef84;1;hlandau@openssl.org;hlandau@openssl.org
quic_multistream_test.c;MODIFY;2639;91.0;Grew;False;2023-08-10 17:19:45+00:00;False;464;51;15433;de56eebd6ac0805172d74c5d5679ca7425ccc631;2;hlandau@openssl.org;hlandau@openssl.org
quic_multistream_test.c;MODIFY;2722;83.0;Grew;False;2023-08-10 17:19:45+00:00;False;471;51;15910;ed75eb32f3712b80a47ad783d0082c66164c732f;4;hlandau@openssl.org;hlandau@openssl.org
quic_multistream_test.c;MODIFY;2782;60.0;Grew;False;2023-08-10 17:19:45+00:00;False;481;52;16266;d56b81ac9f02dd55ecf3281d16fdb156897b4d8d;1;hlandau@openssl.org;hlandau@openssl.org
quic_multistream_test.c;MODIFY;2884;102.0;Grew;False;2023-08-10 17:19:50+00:00;False;500;55;16932;d63b8cbb1be215bab4bea34e4a17c7fd13f8da49;1;hlandau@openssl.org;hlandau@openssl.org
quic_multistream_test.c;MODIFY;3028;144.0;Grew;False;2023-08-10 17:19:50+00:00;False;520;57;17787;1623bf374d4ee3119629c33938fcd075bd79e6a8;2;hlandau@openssl.org;hlandau@openssl.org
quic_multistream_test.c;MODIFY;3046;18.0;Grew;False;2023-08-10 17:19:50+00:00;False;529;57;17904;dbf247ad1dd0fc4c7b365593a9a5c69fc94a3732;1;hlandau@openssl.org;hlandau@openssl.org
quic_multistream_test.c;MODIFY;2817;-229.0;Decreased;False;2023-08-10 17:19:50+00:00;False;486;54;16500;d49a1634f4efd21807c5c785d2b0d6ef8683e91d;1;hlandau@openssl.org;hlandau@openssl.org
quic_multistream_test.c;MODIFY;3047;230.0;Grew;False;2023-08-10 17:19:51+00:00;False;529;57;17911;f2609004df4d91a365338e11d04ff67589f2d3e3;4;hlandau@openssl.org;hlandau@openssl.org
quic_multistream_test.c;MODIFY;3047;0.0;Equal;False;2023-08-10 17:19:51+00:00;False;529;57;17911;410a90f598a77546b847ba28b4bd8559ac57ab31;1;hlandau@openssl.org;hlandau@openssl.org
quic_multistream_test.c;MODIFY;3161;114.0;Grew;False;2023-08-15 13:41:31+00:00;False;538;59;18491;644ef0bb696eeaf3572e858b2beeca17b0621a3f;3;matt@openssl.org;matt@openssl.org
quic_multistream_test.c;MODIFY;3051;-110.0;Decreased;False;2023-08-15 13:41:31+00:00;False;531;57;17932;614c08c23999e39945b556851eabff157aef833f;3;matt@openssl.org;matt@openssl.org
quic_multistream_test.c;MODIFY;3208;157.0;Grew;False;2023-08-25 13:10:44+00:00;False;545;60;18727;14551f1effa80a773e029d4ae6cb7657eef74bc2;1;tomas@openssl.org;hlandau@openssl.org
quic_multistream_test.c;MODIFY;3209;1.0;Grew;False;2023-08-29 13:33:22+00:00;False;544;60;18722;a1d2a9d12d269ba551b1d2d3bc825aedad8984c9;1;tomas@openssl.org;hlandau@openssl.org
quic_multistream_test.c;MODIFY;3300;91.0;Grew;False;2023-08-29 13:33:39+00:00;False;559;63;19246;69169cd9faf68e6d8fb83895233c184543151168;2;tomas@openssl.org;hlandau@openssl.org
quic_multistream_test.c;MODIFY;3327;27.0;Grew;False;2023-08-30 07:28:22+00:00;False;562;64;19397;3bc38ba0712283bbbd57994af0259791dc42e704;4;hlandau@openssl.org;hlandau@openssl.org
quic_multistream_test.c;MODIFY;3331;4.0;Grew;False;2023-09-01 13:02:50+00:00;False;562;64;19407;7d9e447ab812df34bba581c5918721cc704fdacb;6;hlandau@openssl.org;hlandau@openssl.org
quic_multistream_test.c;MODIFY;3375;44.0;Grew;False;2023-09-01 13:44:47+00:00;False;590;65;19701;9ff816106c2b2ccbffe5c4e3619a840547088674;1;hlandau@openssl.org;hlandau@openssl.org
quic_multistream_test.c;MODIFY;3376;1.0;Grew;False;2023-09-04 16:27:21+00:00;False;590;65;19703;09a4b4b72204f973804d60096c513f5ed6b39e4f;2;levitte@openssl.org;levitte@openssl.org
quic_multistream_test.c;MODIFY;3557;181.0;Grew;False;2023-09-06 09:32:13+00:00;False;639;78;20852;99d6b9f9e2fbf272160a07bed5f4ab7ce2b3e20e;1;hlandau@openssl.org;hlandau@openssl.org
quic_multistream_test.c;MODIFY;3509;-48.0;Decreased;False;2023-09-06 09:32:13+00:00;False;624;72;20533;5881dd2c080c10ab9f9ca38a2db64deaa79f853a;1;hlandau@openssl.org;hlandau@openssl.org
quic_multistream_test.c;MODIFY;3557;48.0;Grew;False;2023-09-06 09:32:14+00:00;False;639;78;20852;025535ecd11bdebd8eb28ed4f0f6b509b1b54577;1;hlandau@openssl.org;hlandau@openssl.org
quic_multistream_test.c;MODIFY;3557;0.0;Equal;False;2023-09-06 09:32:14+00:00;False;639;78;20852;769c9b1a99b4bb7878a7b4d031d928376de1b8c3;1;hlandau@openssl.org;hlandau@openssl.org
quic_multistream_test.c;MODIFY;3564;7.0;Grew;False;2023-09-11 06:44:10+00:00;False;641;78;20906;84f371a130dbe7a46595fbabd274f152a0e6385f;1;hlandau@openssl.org;levitte@openssl.org
quic_multistream_test.c;MODIFY;3564;0.0;Equal;False;2023-09-13 20:16:34+00:00;False;641;78;20906;e501e8b606a2398d9b860eb10344113e9d1d375b;1;tomas@openssl.org;hlandau@openssl.org
quic_multistream_test.c;MODIFY;3563;-1.0;Decreased;False;2023-09-22 12:56:43+00:00;False;640;78;20901;18fd0ea04d6bd37809a4e9a669c49cf9bc146bfb;3;matt@openssl.org;matt@openssl.org
quic_multistream_test.c;MODIFY;3563;0.0;Equal;False;2023-10-02 13:59:24+00:00;False;640;78;20901;ad4af6dfca8344516bb658b1745a530635af9433;1;tomas@openssl.org;matt@openssl.org
quic_multistream_test.c;MODIFY;3577;14.0;Grew;False;2023-10-13 17:26:22+00:00;False;640;78;20980;cd138c33d82cc889fe6a16d18806fbe939279d25;2;hlandau@openssl.org;hlandau@openssl.org
quic_multistream_test.c;MODIFY;3577;0.0;Equal;False;2023-10-20 15:31:40+00:00;False;640;78;20980;461d41174b33e365677d21bf176d6959b15c2468;5;matt@openssl.org;hlandau@openssl.org
quic_multistream_test.c;MODIFY;3620;43.0;Grew;False;2023-10-20 15:32:46+00:00;False;646;82;21221;055f3dd140f124df6f2d8f3f910f00928224b04f;1;matt@openssl.org;hlandau@openssl.org
quic_multistream_test.c;MODIFY;3622;2.0;Grew;False;2023-10-25 08:39:41+00:00;False;646;82;21232;8c110311fd5e7f04e2c152b17d44acfd4a279ea6;1;matt@openssl.org;tomas@openssl.org
quic_multistream_test.c;MODIFY;3666;44.0;Grew;False;2023-10-25 08:42:03+00:00;False;660;82;21513;687326ce0ac56c405029cfedd435b2e6625a22e3;1;matt@openssl.org;hlandau@openssl.org
quic_multistream_test.c;MODIFY;3674;8.0;Grew;False;2023-11-02 08:11:31+00:00;False;672;82;21629;660718ee5bafce9c5ca7604801a59f53df28f202;1;hlandau@openssl.org;hlandau@openssl.org
quic_multistream_test.c;MODIFY;3670;-4.0;Decreased;False;2023-11-02 08:11:31+00:00;False;660;82;21547;a6eb287a667ccbc241c59b23b151672e450bda4b;1;hlandau@openssl.org;hlandau@openssl.org
quic_multistream_test.c;MODIFY;3674;4.0;Grew;False;2023-11-08 14:55:40+00:00;False;672;82;21629;22b482a8b6f0c0e422c9b926c26d906ac6909106;1;tomas@openssl.org;nhorman@openssl.org
quic_multistream_test.c;MODIFY;3675;1.0;Grew;False;2023-12-21 08:11:59+00:00;False;672;82;21631;e801455446cb9144224b424f930ee81977eeab22;5;hlandau@openssl.org;hlandau@openssl.org
quic_multistream_test.c;MODIFY;3677;2.0;Grew;False;2023-12-21 08:11:59+00:00;False;672;82;21639;632b0c7e8c9700b4f3fe49ccccda9caa1fbd390f;8;hlandau@openssl.org;hlandau@openssl.org
quic_multistream_test.c;MODIFY;3684;7.0;Grew;False;2023-12-21 08:12:06+00:00;False;674;82;21662;f12ea1f1e0f11686be8abad608b56a8357c688bb;1;hlandau@openssl.org;hlandau@openssl.org
quic_multistream_test.c;MODIFY;3681;-3.0;Decreased;False;2023-12-21 08:12:06+00:00;False;674;82;21651;499aacdc82c700bc381e21d16703607e323bbb9e;1;hlandau@openssl.org;hlandau@openssl.org
quic_multistream_test.c;MODIFY;3684;3.0;Grew;False;2023-12-21 08:12:06+00:00;False;674;82;21662;22739cc3acf2412829a1b0e54d1033efe9679e60;11;hlandau@openssl.org;hlandau@openssl.org
quic_multistream_test.c;MODIFY;3713;29.0;Grew;False;2024-01-23 14:20:07+00:00;False;680;82;21818;4991d86753391121ef0bf1eb5a4e526893132294;1;hlandau@openssl.org;hlandau@openssl.org
quic_multistream_test.c;MODIFY;3797;84.0;Grew;False;2024-01-31 13:45:56+00:00;False;694;85;22393;69055b2ceca9e86e536ab17c862e46734c1a61de;1;nhorman@openssl.org;nhorman@openssl.org
quic_multistream_test.c;MODIFY;3803;6.0;Grew;False;2024-02-02 11:49:34+00:00;False;695;85;22438;b7c7997375e1bd0dcbbddb1b800c1eed3410056f;1;hlandau@openssl.org;hlandau@openssl.org
quic_multistream_test.c;MODIFY;3803;0.0;Equal;False;2024-02-02 11:50:29+00:00;False;695;85;22438;de60b122b2f1082d5346f3f51fb7641c47391d71;13;hlandau@openssl.org;hlandau@openssl.org
quic_multistream_test.c;MODIFY;3949;146.0;Grew;False;2024-02-08 16:50:00+00:00;False;717;89;23263;9b35ce2ba0aaa005199b7d84edc7ddeac8478475;1;hlandau@openssl.org;hlandau@openssl.org
quic_multistream_test.c;MODIFY;3945;-4.0;Decreased;False;2024-02-08 16:50:00+00:00;False;717;89;23239;7048339158a9ccfbbbeaa4d88baf74f06d41392e;1;hlandau@openssl.org;hlandau@openssl.org
quic_multistream_test.c;MODIFY;3886;-59.0;Decreased;False;2024-02-08 16:50:00+00:00;False;707;88;22852;898e1f1353682222efe96cd4dd5ac6a73e2cc8b3;1;hlandau@openssl.org;hlandau@openssl.org
quic_multistream_test.c;MODIFY;3945;59.0;Grew;False;2024-02-08 16:50:00+00:00;False;717;89;23239;39a387f46c1b4f85af4a3a9cf98e50772d117485;2;hlandau@openssl.org;hlandau@openssl.org
quic_multistream_test.c;MODIFY;3949;4.0;Grew;False;2024-02-08 16:50:01+00:00;False;717;89;23263;2cd09e0075cbe2427825c0a7e7cffcb57e408032;1;hlandau@openssl.org;hlandau@openssl.org
quic_multistream_test.c;MODIFY;3950;1.0;Grew;False;2024-02-08 16:50:01+00:00;False;717;89;23266;37228ded0faab6c10f7438f812ce611e0a41830b;1;hlandau@openssl.org;hlandau@openssl.org
quic_multistream_test.c;MODIFY;4060;110.0;Grew;False;2024-02-10 11:37:14+00:00;False;730;90;24044;06d70d94981b3c572cdfd62df5fdb3806eda2cc5;1;hlandau@openssl.org;hlandau@openssl.org
quic_multistream_test.c;MODIFY;4063;3.0;Grew;False;2024-02-10 11:37:14+00:00;False;730;90;24060;32a728d4e4722dbd8b419f449544cc68b87ea6f9;1;hlandau@openssl.org;hlandau@openssl.org
quic_multistream_test.c;MODIFY;4122;59.0;Grew;False;2024-02-19 09:15:46+00:00;False;739;93;24381;9d90b65888740b8f8fea6fb359d2314c607a86d7;1;tomas@openssl.org;hlandau@openssl.org
quic_multistream_test.c;MODIFY;4122;0.0;Equal;False;2024-03-07 23:48:49+00:00;False;739;93;24381;4b4b9c9eb3e677de6276c94758cb554c8f560697;13;hlandau@openssl.org;hlandau@openssl.org
quic_multistream_test.c;MODIFY;4152;30.0;Grew;False;2024-03-09 08:56:59+00:00;False;748;94;24620;7b4436a7cb23bd9ee2736336f40d2f2834c4965a;1;hlandau@openssl.org;hlandau@openssl.org
quic_multistream_test.c;MODIFY;4152;0.0;Equal;False;2024-04-09 11:43:26+00:00;False;748;94;24620;b646179229927601bad3ec305fbd12dae98eb9b9;325;tomas@openssl.org;levitte@openssl.org
quic_multistream_test.c;MODIFY;4152;0.0;Equal;False;2024-05-14 07:06:49+00:00;False;748;94;24620;c02f952b48927af9fc4e991d7ead89a4cd1636bc;1;tomas@openssl.org;gvalkov@gmail.com
quic_multistream_test.c;MODIFY;4153;1.0;Grew;False;2024-05-22 15:29:03+00:00;False;748;94;24624;b9e084f139c53ce133e66aba2f523c680141c0e6;1;tomas@openssl.org;randall.becker@nexbridge.ca
quic_multistream_test.c;MODIFY;4154;1.0;Grew;False;2024-06-04 12:43:45+00:00;False;749;94;24630;0e2567d7293d3204de66acca0ed55bda4f0c0768;2;tomas@openssl.org;randall.becker@nexbridge.ca
quic_multistream_test.c;MODIFY;4178;24.0;Grew;False;2024-11-13 15:55:16+00:00;False;752;94;24765;15c6580a76814fb67bff07b9247bb97d40240011;1;nhorman@openssl.org;nhorman@openssl.org
