file_name;change_type;n_loc;lines_balance;size_change;is_large;date;swapped_classification;complexity;methods;tokens;hash;files_on_commit;committer_email;author_email
DatabasesController.php;ADD;235;0.0;Equal;False;2024-07-01 14:26:50+00:00;False;68;67;1662;da6f2da3d059d46e3698e8081fe7834f8bd455c4;30;andras.bacsai@gmail.com;andras.bacsai@gmail.com
DatabasesController.php;MODIFY;253;18.0;Grew;False;2024-07-02 10:15:58+00:00;False;70;68;1735;c39d6dd407cf9cb44240cdceabbcfbe7ce711361;28;andras.bacsai@gmail.com;andras.bacsai@gmail.com
DatabasesController.php;MODIFY;532;279.0;Grew;False;2024-07-02 11:39:44+00:00;False;193;189;3367;3c13f1ff61e4b9791e440d86483ad06d36d0463d;12;andras.bacsai@gmail.com;andras.bacsai@gmail.com
DatabasesController.php;MODIFY;608;76.0;Grew;False;2024-07-02 14:12:04+00:00;False;210;206;3853;4459c9f73dcba1e0ff65d18d6fb25aeb089dd1c2;13;andras.bacsai@gmail.com;andras.bacsai@gmail.com
DatabasesController.php;MODIFY;576;-32.0;Decreased;False;2024-07-03 11:13:38+00:00;False;198;176;3647;b24a489c77cb9a44885c7ffd86c9ba0e881e4ebe;14;andras.bacsai@gmail.com;andras.bacsai@gmail.com
DatabasesController.php;MODIFY;690;114.0;Grew;False;2024-07-04 11:45:06+00:00;False;224;202;4318;efa2ae51777134d14e30ce184a83da1c3469096b;7;andras.bacsai@gmail.com;andras.bacsai@gmail.com
DatabasesController.php;MODIFY;1680;990.0;Grew;True;2024-07-09 11:19:21+00:00;True;476;451;9661;c72fd2fc9d9ad3d697d0d74d526bc9d589b05eb8;5;andras.bacsai@gmail.com;andras.bacsai@gmail.com
DatabasesController.php;MODIFY;1680;0.0;Equal;True;2024-07-09 11:59:54+00:00;False;476;451;10453;33b965d9dbeb3b3c16725263ba74a5cd8c927a42;8;andras.bacsai@gmail.com;andras.bacsai@gmail.com
DatabasesController.php;MODIFY;1728;48.0;Grew;True;2024-07-09 13:23:53+00:00;False;478;453;10942;d05e23264b4a02b155b246921004bad52fecf445;1;andras.bacsai@gmail.com;andras.bacsai@gmail.com
DatabasesController.php;MODIFY;1739;11.0;Grew;True;2024-07-11 10:38:54+00:00;False;480;453;11004;2b805f869a90ce95103dc71324c8b031995006ba;16;andras.bacsai@gmail.com;andras.bacsai@gmail.com
DatabasesController.php;MODIFY;1742;3.0;Grew;True;2024-07-11 10:50:12+00:00;False;478;453;11010;574bafd9504931889db80cef4c90d064a2273de5;3;andras.bacsai@gmail.com;andras.bacsai@gmail.com
DatabasesController.php;MODIFY;1757;15.0;Grew;True;2024-09-04 08:09:10+00:00;False;478;453;11070;25480fe624ab830c3377230ccd59f17608df513f;13;andras.bacsai@gmail.com;andras.bacsai@gmail.com
DatabasesController.php;MODIFY;1754;-3.0;Decreased;True;2024-10-01 07:02:16+00:00;False;478;453;11227;9212f3b24c58c24aa4175ecc5e61ae287bbba280;4;andras.bacsai@gmail.com;andras.bacsai@gmail.com
DatabasesController.php;MODIFY;1754;0.0;Equal;True;2024-10-30 08:06:50+00:00;False;478;453;11227;652023566707ac65942c5b8f3181f2ac354e7584;15;kaelwd@gmail.com;kaelwd@gmail.com
DatabasesController.php;MODIFY;1754;0.0;Equal;True;2024-10-31 16:44:01+00:00;False;478;453;11227;8e1444eaa7b7d98a3fcbb1616904c01d4a629203;72;lucas@semalead.com;lucas@semalead.com
DatabasesController.php;MODIFY;1754;0.0;Equal;True;2024-11-06 11:30:10+00:00;False;478;453;11277;0aa2ba6923ad5b6c49e88c7a70b51e546b6677a7;4;andras.bacsai@gmail.com;andras.bacsai@gmail.com
DatabasesController.php;MODIFY;1754;0.0;Equal;True;2024-11-06 11:33:56+00:00;False;478;453;11297;275edb6c1f59af49f39659582d011f8952ce2691;13;andras.bacsai@gmail.com;andras.bacsai@gmail.com
DatabasesController.php;MODIFY;1754;0.0;Equal;True;2024-11-22 10:16:01+00:00;False;478;453;11227;7dc65dfd79b8fa0d8f159f97ba18ff88d1a4bebc;58;andras.bacsai@gmail.com;andras.bacsai@gmail.com
DatabasesController.php;MODIFY;1758;4.0;Grew;True;2024-11-30 23:18:36+00:00;False;482;457;11267;b3f968db76193f62dc51f4bb2bf996358441cc17;1;7351311+SierraJC@users.noreply.github.com;7351311+SierraJC@users.noreply.github.com
DatabasesController.php;MODIFY;1758;0.0;Equal;True;2024-11-30 23:19:15+00:00;False;482;457;11269;f279729f088629ecdf4de3b058540c40c34f19bb;1;7351311+SierraJC@users.noreply.github.com;7351311+SierraJC@users.noreply.github.com
DatabasesController.php;MODIFY;1761;3.0;Grew;True;2024-12-02 21:50:03+00:00;False;478;453;11227;58988d3686cafe60b30a8c5679772a38f39cb3ad;10;andras.bacsai@gmail.com;andras.bacsai@gmail.com
DatabasesController.php;MODIFY;1763;2.0;Grew;True;2024-12-09 10:10:35+00:00;False;482;457;11257;3fa7d03db729143db26b629dbd8d3acb5a78f25e;10;andras.bacsai@gmail.com;andras.bacsai@gmail.com
