file_name;change_type;n_loc;lines_balance;size_change;is_large;date;swapped_classification;complexity;methods;tokens;hash;files_on_commit;committer_email;author_email
BeanDefinitionDsl.kt;ADD;84;0.0;Equal;False;2017-07-12 14:38:41+00:00;False;17;11;649;1f011467b8b929928963486f8594eea460b50eb7;2;sdeleuze@pivotal.io;sdeleuze@pivotal.io
BeanDefinitionDsl.kt;MODIFY;85;1.0;Grew;False;2017-07-19 05:57:19+00:00;False;18;12;652;f72e0daa543f91c7b37de8d02d72f1f95107b22c;2;sdeleuze@pivotal.io;sdeleuze@pivotal.io
BeanDefinitionDsl.kt;MODIFY;85;0.0;Equal;False;2017-07-25 09:21:08+00:00;False;18;12;654;29c112c0102300b687dd7803f5c5866175ddb644;2;sdeleuze@pivotal.io;sdeleuze@pivotal.io
BeanDefinitionDsl.kt;MODIFY;87;2.0;Grew;False;2017-08-28 22:56:39+00:00;False;18;12;662;d2c1b284f3c0a6b10ad1d4919057b3f6f7457923;3;sdeleuze@pivotal.io;sdeleuze@pivotal.io
BeanDefinitionDsl.kt;MODIFY;88;1.0;Grew;False;2017-09-04 08:46:20+00:00;False;18;12;669;8b8a6766de01467c8b45b1b9664f0ab2d58f7c69;2;sdeleuze@pivotal.io;sdeleuze@pivotal.io
BeanDefinitionDsl.kt;MODIFY;88;0.0;Equal;False;2017-09-26 14:31:16+00:00;False;18;12;670;14cba15296c636dbd3fef94cb1d927e32b1161f1;2;sdeleuze@pivotal.io;sdeleuze@pivotal.io
BeanDefinitionDsl.kt;MODIFY;103;15.0;Grew;False;2017-09-26 23:25:22+00:00;False;20;12;740;23497a7ece7aac1591187b46f4b601d2f48764e0;2;sdeleuze@pivotal.io;sdeleuze@pivotal.io
BeanDefinitionDsl.kt;MODIFY;107;4.0;Grew;False;2017-11-21 14:59:23+00:00;False;20;12;740;9f1d8517ba9e3e4b81a2ffb07d908fc2b1f77243;27;sdeleuze@pivotal.io;sdeleuze@pivotal.io
BeanDefinitionDsl.kt;MODIFY;95;-12.0;Decreased;False;2018-04-12 09:31:37+00:00;False;17;11;678;97ee94f4ca7e1d0c6f7e218e0ba8448940b7ba24;2;sdeleuze@pivotal.io;sdeleuze@pivotal.io
BeanDefinitionDsl.kt;MODIFY;89;-6.0;Decreased;False;2018-05-29 07:34:35+00:00;False;16;10;660;be416ef9c4f63298891c0d667c03c283607680d8;1;sdeleuze@pivotal.io;sdeleuze@pivotal.io
BeanDefinitionDsl.kt;MODIFY;91;2.0;Grew;False;2018-06-01 12:40:27+00:00;False;17;10;675;b71d0eeec9c9ed59f8b7f4e3acaec6f4919b46b0;2;sdeleuze@pivotal.io;sdeleuze@pivotal.io
BeanDefinitionDsl.kt;MODIFY;86;-5.0;Decreased;False;2018-09-12 12:59:10+00:00;False;17;10;674;b6d32ef55f6fcc7aeaf5a874f125e0172a8e5362;3;jhoeller@pivotal.io;jhoeller@pivotal.io
BeanDefinitionDsl.kt;MODIFY;108;22.0;Grew;False;2018-09-17 10:01:33+00:00;False;17;10;822;c4aea626fe1772e4522ba14457d496e2b77f3c6a;1;sdeleuze@pivotal.io;sdeleuze@pivotal.io
BeanDefinitionDsl.kt;MODIFY;93;-15.0;Decreased;False;2018-09-19 22:21:38+00:00;False;15;10;758;f7839675f6e6097144fb2d4125c8bbc85fd11cc3;1;sdeleuze@pivotal.io;sdeleuze@pivotal.io
BeanDefinitionDsl.kt;MODIFY;93;0.0;Equal;False;2018-09-19 22:21:38+00:00;False;15;10;752;47d6e9122751efc78f41632483302d365bb1a2ca;2;sdeleuze@pivotal.io;sdeleuze@pivotal.io
BeanDefinitionDsl.kt;MODIFY;97;4.0;Grew;False;2018-10-08 12:00:12+00:00;False;15;10;803;af6a5566a30adcace0a05ed7285e7f40e49d8f0b;2;sdeleuze@pivotal.io;sdeleuze@pivotal.io
BeanDefinitionDsl.kt;MODIFY;99;2.0;Grew;False;2019-02-05 15:59:56+00:00;False;15;10;823;0ad9349d84a725dc37499bcb0ed2aad0de770c73;1;sdeleuze@pivotal.io;sdeleuze@pivotal.io
BeanDefinitionDsl.kt;MODIFY;99;0.0;Equal;False;2019-03-22 04:49:28+00:00;False;15;10;823;dc6f63f610ab0278c8c9d2c5c7cbbebb9928ec91;6624;rwinch@users.noreply.github.com;spring-operator@users.noreply.github.com
BeanDefinitionDsl.kt;MODIFY;97;-2.0;Decreased;False;2019-03-23 14:19:34+00:00;False;15;10;803;540759ec41f258c05b459e538284c0c87543488a;6515;sbrannen@pivotal.io;spring-operator@users.noreply.github.com
BeanDefinitionDsl.kt;MODIFY;456;359.0;Grew;False;2019-03-27 13:47:42+00:00;False;37;32;5872;fb1da014103b821f93859dca20cc50f144e49e22;3;sdeleuze@pivotal.io;sdeleuze@pivotal.io
BeanDefinitionDsl.kt;MODIFY;457;1.0;Grew;False;2019-06-29 15:25:45+00:00;False;37;32;5885;87c15ba9ad7ddfd44163c298ed69a62559a3b681;2;sdeleuze@pivotal.io;thomas.girard12@gmail.com
BeanDefinitionDsl.kt;MODIFY;457;0.0;Equal;False;2019-11-22 15:10:42+00:00;False;37;32;5887;6c7250b0ae6c7d4fae62c006392425a01a55fa3a;9;sdeleuze@pivotal.io;sdeleuze@pivotal.io
BeanDefinitionDsl.kt;MODIFY;472;15.0;Grew;False;2020-01-13 09:53:23+00:00;False;38;33;5992;3f1882c4eb2ec7a749555d0b7ef05e1262e35447;2;sdeleuze@pivotal.io;sdeleuze@pivotal.io
BeanDefinitionDsl.kt;MODIFY;472;0.0;Equal;False;2021-06-29 17:27:29+00:00;False;38;33;5992;9add04f800f66ad8790dff7d546065a8ffa22df4;1;snicoll@vmware.com;1shiranui@gmail.com
BeanDefinitionDsl.kt;MODIFY;472;0.0;Equal;False;2021-06-29 17:27:57+00:00;False;38;33;5992;b0f724a597bddec3dfc27396ccdaa1ef7510a5f1;1;snicoll@vmware.com;snicoll@vmware.com
BeanDefinitionDsl.kt;MODIFY;472;0.0;Equal;False;2021-12-14 14:25:50+00:00;False;38;33;5992;bb53a99defc5ec70393ff21a8a40f74d650e2e1a;2;bclozel@vmware.com;bclozel@vmware.com
BeanDefinitionDsl.kt;MODIFY;476;4.0;Grew;False;2022-09-30 10:25:43+00:00;False;39;33;6011;7a2110d8a55831dae6bfd0a7f705b60f3b7fd53a;1;sdeleuze@vmware.com;sdeleuze@vmware.com
BeanDefinitionDsl.kt;MODIFY;476;0.0;Equal;False;2023-07-03 13:49:28+00:00;False;39;33;6011;0b2c2d04b2c4844cada18fbaa23009601dcabea4;1;sam@sambrannen.com;vbaidak@users.noreply.github.com
BeanDefinitionDsl.kt;MODIFY;476;0.0;Equal;False;2023-07-03 13:53:43+00:00;False;39;33;6011;2161e865d7ab311c9ffa8a0e47ec4e16377390d6;1;sam@sambrannen.com;sam@sambrannen.com
BeanDefinitionDsl.kt;MODIFY;504;28.0;Grew;True;2023-11-30 17:09:00+00:00;True;39;33;6249;bf1c179b7fca57af0cf4e51044755176f2cf569d;2;sdeleuze@users.noreply.github.com;sdeleuze@users.noreply.github.com
BeanDefinitionDsl.kt;MODIFY;504;0.0;Equal;True;2023-11-30 17:17:47+00:00;False;39;33;6157;8ff687b68c87694d47e026f38b044b7a9ff242ad;1;sdeleuze@users.noreply.github.com;sdeleuze@users.noreply.github.com
BeanDefinitionDsl.kt;MODIFY;503;-1.0;Decreased;True;2024-07-24 11:58:36+00:00;False;38;33;6170;b8f9913aa1dcfd52caa08e12063ae5066a2e2f3b;2;stephane.nicoll@broadcom.com;stephane.nicoll@broadcom.com
BeanDefinitionDsl.kt;MODIFY;503;0.0;Equal;True;2024-07-24 11:59:06+00:00;False;38;33;6168;7c9bb2429631407b97647e2bda3036b55b0bbf2b;1;stephane.nicoll@broadcom.com;stephane.nicoll@broadcom.com
BeanDefinitionDsl.kt;MODIFY;506;3.0;Grew;True;2024-07-29 07:01:57+00:00;False;39;33;6177;2596e29013db61474df1c180e459f4330d4beeff;2;stephane.nicoll@broadcom.com;stephane.nicoll@broadcom.com
