file_name;change_type;n_loc;lines_balance;size_change;is_large;date;swapped_classification;complexity;methods;tokens;hash;files_on_commit;committer_email;author_email
WebClientIntegrationTests.java;RENAME;223;0.0;Equal;False;2017-02-01 22:02:52+00:00;False;not calculated;0;not calculated;fafd2d20e177d56b5d08dfa630b920d7095877da;386;rstoyanchev@pivotal.io;rstoyanchev@pivotal.io
WebClientIntegrationTests.java;MODIFY;223;0.0;Equal;False;2017-02-13 12:54:23+00:00;False;12;12;2015;45770d73ede714533741f97275996ea7a04a381a;12;apoutsma@pivotal.io;apoutsma@pivotal.io
WebClientIntegrationTests.java;MODIFY;223;0.0;Equal;False;2017-02-20 22:00:22+00:00;False;12;12;2015;73493bc490f4cf2010cb5583a286f94678514f64;84;jhoeller@pivotal.io;jhoeller@pivotal.io
WebClientIntegrationTests.java;MODIFY;222;-1.0;Decreased;False;2017-02-21 14:27:21+00:00;False;12;12;2005;6242e30539334a04524090d5d1fd142d408085c8;55;jhoeller@pivotal.io;jhoeller@pivotal.io
WebClientIntegrationTests.java;MODIFY;223;1.0;Grew;False;2017-03-29 16:22:15+00:00;False;12;12;2000;118f33aedad84e9f8a01e4db983545d18fdd1fc3;7;rstoyanchev@pivotal.io;apoutsma@pivotal.io
WebClientIntegrationTests.java;MODIFY;259;36.0;Grew;False;2017-03-30 12:58:04+00:00;False;14;14;2300;e6b4edc757b9470db5238155a958622b1d005baa;5;rstoyanchev@pivotal.io;apoutsma@pivotal.io
WebClientIntegrationTests.java;MODIFY;313;54.0;Grew;False;2017-03-30 16:24:16+00:00;False;16;16;2795;840d7abbf633745e8a7e17fe08ff356cac170e03;5;rstoyanchev@pivotal.io;rstoyanchev@pivotal.io
WebClientIntegrationTests.java;MODIFY;313;0.0;Equal;False;2017-04-11 16:13:04+00:00;False;16;16;2795;4d9144132e25212011ba5a683d6f256398854a4c;39;sdeleuze@pivotal.io;sdeleuze@pivotal.io
WebClientIntegrationTests.java;MODIFY;313;0.0;Equal;False;2017-04-25 09:33:47+00:00;False;16;16;2795;b9dbac7b2cc09f086ce6256744a8a31e5d0fd90e;12;apoutsma@pivotal.io;apoutsma@pivotal.io
WebClientIntegrationTests.java;MODIFY;345;32.0;Grew;False;2017-04-26 15:50:59+00:00;False;18;18;3093;4a8c99c9ce6773a1b192d4b60969241b2370ac4f;6;apoutsma@pivotal.io;apoutsma@pivotal.io
WebClientIntegrationTests.java;MODIFY;312;-33.0;Decreased;False;2017-04-26 15:50:59+00:00;False;16;16;2785;0e7d6fc4d14145e80b61ca9d214da3ebe7a54310;4;apoutsma@pivotal.io;apoutsma@pivotal.io
WebClientIntegrationTests.java;MODIFY;363;51.0;Grew;False;2017-05-01 11:36:35+00:00;False;20;19;3180;ea85431ac55acf9e3b8dfca51879727c99c2d5f7;1;apoutsma@pivotal.io;apoutsma@pivotal.io
WebClientIntegrationTests.java;MODIFY;369;6.0;Grew;False;2017-06-20 12:25:52+00:00;False;20;19;3199;4a0597d612d68d6e948c748da8d36621639d1b7f;9;apoutsma@pivotal.io;apoutsma@pivotal.io
WebClientIntegrationTests.java;MODIFY;391;22.0;Grew;False;2017-06-20 14:30:37+00:00;False;22;21;3403;50fc8f4e327078e512f7eb25538a36f7a58a1801;3;apoutsma@pivotal.io;apoutsma@pivotal.io
WebClientIntegrationTests.java;MODIFY;407;16.0;Grew;False;2017-07-06 11:37:21+00:00;False;23;22;3548;b0ab84657b712aac59951420f4e9d696c3d84ba2;2;apoutsma@pivotal.io;apoutsma@pivotal.io
WebClientIntegrationTests.java;MODIFY;424;17.0;Grew;False;2017-07-11 14:36:40+00:00;False;24;23;3708;2f9bd6e075facbf13edd629a98da88115c130b98;4;apoutsma@pivotal.io;apoutsma@pivotal.io
WebClientIntegrationTests.java;MODIFY;412;-12.0;Decreased;False;2017-07-11 15:40:16+00:00;False;23;22;3625;c9a3b863c4a30fb080ad98ac0f2494f70658101f;9;apoutsma@pivotal.io;apoutsma@pivotal.io
WebClientIntegrationTests.java;MODIFY;451;39.0;Grew;False;2017-07-14 11:09:44+00:00;False;25;24;3954;805b7159b0264f99a45095c55a481581c86c0fd4;6;apoutsma@pivotal.io;apoutsma@pivotal.io
WebClientIntegrationTests.java;MODIFY;459;8.0;Grew;False;2017-07-19 10:37:32+00:00;False;26;25;4023;147368eccca6d8d8696952c2669efd252b729fb6;2;rstoyanchev@pivotal.io;rstoyanchev@pivotal.io
WebClientIntegrationTests.java;MODIFY;466;7.0;Grew;False;2017-08-02 08:20:58+00:00;False;26;25;4090;5394cc0c63471e7de8399c97ea201bbc0a4dd4d4;6;apoutsma@pivotal.io;apoutsma@pivotal.io
WebClientIntegrationTests.java;MODIFY;472;6.0;Grew;False;2017-09-06 15:29:18+00:00;False;26;25;4128;16f3f8d28ff16e5d88fe2d349fc78b1a6512b1cb;11;bclozel@pivotal.io;bclozel@pivotal.io
WebClientIntegrationTests.java;MODIFY;446;-26.0;Decreased;False;2017-09-13 08:51:13+00:00;False;27;26;3536;aa19912e00fd6e2bd0908a59e431595d5f5e22d3;1;bclozel@pivotal.io;bclozel@pivotal.io
WebClientIntegrationTests.java;MODIFY;460;14.0;Grew;False;2017-09-13 08:56:57+00:00;False;28;27;3654;98b6491f0c3eebcdadaf0cafc7aec46455e160ef;2;bclozel@pivotal.io;bclozel@pivotal.io
WebClientIntegrationTests.java;MODIFY;460;0.0;Equal;False;2017-09-27 22:58:38+00:00;False;28;27;3658;126ac849e5592f65d742d1f23bf891e1a115af01;11;bclozel@pivotal.io;bclozel@pivotal.io
WebClientIntegrationTests.java;MODIFY;476;16.0;Grew;False;2017-09-29 08:15:40+00:00;False;29;28;3791;69945f4185e57c61ae9dbb3f12b612de046339c9;2;apoutsma@pivotal.io;apoutsma@pivotal.io
WebClientIntegrationTests.java;MODIFY;518;42.0;Grew;False;2017-12-01 20:40:35+00:00;False;32;30;4142;91d3e4402f11317c157dfbbdd9bd01bf689f8b1f;2;rstoyanchev@pivotal.io;rstoyanchev@pivotal.io
WebClientIntegrationTests.java;MODIFY;516;-2.0;Decreased;False;2018-01-10 15:47:36+00:00;False;32;30;4133;b36af8a11fba610d39cc0464565d1413b5a5b293;1;rstoyanchev@pivotal.io;rstoyanchev@pivotal.io
WebClientIntegrationTests.java;MODIFY;535;19.0;Grew;False;2018-04-11 20:19:53+00:00;False;36;34;4218;5b9e7e44e027718447504f417fb3821c468415fa;1;rstoyanchev@pivotal.io;rstoyanchev@pivotal.io
WebClientIntegrationTests.java;MODIFY;535;0.0;Equal;False;2018-04-19 13:39:34+00:00;False;36;34;4183;30c98c8a1c70cb653989985b68195844b67d12c3;5;rstoyanchev@pivotal.io;rstoyanchev@pivotal.io
WebClientIntegrationTests.java;MODIFY;535;0.0;Equal;False;2018-04-27 18:06:48+00:00;False;36;34;4183;6519e7b22af9fe2acaeee48c554cea1b4783ef76;6;rstoyanchev@pivotal.io;izeye@naver.com
WebClientIntegrationTests.java;MODIFY;535;0.0;Equal;False;2018-06-19 09:51:45+00:00;False;36;34;4183;4a26f93a0dcc9e1839b2bc1e4a6684d085a6f80e;4;bclozel@pivotal.io;bclozel@pivotal.io
WebClientIntegrationTests.java;MODIFY;540;5.0;Grew;False;2018-06-29 17:44:15+00:00;False;37;34;4154;e22466e9d56f9d423f3b6a236a0c2cb06bb73ce3;42;jhoeller@pivotal.io;jhoeller@pivotal.io
WebClientIntegrationTests.java;MODIFY;591;51.0;Grew;False;2018-07-12 17:08:08+00:00;False;39;36;4565;038af9a303aa631a66384542eef8c3f0c955d2f8;10;bclozel@pivotal.io;bclozel@pivotal.io
WebClientIntegrationTests.java;MODIFY;628;37.0;Grew;False;2018-07-18 12:49:49+00:00;False;41;38;4842;a87764f1fd218356690e05cf2aa964e92202eed6;8;sdeleuze@pivotal.io;sdeleuze@pivotal.io
WebClientIntegrationTests.java;MODIFY;628;0.0;Equal;False;2018-11-12 15:43:43+00:00;False;41;38;4842;3a66927bd26b64d8ca929603032ca36c462748f2;20;jhoeller@pivotal.io;jhoeller@pivotal.io
WebClientIntegrationTests.java;MODIFY;636;8.0;Grew;False;2018-12-07 10:08:02+00:00;False;41;38;4930;3258ac1ec4159b3fe69cc9daad4ab054b90d0e6c;4;apoutsma@pivotal.io;apoutsma@pivotal.io
WebClientIntegrationTests.java;MODIFY;636;0.0;Equal;False;2019-03-22 04:49:28+00:00;False;41;38;4930;dc6f63f610ab0278c8c9d2c5c7cbbebb9928ec91;6624;rwinch@users.noreply.github.com;spring-operator@users.noreply.github.com
WebClientIntegrationTests.java;MODIFY;636;0.0;Equal;False;2019-03-23 14:19:34+00:00;False;41;38;4930;540759ec41f258c05b459e538284c0c87543488a;6515;sbrannen@pivotal.io;spring-operator@users.noreply.github.com
WebClientIntegrationTests.java;MODIFY;637;1.0;Grew;False;2019-05-05 16:27:38+00:00;False;41;38;4940;47c39304afe43d904a5a48c8273cab187ddeebce;59;sbrannen@pivotal.io;sbrannen@pivotal.io
WebClientIntegrationTests.java;MODIFY;637;0.0;Equal;False;2019-05-08 14:25:52+00:00;False;41;38;4937;d7320de871dba75e0bbc4f5307d37005c3198379;671;sbrannen@pivotal.io;pwebb@pivotal.io
WebClientIntegrationTests.java;MODIFY;640;3.0;Grew;False;2019-05-08 16:55:09+00:00;False;41;38;4967;816bbee8de584676250e2bc5dcff6da6cd81623f;1910;pwebb@pivotal.io;pwebb@pivotal.io
WebClientIntegrationTests.java;MODIFY;639;-1.0;Decreased;False;2019-05-23 22:49:59+00:00;False;41;38;4960;95a9d46a87a14ea4e29fa3ead51f4a0fad5ad24c;322;pwebb@pivotal.io;pwebb@pivotal.io
WebClientIntegrationTests.java;MODIFY;634;-5.0;Decreased;False;2019-05-23 22:52:49+00:00;False;41;38;5193;9d74da006c950c464b13247bc5649d6cacff3060;1636;pwebb@pivotal.io;pwebb@pivotal.io
WebClientIntegrationTests.java;MODIFY;634;0.0;Equal;False;2019-07-07 20:27:57+00:00;False;41;38;5193;2b4d6ce3548ddf97d1bce1a3832f480de9043fa7;33;sdeleuze@pivotal.io;sdeleuze@pivotal.io
WebClientIntegrationTests.java;MODIFY;670;36.0;Grew;False;2019-07-16 13:53:21+00:00;False;43;40;5469;a9b3d95a14c316387f2b77328d6864b8e0a36721;3;apoutsma@pivotal.io;apoutsma@pivotal.io
WebClientIntegrationTests.java;MODIFY;775;105.0;Grew;False;2019-07-18 10:28:22+00:00;False;48;45;6410;d8838152b3f0ee34175234a2acf21e5dc2d566f3;5;apoutsma@pivotal.io;apoutsma@pivotal.io
WebClientIntegrationTests.java;MODIFY;658;-117.0;Decreased;False;2019-07-30 13:10:33+00:00;False;43;39;5121;6cb4b8bd43be9c741377f52cc98b43abde27dbc8;3;apoutsma@pivotal.io;apoutsma@pivotal.io
WebClientIntegrationTests.java;MODIFY;828;170.0;Grew;False;2019-08-17 09:36:58+00:00;False;50;46;6801;3f3e41923f1175329a2bf21861c128fbcbca8867;1487;sbrannen@pivotal.io;sbrannen@pivotal.io
WebClientIntegrationTests.java;MODIFY;828;0.0;Equal;False;2019-08-20 07:27:05+00:00;False;50;46;6801;008687d5aef120205ad218a27c2d8f2fa65122f3;24;rstoyanchev@pivotal.io;rstoyanchev@pivotal.io
WebClientIntegrationTests.java;MODIFY;828;0.0;Equal;False;2019-08-28 15:06:23+00:00;False;50;46;6801;c004ef888c8f3afd1a096831131d4b51c8b36905;13;sbrannen@pivotal.io;sbrannen@pivotal.io
WebClientIntegrationTests.java;MODIFY;658;-170.0;Decreased;False;2019-08-29 14:34:36+00:00;False;43;39;5128;d709a69ff1eed3f4c3a3a60b2f503125db4df356;2;apoutsma@pivotal.io;apoutsma@pivotal.io
WebClientIntegrationTests.java;MODIFY;662;4.0;Grew;False;2019-09-02 13:13:22+00:00;False;43;39;5147;f748b1e68d996665a458563c5bb0e643c8137c1b;2;apoutsma@pivotal.io;apoutsma@pivotal.io
WebClientIntegrationTests.java;MODIFY;896;234.0;Grew;False;2019-09-03 13:44:02+00:00;False;53;49;7393;37398c669ca3af857487d963f3645e6d1cb678e5;8;apoutsma@pivotal.io;apoutsma@pivotal.io
WebClientIntegrationTests.java;MODIFY;890;-6.0;Decreased;False;2019-09-16 11:56:01+00:00;False;52;48;7344;e7b2c93edef7356dfb536bb72957ec303de74209;1;sbrannen@pivotal.io;sbrannen@pivotal.io
WebClientIntegrationTests.java;MODIFY;905;15.0;Grew;False;2019-11-11 15:48:30+00:00;False;53;49;7435;a7a88371e7906a1c0ab618158fd2b7ec77f31f03;2;apoutsma@pivotal.io;apoutsma@pivotal.io
WebClientIntegrationTests.java;MODIFY;929;24.0;Grew;False;2019-11-19 09:22:54+00:00;False;54;50;7599;9f7dd9f35260368cafbc405b52f90ef72a9d0686;1;apoutsma@pivotal.io;apoutsma@pivotal.io
WebClientIntegrationTests.java;MODIFY;929;0.0;Equal;False;2020-01-02 15:01:35+00:00;False;54;50;7601;7b6d83a106a0e2267f40d57d2aa24503196533af;463;sbrannen@pivotal.io;sbrannen@pivotal.io
WebClientIntegrationTests.java;MODIFY;837;-92.0;Decreased;False;2020-03-26 15:59:04+00:00;False;48;44;6947;5309757026f1a1bd6d8c82f3f9b7f8aacac1a214;1;rstoyanchev@pivotal.io;rstoyanchev@pivotal.io
WebClientIntegrationTests.java;MODIFY;878;41.0;Grew;False;2020-03-26 15:59:28+00:00;False;50;45;7302;1822f272c754953c2527b5344b14cecfc5b76a9f;2;rstoyanchev@pivotal.io;rstoyanchev@pivotal.io
WebClientIntegrationTests.java;MODIFY;916;38.0;Grew;False;2020-04-29 13:02:09+00:00;False;51;46;7626;3bc1d42dcd43523d7585acdd5e954c693c515af2;14;apoutsma@pivotal.io;tmartin193@gmail.com
WebClientIntegrationTests.java;MODIFY;917;1.0;Grew;False;2020-06-20 15:15:35+00:00;False;51;46;7631;9d5881e0adbd9d6e13121f3d38efa8d35df66690;53;sbrannen@vmware.com;sbrannen@vmware.com
WebClientIntegrationTests.java;MODIFY;917;0.0;Equal;False;2020-06-24 15:12:56+00:00;False;51;46;7630;b16f6fa4564658615363f9206edf726a492b6083;67;rstoyanchev@pivotal.io;rstoyanchev@pivotal.io
WebClientIntegrationTests.java;MODIFY;938;21.0;Grew;False;2020-09-14 13:06:46+00:00;False;52;47;7803;74f64c4e3b97cb419829cedcc6f703a78f9d0a5c;7;apoutsma@pivotal.io;apoutsma@pivotal.io
WebClientIntegrationTests.java;MODIFY;937;-1.0;Decreased;False;2020-09-22 06:36:29+00:00;False;52;47;7803;1061bcdba2d2953df0a7b07ca177354babfcb645;4;rstoyanchev@vmware.com;rstoyanchev@vmware.com
WebClientIntegrationTests.java;MODIFY;930;-7.0;Decreased;False;2020-09-25 20:16:44+00:00;False;52;47;7781;1404dd768fd02391233d69519459df32581347fc;12;rstoyanchev@vmware.com;rstoyanchev@vmware.com
WebClientIntegrationTests.java;MODIFY;957;27.0;Grew;False;2020-11-03 19:31:02+00:00;False;53;48;8037;2e2d6621586304749372b3cd9888c6955bdf3b53;3;rstoyanchev@vmware.com;rstoyanchev@vmware.com
WebClientIntegrationTests.java;MODIFY;985;28.0;Grew;False;2020-11-19 21:12:56+00:00;False;54;49;8311;922d5d271a33d3b7356bb855b14b008ccd31b727;4;rstoyanchev@vmware.com;Justin_Spindler@comcast.com
WebClientIntegrationTests.java;MODIFY;985;0.0;Equal;False;2020-11-19 21:25:21+00:00;False;54;49;8311;c4d7e6ff46348a34c55e45b1d26726d3ef6cf259;2;rstoyanchev@vmware.com;rstoyanchev@vmware.com
WebClientIntegrationTests.java;MODIFY;1042;57.0;Grew;False;2021-10-07 15:50:53+00:00;False;59;52;8767;b6111d04a5453a1e75840c53ad6f38eb7314138a;3;rstoyanchev@vmware.com;rstoyanchev@vmware.com
WebClientIntegrationTests.java;MODIFY;1100;58.0;Grew;True;2021-10-07 15:50:53+00:00;True;63;55;9165;9bd989f1bbf596c44b818b8979f5132b8cda0d1b;1;rstoyanchev@vmware.com;73482956+ascopes@users.noreply.github.com
WebClientIntegrationTests.java;MODIFY;1044;-56.0;Decreased;False;2021-11-22 12:20:30+00:00;True;59;52;8785;dcc71546410c8bafcacb3230ba660f9cb94d4455;6;rstoyanchev@vmware.com;rstoyanchev@vmware.com
WebClientIntegrationTests.java;MODIFY;1044;0.0;Equal;False;2021-11-22 12:20:30+00:00;False;59;52;8785;d930617442fcf049bba952c21e0a5212eac124bc;6;rstoyanchev@vmware.com;julien.eyraud@sigfox.com
WebClientIntegrationTests.java;MODIFY;1044;0.0;Equal;False;2021-11-22 12:20:30+00:00;False;59;52;8785;fe8d42ff59e1ff23b0807aba85a8bc65a0b54e84;4;rstoyanchev@vmware.com;rstoyanchev@vmware.com
WebClientIntegrationTests.java;MODIFY;1042;-2.0;Decreased;False;2022-02-15 13:28:58+00:00;False;59;52;8769;685a195ba17be18479ab682f808b14d8c586b3fa;10;sbrannen@vmware.com;sbrannen@vmware.com
WebClientIntegrationTests.java;MODIFY;1046;4.0;Grew;False;2022-02-15 13:44:46+00:00;False;59;52;8754;552e02cb4421ea071bc119c0da3dcebaba0be5ac;1;sbrannen@vmware.com;sbrannen@vmware.com
WebClientIntegrationTests.java;MODIFY;1047;1.0;Grew;False;2022-02-15 13:59:26+00:00;False;59;52;8764;c42023f20e6f06f9be55e70102818b3f2e9dbe84;1;sbrannen@vmware.com;sbrannen@vmware.com
WebClientIntegrationTests.java;MODIFY;1043;-4.0;Decreased;False;2022-03-16 13:45:47+00:00;False;59;52;8804;c462fe30ede2ee7e8d41c1a19596aaec19b3750a;28;sbrannen@vmware.com;sbrannen@vmware.com
WebClientIntegrationTests.java;MODIFY;1050;7.0;Grew;True;2022-03-23 11:49:38+00:00;True;59;52;8821;28ac0d3883e0c683fb995dffc0af7c8a82f3c3d0;143;poutsmaa@vmware.com;poutsmaa@vmware.com
WebClientIntegrationTests.java;MODIFY;1053;3.0;Grew;True;2022-03-29 13:04:58+00:00;False;59;52;8832;7a1421cb0fd07b44768c5a7cd91ff88f53a7c853;12;sbrannen@vmware.com;sbrannen@vmware.com
WebClientIntegrationTests.java;MODIFY;1058;5.0;Grew;True;2022-09-08 20:54:46+00:00;False;60;52;8865;d37343585600fc310122c5b3ad91c8c373c02c2b;23;rstoyanchev@vmware.com;rstoyanchev@vmware.com
WebClientIntegrationTests.java;MODIFY;1074;16.0;Grew;True;2022-09-13 13:46:24+00:00;False;61;53;8962;71f9a84d22a85884c29f1b4823aba8a55a026a65;2;poutsmaa@vmware.com;poutsmaa@vmware.com
WebClientIntegrationTests.java;MODIFY;1074;0.0;Equal;True;2022-10-03 17:20:52+00:00;False;61;53;8962;b5adae2086854a4f0ecc2ac9bb7110f067a50ded;24;rstoyanchev@vmware.com;violetag@vmware.com
WebClientIntegrationTests.java;MODIFY;1074;0.0;Equal;True;2023-01-11 12:51:28+00:00;False;61;53;8960;afb8a0d1b18b711f5c27a3662058372e2e3cbbee;53;sam@sambrannen.com;Krzysztof.Krason@gmail.com
WebClientIntegrationTests.java;MODIFY;1074;0.0;Equal;True;2023-01-11 12:52:20+00:00;False;61;53;8960;a4956dfe26f61b7eb1daa2a4b8c688fa0cb7c644;55;sam@sambrannen.com;sam@sambrannen.com
WebClientIntegrationTests.java;MODIFY;1077;3.0;Grew;True;2023-01-20 10:38:22+00:00;False;61;53;8998;fb0aa5abb3ffbcaec68ed74e14d9b98faba92262;1;sdeleuze@vmware.com;sdeleuze@vmware.com
WebClientIntegrationTests.java;MODIFY;1062;-15.0;Decreased;True;2023-01-20 12:59:39+00:00;False;60;52;8862;8f94c4e9331ba11caa4c3f9488bb213e0b6c9ca5;1;sdeleuze@vmware.com;sdeleuze@vmware.com
WebClientIntegrationTests.java;MODIFY;1062;0.0;Equal;True;2023-04-04 15:34:07+00:00;False;60;52;8861;1734deca1e91fac25ea6b0f472a66e9882f63205;371;noreply@github.com;Krzysztof.Krason@gmail.com
WebClientIntegrationTests.java;MODIFY;1061;-1.0;Decreased;True;2023-09-15 16:15:26+00:00;False;60;52;8851;ce0923b946aca25c0cdad297be6547b3bc864c90;3;sdeleuze@vmware.com;sdeleuze@vmware.com
WebClientIntegrationTests.java;MODIFY;1047;-14.0;Decreased;False;2023-10-24 15:54:39+00:00;True;59;51;8727;7874a597719c75a418a8e237db5b02945bbb7603;1;sdeleuze@vmware.com;sdeleuze@vmware.com
WebClientIntegrationTests.java;MODIFY;1076;29.0;Grew;True;2023-11-02 11:32:03+00:00;True;60;52;8994;d54a694f5a7d5a741ae16f1214d02fd445080fcc;3;rstoyanchev@vmware.com;carl-eric.menzel@codecentric.de
WebClientIntegrationTests.java;MODIFY;1074;-2.0;Decreased;True;2023-11-02 11:32:03+00:00;False;60;52;8994;f16122d53385759157998928a6c7d2d35ccc470e;3;rstoyanchev@vmware.com;rstoyanchev@vmware.com
WebClientIntegrationTests.java;MODIFY;1076;2.0;Grew;True;2023-12-28 12:08:08+00:00;False;60;52;8989;094479b55f1d312f0ba28c868e411b9025bf8d7e;22;stephane.nicoll@broadcom.com;zhouyanming@gmail.com
WebClientIntegrationTests.java;MODIFY;1074;-2.0;Decreased;True;2023-12-28 12:14:26+00:00;False;60;52;8989;a6e87b40c7db43750a2c9dd11f2c7bfa33a81e9e;17;stephane.nicoll@broadcom.com;stephane.nicoll@broadcom.com
WebClientIntegrationTests.java;MODIFY;1074;0.0;Equal;True;2024-01-11 13:05:37+00:00;False;60;52;8987;f1a335708a0ced4fc97cb2e1969a9887e734a70a;112;stephane.nicoll@broadcom.com;stephane.nicoll@broadcom.com
WebClientIntegrationTests.java;MODIFY;1074;0.0;Equal;True;2024-01-24 13:05:20+00:00;False;60;52;9045;f2e267b494730fe6162de8816265b9f4d5e6026f;5;arjen.poutsma@broadcom.com;arjen.poutsma@broadcom.com
WebClientIntegrationTests.java;MODIFY;1134;60.0;Grew;True;2024-03-12 10:43:31+00:00;False;74;55;9537;052b6357c849a057da5402811088a9bbbda977a4;26;rossen.stoyanchev@broadcom.com;philk97@web.de
WebClientIntegrationTests.java;MODIFY;1108;-26.0;Decreased;True;2024-03-12 10:43:31+00:00;False;69;53;9420;8af1d8e8425229920f5049bf2621788708b4b1d7;21;rossen.stoyanchev@broadcom.com;rossen.stoyanchev@broadcom.com
WebClientIntegrationTests.java;MODIFY;1107;-1.0;Decreased;True;2024-03-12 10:43:32+00:00;False;69;53;9399;6767f7010c1f1e0f8da41c46586c0f1eb8b5f75b;10;rossen.stoyanchev@broadcom.com;rossen.stoyanchev@broadcom.com
WebClientIntegrationTests.java;MODIFY;1107;0.0;Equal;True;2024-05-22 13:57:41+00:00;False;69;53;9398;48e7908effa1f6e1be514062e4156bceff214861;1;104798+sbrannen@users.noreply.github.com;104798+sbrannen@users.noreply.github.com
WebClientIntegrationTests.java;MODIFY;1107;0.0;Equal;True;2024-08-16 11:48:19+00:00;False;69;53;9394;d749d2949d8b938f6d036915664097cc91e7d910;23;104798+sbrannen@users.noreply.github.com;104798+sbrannen@users.noreply.github.com
WebClientIntegrationTests.java;MODIFY;1110;3.0;Grew;True;2024-11-18 10:57:09+00:00;False;69;53;9417;afef439c1fc794919459842630f667c90ae1a39d;1;brian.clozel@broadcom.com;brian.clozel@broadcom.com
WebClientIntegrationTests.java;MODIFY;1120;10.0;Grew;True;2024-11-18 15:30:16+00:00;False;71;53;9495;d597d2e1597bbbd75967325a906669f9bc455081;1;simon.basle@broadcom.com;simon.basle@broadcom.com
