file_name;change_type;n_loc;lines_balance;size_change;is_large;date;swapped_classification;complexity;methods;tokens;hash;files_on_commit;committer_email;author_email
HubConnection.java;RENAME;862;0.0;Equal;False;2020-09-02 00:37:56+00:00;False;not calculated;0;not calculated;b44c6280674d66e29ad8bcb5e8688b04ed96fabe;87;noreply@github.com;wigodbe@microsoft.com
HubConnection.java;MODIFY;862;0.0;Equal;False;2020-09-08 17:54:09+00:00;False;158;65;7421;9cbf55b09413a12a322010cd938e7485ce038675;4;noreply@github.com;brecon@microsoft.com
HubConnection.java;MODIFY;844;-18.0;Decreased;False;2020-09-11 17:11:29+00:00;False;156;65;7414;77be06a894306a435a5b199a4a986957dca8db91;3;noreply@github.com;wigodbe@microsoft.com
HubConnection.java;MODIFY;848;4.0;Grew;False;2020-09-11 18:44:00+00:00;False;157;65;7439;9eb9de6c8c089853c4041885c2230a7ac0acda1b;4;noreply@github.com;brecon@microsoft.com
HubConnection.java;MODIFY;953;105.0;Grew;False;2020-09-18 00:59:27+00:00;False;177;74;8314;3ee23fb771a8e810defe50fda29296fa9859a92b;3;noreply@github.com;brecon@microsoft.com
HubConnection.java;MODIFY;969;16.0;Grew;False;2021-01-15 19:21:48+00:00;False;179;75;8376;264e185bdcf2fbe0b3f03ef171c18bb0f723bedb;2;noreply@github.com;brecon@microsoft.com
HubConnection.java;MODIFY;978;9.0;Grew;False;2021-03-02 21:26:50+00:00;False;181;75;8419;262369301aa24bb7626e41b88cce915daeb7827a;4;noreply@github.com;brecon@microsoft.com
HubConnection.java;MODIFY;975;-3.0;Decreased;False;2021-03-10 17:43:12+00:00;False;180;75;8400;586b8bb5afe2bcfa2736083cb763f8c63bcf3eb8;2;noreply@github.com;brecon@microsoft.com
HubConnection.java;MODIFY;978;3.0;Grew;False;2021-04-01 16:11:13+00:00;False;181;75;8433;c5a1999ca9d0c485c69f15119773ac92093ac8f3;16;noreply@github.com;brecon@microsoft.com
HubConnection.java;MODIFY;984;6.0;Grew;False;2021-04-21 17:53:09+00:00;False;182;76;8461;f35eb17d44149d47ed8ffbbb09b4c2c33633e899;3;noreply@github.com;brecon@microsoft.com
HubConnection.java;MODIFY;981;-3.0;Decreased;False;2021-05-04 23:05:05+00:00;False;181;76;8428;2d1e9e007fdbc656ea1f62f4c833847b8fdc66e8;3;noreply@github.com;brecon@microsoft.com
HubConnection.java;MODIFY;984;3.0;Grew;False;2021-06-11 16:53:28+00:00;False;182;76;8467;bbc675f856b5e35c3afe0a4fbea4055a2dc5662b;3;noreply@github.com;brecon@microsoft.com
HubConnection.java;MODIFY;984;0.0;Equal;False;2021-07-22 22:54:29+00:00;False;182;76;8467;9da42b9fab4c61fe46627ac0c6877905ec845d5a;9050;kevinpi@microsoft.com;kevinpi@microsoft.com
HubConnection.java;MODIFY;991;7.0;Grew;False;2021-07-27 06:12:50+00:00;False;182;76;8505;bad82b8f8bdaab01e94e786fa099b00ab781025c;2;noreply@github.com;brecon@microsoft.com
HubConnection.java;MODIFY;1116;125.0;Grew;True;2022-08-16 00:01:56+00:00;True;200;87;10351;c10949248598aed4488b6e0ef42afc33843686c0;17;noreply@github.com;brecon@microsoft.com
HubConnection.java;MODIFY;1129;13.0;Grew;True;2022-09-15 22:03:26+00:00;False;203;88;10431;5b84d4cdd4a292acca5ed1b92440bb9f19100f5f;4;noreply@github.com;41898282+github-actions[bot]@users.noreply.github.com
HubConnection.java;MODIFY;1133;4.0;Grew;True;2023-01-23 20:00:46+00:00;False;203;88;10463;0e511783c72a88642cd8c6c5131dda387dc29b57;3;noreply@github.com;114938397+surayya-MS@users.noreply.github.com
HubConnection.java;MODIFY;1132;-1.0;Decreased;True;2023-01-24 00:09:57+00:00;False;203;88;10464;4b66d4052ac1ca25897eb18a5bc122917c5bd438;7;noreply@github.com;brecon@microsoft.com
HubConnection.java;MODIFY;1136;4.0;Grew;True;2023-03-02 17:13:55+00:00;False;204;88;10495;909c1152f26f28b3871573b8415fce6f02b0cd88;4;noreply@github.com;brecon@microsoft.com
HubConnection.java;MODIFY;1139;3.0;Grew;True;2023-06-21 19:24:52+00:00;False;205;88;10519;69203c4fdbf9497b655c9dc0dbf5b12af3428e9e;23;noreply@github.com;brecon@microsoft.com
