file_name;change_type;n_loc;lines_balance;size_change;is_large;date;swapped_classification;complexity;methods;tokens;hash;files_on_commit;committer_email;author_email
RendererTest.cs;RENAME;1568.0;0.0;Equal;False;2019-01-16 20:28:04+00:00;False;not calculated;0;not calculated;5a70f5312fb57fc3788e5af56a99e7b43761e195;640;noreply@github.com;natemcmaster@users.noreply.github.com
RendererTest.cs;MODIFY;1568.0;0.0;Equal;False;2019-01-17 16:39:00+00:00;False;103;73;11028;19b543e45f6840352989f0c794f4495cb7f2e31c;28;34246760+mkArtakMSFT@users.noreply.github.com;jacalvar@microsoft.com
RendererTest.cs;MODIFY;1564.0;-4.0;Decreased;False;2019-02-07 15:03:52+00:00;False;106;74;11124;f456e3d153039986e62d969b1c9d63aa301daf65;26;noreply@github.com;jacalvar@microsoft.com
RendererTest.cs;MODIFY;1566.0;2.0;Grew;False;2019-02-13 05:15:28+00:00;False;106;74;11136;9ab72f6202335ed513e0cbe84a968907e29aca99;2;noreply@github.com;HaoK@users.noreply.github.com
RendererTest.cs;MODIFY;1991.0;425.0;Grew;True;2019-02-13 22:22:46+00:00;True;119;85;13944;cddbc2e8885b9c1ff941ae9863afff04178cb44a;27;noreply@github.com;prkrishn@hotmail.com
RendererTest.cs;MODIFY;2878.0;887.0;Grew;True;2019-02-17 23:58:08+00:00;False;158;118;19720;98fe8a8328a0b41ac776a1ccdc71943de8093440;38;nowakra@gmail.com;nowakra@gmail.com
RendererTest.cs;MODIFY;2879.0;1.0;Grew;True;2019-02-27 12:28:07+00:00;False;158;118;19738;4fe429572022763508b3344d6a2c025c3fb6b9ca;1;noreply@github.com;jacalvar@microsoft.com
RendererTest.cs;MODIFY;2879.0;0.0;Equal;True;2019-02-28 18:36:07+00:00;False;158;118;19738;cb21edc5009b254388fc6da93d212f679087c326;46;noreply@github.com;nowakra@gmail.com
RendererTest.cs;MODIFY;2907.0;28.0;Grew;True;2019-03-04 16:44:42+00:00;False;160;120;19922;7111c8ffd761ac89437275fc4ed2938d8e465023;2;SteveSandersonMS@users.noreply.github.com;SteveSandersonMS@users.noreply.github.com
RendererTest.cs;MODIFY;2906.0;-1.0;Decreased;True;2019-03-27 21:26:13+00:00;False;160;120;19915;63a4b5c27ab98b592fbc3808efda5f6eaaaab959;15;noreply@github.com;SteveSandersonMS@users.noreply.github.com
RendererTest.cs;MODIFY;2927.0;21.0;Grew;True;2019-04-01 12:01:33+00:00;False;163;121;20008;7f4dd275511481feb2264ed7322c3b6f5d20d25c;10;noreply@github.com;SteveSandersonMS@users.noreply.github.com
RendererTest.cs;MODIFY;2986.0;59.0;Grew;True;2019-04-02 17:17:03+00:00;False;169;127;20318;8499a27c7f3a82a2b434e354f9392f42ad5c3978;101;noreply@github.com;jacalvar@microsoft.com
RendererTest.cs;MODIFY;2986.0;0.0;Equal;True;2019-05-21 23:39:06+00:00;False;169;127;20321;01a87989364dea1b18743a9fe3757eccc220b2ca;38;noreply@github.com;natemcmaster@users.noreply.github.com
RendererTest.cs;MODIFY;3007.0;21.0;Grew;True;2019-05-23 17:39:53+00:00;False;170;127;20472;2948c81aea2e5a947dc80fe4a62fa7150a9c6f94;7;noreply@github.com;nowakra@gmail.com
RendererTest.cs;MODIFY;3070.0;63.0;Grew;True;2019-05-29 00:17:50+00:00;False;174;130;20934;6ca30bbfc9075bc1285df9d8a1e8d81fa20d9f9e;30;noreply@github.com;nowakra@gmail.com
RendererTest.cs;MODIFY;3161.0;91.0;Grew;True;2019-06-24 22:15:33+00:00;False;180;133;21589;f162ba19618d45f2b2f47b5ca10d10e7fd7f6b82;28;noreply@github.com;SteveSandersonMS@users.noreply.github.com
RendererTest.cs;MODIFY;3160.0;-1.0;Decreased;True;2019-07-03 17:04:55+00:00;False;180;133;21583;9287301208fa472d8054d667816ba8e6a1e880c8;24;nowakra@gmail.com;nowakra@gmail.com
RendererTest.cs;MODIFY;3160.0;0.0;Equal;True;2019-07-03 17:04:55+00:00;False;180;133;21583;db0d065b76070e9071d107fccaa80f4d02af3d05;15;nowakra@gmail.com;nowakra@gmail.com
RendererTest.cs;MODIFY;3160.0;0.0;Equal;True;2019-07-04 01:04:01+00:00;False;180;133;21597;de911255936905b01e8accc43c426688150c63fd;10;nowakra@gmail.com;nowakra@gmail.com
RendererTest.cs;MODIFY;3161.0;1.0;Grew;True;2019-07-08 12:50:19+00:00;False;180;133;21610;6534bcff3280acf904f2ddfef48bdcead28a0e7e;29;noreply@github.com;SteveSandersonMS@users.noreply.github.com
RendererTest.cs;MODIFY;3161.0;0.0;Equal;True;2019-07-09 03:01:40+00:00;False;180;133;21631;69785904cf71b6510d83cf0011b07818072deefe;10;noreply@github.com;nowakra@gmail.com
RendererTest.cs;MODIFY;3162.0;1.0;Grew;True;2019-07-12 00:31:57+00:00;False;180;133;21661;a27b9fc335f60fc1360981bba96ae02693c18fc1;35;noreply@github.com;nowakra@gmail.com
RendererTest.cs;MODIFY;3162.0;0.0;Equal;True;2019-07-17 21:32:40+00:00;False;180;133;21662;47eb53492c473338494a7314b468b564401dd014;34;nimullen@microsoft.com;nimullen@microsoft.com
RendererTest.cs;MODIFY;3162.0;0.0;Equal;True;2019-07-18 03:36:23+00:00;False;180;133;21662;8ce68d04c1e46f192f30d28d308f0b77cda6ff50;31;nowakra@gmail.com;rynowak@microsoft.com
RendererTest.cs;MODIFY;3162.0;0.0;Equal;True;2019-07-18 16:53:07+00:00;False;180;133;21662;4e04b81415d28ced0cefff2b53bd3921b875ed30;27;noreply@github.com;SteveSandersonMS@users.noreply.github.com
RendererTest.cs;MODIFY;3162.0;0.0;Equal;True;2019-07-18 22:34:50+00:00;False;180;133;21662;771989b71dbfcdfed4093a5087948fbe87445bd6;88;noreply@github.com;42748379+dotnet-maestro[bot]@users.noreply.github.com
RendererTest.cs;MODIFY;3165.0;3.0;Grew;True;2019-07-21 21:28:41+00:00;False;180;133;21669;f00a6e9c50232e27fbe03c4c5b4ab46121cf891d;26;nowakra@gmail.com;nowakra@gmail.com
RendererTest.cs;MODIFY;3184.0;19.0;Grew;True;2019-07-22 17:14:30+00:00;False;181;134;21795;c918d72f3669e5e375776ea17b8866132c3350b3;4;noreply@github.com;jacalvar@microsoft.com
RendererTest.cs;MODIFY;3184.0;0.0;Equal;True;2019-07-25 16:45:26+00:00;False;181;134;21832;6526022f6c72eb98e9afb7dd77672c4340f00312;21;nowakra@gmail.com;rynowak@microsoft.com
RendererTest.cs;MODIFY;3184.0;0.0;Equal;True;2019-07-26 16:46:47+00:00;False;181;134;21832;bfd4305fd829947790160ea4e7f1c886f1315e35;52;noreply@github.com;nowakra@gmail.com
RendererTest.cs;MODIFY;3184.0;0.0;Equal;True;2019-07-30 05:40:28+00:00;False;181;134;21832;bef01f3e9a0910aaa3d32ed598970264218f4c68;33;nowakra@gmail.com;rynowak@microsoft.com
RendererTest.cs;MODIFY;3212.0;28.0;Grew;True;2019-08-06 21:40:02+00:00;False;183;136;21966;08349aba69784daae1c860e7dbefe1c0a3696f2e;2;noreply@github.com;SteveSandersonMS@users.noreply.github.com
RendererTest.cs;MODIFY;3417.0;205.0;Grew;True;2019-08-11 17:49:14+00:00;False;196;146;23491;18f5ec71edb385636ef25ff6269bca03ed40f0f6;27;nowakra@gmail.com;rynowak@microsoft.com
RendererTest.cs;MODIFY;3417.0;0.0;Equal;True;2019-08-13 01:35:39+00:00;False;196;146;23493;1f4341a2485085b5b5e4d326bb2b6bafa9c5ae94;12;nowakra@gmail.com;nowakra@gmail.com
RendererTest.cs;MODIFY;3435.0;18.0;Grew;True;2019-08-13 19:51:39+00:00;False;198;148;23604;e8917fc92f0f042203777c73ab6e2367bb5ab0ca;4;jacalvar@microsoft.com;SteveSandersonMS@users.noreply.github.com
RendererTest.cs;MODIFY;3435.0;0.0;Equal;True;2019-08-14 11:01:53+00:00;False;198;148;23604;74c09470c61e09896e56a43c0bfcb051200f22e0;12;noreply@github.com;jacalvar@microsoft.com
RendererTest.cs;MODIFY;3434.0;-1.0;Decreased;True;2019-08-16 00:03:19+00:00;False;198;148;23595;829f893f290306116bf7d0879f4b2f16400cecfe;242;jukotali@microsoft.com;jukotali@microsoft.com
RendererTest.cs;MODIFY;3435.0;1.0;Grew;True;2019-08-17 00:53:55+00:00;False;198;148;23600;5bc79e84498e2159ecc2e5c0430f69653d723ae6;5;noreply@github.com;prkrishn@hotmail.com
RendererTest.cs;MODIFY;3434.0;-1.0;Decreased;True;2019-09-18 19:15:49+00:00;False;198;148;23591;4a7bf75e89e3dfe7264a641ed041f50788d28d20;655;noreply@github.com;42748379+dotnet-maestro[bot]@users.noreply.github.com
RendererTest.cs;MODIFY;3434.0;0.0;Equal;True;2019-09-19 17:11:28+00:00;False;198;148;23591;c74e9efd0e6ea5b4d6737d23b92042772a50a249;36;prkrishn@hotmail.com;47532258+adrianwright109@users.noreply.github.com
RendererTest.cs;MODIFY;3466.0;32.0;Grew;True;2019-10-01 21:50:25+00:00;False;201;151;23795;d59baa8a247e868bc95af899d5a7ef698760549f;10;34246760+mkArtakMSFT@users.noreply.github.com;SteveSandersonMS@users.noreply.github.com
RendererTest.cs;MODIFY;3459.0;-7.0;Decreased;True;2019-10-01 21:50:25+00:00;False;201;151;23726;206f793fb5646eb4afa9029a26cc40790dcb4d1f;2;34246760+mkArtakMSFT@users.noreply.github.com;SteveSandersonMS@users.noreply.github.com
RendererTest.cs;MODIFY;3468.0;9.0;Grew;True;2019-10-01 21:50:25+00:00;False;201;151;23873;c2a45b4fd6fb48dae486bf7d89c133765001d7a1;1;34246760+mkArtakMSFT@users.noreply.github.com;SteveSandersonMS@users.noreply.github.com
RendererTest.cs;MODIFY;3468.0;0.0;Equal;True;2019-10-01 21:50:25+00:00;False;201;151;23873;e6656a68ab581c63a2a878738b954a9c271e7aff;1;34246760+mkArtakMSFT@users.noreply.github.com;SteveSandersonMS@users.noreply.github.com
RendererTest.cs;MODIFY;3468.0;0.0;Equal;True;2020-01-09 00:40:11+00:00;False;201;151;23873;d6d7ffd90125969f234b1a5880ead767c3806a97;6;me@pilchie.com;me@pilchie.com
RendererTest.cs;MODIFY;3468.0;0.0;Equal;True;2020-01-09 00:40:11+00:00;False;201;151;23873;0517745c08d1bc85009f1ca41a41d77176eeea60;139;me@pilchie.com;me@pilchie.com
RendererTest.cs;DELETE;not calculated;0.0;Equal;False;2020-02-04 01:49:41+00:00;True;not calculated;0;not calculated;f54902f16973fa3f29cd782ff19ac4abe6df2c45;1099;prkrishn@hotmail.com;prkrishn@hotmail.com
RendererTest.cs;MODIFY;3467.0;0.0;Equal;True;2020-04-04 20:02:22+00:00;True;201;151;23867;cc79bcc67b2399bbfbdd33754de1876cf7c8ba1d;4;noreply@github.com;HaoK@users.noreply.github.com
RendererTest.cs;MODIFY;3499.0;32.0;Grew;True;2020-07-07 18:27:21+00:00;False;204;154;24104;0ec15ea01d20597d1c8cea7f8df51d26a07d5f87;4;SteveSandersonMS@users.noreply.github.com;SteveSandersonMS@users.noreply.github.com
RendererTest.cs;MODIFY;3488.0;-11.0;Decreased;True;2020-07-07 18:27:21+00:00;False;203;153;24019;53588b45dc074965063efa452a8586ab731494cc;12;SteveSandersonMS@users.noreply.github.com;SteveSandersonMS@users.noreply.github.com
RendererTest.cs;MODIFY;3687.0;199.0;Grew;True;2020-07-16 11:21:56+00:00;False;219;162;25558;763ccb21b53f281fdb0ae4c894d9040b7b6223a3;7;noreply@github.com;jacalvar@microsoft.com
RendererTest.cs;MODIFY;3687.0;0.0;Equal;True;2020-07-16 16:21:30+00:00;False;219;162;25558;2c66f9ee64553afc01f4839c169cee297b6376ed;9;adrian@compiledcoding.co.uk;adrian@compiledcoding.co.uk
RendererTest.cs;MODIFY;3699.0;12.0;Grew;True;2020-08-07 15:41:08+00:00;False;220;163;25642;8ba7c7b457511e42bdd903ed3b3a31b12b07b7cb;4;noreply@github.com;SteveSandersonMS@users.noreply.github.com
RendererTest.cs;MODIFY;3744.0;45.0;Grew;True;2020-10-13 20:50:54+00:00;False;222;165;26002;901bf9ba4395085f371562ef02b0c39d7f2026ba;5;noreply@github.com;jacalvar@microsoft.com
RendererTest.cs;MODIFY;3700.0;-44.0;Decreased;True;2020-10-15 16:14:53+00:00;False;220;163;25650;8a81194f372fa6fe63ded2d932d379955854d080;409;noreply@github.com;prkrishn@hotmail.com
RendererTest.cs;MODIFY;3819.0;119.0;Grew;True;2021-02-18 22:46:30+00:00;False;227;169;26493;d97be901b5e0917546a7aba4d52ada7862a058e0;32;noreply@github.com;SteveSandersonMS@users.noreply.github.com
RendererTest.cs;MODIFY;4076.0;257.0;Grew;True;2021-04-08 18:33:06+00:00;False;248;180;28497;3a3aea8f8ccb2fab0c0f4804ddc008c2d50c727e;29;noreply@github.com;SteveSandersonMS@users.noreply.github.com
RendererTest.cs;MODIFY;4076.0;0.0;Equal;True;2021-07-09 18:21:45+00:00;False;248;180;28499;10beca5a9847902daad02198167d27964ac94cb2;388;noreply@github.com;prkrishn@hotmail.com
RendererTest.cs;MODIFY;4263.0;187.0;Grew;True;2021-07-13 12:00:20+00:00;False;258;188;29948;a017f744d3348664d7e84c8fa4e99396d865f285;6;noreply@github.com;SteveSandersonMS@users.noreply.github.com
RendererTest.cs;MODIFY;4263.0;0.0;Equal;True;2021-07-22 22:54:29+00:00;False;258;188;29948;9da42b9fab4c61fe46627ac0c6877905ec845d5a;9050;kevinpi@microsoft.com;kevinpi@microsoft.com
RendererTest.cs;MODIFY;4283.0;20.0;Grew;True;2021-07-26 15:48:10+00:00;False;259;189;30070;78dc302266999fb2aa89b19aaefefb8de9e47218;21;noreply@github.com;SteveSandersonMS@users.noreply.github.com
RendererTest.cs;MODIFY;4323.0;40.0;Grew;True;2021-08-10 11:55:03+00:00;False;261;191;30246;d937177e6b3dad81dc9e46af10157a1d15364c1a;2;noreply@github.com;SteveSandersonMS@users.noreply.github.com
RendererTest.cs;MODIFY;4359.0;36.0;Grew;True;2021-10-27 23:34:50+00:00;False;263;193;30474;197a3d1881fc740f3a9f17b3043c6dacb5477199;12;noreply@github.com;prkrishn@hotmail.com
RendererTest.cs;MODIFY;4357.0;-2.0;Decreased;True;2021-11-06 00:52:08+00:00;False;263;193;30473;a450cb69b5e4549f5515cdb057a68771f56cefd7;9257;noreply@github.com;prkrishn@hotmail.com
RendererTest.cs;MODIFY;4357.0;0.0;Equal;True;2021-12-23 06:35:24+00:00;False;263;193;30473;c65dac77cf6540c81860a42fff41eb11b9804367;444;noreply@github.com;prkrishn@hotmail.com
RendererTest.cs;MODIFY;4351.0;-6.0;Decreased;True;2022-01-02 14:39:22+00:00;False;263;193;30443;c85baf8db0c72ae8e68643029d514b2e737c9fae;4869;noreply@github.com;shreyasjejurkar123@live.com
RendererTest.cs;MODIFY;4351.0;0.0;Equal;True;2022-01-29 00:32:39+00:00;False;263;193;30339;123d9b57c481912029ef79e2b92cf608bbef4384;59;noreply@github.com;martin@martincostello.com
RendererTest.cs;MODIFY;4505.0;154.0;Grew;True;2022-06-22 15:47:16+00:00;False;275;198;31328;88cf8f475134e0eb6bf0384c697cbbd44e390d21;4;noreply@github.com;jacalvar@microsoft.com
RendererTest.cs;MODIFY;4473.0;-32.0;Decreased;True;2023-01-12 21:17:14+00:00;False;271;197;31101;d10938c8e71db3228ba7832963b0c6f5e8a173c4;4;noreply@github.com;jacalvar@microsoft.com
RendererTest.cs;MODIFY;4493.0;20.0;Grew;True;2023-01-21 00:27:26+00:00;False;273;199;31221;9ec0753f61b7d80fd989e6e1d30f356cf85e1d37;7;noreply@github.com;nickstanton@microsoft.com
RendererTest.cs;MODIFY;4537.0;44.0;Grew;True;2023-02-22 21:40:05+00:00;False;278;203;31459;33e7a9a111742c8b06924383baba5c448d7f8af8;24;noreply@github.com;mackinnon.buck@gmail.com
RendererTest.cs;MODIFY;4747.0;210.0;Grew;True;2023-04-24 15:55:28+00:00;False;284;209;32958;442d656e920d6122c16d703c56df3b4aa0a4ee22;55;noreply@github.com;jacalvar@microsoft.com
RendererTest.cs;MODIFY;4810.0;63.0;Grew;True;2023-05-16 12:40:12+00:00;False;287;212;33353;ec9a2d83b54ee370a2ae75c632d5f442d09ba482;45;noreply@github.com;SteveSandersonMS@users.noreply.github.com
RendererTest.cs;MODIFY;4808.0;-2.0;Decreased;True;2023-05-24 15:20:13+00:00;False;287;212;33305;7e3dcf76b2d232218718ac8dea412c70ae05d9ef;5;noreply@github.com;SteveSandersonMS@users.noreply.github.com
RendererTest.cs;MODIFY;4840.0;32.0;Grew;True;2023-06-29 14:17:07+00:00;False;289;214;33540;8564dfe31d9aa962b6067deaf0031c8eef9bc8cc;23;noreply@github.com;SteveSandersonMS@users.noreply.github.com
RendererTest.cs;MODIFY;4648.0;-192.0;Decreased;True;2023-07-12 16:51:47+00:00;False;283;208;31981;c8caba5522b7784664314a3f96c9e99aa4954b09;38;noreply@github.com;SteveSandersonMS@users.noreply.github.com
RendererTest.cs;MODIFY;4648.0;0.0;Equal;True;2023-08-14 12:11:48+00:00;False;283;208;31981;60f9708f8dca9bfa0177b8ca391af17730250af8;3;noreply@github.com;stoub@microsoft.com
RendererTest.cs;MODIFY;4648.0;0.0;Equal;True;2023-08-23 20:43:42+00:00;False;283;208;31977;1f7f7381ad80069b549d4365c9cc48964cba98ef;55;noreply@github.com;SteveSandersonMS@users.noreply.github.com
RendererTest.cs;MODIFY;4648.0;0.0;Equal;True;2023-08-28 22:59:49+00:00;False;283;208;31977;9402bfac90a695bb732dff17ba624801076df77f;131;noreply@github.com;dotnet-maestro-bot@microsoft.com
RendererTest.cs;MODIFY;4648.0;0.0;Equal;True;2023-08-29 19:20:49+00:00;False;283;208;31981;9fff89219d6706f955e61ca35d4c620f20546754;131;mackinnon.buck@gmail.com;mackinnon.buck@gmail.com
RendererTest.cs;MODIFY;4648.0;0.0;Equal;True;2023-11-02 00:15:44+00:00;False;283;208;31977;fc8decab6ac53d05adb19093ddce83ef1b5f1c31;776;noreply@github.com;wigodbe@microsoft.com
RendererTest.cs;MODIFY;4690.0;42.0;Grew;True;2023-11-15 09:19:22+00:00;False;284;209;32301;77685932e959ef222707a8d53df7ad09eb33a398;6;noreply@github.com;wigodbe@microsoft.com
RendererTest.cs;MODIFY;4690.0;0.0;Equal;True;2024-08-23 17:27:53+00:00;False;284;209;32289;92097249f384278f5b0f5309757e5f7fff4eb917;270;noreply@github.com;alex.koeplinger@outlook.com
