file_name;change_type;n_loc;lines_balance;size_change;is_large;date;swapped_classification;complexity;methods;tokens;hash;files_on_commit;committer_email;author_email
RequestTests.cs;RENAME;987;0.0;Equal;False;2018-11-15 00:03:24+00:00;False;not calculated;0;not calculated;406c80bfb07072477005bb6ae017345e9be2cf95;603;nate.mcmaster@microsoft.com;nate.mcmaster@microsoft.com
RequestTests.cs;MODIFY;987;0.0;Equal;False;2018-12-30 05:36:30+00:00;False;41;25;4955;010c1f0c9f22fba3f6a0e82461fa7553e9114b44;25;noreply@github.com;davidfowl@gmail.com
RequestTests.cs;MODIFY;990;3.0;Grew;False;2019-01-19 02:30:54+00:00;False;41;25;4976;8c06f04d50a775805c574d250e11e636e34a0196;25;noreply@github.com;jt.luo@mail.utoronto.ca
RequestTests.cs;MODIFY;989;-1.0;Decreased;False;2019-02-07 19:56:10+00:00;False;41;25;4968;9c41d5b48f4decd95dd51675deea4d8143924353;2;noreply@github.com;halter73@gmail.com
RequestTests.cs;MODIFY;1033;44.0;Grew;False;2019-02-09 01:24:26+00:00;False;45;27;5242;35b99e44cef7a4ca9bb2775bef36159532e32b21;55;noreply@github.com;jukotali@microsoft.com
RequestTests.cs;MODIFY;1087;54.0;Grew;False;2019-02-16 00:05:49+00:00;False;46;29;5594;93a24b03bbda1aa0ab9b553a50b70dd36d554934;20;noreply@github.com;Tratcher@Outlook.com
RequestTests.cs;MODIFY;1273;186.0;Grew;False;2019-02-22 16:26:23+00:00;False;51;34;6572;57092e96ac4a45b143bd6edd631923896fe12a56;33;noreply@github.com;jukotali@microsoft.com
RequestTests.cs;MODIFY;1273;0.0;Equal;False;2019-03-06 15:33:24+00:00;False;51;34;6572;4c79e7fdc017be6ec578f2098168d2646d1cd48d;30;noreply@github.com;davidfowl@gmail.com
RequestTests.cs;MODIFY;1416;143.0;Grew;False;2019-03-19 15:25:57+00:00;False;56;38;7377;26c487b0c0d55ac73493547126a65a745cf95abf;3;noreply@github.com;jukotali@microsoft.com
RequestTests.cs;MODIFY;1380;-36.0;Decreased;False;2019-04-04 17:07:03+00:00;False;56;38;7163;4f1104363ead1edecd0c5580533c487a450bf97c;24;noreply@github.com;davidfowl@gmail.com
RequestTests.cs;MODIFY;1382;2.0;Grew;False;2019-04-09 21:37:06+00:00;False;56;38;7190;3e056db750d562826473f476e4f9b02ad76ffdd3;8;noreply@github.com;jukotali@microsoft.com
RequestTests.cs;MODIFY;1361;-21.0;Decreased;False;2019-06-01 01:38:25+00:00;False;54;37;7053;a96642f6fda45710cd1601d9370322d557f26fe4;44;jukotali@microsoft.com;andrew@stanton-nurse.com
RequestTests.cs;MODIFY;1363;2.0;Grew;False;2019-06-13 17:30:23+00:00;False;54;37;7072;b0be780f1b98db4c7d468f5167b6a439abf2f1b5;13;noreply@github.com;davidfowl@gmail.com
RequestTests.cs;MODIFY;1398;35.0;Grew;False;2019-06-25 22:34:08+00:00;False;55;38;7266;73a2603aa68a0e039ce6826db9e392e620a199d1;7;noreply@github.com;jukotali@microsoft.com
RequestTests.cs;MODIFY;1397;-1.0;Decreased;False;2019-08-16 00:03:19+00:00;False;55;38;7257;829f893f290306116bf7d0879f4b2f16400cecfe;242;jukotali@microsoft.com;jukotali@microsoft.com
RequestTests.cs;MODIFY;1397;0.0;Equal;False;2019-09-18 19:15:49+00:00;False;55;38;7257;4a7bf75e89e3dfe7264a641ed041f50788d28d20;655;noreply@github.com;42748379+dotnet-maestro[bot]@users.noreply.github.com
RequestTests.cs;MODIFY;1427;30.0;Grew;False;2019-11-04 18:47:38+00:00;False;57;39;7390;e3b971a75e2512d267605aa190122b874d9d948d;6;noreply@github.com;halter73@gmail.com
RequestTests.cs;MODIFY;1427;0.0;Equal;False;2020-01-23 20:21:06+00:00;False;57;39;7390;91d17f6c2dfcd4bd296a447faffc0893cdad4e9e;35;noreply@github.com;kevinpi@microsoft.com
RequestTests.cs;MODIFY;1479;52.0;Grew;False;2020-02-14 17:32:36+00:00;False;59;41;7592;7fa6d1964444b990890c18f32c0345094ff5b76f;17;noreply@github.com;halter73@gmail.com
RequestTests.cs;MODIFY;1508;29.0;Grew;False;2020-02-14 17:38:31+00:00;False;60;42;7689;439f4af49c9eaf5ad4dffeb8aff2e720297fd854;3;noreply@github.com;halter73@gmail.com
RequestTests.cs;MODIFY;1507;-1.0;Decreased;False;2020-02-28 19:02:58+00:00;False;60;42;7679;e65408a36c2fdbcf1b82eda0afc18828396c2426;21;noreply@github.com;andrew@stanton-nurse.com
RequestTests.cs;MODIFY;1508;1.0;Grew;False;2020-03-04 19:27:55+00:00;False;60;42;7682;3b4be4f51a39cd008cfc5c2eb0ef9854f9bcd649;9;noreply@github.com;andrew@stanton-nurse.com
RequestTests.cs;MODIFY;1556;48.0;Grew;False;2020-03-05 18:42:26+00:00;False;61;43;7866;f37a7509121e1ddb8e517a2e255b7c3bf3780174;1;noreply@github.com;james@newtonking.com
RequestTests.cs;MODIFY;1756;200.0;Grew;False;2020-04-03 00:26:22+00:00;False;68;50;9042;f17520c6f0ed7963f1af722f809163219b773b16;2;noreply@github.com;thundercat@illyriad.co.uk
RequestTests.cs;MODIFY;1757;1.0;Grew;False;2020-04-22 22:34:23+00:00;False;68;50;9045;f7c26b3130687e55b962a8954076b09da3ff1fe3;1;noreply@github.com;brecon@microsoft.com
RequestTests.cs;MODIFY;1756;-1.0;Decreased;False;2020-06-15 19:15:54+00:00;False;68;50;9042;dc472b737eb0b2c289e3ac82a898885d81eebc4e;5;noreply@github.com;sebastienros@gmail.com
RequestTests.cs;MODIFY;1755;-1.0;Decreased;False;2020-06-16 00:35:19+00:00;False;68;50;8999;49aecc3efe0f38572c4aa4e9c8fda5fb1d8765c1;71;noreply@github.com;brecon@microsoft.com
RequestTests.cs;MODIFY;1754;-1.0;Decreased;False;2020-06-23 00:54:52+00:00;False;68;50;8996;26cc3b43a2f5723e171dc9ebc828420147da76b1;16;noreply@github.com;TanayParikh@users.noreply.github.com
RequestTests.cs;MODIFY;1785;31.0;Grew;True;2020-06-27 02:49:35+00:00;True;69;51;9150;b446ab7c6f28bb10879bd355afe08bbf283c7de3;20;noreply@github.com;halter73@gmail.com
RequestTests.cs;MODIFY;1785;0.0;Equal;True;2020-07-02 20:23:40+00:00;False;69;51;9153;aedcfbd5c0350ad7dd1e882cafbaf692b979b2e8;1;noreply@github.com;brecon@microsoft.com
RequestTests.cs;MODIFY;1801;16.0;Grew;True;2020-07-06 16:48:07+00:00;False;72;51;9296;a57a80fcfbdbc5e428f341994ed71ca97c9c5624;1;noreply@github.com;halter73@gmail.com
RequestTests.cs;MODIFY;1799;-2.0;Decreased;True;2020-08-05 21:48:53+00:00;False;72;51;9284;b2c7d514c928d572dcab58f4670578c7e40ddfbe;35;noreply@github.com;A.Kahbazi@gmail.com
RequestTests.cs;MODIFY;1800;1.0;Grew;True;2020-08-24 06:38:40+00:00;False;72;51;9295;11bae8a112381d4c00508c176cc3cf5ab6798c18;26;noreply@github.com;Tratcher@Outlook.com
RequestTests.cs;MODIFY;1800;0.0;Equal;True;2020-10-28 20:45:18+00:00;False;72;51;9293;5806c554c4964f0f00418b438fa4a9ce8c7f5225;12;noreply@github.com;brecon@microsoft.com
RequestTests.cs;MODIFY;1831;31.0;Grew;True;2021-04-05 21:48:10+00:00;False;73;52;9411;b9733f461862cff5da17df08af208c1d3e8fc1a9;2;noreply@github.com;halter73@gmail.com
RequestTests.cs;MODIFY;1831;0.0;Equal;True;2021-04-07 23:06:11+00:00;False;73;52;9413;9facd9b193be1e4f83a677bece2225e6602c2657;2;noreply@github.com;halter73@gmail.com
RequestTests.cs;MODIFY;1539;-292.0;Decreased;False;2021-04-07 23:06:50+00:00;True;61;43;7807;5e41934dec53818ef8cb10ff3b0a25933969dc8e;2;noreply@github.com;halter73@gmail.com
RequestTests.cs;MODIFY;1831;292.0;Grew;True;2021-06-30 04:14:33+00:00;True;73;52;9411;451799284a7ebd05752636f4adc7f0ac7866db19;22;noreply@github.com;thundercat@illyriad.co.uk
RequestTests.cs;MODIFY;1885;54.0;Grew;True;2021-07-20 05:56:02+00:00;False;75;53;9628;093dd618dacd31ebab1771ad6433f16331a892ce;26;noreply@github.com;james@newtonking.com
RequestTests.cs;MODIFY;1885;0.0;Equal;True;2021-07-22 22:54:29+00:00;False;75;53;9628;9da42b9fab4c61fe46627ac0c6877905ec845d5a;9050;kevinpi@microsoft.com;kevinpi@microsoft.com
RequestTests.cs;MODIFY;1883;-2.0;Decreased;True;2021-07-30 23:39:37+00:00;False;75;53;9598;179caa38a9b0fde1bf8fc33e863048503caea66e;7;noreply@github.com;james@newtonking.com
RequestTests.cs;MODIFY;1884;1.0;Grew;True;2021-08-03 18:36:37+00:00;False;75;53;9604;f3cc39fff95c51f5af8640bc9f267c13e8325086;1;noreply@github.com;TanayParikh@users.noreply.github.com
RequestTests.cs;MODIFY;1887;3.0;Grew;True;2021-08-03 20:29:49+00:00;False;75;53;9623;ffb7e51fd33e885fae3285f8d3c7b7971297243a;9;noreply@github.com;halter73@gmail.com
RequestTests.cs;MODIFY;1887;0.0;Equal;True;2021-08-04 00:25:52+00:00;False;75;53;9623;32d17071856629fe06709f619c5e4d9c6e57b4cb;9;noreply@github.com;james@newtonking.com
RequestTests.cs;MODIFY;1886;-1.0;Decreased;True;2021-09-04 04:05:56+00:00;False;75;53;9617;39b54a3785bc69acb521cb0e96421074b19ea9e5;5;noreply@github.com;sebastienros@gmail.com
RequestTests.cs;MODIFY;1884;-2.0;Decreased;True;2021-11-06 00:52:08+00:00;False;75;53;9616;a450cb69b5e4549f5515cdb057a68771f56cefd7;9257;noreply@github.com;prkrishn@hotmail.com
RequestTests.cs;MODIFY;1916;32.0;Grew;True;2021-12-16 17:12:43+00:00;False;76;54;9772;df0c9f5e7482a38878b52f65e969d6fc35c9a908;2;noreply@github.com;sebastienros@gmail.com
RequestTests.cs;MODIFY;1916;0.0;Equal;True;2021-12-23 06:35:24+00:00;False;76;54;9772;c65dac77cf6540c81860a42fff41eb11b9804367;444;noreply@github.com;prkrishn@hotmail.com
RequestTests.cs;MODIFY;1916;0.0;Equal;True;2022-01-27 16:02:32+00:00;False;76;54;9772;de3019b7dab5b5995942db1fbec6aa466c4af34c;393;noreply@github.com;prkrishn@hotmail.com
RequestTests.cs;MODIFY;1941;25.0;Grew;True;2022-08-15 23:10:23+00:00;False;77;55;10005;6d90a04c73636919ecdfa59e53d5f4b794031c8c;6;noreply@github.com;davidfowl@gmail.com
RequestTests.cs;MODIFY;1975;34.0;Grew;True;2022-08-19 23:50:44+00:00;False;81;56;10245;a81d189cb27f292a9290876e17112f33862a8cf5;8;noreply@github.com;sebastienros@gmail.com
RequestTests.cs;MODIFY;1980;5.0;Grew;True;2022-10-13 20:07:49+00:00;False;82;56;10283;4faa84c9ddf8c9e9cc9e5b43ca15f090037c4b68;1;noreply@github.com;brecon@microsoft.com
RequestTests.cs;MODIFY;1979;-1.0;Decreased;True;2023-05-19 17:32:06+00:00;False;82;56;10270;7c89649e1a4d5ab3a08ee317a8faeb81d59def57;100;noreply@github.com;Tratcher@Outlook.com
RequestTests.cs;MODIFY;1973;-6.0;Decreased;True;2023-10-05 06:32:15+00:00;False;82;56;10242;933bc8447e10e3e4a327e8ac1c598935ddd294ae;41;noreply@github.com;Tratcher@Outlook.com
RequestTests.cs;MODIFY;1973;0.0;Equal;True;2023-11-02 00:15:44+00:00;False;82;56;10242;fc8decab6ac53d05adb19093ddce83ef1b5f1c31;776;noreply@github.com;wigodbe@microsoft.com
RequestTests.cs;MODIFY;2003;30.0;Grew;True;2024-07-22 02:34:10+00:00;False;83;57;10516;4cf89470a7866a963d7118bb1ba90dc35683965c;77;noreply@github.com;james@newtonking.com
RequestTests.cs;MODIFY;2003;0.0;Equal;True;2024-08-23 17:27:53+00:00;False;83;57;10513;92097249f384278f5b0f5309757e5f7fff4eb917;270;noreply@github.com;alex.koeplinger@outlook.com
