|File Name|Change Type|Local File PATH Old|Local File PATH New|Complexity|Methods|Tokens|Lines Of Code (nloc)|Lines Added|Lines Deleted
0|cgroup.h|MODIFY|include/linux/cgroup.h|include/linux/cgroup.h|67|50|1827|284|6|0
