file_name;change_type;n_loc;lines_balance;size_change;is_large;date;swapped_classification;complexity;methods;tokens;hash;files_on_commit;committer_email;author_email
dcadata.c;ADD;7570;0.0;Equal;True;2015-02-15 21:34:04+00:00;True;not calculated;0;148424;3a651f599a18b023602370b67a77eb0efa309b20;4;diego@biurrun.de;diego@biurrun.de
dcadata.c;MODIFY;7641;71.0;Grew;True;2015-02-20 10:11:33+00:00;False;not calculated;0;148645;588361dd26602c6327fc87c89eddcf78b5f5b16e;3;michaelni@gmx.at;michaelni@gmx.at
dcadata.c;MODIFY;7570;-71.0;Decreased;True;2015-03-12 12:28:42+00:00;False;not calculated;0;148424;78c892284150e12f6b08b287bdf7e62307c6985f;1;diego@biurrun.de;nisse@lysator.liu.se
dcadata.c;MODIFY;8182;612.0;Grew;True;2015-03-15 13:51:36+00:00;False;not calculated;0;156935;217e4ff4d1f845b76e44634e29371cd09313d1c2;10;diego@biurrun.de;nisse@lysator.liu.se
dcadata.c;MODIFY;8169;-13.0;Decreased;True;2015-12-24 12:58:18+00:00;False;not calculated;0;156653;2008f76054906e9ff6bf744800af0e5a5bfe61be;12;janne-libav@jannau.net;alexandra.khirnova@gmail.com
dcadata.c;MODIFY;8240;71.0;Grew;True;2016-01-02 18:06:40+00:00;False;not calculated;0;156874;b95cba7b3c829e4efd9621f7425af0e0f8ad70d4;2;h.leppkes@gmail.com;h.leppkes@gmail.com
dcadata.c;MODIFY;8056;-184.0;Decreased;True;2016-01-31 16:09:38+00:00;False;not calculated;0;154060;46089967722f74e794865a044f5f682f26628802;29;h.leppkes@gmail.com;foobaz86@gmail.com
dcadata.c;MODIFY;8664;608.0;Grew;True;2016-01-31 16:09:38+00:00;False;not calculated;0;160272;9a0a3bbeaaf498061c357755443beab16b25c4f5;2;h.leppkes@gmail.com;foobaz86@gmail.com
dcadata.c;MODIFY;8625;-39.0;Decreased;True;2016-05-01 03:13:41+00:00;False;not calculated;0;159415;b286ff69c03e648453fd161f8ff1c4fcce396fa8;4;jamrial@gmail.com;foobaz86@gmail.com
dcadata.c;MODIFY;8617;-8.0;Decreased;True;2016-05-01 19:50:29+00:00;False;not calculated;0;159279;2df7d4fa4524b6f83c65428d75192267a2d0c113;8;jamrial@gmail.com;foobaz86@gmail.com
dcadata.c;MODIFY;8169;-448.0;Decreased;True;2016-05-04 16:16:21+00:00;False;not calculated;0;156653;41ed7ab45fc693f7d7fc35664c0233f4c32d69bb;361;diego@biurrun.de;vittorio.giovara@gmail.com
dcadata.c;MODIFY;9053;884.0;Grew;True;2016-05-10 23:33:28+00:00;False;not calculated;0;167247;6c44696b3d504eb87d60915919074da530cd379f;12;jamrial@gmail.com;foobaz86@gmail.com
dcadata.c;MODIFY;9054;1.0;Grew;True;2016-05-11 14:34:57+00:00;False;not calculated;0;167248;27506aceda8115f82f89691a4441d62a8cf24a6e;2;h.leppkes@gmail.com;h.leppkes@gmail.com
dcadata.c;MODIFY;9057;3.0;Grew;True;2016-05-21 02:12:37+00:00;False;not calculated;0;167289;64fe1eebddbbf705d0c25d000c102bfca5558682;3;jamrial@gmail.com;foobaz86@gmail.com
dcadata.c;MODIFY;9050;-7.0;Decreased;True;2016-05-26 16:32:48+00:00;False;not calculated;0;167206;a0f76b825c8105acb4428ea60146687e90cfdc83;7;jamrial@gmail.com;foobaz86@gmail.com
dcadata.c;MODIFY;9056;6.0;Grew;True;2017-01-15 18:17:12+00:00;False;not calculated;0;167264;c2500d62c68a1e4c929cd5096f6617b56268d4e8;9;atomnuker@gmail.com;dan.cherednik@gmail.com
dcadata.c;MODIFY;9056;0.0;Equal;True;2017-05-08 04:56:14+00:00;False;not calculated;0;167264;b8c2b9c39279171f647d9c81f34ffa3d3ae93c47;10;atomnuker@gmail.com;dan.cherednik@gmail.com
dcadata.c;MODIFY;9053;-3.0;Decreased;True;2017-07-19 00:04:55+00:00;False;not calculated;0;167239;9e37cc11012f23e39b63032b5daac03621340a4f;4;jamrial@gmail.com;foobaz86@gmail.com
dcadata.c;MODIFY;9053;0.0;Equal;True;2021-01-01 13:14:57+00:00;False;not calculated;0;167239;e15371061d23457554d241a80dc471515ac13ad4;144;anton@khirnov.net;anton@khirnov.net
