file_name;change_type;n_loc;lines_balance;size_change;is_large;date;swapped_classification;complexity;methods;tokens;hash;files_on_commit;committer_email;author_email
h264qpel_msa.c;ADD;2930;0.0;Equal;False;2015-06-13 00:21:55+00:00;False;228;149;26849;178ba1fd03c85835a70ec5b365d62ec6582da97f;7;michaelni@gmx.at;shivraj.patil@imgtec.com
h264qpel_msa.c;MODIFY;2935;5.0;Grew;False;2017-09-08 11:48:40+00:00;False;228;149;26904;9b2c3c406fdd2393408847a6180b451c46d417db;3;michael@niedermayer.cc;kaustubh.raste@imgtec.com
h264qpel_msa.c;MODIFY;2990;55.0;Grew;False;2017-09-15 20:19:07+00:00;False;228;149;27723;0105ed551cb9610c62b6920a301125781e1161a0;1;michael@niedermayer.cc;kaustubh.raste@imgtec.com
h264qpel_msa.c;MODIFY;3252;262.0;Grew;False;2017-09-21 01:02:24+00:00;False;230;149;31467;b5da07d4340a8e8e40dcd1900977a76ff31fbb84;1;michael@niedermayer.cc;kaustubh.raste@imgtec.com
h264qpel_msa.c;MODIFY;3633;381.0;Grew;False;2017-09-27 19:15:57+00:00;False;233;149;36267;6796a1dd8c14843b77925cb83a3ef88706ae1dd0;1;michael@niedermayer.cc;kaustubh.raste@imgtec.com
h264qpel_msa.c;MODIFY;2989;-644.0;Decreased;False;2017-10-06 00:42:49+00:00;False;184;134;29593;51ebce7d7d614b15a9f27c67e419b4e2859335d7;3;michael@niedermayer.cc;kaustubh.raste@imgtec.com
h264qpel_msa.c;MODIFY;3318;329.0;Grew;False;2017-10-10 21:58:41+00:00;False;175;128;33675;662234a9a22f1cd0f0ac83b8bb1ffadedca90c0a;1;michael@niedermayer.cc;kaustubh.raste@imgtec.com
h264qpel_msa.c;MODIFY;3770;452.0;Grew;False;2017-10-13 00:46:31+00:00;False;168;122;39046;e549933a270dd2cfc36f2cf9bb6b29acf3dc6d08;1;michael@niedermayer.cc;kaustubh.raste@imgtec.com
h264qpel_msa.c;MODIFY;3842;72.0;Grew;False;2017-10-25 19:50:37+00:00;False;167;122;39967;2aab7c2dfaca4386c38e5d565cd2bf73096bcc86;1;michael@niedermayer.cc;kaustubh.raste@imgtec.com
h264qpel_msa.c;MODIFY;4080;238.0;Grew;False;2017-10-30 20:32:26+00:00;False;164;119;42710;1181d93231e9b807965724587d363c1cfd5a1d0d;1;michael@niedermayer.cc;kaustubh.raste@imgtec.com
h264qpel_msa.c;MODIFY;4412;332.0;Grew;True;2017-11-02 23:56:30+00:00;True;157;113;46979;72dbc610be3272ba36603f78a39cc2d2d8fe0cc3;1;michael@niedermayer.cc;kaustubh.raste@imgtec.com
h264qpel_msa.c;MODIFY;4815;403.0;Grew;True;2017-11-04 04:05:03+00:00;False;149;107;51901;5cb261301c1d2114951ae0e9bea07ec1b8fbbd96;1;michael@niedermayer.cc;kaustubh.raste@imgtec.com
h264qpel_msa.c;MODIFY;5066;251.0;Grew;True;2017-11-07 03:24:06+00:00;False;137;101;56358;ecd69cade8eded32b1185f4e70e65dbb3f6ac293;1;michael@niedermayer.cc;kaustubh.raste@imgtec.com
h264qpel_msa.c;MODIFY;5064;-2.0;Decreased;True;2019-07-18 23:23:23+00:00;False;137;101;56708;153c60752558369b98dce0b7a0ca7acc687fa630;24;michael@niedermayer.cc;yinshiyou-hf@loongson.cn
h264qpel_msa.c;MODIFY;5064;0.0;Equal;True;2019-09-15 22:04:18+00:00;False;137;101;56628;92fc0bfa54d82e3bb18138f9f0ebc3a7322b64ce;12;michael@niedermayer.cc;guxiwei-hf@loongson.cn
