file_name;change_type;n_loc;lines_balance;size_change;is_large;date;swapped_classification;complexity;methods;tokens;hash;files_on_commit;committer_email;author_email
breadcrumbs.php;RENAME;834;0.0;Equal;False;2017-12-23 19:46:52+00:00;False;173;153;6108;93c463c3495b06c15aa28b53c546a8766234f5b1;115;thegrumpydictator@gmail.com;thegrumpydictator@gmail.com
breadcrumbs.php;MODIFY;834;0.0;Equal;False;2017-12-27 16:22:44+00:00;False;174;154;6152;a14ae02c27314bf465a9d35eee873d7a7c167353;11;thegrumpydictator@gmail.com;thegrumpydictator@gmail.com
breadcrumbs.php;MODIFY;841;7.0;Grew;False;2017-12-28 10:38:40+00:00;False;175;155;6189;b65e1e022e0b6aac1d3eb38c4cbec70424130254;14;thegrumpydictator@gmail.com;thegrumpydictator@gmail.com
breadcrumbs.php;MODIFY;841;0.0;Equal;False;2017-12-29 08:05:35+00:00;False;175;155;6189;3815f9836f106da3410ab9cbc385eba13e34eb34;135;thegrumpydictator@gmail.com;thegrumpydictator@gmail.com
breadcrumbs.php;MODIFY;855;14.0;Grew;False;2017-12-30 11:43:57+00:00;False;175;155;6294;ec2f693575773ed8b15fe69336d3e7a3ef66a5f1;2;thegrumpydictator@gmail.com;thegrumpydictator@gmail.com
breadcrumbs.php;MODIFY;855;0.0;Equal;False;2018-01-11 19:49:55+00:00;False;175;155;6228;554b38ccffd7c52b579bbd853f92c1aec47f8ce9;3;thegrumpydictator@gmail.com;thegrumpydictator@gmail.com
breadcrumbs.php;MODIFY;855;0.0;Equal;False;2018-01-24 10:09:05+00:00;False;176;156;6230;602b35d5890abf52a3a331c8fc7d6548a5bf5080;1;thegrumpydictator@gmail.com;thegrumpydictator@gmail.com
breadcrumbs.php;MODIFY;850;-5.0;Decreased;False;2018-02-09 15:47:01+00:00;False;173;156;6182;ac98822a55d39abd1dc1ecdeda62a2201f3a44fe;6;thegrumpydictator@gmail.com;thegrumpydictator@gmail.com
breadcrumbs.php;MODIFY;850;0.0;Equal;False;2018-02-09 18:11:55+00:00;False;175;156;6154;95648c37b34b13f66cfccdb398f40f701870e803;30;thegrumpydictator@gmail.com;thegrumpydictator@gmail.com
breadcrumbs.php;MODIFY;852;2.0;Grew;False;2018-02-11 19:45:48+00:00;False;177;156;6170;f674df44225efdc12ad1acbee1e8c63e72177d00;1;thegrumpydictator@gmail.com;thegrumpydictator@gmail.com
breadcrumbs.php;MODIFY;852;0.0;Equal;False;2018-03-09 04:45:22+00:00;False;177;156;6170;dff2d716a19e6a60bfcb63bd1cb971a24bc1d15c;9;thegrumpydictator@gmail.com;thegrumpydictator@gmail.com
breadcrumbs.php;MODIFY;856;4.0;Grew;False;2018-03-25 11:30:55+00:00;False;177;157;6154;992657b9425ab0bddeac5aca6ff2e7a501630be5;13;thegrumpydictator@gmail.com;thegrumpydictator@gmail.com
breadcrumbs.php;MODIFY;864;8.0;Grew;False;2018-03-25 16:26:35+00:00;False;178;158;6230;f641c701726ecd4525fe51fcaac11af715e354d9;5;thegrumpydictator@gmail.com;thegrumpydictator@gmail.com
breadcrumbs.php;MODIFY;864;0.0;Equal;False;2018-04-02 12:17:11+00:00;False;178;158;6226;f96f38b172d008bcf084ed77d6980eb941811e9c;44;thegrumpydictator@gmail.com;thegrumpydictator@gmail.com
breadcrumbs.php;MODIFY;863;-1.0;Decreased;False;2018-04-24 17:26:16+00:00;False;178;158;6223;f78b8f92679c68929efb21b5e287a3f29750d4b7;28;thegrumpydictator@gmail.com;thegrumpydictator@gmail.com
breadcrumbs.php;MODIFY;870;7.0;Grew;False;2018-04-28 04:34:01+00:00;False;179;159;6260;cabe90b2dd99f7580c286b9d1a1178e3db2e634f;4;thegrumpydictator@gmail.com;thegrumpydictator@gmail.com
breadcrumbs.php;MODIFY;870;0.0;Equal;False;2018-04-29 17:07:54+00:00;False;179;159;6260;d2bb65bf049d5173049f3671bd3cb07d39b88b20;8;thegrumpydictator@gmail.com;thegrumpydictator@gmail.com
breadcrumbs.php;MODIFY;870;0.0;Equal;False;2018-04-29 17:28:07+00:00;False;179;159;6262;fa41d6df045a5340bb9e5c36d8142764e325c215;7;thegrumpydictator@gmail.com;thegrumpydictator@gmail.com
breadcrumbs.php;MODIFY;874;4.0;Grew;False;2018-04-29 18:01:03+00:00;False;179;159;6281;f027d71136ab299d69d329ee12208b0fdcb40c86;13;thegrumpydictator@gmail.com;thegrumpydictator@gmail.com
breadcrumbs.php;MODIFY;874;0.0;Equal;False;2018-04-29 19:20:06+00:00;False;179;159;6281;f2b71bc2800faf3c5b2ab20073368627e8cd274e;10;thegrumpydictator@gmail.com;thegrumpydictator@gmail.com
breadcrumbs.php;MODIFY;896;22.0;Grew;False;2018-06-10 14:59:03+00:00;False;182;162;6407;6743d99d9b649bf21b7e94da0d095f6a7c5b1b07;29;thegrumpydictator@gmail.com;thegrumpydictator@gmail.com
breadcrumbs.php;MODIFY;903;7.0;Grew;False;2018-06-17 13:14:34+00:00;False;184;164;6461;d73cd4b515da0de4b8ec60e9fe53c85fdab60210;25;thegrumpydictator@gmail.com;thegrumpydictator@gmail.com
breadcrumbs.php;MODIFY;910;7.0;Grew;False;2018-06-23 06:19:29+00:00;False;186;166;6515;19a874b2745cb3b913131c55d3af724b71afda2b;11;thegrumpydictator@gmail.com;thegrumpydictator@gmail.com
breadcrumbs.php;MODIFY;913;3.0;Grew;False;2018-07-14 15:23:44+00:00;False;184;167;6530;780e365a7887736023b3defa8b9d643461c55150;8;thegrumpydictator@gmail.com;thegrumpydictator@gmail.com
breadcrumbs.php;MODIFY;919;6.0;Grew;False;2018-07-14 20:48:22+00:00;False;180;169;6586;c424bb097d5488062458ae025228e343f0dfd49a;12;thegrumpydictator@gmail.com;thegrumpydictator@gmail.com
breadcrumbs.php;MODIFY;928;9.0;Grew;False;2018-08-05 05:36:33+00:00;False;180;169;6692;5449879a7d5d0fe9422c6f6982dbbaa1d0477613;1;thegrumpydictator@gmail.com;thegrumpydictator@gmail.com
breadcrumbs.php;MODIFY;937;9.0;Grew;False;2018-08-05 13:34:20+00:00;False;182;169;6725;422e80530b1232fa0c12d05c76d5599e495d228f;12;thegrumpydictator@gmail.com;thegrumpydictator@gmail.com
breadcrumbs.php;MODIFY;946;9.0;Grew;False;2018-08-05 16:59:15+00:00;False;183;170;6777;33294dd9f04c3ee89a45f40bd8eeee8271485bc5;17;thegrumpydictator@gmail.com;thegrumpydictator@gmail.com
breadcrumbs.php;MODIFY;946;0.0;Equal;False;2018-08-07 17:28:54+00:00;False;183;170;6777;229d033e1a96f4289dd8aa42f0936073cfe9efd2;1;thegrumpydictator@gmail.com;thegrumpydictator@gmail.com
breadcrumbs.php;MODIFY;946;0.0;Equal;False;2018-08-07 18:38:19+00:00;False;183;170;6789;723abf44bd39aab8d72f8fa71c64715c019bfd60;1;thegrumpydictator@gmail.com;thegrumpydictator@gmail.com
breadcrumbs.php;MODIFY;957;11.0;Grew;False;2018-08-07 19:00:25+00:00;False;186;172;6852;bc807965abeeb8171dd925c6e8ab23d644ad4753;6;thegrumpydictator@gmail.com;thegrumpydictator@gmail.com
breadcrumbs.php;MODIFY;963;6.0;Grew;False;2018-08-08 15:53:40+00:00;False;190;172;6792;32e58d0a60238188a21d5cbe24dc7b4860064e20;13;thegrumpydictator@gmail.com;thegrumpydictator@gmail.com
breadcrumbs.php;MODIFY;963;0.0;Equal;False;2018-08-28 03:21:23+00:00;False;190;172;6792;e1c829f4fa3ff85c67db2c720dcdf4af52087aef;12;thegrumpydictator@gmail.com;thegrumpydictator@gmail.com
breadcrumbs.php;MODIFY;963;0.0;Equal;False;2018-12-31 06:48:23+00:00;False;190;172;6792;3e25d66902ad72a5493756ba56dba96f3d7a99a7;113;thegrumpydictator@gmail.com;thegrumpydictator@gmail.com
breadcrumbs.php;MODIFY;968;5.0;Grew;False;2019-04-08 18:31:31+00:00;False;191;172;6837;13afd4582ff0813a4e32d05b2b2eb2530165ac35;8;thegrumpydictator@gmail.com;thegrumpydictator@gmail.com
breadcrumbs.php;MODIFY;968;0.0;Equal;False;2019-05-04 18:58:11+00:00;False;191;172;6832;d5c5fa4fad88aa9f040c5e5a3c5a5e6a4b67ff43;33;thegrumpydictator@gmail.com;thegrumpydictator@gmail.com
breadcrumbs.php;MODIFY;969;1.0;Grew;False;2019-06-01 18:38:18+00:00;False;191;172;6844;2a2f29533d75a90b113cf54fb21d274e11383ce2;14;thegrumpydictator@gmail.com;thegrumpydictator@gmail.com
breadcrumbs.php;MODIFY;970;1.0;Grew;False;2019-07-04 15:31:47+00:00;False;191;172;6845;3c5c14ff5aef17995ecad9424ffc451580bc1f17;16;thegrumpydictator@gmail.com;thegrumpydictator@gmail.com
breadcrumbs.php;MODIFY;970;0.0;Equal;False;2019-07-05 17:43:16+00:00;False;191;172;6834;7fd3f77c3eb8652ac88a7e800bc41e4141120938;17;thegrumpydictator@gmail.com;thegrumpydictator@gmail.com
breadcrumbs.php;MODIFY;967;-3.0;Decreased;False;2019-07-20 14:02:50+00:00;False;191;172;6803;889b7e9a1819771c4e850c81626ba5b89efb5651;18;thegrumpydictator@gmail.com;thegrumpydictator@gmail.com
breadcrumbs.php;MODIFY;963;-4.0;Decreased;False;2019-07-21 15:15:06+00:00;False;191;172;6785;b7a4b0fdfd3d53ef11ecd4d4eef3752182a7bdfa;58;thegrumpydictator@gmail.com;thegrumpydictator@gmail.com
breadcrumbs.php;MODIFY;965;2.0;Grew;False;2019-07-26 15:48:24+00:00;False;192;172;6794;d94d34ca63388fe097949992bbd48410d811265e;57;thegrumpydictator@gmail.com;thegrumpydictator@gmail.com
breadcrumbs.php;MODIFY;965;0.0;Equal;False;2019-07-27 11:54:06+00:00;False;193;172;6796;67c0ef6ec66ed60ac82d5a8ee61a48ae2d2a56f2;29;thegrumpydictator@gmail.com;thegrumpydictator@gmail.com
breadcrumbs.php;MODIFY;965;0.0;Equal;False;2019-07-31 14:53:09+00:00;False;193;172;6796;9b574ce7ada26db4e01a40891c0ecc2f338f9953;155;thegrumpydictator@gmail.com;thegrumpydictator@gmail.com
breadcrumbs.php;MODIFY;967;2.0;Grew;False;2019-08-01 04:22:07+00:00;False;195;172;6812;81dce5d7c72d2247945aca7069f093b6127e9f59;10;thegrumpydictator@gmail.com;thegrumpydictator@gmail.com
breadcrumbs.php;MODIFY;970;3.0;Grew;False;2019-08-03 06:33:05+00:00;False;196;172;6829;b8b59b13a77c19c525d0f9cc94b87b1747caf928;1;thegrumpydictator@gmail.com;thegrumpydictator@gmail.com
breadcrumbs.php;MODIFY;973;3.0;Grew;False;2019-08-03 12:45:37+00:00;False;197;172;6846;cf121fea50be70180d3d40ebdd0dbe0d9d3aab45;16;thegrumpydictator@gmail.com;thegrumpydictator@gmail.com
breadcrumbs.php;MODIFY;980;7.0;Grew;True;2019-08-04 05:21:11+00:00;True;198;173;6883;d38766e5dbd812786a887ef6d34dae948c8284ce;6;thegrumpydictator@gmail.com;thegrumpydictator@gmail.com
breadcrumbs.php;MODIFY;984;4.0;Grew;True;2019-08-23 11:06:00+00:00;False;199;173;6911;e3a338db0e961cf5fb97b3532d9627107888c736;2;thegrumpydictator@gmail.com;thegrumpydictator@gmail.com
breadcrumbs.php;MODIFY;984;0.0;Equal;True;2019-08-23 11:09:38+00:00;False;199;173;6911;3b39fb93e7d02a736e29acb388390924f3792262;5;thegrumpydictator@gmail.com;thegrumpydictator@gmail.com
breadcrumbs.php;MODIFY;984;0.0;Equal;True;2019-09-04 08:27:13+00:00;False;199;173;6911;0f2040f931eff7d6bde27acba6e855150d82995b;10;thegrumpydictator@gmail.com;thegrumpydictator@gmail.com
breadcrumbs.php;MODIFY;984;0.0;Equal;True;2019-10-02 04:45:03+00:00;False;199;173;6911;c341d46e9f55193294bdd234f75e8762f0b6b85a;336;thegrumpydictator@gmail.com;thegrumpydictator@gmail.com
breadcrumbs.php;MODIFY;991;7.0;Grew;True;2019-10-19 17:17:14+00:00;False;200;174;6966;6efe5cfd4d2b34640f9aba085a6779b60defd93a;7;thegrumpydictator@gmail.com;thegrumpydictator@gmail.com
breadcrumbs.php;MODIFY;991;0.0;Equal;True;2019-12-27 09:59:31+00:00;False;200;174;6966;c06b9d80450e3baed63cb44ea1d4f7bfb2841ef0;10;thegrumpydictator@gmail.com;thegrumpydictator@gmail.com
breadcrumbs.php;MODIFY;998;7.0;Grew;True;2020-01-25 05:32:15+00:00;False;201;175;7003;996fc4dc7c98821bb9addecc159cd00a0df40c64;7;james@firefly-iii.org;james@firefly-iii.org
breadcrumbs.php;MODIFY;998;0.0;Equal;True;2020-02-16 12:59:41+00:00;False;201;175;7003;d0d5dea5ce669fd04fdcecbdeec2eab93bdf51c3;87;thegrumpydictator@gmail.com;thegrumpydictator@gmail.com
breadcrumbs.php;MODIFY;998;0.0;Equal;True;2020-03-09 17:25:47+00:00;False;202;176;7012;086e4d588032bf32af03b9a36726edddf07fc164;1;thegrumpydictator@gmail.com;thegrumpydictator@gmail.com
breadcrumbs.php;MODIFY;1002;4.0;Grew;True;2020-03-11 05:50:23+00:00;False;203;176;7040;c1654f1d049203aa8eb7631f8ae904635ccfa28f;3;thegrumpydictator@gmail.com;thegrumpydictator@gmail.com
breadcrumbs.php;MODIFY;1016;14.0;Grew;True;2020-03-11 07:13:23+00:00;False;205;178;7111;9f8bf6d495a5d9b3821b3d58e47178e4890c1574;9;thegrumpydictator@gmail.com;thegrumpydictator@gmail.com
breadcrumbs.php;MODIFY;1016;0.0;Equal;True;2020-03-17 16:06:30+00:00;False;205;178;7220;ba4c1d95a70d06828f9c358ee54a175cb4cf7aae;73;bot@styleci.io;james@firefly-iii.org
breadcrumbs.php;MODIFY;1016;0.0;Equal;True;2020-03-18 19:45:45+00:00;False;205;178;7220;712ba00c9ecd83bcb10ce527730af71f2361331a;7;bot@styleci.io;james@firefly-iii.org
breadcrumbs.php;MODIFY;1024;8.0;Grew;True;2020-03-20 16:31:54+00:00;False;205;178;7220;5a7152ceece881f4d420661f5ffe0bb47f587cb5;11;thegrumpydictator@gmail.com;thegrumpydictator@gmail.com
breadcrumbs.php;MODIFY;995;-29.0;Decreased;True;2020-06-06 19:23:26+00:00;False;199;172;7018;6cc4d14fcb10972b98bfdfd1ddb3a052969086b2;217;thegrumpydictator@gmail.com;thegrumpydictator@gmail.com
breadcrumbs.php;MODIFY;1010;15.0;Grew;True;2020-06-20 08:10:55+00:00;False;201;174;7118;5b29e78c4b20067022444638e61d65a8f178cbd9;25;thegrumpydictator@gmail.com;thegrumpydictator@gmail.com
breadcrumbs.php;MODIFY;1017;7.0;Grew;True;2020-06-27 13:42:18+00:00;False;202;175;7156;1e35f0e7e30d2eeda8b801edc833de46a7b3b48e;8;thegrumpydictator@gmail.com;thegrumpydictator@gmail.com
breadcrumbs.php;MODIFY;1017;0.0;Equal;True;2020-08-01 15:51:52+00:00;False;202;175;7156;1169c5c5e295cad8ce35d623dbd4375f3c7c4d06;7;james@firefly-iii.org;james@firefly-iii.org
breadcrumbs.php;MODIFY;1024;7.0;Grew;True;2020-08-07 09:38:31+00:00;False;203;176;7194;7a7f1e7d97db0e2e519c5d9115fcfe5b5090e084;6;james@firefly-iii.org;james@firefly-iii.org
breadcrumbs.php;MODIFY;1024;0.0;Equal;True;2020-10-19 04:41:31+00:00;False;201;176;7186;054eecf541590813fdd9b285ccd16aa6e86e7402;4;james@firefly-iii.org;james@firefly-iii.org
breadcrumbs.php;MODIFY;1024;0.0;Equal;True;2020-10-26 18:15:57+00:00;False;201;176;7184;372c6ac66755b4fd38897e29dddf0bd796f5a5af;57;james@firefly-iii.org;james@firefly-iii.org
breadcrumbs.php;MODIFY;1024;0.0;Equal;True;2020-11-07 19:13:06+00:00;False;201;176;7184;293d61b343729583d41afbba48c2a671699c785b;43;james@firefly-iii.org;james@firefly-iii.org
breadcrumbs.php;MODIFY;1024;0.0;Equal;True;2021-01-07 19:31:48+00:00;False;201;176;7189;24b7543f7265065bde4702b2b4d826a9789d251e;2;james@firefly-iii.org;james@firefly-iii.org
breadcrumbs.php;MODIFY;1024;0.0;Equal;True;2021-04-04 06:31:15+00:00;False;201;176;7195;85b22341a4314847c7f4e6d0fe406a5443e47f21;41;james@firefly-iii.org;james@firefly-iii.org
breadcrumbs.php;MODIFY;1024;0.0;Equal;True;2021-04-06 15:12:31+00:00;False;201;176;7197;7cc778673a56604797a7b154ff340a91ffe36d69;1;james@firefly-iii.org;james@firefly-iii.org
breadcrumbs.php;MODIFY;1024;0.0;Equal;True;2021-04-18 05:22:10+00:00;False;201;176;7205;2a630b0a50e04c394e7e71e29fa662c786f258c5;38;james@firefly-iii.org;james@firefly-iii.org
breadcrumbs.php;MODIFY;1024;0.0;Equal;True;2021-05-24 10:40:39+00:00;False;201;176;7205;2afd959c4fc43c84f2f8d4d6ea9e88ac1eb69218;5;james@firefly-iii.org;james@firefly-iii.org
breadcrumbs.php;MODIFY;1024;0.0;Equal;True;2021-06-12 12:14:49+00:00;False;201;176;7205;4614625f82c6c1102510ecc0ed31b82826a462fb;22;james@firefly-iii.org;james@firefly-iii.org
breadcrumbs.php;MODIFY;1024;0.0;Equal;True;2021-06-13 06:10:30+00:00;False;201;176;7203;5262c0240e922d4d75959d9b304fbdc9967030a5;62;james@firefly-iii.org;james@firefly-iii.org
breadcrumbs.php;MODIFY;1010;-14.0;Decreased;True;2021-07-05 18:01:36+00:00;False;199;174;7132;c0d3554acb73eab345e85c7d88fbca285627cd08;23;james@firefly-iii.org;james@firefly-iii.org
breadcrumbs.php;MODIFY;1045;35.0;Grew;True;2021-07-18 17:23:50+00:00;False;206;181;7377;e959dbc6e0572a19c91ffc72e91fbb0973616138;27;james@firefly-iii.org;james@firefly-iii.org
breadcrumbs.php;MODIFY;1045;0.0;Equal;True;2022-03-28 10:24:16+00:00;False;206;181;7377;abb1095cefda19d0da6ff00ffb6680faaa680961;9;james@firefly-iii.org;james@firefly-iii.org
breadcrumbs.php;MODIFY;1045;0.0;Equal;True;2022-03-29 13:01:48+00:00;False;206;181;7376;60786461a98a8bb0d9dbda791f6601a666fa2ca3;7;james@firefly-iii.org;james@firefly-iii.org
breadcrumbs.php;MODIFY;1059;14.0;Grew;True;2022-09-17 05:08:30+00:00;False;206;181;7456;ad9efde2d072773562e7142bc65fa7b4bd1c918e;44;james@firefly-iii.org;james@firefly-iii.org
breadcrumbs.php;MODIFY;1059;0.0;Equal;True;2022-09-17 14:54:13+00:00;False;206;181;7456;625ad14d7df3ae3f57db9866beaed45d8af85a8e;51;james@firefly-iii.org;james@firefly-iii.org
breadcrumbs.php;MODIFY;1081;22.0;Grew;True;2022-09-18 03:49:56+00:00;False;211;186;7632;d9245f06f76f31409370ca89b3cebb999ff21d7e;58;james@firefly-iii.org;james@firefly-iii.org
breadcrumbs.php;MODIFY;1081;0.0;Equal;True;2022-10-30 10:43:17+00:00;False;211;186;7632;d28326cc8904c812b65187fc439586558fe65135;64;james@firefly-iii.org;james@firefly-iii.org
breadcrumbs.php;MODIFY;1081;0.0;Equal;True;2022-12-29 18:43:43+00:00;False;211;186;7632;5b8e01fbfbdd7ba21520c6168cf865caf2216f08;240;james@firefly-iii.org;james@firefly-iii.org
breadcrumbs.php;MODIFY;1081;0.0;Equal;True;2022-12-30 19:25:04+00:00;False;211;186;7634;445804a7f128e0bdb62393fe249fdc1de9574673;47;james@firefly-iii.org;james@firefly-iii.org
breadcrumbs.php;MODIFY;1095;14.0;Grew;True;2023-01-17 19:09:57+00:00;False;211;186;7634;480d787242f01dea21e2873c03bf0e612d8084ca;5;james@firefly-iii.org;james@firefly-iii.org
breadcrumbs.php;MODIFY;1095;0.0;Equal;True;2023-02-18 17:48:55+00:00;False;211;186;7706;e3a71b64f85f38037c13a8d5c9c9436c954655f0;40;james@firefly-iii.org;james@firefly-iii.org
breadcrumbs.php;MODIFY;1095;0.0;Equal;True;2023-02-18 19:45:44+00:00;False;211;186;7634;d9599b34489e6b146f857d226cc2d3f92d71a981;1;james@firefly-iii.org;james@firefly-iii.org
breadcrumbs.php;MODIFY;1095;0.0;Equal;True;2023-02-19 10:16:15+00:00;False;211;186;7634;c3a4656e223cde7be2f41dbdb90006bdf7be386f;64;james@firefly-iii.org;james@firefly-iii.org
breadcrumbs.php;MODIFY;1095;0.0;Equal;True;2023-02-22 17:03:31+00:00;False;210;186;7627;e6dc881f56b96c0894d84c2f80e29d23570191bc;119;james@firefly-iii.org;james@firefly-iii.org
breadcrumbs.php;MODIFY;1092;-3.0;Decreased;True;2023-08-13 12:30:16+00:00;False;210;186;7615;965acd6d4550a7e9cc4a6f1ed52240260f2aba1d;7;james@firefly-iii.org;james@firefly-iii.org
breadcrumbs.php;MODIFY;1092;0.0;Equal;True;2023-12-20 18:45:12+00:00;False;210;186;7615;c9d5d746621b5f3bac1c308d82923642026d72bc;30;james@firefly-iii.org;james@firefly-iii.org
breadcrumbs.php;MODIFY;1092;0.0;Equal;True;2023-12-21 04:06:17+00:00;False;16;16;7855;135b9fc010ee6d975099aee27c3135763b1e72f2;60;james@firefly-iii.org;james@firefly-iii.org
breadcrumbs.php;MODIFY;1092;0.0;Equal;True;2023-12-21 04:15:46+00:00;False;16;16;7855;ebf4b0028886996079cd7f4d154558df4169df63;6;james@firefly-iii.org;james@firefly-iii.org
breadcrumbs.php;MODIFY;1092;0.0;Equal;True;2024-03-18 19:25:30+00:00;False;16;16;7868;9aa90650b4b9f35e5f86f4c59cf2ceac6cc6f052;108;41898282+github-actions[bot]@users.noreply.github.com;41898282+github-actions[bot]@users.noreply.github.com
breadcrumbs.php;MODIFY;1099;7.0;Grew;True;2024-03-31 14:46:20+00:00;False;16;16;7908;b6f84c2b991514a22609a0ea74aca3d569cdbe02;79;james@firefly-iii.org;james@firefly-iii.org
breadcrumbs.php;MODIFY;1106;7.0;Grew;True;2024-04-01 12:01:52+00:00;False;16;16;7948;b537a3145d1a5357de226365143d619fe7ee5571;14;james@firefly-iii.org;james@firefly-iii.org
breadcrumbs.php;MODIFY;1121;15.0;Grew;True;2024-04-01 13:41:16+00:00;False;16;16;8068;baff7c67f983bab138b8dcee2d787891ae7da116;13;james@firefly-iii.org;james@firefly-iii.org
breadcrumbs.php;MODIFY;1121;0.0;Equal;True;2024-04-02 05:47:24+00:00;False;16;16;8068;746f1fd30080846a29df506e73210614d0922f80;86;41898282+github-actions[bot]@users.noreply.github.com;41898282+github-actions[bot]@users.noreply.github.com
breadcrumbs.php;MODIFY;1149;28.0;Grew;True;2024-10-08 05:21:23+00:00;False;16;16;8228;1e472ee09572acc62055d604e8537b5e379c59e1;38;james@firefly-iii.org;james@firefly-iii.org
