file_name;change_type;n_loc;lines_balance;size_change;is_large;date;swapped_classification;complexity;methods;tokens;hash;files_on_commit;committer_email;author_email
assembler.rb;MODIFY;816.0;0.0;Equal;True;2023-03-07 07:44:01+00:00;True;189;57;5122;2e875549a934fa04b7939810fa0d8a2762702aaa;87;takashikkbn@gmail.com;takashikkbn@gmail.com
assembler.rb;MODIFY;816.0;0.0;Equal;True;2023-03-07 07:44:01+00:00;False;189;57;5122;23ec248e48f696ae986e2b19cd572ece02a5ba55;63;takashikkbn@gmail.com;takashikkbn@gmail.com
assembler.rb;RENAME;not calculated;0.0;Equal;False;2023-03-07 07:44:01+00:00;True;not calculated;0;not calculated;eaccdc1941304d6273397b21c25213174d892185;27;takashikkbn@gmail.com;takashikkbn@gmail.com
assembler.rb;MODIFY;816.0;0.0;Equal;True;2023-03-10 22:57:37+00:00;True;202;57;5187;93e34fe42e81d72a3e45501bf3f200ca5e78442f;2;takashikkbn@gmail.com;takashikkbn@gmail.com
assembler.rb;MODIFY;754.0;-62.0;Decreased;True;2023-03-12 06:25:00+00:00;False;202;57;4726;9501283dea70c94a2df8fbb83c589a0dfcda273f;1;takashikkbn@gmail.com;takashikkbn@gmail.com
assembler.rb;MODIFY;755.0;1.0;Grew;True;2023-03-12 06:30:54+00:00;False;202;57;4729;8835f9d3bf1d6aba64c0f3ad504c4ea6d3b86e7d;1;takashikkbn@gmail.com;takashikkbn@gmail.com
assembler.rb;MODIFY;772.0;17.0;Grew;True;2023-03-12 07:35:58+00:00;False;97;57;4242;9c220bf5e14821093b2f8dc8d7c7d5619b424f11;3;takashikkbn@gmail.com;takashikkbn@gmail.com
assembler.rb;MODIFY;779.0;7.0;Grew;True;2023-03-12 07:47:11+00:00;False;97;57;4287;3efe4639eca9b0bd5b3a2332c17595597bfd7f29;2;takashikkbn@gmail.com;takashikkbn@gmail.com
assembler.rb;MODIFY;789.0;10.0;Grew;True;2023-03-19 20:25:41+00:00;False;98;58;4334;2121282753b9faee1ce6f93d6c75b105ad040af0;6;takashikkbn@gmail.com;takashikkbn@gmail.com
assembler.rb;MODIFY;799.0;10.0;Grew;True;2023-03-19 21:15:45+00:00;False;99;59;4385;2f29044de48ed3f468c09ea3c5c214791370037f;3;takashikkbn@gmail.com;takashikkbn@gmail.com
assembler.rb;MODIFY;801.0;2.0;Grew;True;2023-03-25 07:31:11+00:00;False;99;59;4397;1dd65f7c55d146c9ea968385c9a733bdc47f024a;5;takashikkbn@gmail.com;takashikkbn@gmail.com
assembler.rb;MODIFY;801.0;0.0;Equal;True;2023-04-28 17:09:52+00:00;False;99;59;4397;d4dc149c3c4cc01098b5af67decbcba6d370bbee;1;takashikkbn@gmail.com;takashikkbn@gmail.com
assembler.rb;MODIFY;809.0;8.0;Grew;True;2023-12-22 01:47:36+00:00;False;99;59;4445;9a3c49ee5d6dd3770c21ed8193e7efd64cd81a6e;3;takashikkbn@gmail.com;takashikkbn@gmail.com
assembler.rb;MODIFY;823.0;14.0;Grew;True;2024-06-13 22:55:01+00:00;False;99;59;4535;b988ae3a06506a4361ab5cbd51da5992268fb713;2;noreply@github.com;udmitry@mail.ru
assembler.rb;MODIFY;823.0;0.0;Equal;True;2024-06-14 07:05:21+00:00;False;99;59;4535;8ddb4de0acedaa10525c3e8549746fc2fb10b002;1;noreply@github.com;udmitry@mail.ru
