file_name;change_type;n_loc;lines_balance;size_change;is_large;date;swapped_classification;complexity;methods;tokens;hash;files_on_commit;committer_email;author_email
dump_spec.rb;MODIFY;480;0.0;Grew;False;2018-06-13 21:58:54+00:00;False;99;99;2947;b46da8d84efeb97cb52ba0560d5b149ccda0d561;24;eregon@b2dd03c8-39d4-4d8f-98ff-823fe69b080e;eregon@b2dd03c8-39d4-4d8f-98ff-823fe69b080e
dump_spec.rb;MODIFY;484;4.0;Grew;False;2018-09-25 10:41:16+00:00;False;100;100;2971;e87fb88be844f0fae736768846954b6f6f7dc7c3;142;eregon@b2dd03c8-39d4-4d8f-98ff-823fe69b080e;eregon@b2dd03c8-39d4-4d8f-98ff-823fe69b080e
dump_spec.rb;MODIFY;483;-1.0;Decreased;False;2018-12-29 00:22:52+00:00;False;99;99;2967;2076c2c3c401d9ab9324468818bbc46d4e4b870a;34;eregon@b2dd03c8-39d4-4d8f-98ff-823fe69b080e;eregon@b2dd03c8-39d4-4d8f-98ff-823fe69b080e
dump_spec.rb;MODIFY;499;16.0;Grew;False;2019-02-21 15:38:59+00:00;False;102;100;3037;da7976235fbc2986925969646071bebe3702e49f;75;eregon@b2dd03c8-39d4-4d8f-98ff-823fe69b080e;eregon@b2dd03c8-39d4-4d8f-98ff-823fe69b080e
dump_spec.rb;MODIFY;495;-4.0;Decreased;False;2019-04-28 21:20:11+00:00;False;102;100;3029;79671ec57e59091260a0bc3d40a31d31d9c72a94;135;eregontp@gmail.com;eregontp@gmail.com
dump_spec.rb;MODIFY;495;0.0;Decreased;False;2019-05-28 20:41:48+00:00;False;102;100;3029;a66bc2c01194a9c017c874a30db5b3b6bd95e966;41;eregontp@gmail.com;eregontp@gmail.com
dump_spec.rb;MODIFY;495;0.0;Equal;False;2019-07-27 10:40:09+00:00;False;102;100;3029;5c276e1cc91c5ab2a41fbf7827af2fed914a2bc0;1247;eregontp@gmail.com;eregontp@gmail.com
dump_spec.rb;MODIFY;502;7.0;Grew;False;2019-11-30 20:26:52+00:00;False;103;101;3065;1243255c3a36433041012b6107a5ac48658a0895;174;eregontp@gmail.com;eregontp@gmail.com
dump_spec.rb;MODIFY;502;0.0;Equal;False;2020-01-15 01:38:47+00:00;False;103;101;3085;98ef38ada43338c073f50a0093196f0356284625;8;mame@ruby-lang.org;jean.boussier@gmail.com
dump_spec.rb;MODIFY;502;0.0;Decreased;False;2020-01-28 19:47:48+00:00;False;103;101;3085;809f0b8a1357f14f9645210d4812f4400c8d397e;76;eregontp@gmail.com;eregontp@gmail.com
dump_spec.rb;MODIFY;502;0.0;Equal;False;2020-09-25 13:16:55+00:00;False;103;101;3093;0096d2b895395df5ab8696d3b6d444dc1b7730b6;7;ko1@atdot.net;ko1@atdot.net
dump_spec.rb;MODIFY;504;2.0;Grew;False;2020-09-30 11:43:19+00:00;False;103;101;3091;65e8a293892800d2201899de51d19ed7ce362bbf;9;eregontp@gmail.com;eregontp@gmail.com
dump_spec.rb;MODIFY;504;0.0;Equal;False;2020-12-20 16:19:55+00:00;False;103;101;3091;9c73c756244fa27ffa99d81dcc73a4ad14198002;144;nobu@ruby-lang.org;nobu@ruby-lang.org
dump_spec.rb;MODIFY;504;0.0;Equal;False;2020-12-27 16:35:32+00:00;False;103;101;3091;727c97da1977544c91b9b3677811da3a44af7d53;108;eregontp@gmail.com;eregontp@gmail.com
dump_spec.rb;MODIFY;519;15.0;Grew;False;2021-07-29 20:11:21+00:00;False;104;102;3202;6998d758248d778fa95b008c78d05473e48b8428;186;eregontp@gmail.com;eregontp@gmail.com
dump_spec.rb;MODIFY;702;183.0;Grew;True;2023-09-04 14:07:46+00:00;True;105;102;3512;0b5c61494eb30c8c1867b9e6a52ad678e3f47901;84;eregontp@gmail.com;eregontp@gmail.com
dump_spec.rb;MODIFY;716;14.0;Equal;True;2024-02-15 09:42:31+00:00;False;98;88;3123;8259f35adc67ab34bb521f0e8a298fb00629b958;32;mame@ruby-lang.org;mame@ruby-lang.org
dump_spec.rb;MODIFY;716;0.0;Equal;True;2024-03-14 20:44:53+00:00;False;98;88;3157;ed2f68525302413a676d81821b949a21d46407e9;209;eregontp@gmail.com;eregontp@gmail.com
dump_spec.rb;MODIFY;716;0.0;Equal;True;2024-07-24 16:20:30+00:00;False;98;88;3157;12e6cf77efae6804063dbebe84e4080ca78958e7;17;eregontp@gmail.com;XrXr@users.noreply.github.com
dump_spec.rb;MODIFY;787;71.0;Grew;True;2024-12-10 13:38:52+00:00;False;57;47;2253;de5df203bcfb228b7043ae0116535953c325ddb4;40;eregontp@gmail.com;andry.konchin@gmail.com
