file_name;change_type;n_loc;lines_balance;size_change;is_large;date;swapped_classification;complexity;methods;tokens;hash;files_on_commit;committer_email;author_email
exec_spec.rb;ADD;594.0;0.0;Grew;False;2017-09-08 08:45:41+00:00;False;53;45;2993;8598f8c2dc78c6d1ae87cb6ae19c34ba2cb29241;409;hsbt@b2dd03c8-39d4-4d8f-98ff-823fe69b080e;hsbt@b2dd03c8-39d4-4d8f-98ff-823fe69b080e
exec_spec.rb;MODIFY;640.0;46.0;Grew;False;2017-11-01 23:29:38+00:00;False;53;45;3264;be7b5929126cb3e696ef222339237faba9b8fe5a;1025;hsbt@b2dd03c8-39d4-4d8f-98ff-823fe69b080e;hsbt@b2dd03c8-39d4-4d8f-98ff-823fe69b080e
exec_spec.rb;MODIFY;645.0;5.0;Grew;False;2017-12-21 09:22:15+00:00;False;53;45;3404;4525cf2cd599389be3fab30ae4c13e22050705b5;16;hsbt@b2dd03c8-39d4-4d8f-98ff-823fe69b080e;hsbt@b2dd03c8-39d4-4d8f-98ff-823fe69b080e
exec_spec.rb;DELETE;not calculated;0.0;Decreased;False;2017-12-22 23:08:05+00:00;False;not calculated;0;not calculated;7825e8363d4b2ccad8e2d3f5eeba9e26f6656911;1100;hsbt@b2dd03c8-39d4-4d8f-98ff-823fe69b080e;hsbt@b2dd03c8-39d4-4d8f-98ff-823fe69b080e
exec_spec.rb;ADD;690.0;0.0;Grew;True;2018-11-02 23:07:56+00:00;True;56;47;3651;59c8d50653480bef3f24517296e6ddf937fdf6bc;855;hsbt@b2dd03c8-39d4-4d8f-98ff-823fe69b080e;hsbt@b2dd03c8-39d4-4d8f-98ff-823fe69b080e
exec_spec.rb;MODIFY;690.0;0.0;Equal;True;2018-11-04 01:14:48+00:00;False;56;47;3651;2fbbbba5bd684edfd62beb106b48ac93919eb128;55;hsbt@b2dd03c8-39d4-4d8f-98ff-823fe69b080e;hsbt@b2dd03c8-39d4-4d8f-98ff-823fe69b080e
exec_spec.rb;MODIFY;662.0;-28.0;Decreased;True;2018-11-12 00:53:15+00:00;False;56;47;3453;8f4aa4fd2a609a3eca2f415a12964e86cab94abc;36;hsbt@b2dd03c8-39d4-4d8f-98ff-823fe69b080e;hsbt@b2dd03c8-39d4-4d8f-98ff-823fe69b080e
exec_spec.rb;MODIFY;690.0;28.0;Grew;True;2018-12-11 03:07:37+00:00;False;56;47;3651;91533d9ab17a08385381d87991e01e8674e069a1;78;hsbt@b2dd03c8-39d4-4d8f-98ff-823fe69b080e;hsbt@b2dd03c8-39d4-4d8f-98ff-823fe69b080e
exec_spec.rb;MODIFY;663.0;-27.0;Decreased;True;2019-01-04 13:10:58+00:00;False;56;47;3450;e97741e12a22d78825a3a9dfcb7382adb0e27855;97;hsbt@b2dd03c8-39d4-4d8f-98ff-823fe69b080e;hsbt@b2dd03c8-39d4-4d8f-98ff-823fe69b080e
exec_spec.rb;MODIFY;715.0;52.0;Grew;True;2019-04-14 06:01:35+00:00;False;56;50;3493;68ddd4d300e9a88737c4f37af74e1a0312949b2f;290;hsbt@b2dd03c8-39d4-4d8f-98ff-823fe69b080e;hsbt@b2dd03c8-39d4-4d8f-98ff-823fe69b080e
exec_spec.rb;MODIFY;715.0;0.0;Equal;True;2019-04-14 06:03:58+00:00;False;56;50;3495;2e8b9aba9bef6c913e5b2de25b24026943438519;10;hsbt@b2dd03c8-39d4-4d8f-98ff-823fe69b080e;hsbt@b2dd03c8-39d4-4d8f-98ff-823fe69b080e
exec_spec.rb;MODIFY;715.0;0.0;Equal;True;2019-04-14 06:05:27+00:00;False;56;50;3493;3ac518f9bdd413cf2217b101bd5c62deadfbee2a;5;hsbt@b2dd03c8-39d4-4d8f-98ff-823fe69b080e;hsbt@b2dd03c8-39d4-4d8f-98ff-823fe69b080e
exec_spec.rb;MODIFY;725.0;10.0;Grew;True;2019-06-09 03:44:10+00:00;False;57;51;3559;8f37629519ad330032a38ac0e871b2912ed38a1b;155;hsbt@ruby-lang.org;hsbt@ruby-lang.org
exec_spec.rb;MODIFY;730.0;5.0;Grew;True;2019-06-09 03:44:27+00:00;False;58;51;3574;44f7f093ab8d8663cbbe31d8a975ae6e8d20724f;2;hsbt@ruby-lang.org;hsbt@ruby-lang.org
exec_spec.rb;MODIFY;730.0;0.0;Equal;True;2019-06-11 03:16:26+00:00;False;58;51;3574;e4364dbf6ecd9f87588f6f9e93d213046b75478e;1;hsbt@ruby-lang.org;hsbt@ruby-lang.org
exec_spec.rb;MODIFY;730.0;0.0;Equal;True;2019-08-03 00:29:55+00:00;False;58;51;3604;c3ddd47ce7b546530e2241b0ea6a96817977886a;95;hsbt@ruby-lang.org;deivid.rodriguez@riseup.net
exec_spec.rb;MODIFY;729.0;-1.0;Decreased;True;2019-08-03 00:29:57+00:00;False;58;51;3594;13e5bf3454c1b13fdbb0c583fe68a73238cdffa2;1;hsbt@ruby-lang.org;deivid.rodriguez@riseup.net
exec_spec.rb;MODIFY;729.0;0.0;Equal;True;2019-08-03 00:29:57+00:00;False;58;51;3594;05c3b7c8a9238186c4073f5ebb8c5ce6da7495f2;1;hsbt@ruby-lang.org;deivid.rodriguez@riseup.net
exec_spec.rb;MODIFY;729.0;0.0;Equal;True;2019-08-03 00:29:58+00:00;False;58;51;3594;fc42423b8df652e3f75436200e5bdfbacd167959;1;hsbt@ruby-lang.org;deivid.rodriguez@riseup.net
exec_spec.rb;MODIFY;729.0;0.0;Equal;True;2019-08-03 00:29:58+00:00;False;58;51;3590;31541d738924e714e9b580b33eb44608ea248486;5;hsbt@ruby-lang.org;deivid.rodriguez@riseup.net
exec_spec.rb;MODIFY;729.0;0.0;Equal;True;2019-08-03 00:30:00+00:00;False;58;51;3584;267a72be800da0ec47f441d7d8210dc6aec137af;9;hsbt@ruby-lang.org;deivid.rodriguez@riseup.net
exec_spec.rb;MODIFY;729.0;0.0;Equal;True;2019-08-03 00:30:00+00:00;False;58;51;3586;4c72ca195d17fdbcb656e67c1c6ee7f591d306f2;1;hsbt@ruby-lang.org;hsbt@ruby-lang.org
exec_spec.rb;MODIFY;729.0;0.0;Equal;True;2019-08-12 03:14:39+00:00;False;58;51;3588;ed9d59afc811ff738c4218a2edf71b3c9c49e370;2;hsbt@ruby-lang.org;hsbt@ruby-lang.org
exec_spec.rb;MODIFY;729.0;0.0;Decreased;True;2019-08-16 05:30:23+00:00;False;58;51;3574;7ff0b4fec4cbd763e9bb7be597b54217176a8d86;1;hsbt@ruby-lang.org;deivid.rodriguez@riseup.net
exec_spec.rb;MODIFY;729.0;0.0;Equal;True;2019-08-16 05:30:23+00:00;False;58;51;3588;ee1f3038f1657aa90d75e735e4262fe8d9b3d745;1;hsbt@ruby-lang.org;deivid.rodriguez@riseup.net
exec_spec.rb;MODIFY;729.0;0.0;Equal;True;2019-08-16 05:30:23+00:00;False;58;51;3574;5bff72c912099bc9ac866d0c699ad4a2945d5827;1;hsbt@ruby-lang.org;deivid.rodriguez@riseup.net
exec_spec.rb;MODIFY;730.0;1.0;Grew;True;2019-08-16 05:30:23+00:00;False;58;51;3586;6c6c4c7388c2f1c0f579de363bb0ec66ad851b5b;1;hsbt@ruby-lang.org;deivid.rodriguez@riseup.net
exec_spec.rb;MODIFY;729.0;-1.0;Equal;True;2019-08-16 05:30:23+00:00;False;58;51;3579;521a2d2beb945a2ce22b4788409f5fb475fea17a;3;hsbt@ruby-lang.org;deivid.rodriguez@riseup.net
exec_spec.rb;MODIFY;729.0;0.0;Equal;True;2019-08-17 08:08:49+00:00;False;58;51;3579;ef2d4158028ab253fbd4b27d3cd3ffb4df5bffb7;4;hsbt@ruby-lang.org;deivid.rodriguez@riseup.net
exec_spec.rb;MODIFY;724.0;-5.0;Decreased;True;2019-08-17 08:08:49+00:00;False;57;51;3557;7551117c70cdc33f4dd8a72a1a9151f23c73f902;3;hsbt@ruby-lang.org;deivid.rodriguez@riseup.net
exec_spec.rb;MODIFY;724.0;0.0;Equal;True;2019-08-18 04:45:15+00:00;False;57;51;3557;0653d8c6018dc9f52856c7b38188c88669be2c83;1;hsbt@ruby-lang.org;deivid.rodriguez@riseup.net
exec_spec.rb;MODIFY;723.0;-1.0;Decreased;True;2019-08-18 04:45:25+00:00;False;57;51;3547;5a69a23afcc39a87bf808f484fa476978a9a0b4d;1;hsbt@ruby-lang.org;deivid.rodriguez@riseup.net
exec_spec.rb;MODIFY;723.0;0.0;Equal;True;2019-08-20 00:46:31+00:00;False;57;51;3507;5a384e2c08704dc7af9d8d3bdfc475eb8c0723aa;25;takashikkbn@gmail.com;deivid.rodriguez@riseup.net
exec_spec.rb;MODIFY;723.0;0.0;Equal;True;2019-08-23 09:05:45+00:00;False;57;51;3505;d9b73dcc0d5e4c4613a89a1d58727b52bb5d1d10;2;hsbt@ruby-lang.org;hsbt@ruby-lang.org
exec_spec.rb;MODIFY;723.0;0.0;Equal;True;2019-11-11 09:56:25+00:00;False;57;51;3505;7585bc31877d4f9725f8de51b4a2faf47acb6f34;158;hsbt@ruby-lang.org;hsbt@ruby-lang.org
exec_spec.rb;MODIFY;728.0;5.0;Grew;True;2019-12-15 07:41:10+00:00;False;58;52;3521;38002a8adbd98266426940d829429a30af0622a4;146;hsbt@ruby-lang.org;hsbt@ruby-lang.org
exec_spec.rb;MODIFY;728.0;0.0;Equal;True;2019-12-15 07:41:10+00:00;False;58;52;3525;286cb3395f8be493b21d0bdf13bcf40fe5c3ab50;4;hsbt@ruby-lang.org;hsbt@ruby-lang.org
exec_spec.rb;MODIFY;733.0;5.0;Grew;True;2019-12-18 05:53:19+00:00;False;59;53;3548;efbc0d499c0dc5b74698418c76e58098c6c113e1;5;hsbt@ruby-lang.org;hsbt@ruby-lang.org
exec_spec.rb;MODIFY;739.0;6.0;Equal;True;2020-05-12 22:54:37+00:00;False;70;53;3655;cecd343336b127d84f1c84e39f30bcdade64703d;2;hsbt@ruby-lang.org;hsbt@ruby-lang.org
exec_spec.rb;MODIFY;739.0;0.0;Grew;True;2020-05-12 22:54:37+00:00;False;70;53;3645;0e60b59d5884edb8f9aea023efd9b24f1ff02049;226;hsbt@ruby-lang.org;hsbt@ruby-lang.org
exec_spec.rb;MODIFY;739.0;0.0;Equal;True;2020-05-12 22:54:37+00:00;False;70;53;3643;143872bf98b01926562839fbd7e352da588d62bd;2;hsbt@ruby-lang.org;hsbt@ruby-lang.org
exec_spec.rb;MODIFY;742.0;3.0;Grew;True;2020-05-22 11:32:30+00:00;False;71;53;3680;c7ebeb7eda9f7f6bbb48effe1efc026eeb64d09c;54;hsbt@ruby-lang.org;hsbt@ruby-lang.org
exec_spec.rb;MODIFY;758.0;16.0;Grew;True;2020-05-22 11:32:30+00:00;False;73;55;3752;1d889c96562e9619d2cab443da711e82daeb983c;13;hsbt@ruby-lang.org;hsbt@ruby-lang.org
exec_spec.rb;MODIFY;742.0;-16.0;Equal;True;2020-05-22 11:32:30+00:00;False;71;53;3698;26367367ec384c7c64d7293a5dc7296932b88692;14;hsbt@ruby-lang.org;hsbt@ruby-lang.org
exec_spec.rb;MODIFY;758.0;16.0;Equal;True;2020-05-22 11:32:30+00:00;False;73;55;3754;df5fd1d09c953284fcdef450e3c2a5e8474850d4;3;hsbt@ruby-lang.org;hsbt@ruby-lang.org
exec_spec.rb;MODIFY;759.0;1.0;Grew;True;2020-06-04 22:32:42+00:00;False;73;55;3749;e413e746afd20a7a0629c3e3c572d6d3dffc1c16;23;hsbt@ruby-lang.org;deivid.rodriguez@riseup.net
exec_spec.rb;MODIFY;759.0;0.0;Equal;True;2020-06-15 03:38:39+00:00;False;73;55;3731;094fb6ae0d1df90751a3d0a5c90f97cd96550f16;1;hsbt@ruby-lang.org;deivid.rodriguez@riseup.net
exec_spec.rb;MODIFY;759.0;0.0;Equal;True;2020-06-15 03:38:39+00:00;False;73;55;3733;117b504b98add70984313d96e9d4b67d74b10c8b;4;hsbt@ruby-lang.org;deivid.rodriguez@riseup.net
exec_spec.rb;MODIFY;759.0;0.0;Equal;True;2020-06-18 10:14:15+00:00;False;73;55;3731;cceb77f57b17a25a16b26a406f5ea7a89f275949;1;hsbt@ruby-lang.org;deivid.rodriguez@riseup.net
exec_spec.rb;MODIFY;758.0;-1.0;Equal;True;2020-06-18 10:14:15+00:00;False;73;55;3758;ea4824ee0ffcea5fcfacfe40b4f399efe310455a;13;hsbt@ruby-lang.org;deivid.rodriguez@riseup.net
exec_spec.rb;MODIFY;758.0;0.0;Decreased;True;2020-06-18 10:14:15+00:00;False;73;55;3758;61b6f53337cb71b35c56d480ec6044ba7e85cb71;61;hsbt@ruby-lang.org;deivid.rodriguez@riseup.net
exec_spec.rb;MODIFY;758.0;0.0;Equal;True;2020-06-18 10:14:15+00:00;False;73;55;3758;1436b5026cd1b2ac4b428955aeadaac8e8b12b1b;65;hsbt@ruby-lang.org;deivid.rodriguez@riseup.net
exec_spec.rb;MODIFY;758.0;0.0;Equal;True;2020-06-18 10:14:15+00:00;False;73;55;3758;696a50751bc3257e5a75b4f0eb89ccef7ec89363;45;hsbt@ruby-lang.org;deivid.rodriguez@riseup.net
exec_spec.rb;MODIFY;758.0;0.0;Equal;True;2020-07-15 07:05:12+00:00;False;69;55;3750;2fafc08aa34ddba39d0bfdb6e7c5de4f7bf7f55e;20;hsbt@ruby-lang.org;deivid.rodriguez@riseup.net
exec_spec.rb;MODIFY;793.0;35.0;Grew;True;2020-12-08 08:30:02+00:00;False;72;58;3919;473f9d2df0ddd7fdb5cc73fa3ad49b2f19f22b06;135;hsbt@ruby-lang.org;hsbt@ruby-lang.org
exec_spec.rb;MODIFY;821.0;28.0;Grew;True;2020-12-15 01:54:09+00:00;False;73;59;4045;2fa9f3c0322570dfb1672b49bc1f3306ef595131;27;hsbt@ruby-lang.org;hsbt@ruby-lang.org
exec_spec.rb;MODIFY;839.0;18.0;Grew;True;2020-12-23 01:17:41+00:00;False;74;60;4115;339227363ce0cf967fa17efa4489d823932ddabd;38;hsbt@ruby-lang.org;hsbt@ruby-lang.org
exec_spec.rb;MODIFY;839.0;0.0;Equal;True;2021-01-04 04:14:43+00:00;False;74;60;4115;69ed64949b0c02d4b195809fa104ff23dd100093;78;hsbt@ruby-lang.org;hsbt@ruby-lang.org
exec_spec.rb;MODIFY;909.0;70.0;Grew;True;2021-03-08 04:47:35+00:00;False;98;72;4591;53468cc11147b0d285fc376fc546b677dad600ca;161;hsbt@ruby-lang.org;deivid.rodriguez@riseup.net
exec_spec.rb;MODIFY;917.0;8.0;Grew;True;2021-07-14 01:48:07+00:00;False;99;73;4632;896bbb9fadd10e1ad06ff3fd7d0608acda01ac06;45;hsbt@ruby-lang.org;hsbt@ruby-lang.org
exec_spec.rb;MODIFY;940.0;23.0;Grew;True;2021-07-27 00:25:57+00:00;False;99;73;4929;2f9e0cf1819b8679abe79494f622e1a42d7e021d;43;hsbt@ruby-lang.org;mhmd.niknam@gmail.com
exec_spec.rb;MODIFY;940.0;0.0;Equal;True;2021-08-31 10:06:14+00:00;False;99;73;4905;0b4dbe2e6a0a0b27860fb6a509ff0429ece436c7;7;hsbt@ruby-lang.org;deivid.rodriguez@riseup.net
exec_spec.rb;MODIFY;940.0;0.0;Equal;True;2021-08-31 10:06:14+00:00;False;99;73;4901;81c06437629da422a7b6701a140b040af430b832;2;hsbt@ruby-lang.org;deivid.rodriguez@riseup.net
exec_spec.rb;MODIFY;963.0;23.0;Grew;True;2021-11-16 11:19:13+00:00;False;102;74;5016;f3bda8987ecf78aa260e697232876b35f83b67c3;30;hsbt@ruby-lang.org;hsbt@ruby-lang.org
exec_spec.rb;MODIFY;963.0;0.0;Equal;True;2021-12-15 09:05:18+00:00;False;102;74;5016;7e084ed707310139b351f6d30af435676422af62;14;hsbt@ruby-lang.org;hsbt@ruby-lang.org
exec_spec.rb;MODIFY;963.0;0.0;Equal;True;2021-12-17 07:35:17+00:00;False;102;74;5022;af4b4fd19b7972adc165e70e9d41ad7e14c9a235;3;svn-admin@ruby-lang.org;deivid.rodriguez@riseup.net
exec_spec.rb;MODIFY;966.0;3.0;Grew;True;2021-12-17 07:35:20+00:00;False;102;74;5024;8d29d1292b35ad524ce15f82177a2975da43432d;4;svn-admin@ruby-lang.org;deivid.rodriguez@riseup.net
exec_spec.rb;MODIFY;966.0;0.0;Decreased;True;2022-02-28 02:39:20+00:00;False;102;74;5030;ff3d7b720ec21e4856aac0b3c493bc78cbac83d4;20;hsbt@ruby-lang.org;hsbt@ruby-lang.org
exec_spec.rb;MODIFY;967.0;1.0;Grew;True;2023-02-21 10:28:12+00:00;False;102;74;5050;38fa8eb4cbdc3c470a1ff5521a5ee6932356c6b1;45;hsbt@ruby-lang.org;hsbt@ruby-lang.org
exec_spec.rb;MODIFY;987.0;20.0;Grew;True;2023-03-07 07:51:36+00:00;False;104;75;5156;72591eb73f589f135d7c1c1e07a98d3820001213;2;hsbt@ruby-lang.org;deivid.rodriguez@riseup.net
exec_spec.rb;MODIFY;987.0;0.0;Equal;True;2023-03-22 21:21:08+00:00;False;104;75;5146;348412c7fa0230925c3b1ffc94e64367273da42d;9;svn-admin@ruby-lang.org;nobu@ruby-lang.org
exec_spec.rb;MODIFY;987.0;0.0;Equal;True;2023-07-24 05:59:34+00:00;False;104;75;5144;0e7536bf490cf4b26cf075810e918a5840dbb08b;17;hsbt@ruby-lang.org;deivid.rodriguez@riseup.net
exec_spec.rb;MODIFY;987.0;0.0;Equal;True;2023-11-13 02:06:10+00:00;False;103;75;5132;50482cd1e5542f210565440bed7586821f774a29;24;hsbt@ruby-lang.org;deivid.rodriguez@riseup.net
exec_spec.rb;MODIFY;1002.0;15.0;Grew;True;2023-11-30 03:41:15+00:00;False;104;76;5223;62e2e1da920d15e755f1826b3703ca81366526d8;2;svn-admin@ruby-lang.org;segiddins@segiddins.me
exec_spec.rb;MODIFY;1002.0;0.0;Equal;True;2023-12-07 22:29:33+00:00;False;104;76;5184;2755cb1b2fbc4a5f08ca56345b5945bd452da74e;262;svn-admin@ruby-lang.org;deivid.rodriguez@riseup.net
exec_spec.rb;MODIFY;1001.0;-1.0;Decreased;True;2024-02-15 09:42:31+00:00;False;104;76;5176;92eab382e40ae5d853ab3d84940336e407d58754;3;mame@ruby-lang.org;mame@ruby-lang.org
exec_spec.rb;MODIFY;1001.0;0.0;Equal;True;2024-03-22 13:14:42+00:00;False;104;76;5180;7b3ef370f84cd0a2e7a8d3ce8717ae6dfa49319e;13;svn-admin@ruby-lang.org;deivid.rodriguez@riseup.net
exec_spec.rb;MODIFY;1001.0;0.0;Equal;True;2024-05-24 15:02:30+00:00;False;104;76;5176;744dd5a362eca2000eadb1873e7c0118aef97fe4;10;svn-admin@ruby-lang.org;deivid.rodriguez@riseup.net
exec_spec.rb;MODIFY;1002.0;1.0;Grew;True;2024-06-25 14:32:20+00:00;False;105;76;5193;b88ac94eec96c05ae230e37ca4c59ac236340082;3;svn-admin@ruby-lang.org;thomas@thomasmarshall.com
exec_spec.rb;MODIFY;990.0;-12.0;Decreased;True;2024-06-28 14:12:29+00:00;False;105;76;4812;98c923ff4bbeeb4a8f9f63ea2695a38471da42c2;120;noreply@github.com;deivid.rodriguez@riseup.net
exec_spec.rb;MODIFY;1005.0;15.0;Grew;True;2024-07-23 19:43:26+00:00;False;106;77;4850;e7610582ad8fd05655221b183257ed358c903ac8;2;svn-admin@ruby-lang.org;deivid.rodriguez@riseup.net
exec_spec.rb;MODIFY;1005.0;0.0;Equal;True;2024-07-24 05:04:13+00:00;False;106;77;4854;f2f9d6ce49aaee6b6414c8442082166cf733ab00;1;nobu@ruby-lang.org;nobu@ruby-lang.org
exec_spec.rb;MODIFY;1002.0;-3.0;Decreased;True;2024-10-04 20:01:51+00:00;False;105;77;4839;db6e6155d673931d1ae6b962664684c4fe4937e6;7;svn-admin@ruby-lang.org;segiddins@segiddins.me
exec_spec.rb;MODIFY;1012.0;10.0;Grew;True;2024-10-23 08:52:46+00:00;False;106;78;4894;b843d4ee148c70a77b992291e226d23dc981368b;2;svn-admin@ruby-lang.org;deivid.rodriguez@riseup.net
exec_spec.rb;MODIFY;1011.0;-1.0;Decreased;True;2024-11-21 10:29:32+00:00;False;106;78;4887;42b0d4641699fb8effa3db46d6673a481f557ef1;1;svn-admin@ruby-lang.org;wjxa20152015@gmail.com
exec_spec.rb;MODIFY;987.0;-24.0;Equal;True;2024-11-29 15:29:32+00:00;False;104;77;4746;d2e5994161795272d2cb207044156e8f0c40a95f;1;svn-admin@ruby-lang.org;deivid.rodriguez@riseup.net
exec_spec.rb;MODIFY;987.0;0.0;Decreased;True;2024-11-29 15:29:32+00:00;False;104;77;4746;8b7516438100ff379e92ebc2b524cb9c16f3392c;1;svn-admin@ruby-lang.org;deivid.rodriguez@riseup.net
exec_spec.rb;MODIFY;1003.0;16.0;Grew;True;2024-11-29 15:29:33+00:00;False;106;78;4829;73c4023c2df59c996f948bad4715349a167da254;1;svn-admin@ruby-lang.org;deivid.rodriguez@riseup.net
