file_name;change_type;n_loc;lines_balance;size_change;is_large;date;swapped_classification;complexity;methods;tokens;hash;files_on_commit;committer_email;author_email
prepend_spec.rb;MODIFY;310;0.0;Grew;False;2018-03-26 20:48:21+00:00;False;76;76;1776;9245e097ecf201f0f5eaeff307b1403d97c2318b;7;eregon@b2dd03c8-39d4-4d8f-98ff-823fe69b080e;eregon@b2dd03c8-39d4-4d8f-98ff-823fe69b080e
prepend_spec.rb;MODIFY;308;-2.0;Decreased;False;2018-04-28 19:50:06+00:00;False;76;76;1772;4fbb9aa3cb6c31ec128bfb31f59efa66d66adba4;145;eregon@b2dd03c8-39d4-4d8f-98ff-823fe69b080e;eregon@b2dd03c8-39d4-4d8f-98ff-823fe69b080e
prepend_spec.rb;MODIFY;313;5.0;Grew;False;2020-06-03 16:50:37+00:00;False;77;77;1877;98286e9850936e27e8ae5e4f20858cc9c13d2dde;9;code@jeremyevans.net;code@jeremyevans.net
prepend_spec.rb;MODIFY;313;0.0;Equal;False;2020-09-15 19:56:00+00:00;False;77;77;1877;1af0319fc88688bc5dd5e49eecdb8b534ead9991;147;eregontp@gmail.com;eregontp@gmail.com
prepend_spec.rb;MODIFY;476;163.0;Grew;False;2021-06-02 12:34:07+00:00;False;101;101;2427;22e2a6a999b958efe5d84d9c7314e450fda82254;66;eregontp@gmail.com;eregontp@gmail.com
prepend_spec.rb;MODIFY;637;161.0;Grew;False;2021-07-29 20:11:21+00:00;False;117;117;2875;6998d758248d778fa95b008c78d05473e48b8428;186;eregontp@gmail.com;eregontp@gmail.com
prepend_spec.rb;MODIFY;637;0.0;Equal;False;2022-01-10 15:29:54+00:00;False;117;117;2875;4053e8ba0d39b688440fedee2ab3fffabcd64312;42;eregontp@gmail.com;eregontp@gmail.com
prepend_spec.rb;MODIFY;630;-7.0;Decreased;False;2023-06-26 13:55:11+00:00;False;116;116;2807;515bd4214497b3af02f6eef51b496ad9a0cf6b3b;428;eregontp@gmail.com;eregontp@gmail.com
prepend_spec.rb;MODIFY;639;9.0;Grew;False;2024-02-05 15:29:57+00:00;False;117;117;2873;40642cd3bc581d3bb402ea5e8e61cdfb868b4f68;85;eregontp@gmail.com;eregontp@gmail.com
prepend_spec.rb;MODIFY;665;26.0;Grew;True;2024-02-12 09:56:33+00:00;True;119;119;3061;b19d2409be0b7bac65e6e54cfb3bedc61419ec01;152;eregontp@gmail.com;eregontp@gmail.com
prepend_spec.rb;MODIFY;706;41.0;Grew;True;2024-05-19 03:08:05+00:00;False;123;123;3209;ad636033e2fdafb417873a3cb8667351033307b1;31;kj@kjtsanaktsidis.id.au;andry.konchin@gmail.com
