file_name;change_type;n_loc;lines_balance;size_change;is_large;date;swapped_classification;complexity;methods;tokens;hash;files_on_commit;committer_email;author_email
tables.rb;ADD;1146.0;0.0;Equal;True;2014-10-21 08:12:20+00:00;True;not calculated;0;43528;5c27164d594997ae91442f46cbab4eace69a17f0;3;duerst@b2dd03c8-39d4-4d8f-98ff-823fe69b080e;duerst@b2dd03c8-39d4-4d8f-98ff-823fe69b080e
tables.rb;DELETE;not calculated;0.0;Equal;False;2014-10-21 13:48:05+00:00;True;not calculated;0;not calculated;696141dab4fc3d0da94173b38d65f68ec4caf1ab;2;nobu@b2dd03c8-39d4-4d8f-98ff-823fe69b080e;nobu@b2dd03c8-39d4-4d8f-98ff-823fe69b080e
tables.rb;ADD;1154.0;0.0;Equal;True;2014-11-11 17:41:53+00:00;True;not calculated;0;43547;b65b392e9619d962e5474a35673ec75637990168;3;nobu@b2dd03c8-39d4-4d8f-98ff-823fe69b080e;nobu@b2dd03c8-39d4-4d8f-98ff-823fe69b080e
tables.rb;MODIFY;1150.0;-4.0;Decreased;True;2015-09-29 07:54:05+00:00;False;not calculated;0;30175;1fb502caca35b300fe6f852a89b4bef6bf73ad97;3;duerst@b2dd03c8-39d4-4d8f-98ff-823fe69b080e;duerst@b2dd03c8-39d4-4d8f-98ff-823fe69b080e
tables.rb;MODIFY;1150.0;0.0;Equal;True;2015-09-29 08:00:36+00:00;False;not calculated;0;30175;a136301deaff79f0100db389ef27b81da48f7556;2;nobu@b2dd03c8-39d4-4d8f-98ff-823fe69b080e;nobu@b2dd03c8-39d4-4d8f-98ff-823fe69b080e
tables.rb;MODIFY;1150.0;0.0;Equal;True;2015-10-02 00:20:23+00:00;False;not calculated;0;30199;ae8c13f517eeae8234247aa244d0a271f819dd6a;3;duerst@b2dd03c8-39d4-4d8f-98ff-823fe69b080e;duerst@b2dd03c8-39d4-4d8f-98ff-823fe69b080e
tables.rb;MODIFY;1150.0;0.0;Equal;True;2015-11-10 11:48:14+00:00;False;not calculated;0;30199;68ebbbfebe5b666cf76ab41f1e6191a172d62690;17;akr@b2dd03c8-39d4-4d8f-98ff-823fe69b080e;akr@b2dd03c8-39d4-4d8f-98ff-823fe69b080e
tables.rb;MODIFY;1149.0;-1.0;Decreased;True;2016-07-19 09:21:18+00:00;False;not calculated;0;30196;306b64bd1a05473319ca57e543e53dc56dca4c1c;2;duerst@b2dd03c8-39d4-4d8f-98ff-823fe69b080e;duerst@b2dd03c8-39d4-4d8f-98ff-823fe69b080e
tables.rb;MODIFY;1150.0;1.0;Grew;True;2016-07-20 15:58:59+00:00;False;not calculated;0;30199;14a145095f2798fe97e19675dba14872aa14f029;2;kazu@b2dd03c8-39d4-4d8f-98ff-823fe69b080e;kazu@b2dd03c8-39d4-4d8f-98ff-823fe69b080e
tables.rb;MODIFY;1149.0;-1.0;Decreased;True;2016-07-20 16:00:12+00:00;False;not calculated;0;30196;f477d5e27a405d88bdb470be13c875c1aefb0bed;1;kazu@b2dd03c8-39d4-4d8f-98ff-823fe69b080e;kazu@b2dd03c8-39d4-4d8f-98ff-823fe69b080e
tables.rb;MODIFY;1158.0;9.0;Grew;True;2016-09-07 08:13:08+00:00;False;not calculated;0;30454;d25e478e9191d57d2244f8bbce3119c88c812047;5;duerst@b2dd03c8-39d4-4d8f-98ff-823fe69b080e;duerst@b2dd03c8-39d4-4d8f-98ff-823fe69b080e
tables.rb;MODIFY;1158.0;0.0;Equal;True;2017-04-12 18:07:32+00:00;False;not calculated;0;30454;0c10564dd9e069f99bdb5e6e69dc915b0f280628;3;stomar@b2dd03c8-39d4-4d8f-98ff-823fe69b080e;stomar@b2dd03c8-39d4-4d8f-98ff-823fe69b080e
tables.rb;MODIFY;1161.0;3.0;Grew;True;2017-09-06 07:56:41+00:00;False;not calculated;0;30504;04547c7dc00a425692181130e3e771fdde04e8ad;4;duerst@b2dd03c8-39d4-4d8f-98ff-823fe69b080e;duerst@b2dd03c8-39d4-4d8f-98ff-823fe69b080e
tables.rb;MODIFY;1165.0;4.0;Grew;True;2018-10-16 07:01:55+00:00;False;not calculated;0;30598;33b5c610a6f94853be2557594feb861b90508f56;6;duerst@b2dd03c8-39d4-4d8f-98ff-823fe69b080e;duerst@b2dd03c8-39d4-4d8f-98ff-823fe69b080e
tables.rb;MODIFY;1161.0;-4.0;Decreased;True;2018-10-16 07:53:37+00:00;False;not calculated;0;30504;a5818630f8f13ee1b52a45f9e3d14caf9c4b55c9;6;duerst@b2dd03c8-39d4-4d8f-98ff-823fe69b080e;duerst@b2dd03c8-39d4-4d8f-98ff-823fe69b080e
tables.rb;MODIFY;1165.0;4.0;Grew;True;2018-12-05 08:10:24+00:00;False;not calculated;0;30598;66a6073859ac6ae2143a9d72162efedece7e1348;6;duerst@b2dd03c8-39d4-4d8f-98ff-823fe69b080e;duerst@b2dd03c8-39d4-4d8f-98ff-823fe69b080e
tables.rb;MODIFY;1166.0;1.0;Grew;True;2019-03-06 01:55:19+00:00;False;not calculated;0;30654;cff7eefa07f8e7bccb5c0b8c856e5657d6d45ffa;4;duerst@b2dd03c8-39d4-4d8f-98ff-823fe69b080e;duerst@b2dd03c8-39d4-4d8f-98ff-823fe69b080e
tables.rb;MODIFY;9030.0;7864.0;Grew;True;2019-04-04 23:40:48+00:00;False;not calculated;0;33188;c604219e8d79f4a224e446a4aa19711155070ef8;2;duerst@b2dd03c8-39d4-4d8f-98ff-823fe69b080e;duerst@b2dd03c8-39d4-4d8f-98ff-823fe69b080e
tables.rb;MODIFY;9030.0;0.0;Equal;True;2019-04-05 00:58:51+00:00;False;not calculated;0;33190;7fe64d17d3cd455a3f014d6f756cb201320f7f9a;6;duerst@b2dd03c8-39d4-4d8f-98ff-823fe69b080e;duerst@b2dd03c8-39d4-4d8f-98ff-823fe69b080e
tables.rb;MODIFY;9066.0;36.0;Grew;True;2021-07-08 05:45:03+00:00;False;not calculated;0;33308;99cd0e1f79186f7beb15d8a1f3c9f030d5d07de0;1;duerst@it.aoyama.ac.jp;duerst@it.aoyama.ac.jp
tables.rb;MODIFY;9173.0;107.0;Grew;True;2022-03-13 00:19:52+00:00;False;not calculated;0;33720;45e0711f29f9ce65cd34ad14e3af1546ccc7252e;4;duerst@it.aoyama.ac.jp;duerst@it.aoyama.ac.jp
tables.rb;MODIFY;9250.0;77.0;Grew;True;2022-12-06 01:11:33+00:00;False;not calculated;0;34018;156069d7b6a44656e1155ba8f39dbda3be9d6724;1;duerst@it.aoyama.ac.jp;duerst@it.aoyama.ac.jp
