file_name;change_type;n_loc;lines_balance;size_change;is_large;date;swapped_classification;complexity;methods;tokens;hash;files_on_commit;committer_email;author_email
test_key_actor_emacs.rb;ADD;1112;0.0;Equal;True;2019-04-30 02:44:20+00:00;True;55;54;4559;17350c7e5534c8678097d70698fe08614a6c3997;26;aycabta@gmail.com;aycabta@gmail.com
test_key_actor_emacs.rb;MODIFY;1135;23.0;Grew;True;2019-05-12 08:25:28+00:00;False;56;55;4654;b1767e56b158d8307412a0928a7ac2366541429d;1;aycabta@gmail.com;aycabta@gmail.com
test_key_actor_emacs.rb;MODIFY;1112;-23.0;Decreased;True;2019-05-12 11:43:38+00:00;False;55;54;4559;fc57e10569614caf5efc5b7fe18e6c76fafbb2e9;1;aycabta@gmail.com;aycabta@gmail.com
test_key_actor_emacs.rb;MODIFY;1111;-1.0;Decreased;True;2019-05-12 15:31:32+00:00;False;55;54;4563;33bce2585ffacd8cf762972da7ca7a99d804989f;2;aycabta@gmail.com;aycabta@gmail.com
test_key_actor_emacs.rb;MODIFY;1123;12.0;Grew;True;2019-05-12 16:51:05+00:00;False;56;55;4609;bb56b899009828d567062fa5b9dd0af9f927cd32;3;aycabta@gmail.com;aycabta@gmail.com
test_key_actor_emacs.rb;MODIFY;1128;5.0;Grew;True;2019-05-14 05:53:34+00:00;False;56;55;4638;1e65196b54644c5a8fe53c98643ab7e87dfb87c0;2;aycabta@gmail.com;aycabta@gmail.com
test_key_actor_emacs.rb;MODIFY;1152;24.0;Grew;True;2019-05-21 08:46:41+00:00;False;56;55;4743;6d93baaedd0e9819d4ddb6637b2d3d539f1fa210;3;aycabta@gmail.com;aycabta@gmail.com
test_key_actor_emacs.rb;MODIFY;1153;1.0;Grew;True;2019-05-21 18:12:37+00:00;False;56;55;4749;ca435ed04ae15607c598808473c59dd7c83debc1;2;aycabta@gmail.com;aycabta@gmail.com
test_key_actor_emacs.rb;MODIFY;1152;-1.0;Decreased;True;2019-05-27 23:38:55+00:00;False;56;55;4739;57b4df07bc1e863c48a3b0f4c3185de431454695;4;aycabta@gmail.com;aycabta@gmail.com
test_key_actor_emacs.rb;MODIFY;1152;0.0;Equal;True;2019-05-28 20:53:44+00:00;False;56;55;4740;3b7862c8e88cd7838a53ec083ac5733386400956;3;aycabta@gmail.com;aycabta@gmail.com
test_key_actor_emacs.rb;MODIFY;1178;26.0;Grew;True;2019-05-28 20:58:33+00:00;False;58;56;4842;c67934b1c3b40dda5f170b032423e520511c68dd;2;aycabta@gmail.com;aycabta@gmail.com
test_key_actor_emacs.rb;MODIFY;1152;-26.0;Decreased;True;2019-05-29 00:05:26+00:00;False;56;55;4739;98ba116d402e7c255dae78ce43b76723a56c4cb7;4;takashikkbn@gmail.com;takashikkbn@gmail.com
test_key_actor_emacs.rb;MODIFY;1179;27.0;Grew;True;2019-05-29 01:04:58+00:00;False;58;56;4850;3f132979236f4aa42e3347a920123ce271a1e695;2;aycabta@gmail.com;aycabta@gmail.com
test_key_actor_emacs.rb;MODIFY;1189;10.0;Grew;True;2019-06-02 18:29:34+00:00;False;59;57;4887;3428922437a31b644cffcabd33fd9353e68f88c8;5;aycabta@gmail.com;aycabta@gmail.com
test_key_actor_emacs.rb;MODIFY;1201;12.0;Grew;True;2019-06-02 19:17:52+00:00;False;60;58;4930;182072b2118ed3d1100303e3c67f54a3ee3d4c33;2;aycabta@gmail.com;aycabta@gmail.com
test_key_actor_emacs.rb;MODIFY;1242;41.0;Grew;True;2019-06-03 22:23:36+00:00;False;61;59;5109;4b7213a85a6700657b825f8f127ce83a3070bf1d;4;aycabta@gmail.com;aycabta@gmail.com
test_key_actor_emacs.rb;MODIFY;1283;41.0;Grew;True;2019-06-05 19:25:16+00:00;False;62;60;5288;eadc06ba1664102da07ec08aeca6c3e1eccc4e96;1;aycabta@gmail.com;aycabta@gmail.com
test_key_actor_emacs.rb;MODIFY;1357;74.0;Grew;True;2019-06-05 19:57:52+00:00;False;64;62;5602;02880d1f4a9ebd1c0a807376fcb25ccd908334b4;2;aycabta@gmail.com;aycabta@gmail.com
test_key_actor_emacs.rb;MODIFY;1357;0.0;Equal;True;2019-07-14 15:33:16+00:00;False;64;62;5602;04e6b90d5be8f13344066de0d64ba11020e2c094;2;aycabta@gmail.com;manga.osyo@gmail.com
test_key_actor_emacs.rb;MODIFY;1366;9.0;Grew;True;2019-08-17 22:43:19+00:00;False;65;63;5645;e9f82585eed414ff090d9ef7b667d0f3c1561a01;2;aycabta@gmail.com;XrXr@users.noreply.github.com
test_key_actor_emacs.rb;MODIFY;1397;31.0;Grew;True;2019-11-15 07:50:40+00:00;False;66;64;5810;fa7618e4c1b382cb5863161017ef89116af3e24f;4;aycabta@gmail.com;aycabta@gmail.com
test_key_actor_emacs.rb;MODIFY;1424;27.0;Grew;True;2019-12-01 14:54:57+00:00;False;67;65;5903;8cb3f29abf9290838bdc3b9904868c78752427e8;2;aycabta@gmail.com;aycabta@gmail.com
test_key_actor_emacs.rb;MODIFY;1423;-1.0;Decreased;True;2019-12-01 15:03:59+00:00;False;67;65;5902;7f0d51704a5cb789c16a6c05db455469f0b2601d;1;aycabta@gmail.com;aycabta@gmail.com
test_key_actor_emacs.rb;MODIFY;1444;21.0;Grew;True;2019-12-01 18:09:41+00:00;False;68;66;5974;e15b0313a78a6f381720cf362a1a94bda49f62ff;2;aycabta@gmail.com;aycabta@gmail.com
test_key_actor_emacs.rb;MODIFY;1465;21.0;Grew;True;2019-12-01 19:18:22+00:00;False;69;67;6046;103b04128f4e40b87bb9c7fb2916d2a800bfd94f;2;aycabta@gmail.com;aycabta@gmail.com
test_key_actor_emacs.rb;MODIFY;1501;36.0;Grew;True;2019-12-02 16:39:59+00:00;False;70;68;6178;a92560132b1bff6a01782cfeacd62756b4b34d21;3;aycabta@gmail.com;aycabta@gmail.com
test_key_actor_emacs.rb;MODIFY;1551;50.0;Grew;True;2019-12-09 22:07:43+00:00;False;71;69;6402;6a22b2a091eda81a473eb1b0cc69fe0792560e27;3;aycabta@gmail.com;aycabta@gmail.com
test_key_actor_emacs.rb;MODIFY;1595;44.0;Grew;True;2019-12-11 23:40:50+00:00;False;72;70;6596;7d991a0571ab33f44c00fdc227f076d1eaf5fb2b;2;aycabta@gmail.com;aycabta@gmail.com
test_key_actor_emacs.rb;MODIFY;1660;65.0;Grew;True;2019-12-12 23:54:22+00:00;False;73;71;6945;c2dfc6d869979124a46fb0c5404956891c27575f;2;aycabta@gmail.com;aycabta@gmail.com
test_key_actor_emacs.rb;MODIFY;1687;27.0;Grew;True;2019-12-17 04:07:19+00:00;False;74;72;7041;a14a0244b48c422e392547b198af6fb57f7ca568;4;aycabta@gmail.com;aycabta@gmail.com
test_key_actor_emacs.rb;MODIFY;1749;62.0;Grew;True;2019-12-17 04:10:39+00:00;False;76;74;7265;618d09115185efa05f6948247d86087f4aa96118;2;aycabta@gmail.com;aycabta@gmail.com
test_key_actor_emacs.rb;MODIFY;1785;36.0;Grew;True;2019-12-24 09:34:43+00:00;False;77;75;7444;42e2a322f100c7c798fcfbcbbfe0b4cdaf3f5855;3;aycabta@gmail.com;aycabta@gmail.com
test_key_actor_emacs.rb;MODIFY;1815;30.0;Grew;True;2019-12-27 07:07:52+00:00;False;78;76;7570;4db898284db1f02829abf412ae4f584220a2bcba;1;aycabta@gmail.com;aycabta@gmail.com
test_key_actor_emacs.rb;MODIFY;1845;30.0;Grew;True;2020-01-05 16:20:24+00:00;False;79;77;7696;439e1ccd088a2b8d7b965a46db0212db24b40fc4;2;aycabta@gmail.com;aycabta@gmail.com
test_key_actor_emacs.rb;MODIFY;1845;0.0;Equal;True;2020-01-14 06:40:38+00:00;False;79;77;7699;f8ea2860b0cac1aec79978e6c44168802958e8af;10;aycabta@gmail.com;aycabta@gmail.com
test_key_actor_emacs.rb;MODIFY;1853;8.0;Grew;True;2020-03-26 08:41:21+00:00;False;80;78;7752;f245fb1ab8d893a89c8749a703efea0b16353028;3;aycabta@gmail.com;aycabta@gmail.com
test_key_actor_emacs.rb;MODIFY;1860;7.0;Grew;True;2020-03-27 10:04:03+00:00;False;81;78;7776;3486a460ea3e450982a6aee7456e5128c7aa1f0e;1;nobu@ruby-lang.org;nobu@ruby-lang.org
test_key_actor_emacs.rb;MODIFY;1860;0.0;Equal;True;2020-04-18 14:11:45+00:00;False;81;78;7776;1e4efbb6d3e1794222703c2df2b0bb69bc4956cc;1;aycabta@gmail.com;aycabta@gmail.com
test_key_actor_emacs.rb;MODIFY;1923;63.0;Grew;True;2020-04-18 14:12:52+00:00;False;84;81;8040;bea3e31e5f8b85f0665b94312418f97e71c14fc6;2;aycabta@gmail.com;aycabta@gmail.com
test_key_actor_emacs.rb;MODIFY;1993;70.0;Grew;True;2020-04-18 14:12:52+00:00;False;86;83;8362;db0d850d4eac5577104e6d0f22950d97f53c5a13;2;aycabta@gmail.com;aycabta@gmail.com
test_key_actor_emacs.rb;MODIFY;2022;29.0;Grew;True;2020-12-04 17:58:58+00:00;False;87;84;8488;4af2e4111b0e351464a62c73e4ea0ef8b27c43f5;2;aycabta@gmail.com;aycabta@gmail.com
test_key_actor_emacs.rb;MODIFY;2041;19.0;Grew;True;2020-12-04 17:58:58+00:00;False;88;85;8575;564aadce626ff8dc94784d909d2a9c7bcd27b427;2;aycabta@gmail.com;aycabta@gmail.com
test_key_actor_emacs.rb;MODIFY;2097;56.0;Grew;True;2020-12-11 14:08:06+00:00;False;90;87;8787;68d3952c52de3b7cf4aba10d61085244f1bf449b;2;aycabta@gmail.com;mariimaizumi5@gmail.com
test_key_actor_emacs.rb;MODIFY;2097;0.0;Equal;True;2020-12-11 14:14:36+00:00;False;90;87;8787;eea756ac861dc7d4a1de67741c8730cb3ca868ca;2;nobu@ruby-lang.org;nobu@ruby-lang.org
test_key_actor_emacs.rb;MODIFY;2114;17.0;Grew;True;2020-12-18 17:12:11+00:00;False;91;88;8856;af2c81e10c15c267611e59f11b7152545c617826;3;aycabta@gmail.com;aycabta@gmail.com
test_key_actor_emacs.rb;MODIFY;2131;17.0;Grew;True;2020-12-18 17:12:11+00:00;False;92;89;8925;d4257c6152ac9ad5179eb77d6e68942a5b9c011f;2;aycabta@gmail.com;aycabta@gmail.com
test_key_actor_emacs.rb;MODIFY;2160;29.0;Grew;True;2020-12-22 14:45:43+00:00;False;93;90;9037;b52bc4a9c29e80e10b7e64dbebd97117916d3982;3;aycabta@gmail.com;aycabta@gmail.com
test_key_actor_emacs.rb;MODIFY;2205;45.0;Grew;True;2021-01-12 16:12:54+00:00;False;94;91;9274;44817db28bfc9a426732977893229e018687919d;3;aycabta@gmail.com;aycabta@gmail.com
test_key_actor_emacs.rb;MODIFY;2212;7.0;Grew;True;2021-02-20 21:41:03+00:00;False;95;92;9297;dc9e33016c289f54407239b58e3e4669fdd442ad;2;aycabta@gmail.com;aycabta@gmail.com
test_key_actor_emacs.rb;MODIFY;2188;-24.0;Decreased;True;2021-06-21 08:58:49+00:00;False;95;92;9192;cf6f686d299d7b2f54512b985f0f4540ebcbe71a;1;aycabta@gmail.com;aycabta@gmail.com
test_key_actor_emacs.rb;MODIFY;2191;3.0;Grew;True;2021-06-21 13:12:14+00:00;False;96;93;9198;af19f9a6e9525b062ce3788f7120a8b72f737c6d;7;aycabta@gmail.com;aycabta@gmail.com
test_key_actor_emacs.rb;MODIFY;2191;0.0;Equal;True;2021-06-21 13:12:14+00:00;False;95;93;9198;1192393b3ed0952705e0faa476d84d757c50f1ce;8;aycabta@gmail.com;aycabta@gmail.com
test_key_actor_emacs.rb;MODIFY;2191;0.0;Equal;True;2021-06-25 08:42:45+00:00;False;97;93;9207;d340b091a82461b039cdfb9ba9c7ffee0ec89f0a;1;aycabta@gmail.com;mariimaizumi5@gmail.com
test_key_actor_emacs.rb;MODIFY;2191;0.0;Equal;True;2021-06-25 08:42:45+00:00;False;95;93;9198;9103c3ba8bc09f287f69ca322f58faa34e003f2e;1;aycabta@gmail.com;aycabta@gmail.com
test_key_actor_emacs.rb;MODIFY;2191;0.0;Equal;True;2021-06-25 09:56:46+00:00;False;97;93;9207;5ffb313ccc5d5a25eb8114332093fbdd20850411;1;aycabta@gmail.com;aycabta@gmail.com
test_key_actor_emacs.rb;MODIFY;2191;0.0;Equal;True;2021-07-29 17:27:02+00:00;False;97;93;9223;5313d234e01b5f34f969be265ec2cea7e921f9ae;1;aycabta@gmail.com;aycabta@gmail.com
test_key_actor_emacs.rb;MODIFY;2192;1.0;Grew;True;2021-08-29 17:37:23+00:00;False;97;93;9228;24a26db795e39bde48904088982cfc5e793b3b10;1;aycabta@gmail.com;aycabta@gmail.com
test_key_actor_emacs.rb;MODIFY;2198;6.0;Grew;True;2021-09-28 05:15:49+00:00;False;98;94;9249;c4acde8959c898f4ed50bd8b76f4a026397cbc8b;2;svn-admin@ruby-lang.org;aycabta@gmail.com
test_key_actor_emacs.rb;MODIFY;2211;13.0;Grew;True;2021-09-29 13:07:49+00:00;False;99;95;9300;5eb8b6d1bd1b711a47541de41a2747af82cb0aea;2;svn-admin@ruby-lang.org;aycabta@gmail.com
test_key_actor_emacs.rb;MODIFY;2226;15.0;Grew;True;2021-12-23 15:51:48+00:00;False;100;96;9359;547c27e9e7a37496f1c9cec5de463a3e5d288f4f;1;svn-admin@ruby-lang.org;aycabta@gmail.com
test_key_actor_emacs.rb;MODIFY;2226;0.0;Equal;True;2021-12-24 06:01:17+00:00;False;100;96;9359;424800f70711433534d9669cb891dc828e7c7001;2;svn-admin@ruby-lang.org;mame@ruby-lang.org
test_key_actor_emacs.rb;MODIFY;2226;0.0;Equal;True;2021-12-24 09:23:28+00:00;False;100;96;9403;bad1e153d485cf7b68981a78e78e23c3f118c5a8;2;aycabta@gmail.com;aycabta@gmail.com
test_key_actor_emacs.rb;MODIFY;2199;-27.0;Decreased;True;2021-12-24 09:23:28+00:00;False;99;95;9248;9de42d3b347a2576eba81676cab6027b3c03dda7;2;aycabta@gmail.com;aycabta@gmail.com
test_key_actor_emacs.rb;MODIFY;2247;48.0;Grew;True;2021-12-30 11:23:58+00:00;False;101;97;9488;f589242e750939eecf2a140fa3182dc5e387f157;2;svn-admin@ruby-lang.org;mariimaizumi5@gmail.com
test_key_actor_emacs.rb;MODIFY;2269;22.0;Grew;True;2023-04-04 23:59:12+00:00;False;104;100;9591;52ff2ce9da2958cd59d93a063b24345c4110c65c;2;hsbt@ruby-lang.org;etienne.barrie@gmail.com
test_key_actor_emacs.rb;MODIFY;2269;0.0;Equal;True;2023-07-07 17:27:25+00:00;False;104;100;9596;24d9e21f84eced634b3e443ada2a57621b2b4b9b;15;svn-admin@ruby-lang.org;stan001212@gmail.com
test_key_actor_emacs.rb;MODIFY;2269;0.0;Equal;True;2024-03-19 14:17:26+00:00;False;104;100;9600;d7bc6f0effa1531a12b5c6b6286805854ed9d094;11;svn-admin@ruby-lang.org;tomoyapenguin@gmail.com
test_key_actor_emacs.rb;MODIFY;1275;-994.0;Decreased;True;2024-03-24 10:45:32+00:00;False;104;100;6400;b03705dbaf80ae445ab9fa38b52e7f7ac0b6829a;3;svn-admin@ruby-lang.org;tomoyapenguin@gmail.com
test_key_actor_emacs.rb;MODIFY;1275;0.0;Equal;True;2024-04-04 08:18:47+00:00;False;104;100;6412;8088c88d01a0c35ee4ce833fa8ab054d4cc6bc95;6;hsbt@ruby-lang.org;tomoyapenguin@gmail.com
test_key_actor_emacs.rb;MODIFY;1319;44.0;Grew;True;2024-04-14 09:13:20+00:00;False;108;102;6600;76b10f2ee1bbc962f2b7f178b7dddb30985d56f7;3;svn-admin@ruby-lang.org;mjgiarlo@stanford.edu
test_key_actor_emacs.rb;MODIFY;1325;6.0;Grew;True;2024-04-14 14:28:15+00:00;False;109;103;6621;1648c4436e67ea9653c247087bf349bd431f5146;3;svn-admin@ruby-lang.org;tomoyapenguin@gmail.com
test_key_actor_emacs.rb;MODIFY;1329;4.0;Grew;True;2024-04-16 11:58:49+00:00;False;110;104;6641;639449fe8d2493576faa764b1766ff2bc9c154ed;3;svn-admin@ruby-lang.org;mariimaizumi5@gmail.com
test_key_actor_emacs.rb;MODIFY;1326;-3.0;Decreased;True;2024-05-05 07:09:52+00:00;False;108;103;6631;d679afe9f96f73aac22b5d7c3a3f1e0ac50d0632;4;svn-admin@ruby-lang.org;tomoyapenguin@gmail.com
test_key_actor_emacs.rb;MODIFY;1390;64.0;Grew;True;2024-05-14 01:58:31+00:00;False;112;107;6991;9d01f657b30f51f60ac6dec7fb47d13549d26bcd;4;svn-admin@ruby-lang.org;mariimaizumi5@gmail.com
test_key_actor_emacs.rb;MODIFY;1480;90.0;Grew;True;2024-05-27 16:38:22+00:00;False;116;111;7520;7c6e4bc7ca8a25de801db49eae9cad0c9edb29c0;4;svn-admin@ruby-lang.org;verdy.ir.89@gmail.com
test_key_actor_emacs.rb;MODIFY;1480;0.0;Equal;True;2024-06-03 13:15:05+00:00;False;116;111;7519;91d4a7ae0c719697db7dd6dd64ca664b60c9de04;17;svn-admin@ruby-lang.org;tomoyapenguin@gmail.com
test_key_actor_emacs.rb;MODIFY;1495;15.0;Grew;True;2024-06-03 14:05:51+00:00;False;116;111;7539;5d33ff36dcc04bd134dc53bedec7c2144658df51;2;svn-admin@ruby-lang.org;ikusawasi@gmail.com
test_key_actor_emacs.rb;MODIFY;1514;19.0;Grew;True;2024-10-02 17:47:02+00:00;False;117;112;7631;09761e4789d04eff1f407dcb9afcc2f5f93b541f;2;svn-admin@ruby-lang.org;tomoyapenguin@gmail.com
test_key_actor_emacs.rb;MODIFY;1514;0.0;Equal;True;2024-10-12 12:48:10+00:00;False;117;112;7631;afacb8ada5788299468cce6247601412e12002a4;3;noreply@github.com;jbampton@users.noreply.github.com
test_key_actor_emacs.rb;MODIFY;1535;21.0;Grew;True;2024-10-13 04:55:41+00:00;False;121;114;7738;98fce00cab460be81cb1f5e4cf8c0d66e006a35b;2;svn-admin@ruby-lang.org;tomoyapenguin@gmail.com
test_key_actor_emacs.rb;MODIFY;1535;0.0;Equal;True;2024-10-22 14:43:18+00:00;False;121;114;7733;e288604eb3d6c2c7607a11b471a2efb96d15937f;10;svn-admin@ruby-lang.org;monkeywzr@gmail.com
test_key_actor_emacs.rb;MODIFY;1531;-4.0;Decreased;True;2024-10-24 14:12:41+00:00;False;121;114;7700;78378cae66f0ed354d966c6a13359b0e0861f27f;2;svn-admin@ruby-lang.org;monkeywzr@gmail.com
test_key_actor_emacs.rb;MODIFY;1546;15.0;Grew;True;2024-10-25 07:39:42+00:00;False;122;115;7778;f1e923631c9e1d3ec722cd805d408e0d697a84aa;1;svn-admin@ruby-lang.org;tomoyapenguin@gmail.com
test_key_actor_emacs.rb;MODIFY;1549;3.0;Grew;True;2024-11-11 15:31:04+00:00;False;122;115;7794;25d17868de058cd857ec04496222b101be9a5429;4;svn-admin@ruby-lang.org;tomoyapenguin@gmail.com
test_key_actor_emacs.rb;MODIFY;1528;-21.0;Decreased;True;2024-11-24 15:45:18+00:00;False;121;114;7698;bf47b1b5230759dd16fc0930753d37a3eb6f30e2;3;svn-admin@ruby-lang.org;tomoyapenguin@gmail.com
test_key_actor_emacs.rb;MODIFY;1551;23.0;Grew;True;2024-11-25 17:38:50+00:00;False;122;115;7831;0f41cc442e1eace3c854f2e0d09e079f481a5dce;5;svn-admin@ruby-lang.org;tomoyapenguin@gmail.com
test_key_actor_emacs.rb;MODIFY;1552;1.0;Grew;True;2024-11-29 18:15:46+00:00;False;123;115;7865;c06dcba964954d948b9c7b7f12314fcd82fe62af;3;svn-admin@ruby-lang.org;mariimaizumi5@gmail.com
test_key_actor_emacs.rb;MODIFY;1552;0.0;Equal;True;2024-12-06 07:09:24+00:00;False;123;115;7760;5f65321915843faf47231a941f284e7375d6fb10;15;svn-admin@ruby-lang.org;tomoyapenguin@gmail.com
test_key_actor_emacs.rb;MODIFY;1565;13.0;Grew;True;2024-12-12 16:40:08+00:00;False;124;116;7829;300be2b192a16c064d4e1c9203feda8df6a391fc;2;svn-admin@ruby-lang.org;tomoyapenguin@gmail.com
test_key_actor_emacs.rb;MODIFY;1579;14.0;Grew;True;2024-12-16 13:53:34+00:00;False;126;118;7900;4428c51f01638c1ce6ba8a9eb8ffea00a4c78318;7;svn-admin@ruby-lang.org;tomoyapenguin@gmail.com
