|File Name|Change Type|Local File PATH Old|Local File PATH New|Complexity|Methods|Tokens|Lines Of Code (nloc)|Lines Added|Lines Deleted
0|recoverd.c|MODIFY|fs/dlm/recoverd.c|fs/dlm/recoverd.c|46|12|1624|286|10|0
