file_name;change_type;n_loc;lines_balance;size_change;is_large;date;swapped_classification;complexity;methods;tokens;hash;files_on_commit;committer_email;author_email
workspace-spec.js;ADD;1584;0.0;Equal;True;2017-03-03 02:01:40+00:00;True;564;548;15926;cb71ce64ae57fd40eeef6d522764203349d95230;4;m@tthewwithanm.com;m@tthewwithanm.com
workspace-spec.js;MODIFY;1637;53.0;Grew;True;2017-03-03 02:01:40+00:00;False;564;548;14944;7a0d7f8b4c04ef1130e569916903291be9f0cc5a;2;m@tthewwithanm.com;m@tthewwithanm.com
workspace-spec.js;MODIFY;1687;50.0;Grew;True;2017-03-03 02:11:22+00:00;False;543;529;14468;53ec839ae51f7491f3ee4539939fefa3ac9bc8fe;2;m@tthewwithanm.com;m@tthewwithanm.com
workspace-spec.js;MODIFY;1691;4.0;Grew;True;2017-03-06 12:34:43+00:00;False;543;529;14488;778db180dbb683e1c9e863c806321bdff13125bb;1;as-cii@github.com;as-cii@github.com
workspace-spec.js;MODIFY;1687;-4.0;Decreased;True;2017-03-10 08:01:10+00:00;False;543;529;14468;33f96bf6cb1723024dcf02f802e147f635364979;1;as-cii@github.com;as-cii@github.com
workspace-spec.js;MODIFY;1691;4.0;Grew;True;2017-03-10 08:31:59+00:00;False;543;529;14488;5f9b62c603756684c3620e6416506fdc8a5a1fd1;1;as-cii@github.com;as-cii@github.com
workspace-spec.js;MODIFY;1695;4.0;Grew;True;2017-03-10 18:41:20+00:00;False;543;529;14510;348553049adc80c3a0bedaba100ba063b5a73b03;1;dthomas@osrfoundation.org;dthomas@osrfoundation.org
workspace-spec.js;MODIFY;1692;-3.0;Decreased;True;2017-03-11 18:20:16+00:00;False;543;529;14507;b1704ee7e6e7a14ab4b7632c298ce2db1734555b;2;as-cii@github.com;as-cii@github.com
workspace-spec.js;MODIFY;1813;121.0;Grew;True;2017-03-18 22:32:01+00:00;False;577;561;15698;417e9c697985c28812a140d25a9486c4028191e7;1;m@tthewwithanm.com;m@tthewwithanm.com
workspace-spec.js;MODIFY;1695;-118.0;Decreased;True;2017-03-18 22:32:01+00:00;False;543;529;14530;47cdc74b6a923e433b4f87fc099871197a778d7b;1;m@tthewwithanm.com;m@tthewwithanm.com
workspace-spec.js;MODIFY;1813;118.0;Grew;True;2017-03-21 02:50:35+00:00;False;577;561;15698;6f9893d77da26acac9d5fe741f881192c630a07b;1;m@tthewwithanm.com;m@tthewwithanm.com
workspace-spec.js;MODIFY;1813;0.0;Equal;True;2017-03-23 17:39:02+00:00;False;577;561;15698;3fcec8b8cda071b3bc0a55c55c70672302492760;2;m@tthewwithanm.com;m@tthewwithanm.com
workspace-spec.js;MODIFY;1813;0.0;Equal;True;2017-03-24 01:50:40+00:00;False;576;560;15692;52606171bfa837071c2c18ceeae9bc316b110475;2;m@tthewwithanm.com;m@tthewwithanm.com
workspace-spec.js;MODIFY;1817;4.0;Grew;True;2017-03-24 22:35:52+00:00;False;578;561;15703;4082b67fb0f68351620fa79f7f839dc483e76610;2;nathan@github.com;maxbrunsfeld@gmail.com
workspace-spec.js;MODIFY;1723;-94.0;Decreased;True;2017-03-28 21:05:29+00:00;False;550;536;14724;0d12396bf377826fc020c4d1e994751c2a512ed1;3;m@tthewwithanm.com;m@tthewwithanm.com
workspace-spec.js;MODIFY;1871;148.0;Grew;True;2017-03-31 00:37:55+00:00;False;594;577;16050;dec52a7384d9f241cae0cd2d0a51f440bafa7677;2;m@tthewwithanm.com;m@tthewwithanm.com
workspace-spec.js;MODIFY;1909;38.0;Grew;True;2017-03-31 21:17:09+00:00;False;607;590;16344;96631016718ad5e7d8375812c00712094fefdb46;2;m@tthewwithanm.com;m@tthewwithanm.com
workspace-spec.js;MODIFY;1914;5.0;Grew;True;2017-03-31 23:48:49+00:00;False;604;587;16364;4ed53578ce72d1dcb75018bbbad5d41e83d9332b;2;m@tthewwithanm.com;m@tthewwithanm.com
workspace-spec.js;MODIFY;1991;77.0;Grew;True;2017-04-04 17:18:12+00:00;False;622;604;17147;56cefbbc6370e397a6bee6c32848c5d28ff19dad;2;nathan@github.com;nathan@github.com
workspace-spec.js;MODIFY;1944;-47.0;Decreased;True;2017-04-04 17:18:12+00:00;False;614;596;16682;1552854f3b3e55c9ea243cedb37f13dfe8882a2f;2;nathan@github.com;maxbrunsfeld@gmail.com
workspace-spec.js;MODIFY;1939;-5.0;Decreased;True;2017-04-04 21:49:34+00:00;False;616;599;16544;fed2372c30f90d7c4a4832ab86457a6cae5ec906;2;m@tthewwithanm.com;m@tthewwithanm.com
workspace-spec.js;MODIFY;2022;83.0;Grew;True;2017-04-05 22:32:00+00:00;False;631;613;17353;6d55371930baf60ebf37cf884e341bde3dd346fa;4;maxbrunsfeld@gmail.com;maxbrunsfeld@gmail.com
workspace-spec.js;MODIFY;2018;-4.0;Decreased;True;2017-04-05 22:32:00+00:00;False;630;612;17330;6f0b1947ee4d0972151fe573c833ab57388908ae;7;maxbrunsfeld@gmail.com;maxbrunsfeld@gmail.com
workspace-spec.js;MODIFY;2016;-2.0;Decreased;True;2017-04-05 23:03:33+00:00;False;630;612;17338;e40ef030089f7500ff7a2fcfcf56c2d0593ff93f;1;maxbrunsfeld@gmail.com;maxbrunsfeld@gmail.com
workspace-spec.js;MODIFY;2016;0.0;Equal;True;2017-04-06 18:06:46+00:00;False;630;612;17342;5cb550b09dcc4ff3d0a512a24329ec81866a4028;2;nathan@github.com;nathan@github.com
workspace-spec.js;MODIFY;2015;-1.0;Decreased;True;2017-04-06 19:18:18+00:00;False;630;612;17335;ec576b12bcdee40a62cdf11403223b83ff7b3adc;6;nathan@github.com;nathan@github.com
workspace-spec.js;MODIFY;2123;108.0;Grew;True;2017-04-06 21:30:01+00:00;False;636;618;18401;646047f5639d6ef39cf7c4fb0920d73e33f2dbea;5;maxbrunsfeld@gmail.com;nathan@github.com
workspace-spec.js;MODIFY;2138;15.0;Grew;True;2017-04-06 22:35:25+00:00;False;639;621;18554;1711d10af2b5a538d32eecb36a3633631210a329;4;nathan@github.com;nathan@github.com
workspace-spec.js;MODIFY;2147;9.0;Grew;True;2017-04-06 22:57:41+00:00;False;639;621;18638;9c28cc0fa878aea8cf626cb6165c35298f51e904;4;nathan@github.com;nathan@github.com
workspace-spec.js;MODIFY;2124;-23.0;Decreased;True;2017-04-06 23:26:35+00:00;False;633;615;18466;d133b03d7d44294bf5ba367e3d7baf23b59ed085;3;nathan@github.com;m@tthewwithanm.com
workspace-spec.js;MODIFY;2124;0.0;Equal;True;2017-04-06 23:37:37+00:00;False;633;615;18482;233c29d998808f4522b47aa1f61f273ddecfdc6e;2;maxbrunsfeld@gmail.com;maxbrunsfeld@gmail.com
workspace-spec.js;MODIFY;2124;0.0;Equal;True;2017-04-07 00:23:53+00:00;False;633;615;18482;63d27c5f0a3bec94b297615559d08a93241f2e6d;5;maxbrunsfeld@gmail.com;maxbrunsfeld@gmail.com
workspace-spec.js;MODIFY;2131;7.0;Grew;True;2017-04-07 22:30:44+00:00;False;635;617;18523;48336fb95eb57ff1af79af06c2fdcd0385644abd;3;maxbrunsfeld@gmail.com;maxbrunsfeld@gmail.com
workspace-spec.js;MODIFY;2138;7.0;Grew;True;2017-04-08 19:29:50+00:00;False;637;619;18564;2e066120bd6f706039c60ea232be4c3d4d935413;1;maxbrunsfeld@gmail.com;nathan@github.com
workspace-spec.js;MODIFY;2153;15.0;Grew;True;2017-04-12 17:23:49+00:00;False;639;621;18756;82a7a6c78a38a6c97226ac47a004d536d66f58a0;2;maxbrunsfeld@gmail.com;maxbrunsfeld@gmail.com
workspace-spec.js;MODIFY;2170;17.0;Grew;True;2017-04-15 20:09:08+00:00;False;644;626;18921;a9d0618e8825627b1b529f818dcf8a34dabf73ea;2;m@tthewwithanm.com;m@tthewwithanm.com
workspace-spec.js;MODIFY;2173;3.0;Grew;True;2017-04-17 18:34:45+00:00;False;642;624;19032;0015e026a29849f0011e7b3cbdc69244999bfedd;2;maxbrunsfeld@gmail.com;maxbrunsfeld@gmail.com
workspace-spec.js;MODIFY;2184;11.0;Grew;True;2017-05-10 20:18:15+00:00;False;647;629;19118;048a5484622d4042cf9584ef7cce4015ad1a5935;1;nathan@github.com;nathan@github.com
workspace-spec.js;MODIFY;2232;48.0;Grew;True;2017-05-19 14:49:51+00:00;False;657;639;19502;3020a61e344fde603dcc57bff2bbfcb3a7e24abc;1;jason@jasonrudolph.com;jason@jasonrudolph.com
workspace-spec.js;MODIFY;2195;-37.0;Decreased;True;2017-05-19 18:33:49+00:00;False;654;636;19171;6c0b70f5f3adb9140d298aefc0c1aea40df23314;11;maxbrunsfeld@gmail.com;maxbrunsfeld@gmail.com
workspace-spec.js;MODIFY;2196;1.0;Grew;True;2017-05-21 06:35:48+00:00;False;653;635;19240;eef2bf0801dd02eb17d96ac2fda0de8b08abaa09;1;maxbrunsfeld@gmail.com;maxbrunsfeld@gmail.com
workspace-spec.js;MODIFY;2262;66.0;Grew;True;2017-05-31 18:32:20+00:00;False;665;647;19711;cf50625cc6673313952c12ec7b24f78974e10ffe;2;jason@jasonrudolph.com;jason@jasonrudolph.com
workspace-spec.js;MODIFY;2324;62.0;Grew;True;2017-05-31 20:17:54+00:00;False;679;661;20174;05efc143edc9bff3bccb054d500786b63d81dc4c;2;jason@jasonrudolph.com;jason@jasonrudolph.com
workspace-spec.js;MODIFY;2262;-62.0;Decreased;True;2017-06-01 00:46:04+00:00;False;675;657;19771;dc320181fc852f3174411e107bfd2a02f2c504ad;15;maxbrunsfeld@gmail.com;maxbrunsfeld@gmail.com
workspace-spec.js;MODIFY;2285;23.0;Grew;True;2017-06-01 13:34:56+00:00;False;668;650;19743;16e1ef917be66637a58bad5e09c7d546782ee6e8;1;jason@jasonrudolph.com;jason@jasonrudolph.com
workspace-spec.js;MODIFY;2295;10.0;Grew;True;2017-06-02 12:01:42+00:00;False;669;651;19832;5b61c0a949e70d258b5ce2657dc9a1f5507d1878;2;jason@jasonrudolph.com;jason@jasonrudolph.com
workspace-spec.js;MODIFY;2293;-2.0;Decreased;True;2017-06-02 19:30:53+00:00;False;670;652;19801;44a2be7c9dc99a091fb3fb8c207b8c4bce7a609b;1;jason@jasonrudolph.com;jason@jasonrudolph.com
workspace-spec.js;MODIFY;2288;-5.0;Decreased;True;2017-06-02 19:55:00+00:00;False;669;651;19752;2347c9bdaa7ba1de577a5850412ad1c5c42560fa;2;jason@jasonrudolph.com;jason@jasonrudolph.com
workspace-spec.js;MODIFY;2266;-22.0;Decreased;True;2017-06-05 21:29:46+00:00;False;659;641;19848;110bd6a16ec005fd927e62b26e9b5dc581c481be;1;jason@jasonrudolph.com;jason@jasonrudolph.com
workspace-spec.js;MODIFY;2284;18.0;Grew;True;2017-06-05 21:44:41+00:00;False;661;643;20014;5c5fb28da136fce8535874701179ff495ed30893;1;jason@jasonrudolph.com;jason@jasonrudolph.com
workspace-spec.js;MODIFY;2371;87.0;Grew;True;2017-07-14 04:14:04+00:00;False;691;673;20535;9b99c863e03178ee05d6234a12d90bc084786283;1;noreply@github.com;50Wliu@users.noreply.github.com
workspace-spec.js;MODIFY;2376;5.0;Grew;True;2017-08-04 18:18:43+00:00;False;692;673;20546;dc9fe2525514d4fbaadccc7b4e920ff84224a4fd;17;smashwilson@github.com;smashwilson@github.com
workspace-spec.js;MODIFY;2389;13.0;Grew;True;2017-08-10 03:15:33+00:00;False;696;677;20662;95b216f2345589aa36ea6801babb27bd6526a226;1;50Wliu@users.noreply.github.com;50Wliu@users.noreply.github.com
workspace-spec.js;MODIFY;2389;0.0;Equal;True;2017-08-10 17:24:46+00:00;False;696;677;20662;8963cf495517bddf197441f54deb112167d8b209;2;50Wliu@users.noreply.github.com;50Wliu@users.noreply.github.com
workspace-spec.js;MODIFY;2389;0.0;Equal;True;2017-09-10 15:46:39+00:00;False;696;677;20662;ee87ac1604a7bb446a80bc788959b2778f06ff3a;1;jsoref@users.noreply.github.com;jsoref@users.noreply.github.com
workspace-spec.js;MODIFY;2389;0.0;Equal;True;2017-10-25 15:36:21+00:00;False;696;677;20662;2bf9e4b0c7b1a4a9ba45b6ce78a69a4f06023ac6;1;50Wliu@users.noreply.github.com;50Wliu@users.noreply.github.com
workspace-spec.js;MODIFY;2390;1.0;Grew;True;2017-11-02 19:24:11+00:00;False;696;677;20668;0d6c746572daab346708e6295486ace327517252;5;maxbrunsfeld@gmail.com;maxbrunsfeld@gmail.com
workspace-spec.js;MODIFY;2385;-5.0;Decreased;True;2017-11-19 00:21:15+00:00;False;685;666;20595;0ba6517a415f3bb5fbf9d10e8082aad5c8ee81ed;1;50Wliu@users.noreply.github.com;50Wliu@users.noreply.github.com
workspace-spec.js;MODIFY;2371;-14.0;Decreased;True;2017-11-21 00:45:05+00:00;False;672;653;20466;6bf32b5ce8a02cfbdf87b5053eaf848cf59d0ec2;1;maxbrunsfeld@gmail.com;maxbrunsfeld@gmail.com
workspace-spec.js;MODIFY;2371;0.0;Equal;True;2017-11-28 19:14:29+00:00;False;672;653;20466;e08091f19343ae8fa6c4446bef5d3f2a880e6e63;11;maxbrunsfeld@gmail.com;maxbrunsfeld@gmail.com
workspace-spec.js;MODIFY;2373;2.0;Grew;True;2017-12-01 17:47:20+00:00;False;672;653;20477;49d8d9421857abbdebd6620fff70b3f23b5e61a3;1;maxbrunsfeld@gmail.com;maxbrunsfeld@gmail.com
workspace-spec.js;MODIFY;2383;10.0;Grew;True;2017-12-01 17:58:19+00:00;False;675;656;20574;6e2ac3548f0ddc474fd29248227e59edeefe35e6;2;maxbrunsfeld@gmail.com;maxbrunsfeld@gmail.com
workspace-spec.js;MODIFY;2378;-5.0;Decreased;True;2017-12-04 21:58:59+00:00;False;664;645;20506;7fcfdcec00725960e742e2c9daf4439616be2ae5;2;50Wliu@users.noreply.github.com;50Wliu@users.noreply.github.com
workspace-spec.js;MODIFY;2407;29.0;Grew;True;2018-03-23 13:14:48+00:00;False;674;655;20773;7c9463aceae23a9bd7b88b141994d87fd4c08779;1;smashwilson@github.com;smashwilson@github.com
workspace-spec.js;MODIFY;2414;7.0;Grew;True;2018-05-15 18:32:31+00:00;False;673;654;20836;1f685768d5867eec0cc84e8142922bb17c2e858b;2;hansonw@fb.com;hansonw@fb.com
workspace-spec.js;MODIFY;2437;23.0;Grew;True;2018-06-16 12:50:14+00:00;False;676;657;21029;e0041c3c24988574b3ca69b5b862af35c91887e5;1;bengray178@gmail.com;bengray178@gmail.com
workspace-spec.js;MODIFY;2437;0.0;Equal;True;2019-01-18 23:13:24+00:00;False;676;657;21029;eee7ae8abe429dd418735884f318de5d3dd1fd4b;1;daviwil@github.com;david@daviwil.com
workspace-spec.js;MODIFY;2437;0.0;Equal;True;2019-02-25 18:41:59+00:00;False;676;657;21029;c9e6d04e8c9a8cdc7a97f2b1eaecf7f5c1cbff59;19;jason@jasonrudolph.com;jason@jasonrudolph.com
workspace-spec.js;MODIFY;3028;591.0;Grew;True;2019-02-28 18:30:03+00:00;False;676;657;21037;c35ec012b46dc76a5294f5cbf7227ce47e859e1d;57;rafeca@github.com;rafeca@github.com
workspace-spec.js;MODIFY;3022;-6.0;Decreased;True;2019-02-28 18:30:03+00:00;False;676;657;21022;d7d6d0838f2066ec51dd41559e4b6eeba1adca77;29;rafeca@github.com;rafeca@github.com
workspace-spec.js;MODIFY;3022;0.0;Equal;True;2019-02-28 18:30:03+00:00;False;676;657;21024;cd302135f0a19c6f3d03dd555d228556f523c741;9;rafeca@github.com;rafeca@github.com
workspace-spec.js;MODIFY;3017;-5.0;Decreased;True;2019-02-28 19:39:21+00:00;False;676;657;21018;a93808d1a85ee723f5f16f0d3c39e47a0f5fbfff;37;rafeca@github.com;rafeca@github.com
workspace-spec.js;MODIFY;3013;-4.0;Decreased;True;2019-03-05 02:17:35+00:00;False;677;658;21023;391bf710aa340b837d6e71b67ccd8027e0b7b5c4;1;bengray178@gmail.com;bengray178@gmail.com
workspace-spec.js;MODIFY;3020;7.0;Grew;True;2019-03-05 02:23:26+00:00;False;676;657;21024;f4887f7de660e601502004ac7e5a37c93884fa55;1;bengray178@gmail.com;bengray178@gmail.com
workspace-spec.js;MODIFY;3020;0.0;Equal;True;2019-03-05 03:30:29+00:00;False;676;657;21024;814c23b95035d73c8497e3b4e64c92953de1020a;1;bengray178@gmail.com;bengray178@gmail.com
workspace-spec.js;MODIFY;3036;16.0;Grew;True;2019-05-06 15:24:26+00:00;False;681;662;21145;9921d1cef359edd9a6c6d6b65238f633324a8b3a;2;jason@jasonrudolph.com;jason@jasonrudolph.com
workspace-spec.js;MODIFY;3017;-19.0;Decreased;True;2019-05-06 18:25:52+00:00;False;676;657;21018;614d3e150a3a671749c04a97c3b93aa6be11e83f;1;rafeca@github.com;david@daviwil.com
workspace-spec.js;MODIFY;3028;11.0;Grew;True;2019-05-07 13:20:00+00:00;False;677;658;21120;4ac6107f953f4d83ea003f7dd2ce7be1ac08dab7;1;jason@jasonrudolph.com;jason@jasonrudolph.com
workspace-spec.js;MODIFY;3029;1.0;Grew;True;2019-05-16 15:45:34+00:00;False;677;657;21150;fd82a58f1d6e851000e73e434de21b967920b194;7;rafeca@github.com;nathan@github.com
workspace-spec.js;MODIFY;3087;58.0;Grew;True;2019-05-17 09:40:46+00:00;False;684;665;21613;0647a0044f89f8503bcd7367b78a6c5a1767b147;5;rafeca@github.com;rafeca@github.com
workspace-spec.js;MODIFY;3033;-54.0;Decreased;True;2019-05-21 09:46:56+00:00;False;651;632;21383;d9c27cc99a1d0c271d2796e0e89181949a695375;1;rafeca@github.com;rafeca@github.com
workspace-spec.js;MODIFY;3165;132.0;Grew;True;2019-05-22 14:15:57+00:00;False;663;644;22219;c3845dd90204f232324b785d43506cc15d0a59a8;4;rafeca@github.com;rafeca@github.com
workspace-spec.js;MODIFY;3185;20.0;Grew;True;2019-05-22 20:00:09+00:00;False;665;646;22360;6748b84060c4e19808dba38afebeb7c65500d8d6;2;rafeca@github.com;rafeca@github.com
workspace-spec.js;MODIFY;3210;25.0;Grew;True;2019-05-24 16:55:18+00:00;False;667;648;22503;17aa985f4e3f8694d3391bf0a14bdaa828754968;3;rafeca@github.com;rafeca@github.com
workspace-spec.js;MODIFY;3210;0.0;Equal;True;2019-05-24 18:30:57+00:00;False;667;648;22507;ab90d08292acf8fe095fea6e921b9806996692a5;1;rafeca@github.com;rafeca@github.com
workspace-spec.js;MODIFY;3245;35.0;Grew;True;2019-05-31 16:33:56+00:00;False;667;648;24378;7f3f040628eb8f6d99a9619a5e70625cded6a182;297;rafeca@github.com;rafeca@github.com
workspace-spec.js;MODIFY;3254;9.0;Grew;True;2019-06-04 10:21:50+00:00;False;669;650;24463;7652d659e500f5b730250b8dbea88bc5536ff717;2;rafeca@github.com;rafeca@github.com
workspace-spec.js;MODIFY;3249;-5.0;Decreased;True;2019-06-04 10:21:50+00:00;False;668;649;24457;3845862f5dead17527947f58cc6013904498e031;1;rafeca@github.com;rafeca@github.com
workspace-spec.js;MODIFY;3292;43.0;Grew;True;2019-06-04 10:21:50+00:00;False;677;657;24771;8758c399db30dda56fef2cb9e3ae8f0f5ad58fde;2;rafeca@github.com;rafeca@github.com
workspace-spec.js;MODIFY;3324;32.0;Grew;True;2019-06-05 08:21:06+00:00;False;684;663;24988;95adde37c06d0f7420d669b47ed0a574c3a4edaa;3;rafeca@github.com;rafeca@github.com
workspace-spec.js;MODIFY;3359;35.0;Grew;True;2019-06-05 13:07:24+00:00;False;689;667;25253;8c80d13dd15574f37b9142a4a12ac0b45baa7124;2;rafeca@github.com;rafeca@github.com
workspace-spec.js;MODIFY;3338;-21.0;Decreased;True;2019-06-06 12:02:29+00:00;False;686;665;25108;ac9be2d08285c5cbce5db5c5026964de1381280d;1;rafeca@github.com;rafeca@github.com
workspace-spec.js;MODIFY;3341;3.0;Grew;True;2019-06-21 06:11:50+00:00;False;686;665;25119;166d968daa152ea9659587193d06f6aaa68331d0;2;bengray178@gmail.com;bengray178@gmail.com
workspace-spec.js;MODIFY;3367;26.0;Grew;True;2019-07-01 10:49:06+00:00;False;688;667;25276;3d2d439f933db5ffb1984b552a2c63c7f1e7ce5d;2;rafeca@github.com;rafeca@github.com
workspace-spec.js;MODIFY;3363;-4.0;Decreased;True;2019-07-01 12:51:28+00:00;False;689;668;25279;ef7b910ed0b30edd83d69396e7398124e99118f1;3;luzar.david@gmail.com;luzar.david@gmail.com
workspace-spec.js;MODIFY;3397;34.0;Grew;True;2020-10-13 16:02:07+00:00;False;692;671;25518;6d7322993f0055ca5201ba963624acedf835dad0;3;sadickjunior@gmail.com;sadickjunior@gmail.com
