|File Name|Change Type|Local File PATH Old|Local File PATH New|Complexity|Methods|Tokens|Lines Of Code (nloc)|Lines Added|Lines Deleted
0|ax25_ip.c|MODIFY|net/ax25/ax25_ip.c|net/ax25/ax25_ip.c|25|5|859|167|1|4
