file_name;change_type;n_loc;lines_balance;size_change;is_large;date;swapped_classification;complexity;methods;tokens;hash;files_on_commit;committer_email;author_email
debug_test.go;ADD;144;0.0;Grew;False;2020-03-04 18:20:04+00:00;False;7;4;642;e5b655938e55e0404545ff73e9239593a27a3272;8;verb@google.com;verb@google.com
debug_test.go;MODIFY;622;478.0;Grew;False;2020-07-01 13:35:21+00:00;False;14;8;2632;cfece3edfe8a726fc5dc65ef89b89021316837c7;3;rayingecho@gmail.com;rayingecho@gmail.com
debug_test.go;MODIFY;778;156.0;Grew;False;2020-07-09 09:27:53+00:00;False;20;12;3363;7e63cc8b9d592abbb8a659205555e67b57080837;2;verb@google.com;verb@google.com
debug_test.go;MODIFY;950;172.0;Grew;False;2020-09-11 00:07:09+00:00;False;20;12;3983;bf3dfaf99942eab20fac1570ca0146d32cb93b57;2;hxhgkkrgi@gmail.com;hxhgkkrgi@gmail.com
debug_test.go;MODIFY;1205;255.0;Grew;False;2020-11-03 06:03:52+00:00;False;33;16;5102;3cfcf3a74fc24e6b4b3f58710fe454d1bc3644cc;4;verb@google.com;verb@google.com
debug_test.go;MODIFY;1486;281.0;Grew;False;2020-11-03 19:58:41+00:00;False;33;16;6462;ee9f11b95f01b32dade5d8dc7329625c40ac0e63;2;verb@google.com;verb@google.com
debug_test.go;MODIFY;1502;16.0;Grew;False;2020-11-05 14:51:23+00:00;False;33;16;6527;d6024ce18dd66de2ebe076afa5b33ae4fcfbee67;2;verb@google.com;verb@google.com
debug_test.go;MODIFY;1502;0.0;Equal;False;2020-11-20 18:09:56+00:00;False;33;16;6532;d4e89547f065ac5eee67ab4646fb3cee874dc1a9;2;jchaloup@redhat.com;jchaloup@redhat.com
debug_test.go;MODIFY;1530;28.0;Grew;False;2021-03-10 13:53:34+00:00;False;33;16;6643;3ec63238c53ae3a7185db210e94494d850def3d4;2;xiaozhang0210@hotmail.com;xiaozhang0210@hotmail.com
debug_test.go;MODIFY;1501;-29.0;Decreased;False;2021-04-25 00:23:22+00:00;False;33;16;6530;17993020cdca7eea2fb96a993e048d2d0624fa40;7;lu.zhenxing@zte.com.cn;lu.zhenxing@zte.com.cn
debug_test.go;MODIFY;1529;28.0;Equal;False;2022-05-17 08:38:20+00:00;False;33;16;6640;8fb423bfabe0d53934cc94c154c7da2dc3ce1332;17;aguclu@redhat.com;aguclu@redhat.com
debug_test.go;MODIFY;1566;37.0;Grew;False;2022-05-26 14:30:10+00:00;False;38;16;6824;fd0c15cce3d66bc2b32fc6943688425ec269d97d;4;anonymousknight96@gmail.com;zengjian.zj@bytedance.com
debug_test.go;MODIFY;1567;1.0;Grew;False;2023-01-10 04:53:48+00:00;False;38;16;6834;75ff830ab198348b0c727d05e54754d5f73a7286;7;seans3@gmail.com;seans3@gmail.com
debug_test.go;MODIFY;1634;67.0;Grew;False;2023-02-09 17:18:22+00:00;False;38;16;7140;d35da348c60a3c7505419741f2546ff8b0e38454;6;noreply@github.com;rifflegrass@gmail.com
debug_test.go;MODIFY;1634;0.0;Equal;False;2023-02-10 08:31:19+00:00;False;38;16;7142;c40f9f8bbb34d9bc58dbf8e6c7f664aacb0c5b91;1;aguclu@redhat.com;aguclu@redhat.com
debug_test.go;MODIFY;1634;0.0;Equal;False;2023-02-13 09:36:18+00:00;False;38;16;7142;3ffdee7d2b2afb48d67828ac136f05ba9c6d8619;2;aguclu@redhat.com;aguclu@redhat.com
debug_test.go;MODIFY;1634;0.0;Equal;False;2023-02-13 10:17:31+00:00;False;38;16;7144;d66b339868ea08ef4d3bda09fdf64abacaa3f41e;2;aguclu@redhat.com;aguclu@redhat.com
debug_test.go;MODIFY;1655;21.0;Grew;False;2023-02-13 22:39:38+00:00;False;38;16;7238;f5095bf34dba15c702b4618bcd24aae6fc2f47b2;4;widaly@microsoft.com;widaly@microsoft.com
debug_test.go;MODIFY;2022;367.0;Grew;True;2023-02-17 00:00:28+00:00;True;38;16;8765;21e8d2958190e9813fe1122d1e7a91e8143a5193;2;widaly@microsoft.com;will.e.daly@gmail.com
debug_test.go;MODIFY;2028;6.0;Grew;True;2023-03-01 02:45:06+00:00;False;38;16;8803;f0b7063481828ec632e22cff29c179745bbe23e3;3;sding3@ncsu.edu;sding3@ncsu.edu
debug_test.go;MODIFY;2022;-6.0;Equal;True;2023-03-03 06:51:04+00:00;False;38;16;8767;a58eb1b3da870b2b568fcf0ffd42332d6a0fd667;61;patrick.ohly@intel.com;patrick.ohly@intel.com
debug_test.go;MODIFY;2068;46.0;Grew;True;2023-03-08 08:58:28+00:00;False;38;16;8964;0e98533d1b7a4d2ebf414575ff81905933c31c63;2;aguclu@redhat.com;aguclu@redhat.com
debug_test.go;MODIFY;2068;0.0;Equal;True;2023-04-05 11:07:46+00:00;False;38;16;8964;00c30941260a27e6929aef84c7fdbc8f1508518c;152;aguclu@redhat.com;aguclu@redhat.com
debug_test.go;MODIFY;2074;6.0;Grew;True;2023-05-24 11:16:49+00:00;False;38;16;9027;0813904404034fd760d8e7e1e3ca5444610a7fa8;7;noreply@github.com;37737691+mochizuki875@users.noreply.github.com
debug_test.go;MODIFY;2074;0.0;Equal;True;2023-07-24 12:28:21+00:00;False;38;16;9029;baed6240468250c855a5ec235e47a64e078bd042;2;aguclu@redhat.com;aguclu@redhat.com
debug_test.go;MODIFY;2074;0.0;Equal;True;2023-09-14 08:55:58+00:00;False;38;16;9035;e22f8ed553c0c2ed86fa22c5b281ddf13577b8b1;5;mzk875@gmail.com;mzk875@gmail.com
debug_test.go;MODIFY;2093;19.0;Grew;True;2024-01-25 07:58:50+00:00;False;38;16;9118;4d6c0ba518d6c4037102736fe443490dde006fc2;4;flaniel@linux.microsoft.com;flaniel@linux.microsoft.com
debug_test.go;MODIFY;2768;675.0;Grew;True;2024-03-05 04:47:41+00:00;False;59;25;12389;af2dadcb18a0411a0f9aa286c743801efdb81049;3;aguclu@redhat.com;aguclu@redhat.com
debug_test.go;MODIFY;2906;138.0;Grew;True;2024-05-16 17:26:20+00:00;False;59;25;13105;b63fa1300ca99e65cbb8797c0128f3c1c1d1ef9f;6;mzk875@gmail.com;mzk875@gmail.com
debug_test.go;MODIFY;2906;0.0;Equal;True;2024-05-20 20:14:54+00:00;False;59;25;13105;288d132cf62efe029b6359c600565f8c7b12647d;12;bpursley@cinlogic.com;bpursley@cinlogic.com
debug_test.go;MODIFY;2899;-7.0;Decreased;True;2024-06-04 11:59:17+00:00;False;56;22;13019;4e650a995412d60ace07ab67b556137b0bcba1be;2;aguclu@redhat.com;aguclu@redhat.com
