file_name;change_type;n_loc;lines_balance;size_change;is_large;date;swapped_classification;complexity;methods;tokens;hash;files_on_commit;committer_email;author_email
store_tests.go;RENAME;598;0.0;Equal;False;2022-05-05 18:32:20+00:00;False;110;36;4686;4ff560e4fa3c716a11f7260f33ec318faad59394;4;skuznets@redhat.com;skuznets@redhat.com
store_tests.go;MODIFY;620;22.0;Grew;False;2022-05-09 20:46:24+00:00;False;116;37;4899;2e118f42465efb390bec005f1853a964dd339f97;2;skuznets@redhat.com;skuznets@redhat.com
store_tests.go;MODIFY;628;8.0;Grew;False;2022-05-11 15:59:41+00:00;False;118;38;4943;eb3aa5be10393968d8083c79f5958501fc029e8d;6;skuznets@redhat.com;skuznets@redhat.com
store_tests.go;MODIFY;593;-35.0;Decreased;False;2022-05-12 18:52:40+00:00;False;108;34;4642;e50cb6c8d36ca73c99c935126978cbec01f9be01;3;skuznets@redhat.com;skuznets@redhat.com
store_tests.go;MODIFY;1142;549.0;Grew;False;2022-05-13 14:41:50+00:00;False;142;41;7883;162450c01c9004ded53bb77f651f9a3f30920b30;4;skuznets@redhat.com;skuznets@redhat.com
store_tests.go;MODIFY;1293;151.0;Decreased;False;2022-10-26 10:21:55+00:00;False;166;45;8665;5344bc5e1b7e50d5ff359c714d522b421b28bd12;5;wojtekt@google.com;wojtekt@google.com
store_tests.go;MODIFY;1293;0.0;Grew;False;2022-10-26 10:21:55+00:00;False;166;45;8665;012676acc3dd2b235bd601e4105294d2715f155b;3;wojtekt@google.com;wojtekt@google.com
store_tests.go;MODIFY;1409;116.0;Grew;False;2022-10-26 10:23:25+00:00;False;191;54;9668;afc5ded83931cdb8a2643486d6834eb8d9b04588;2;wojtekt@google.com;wojtekt@google.com
store_tests.go;MODIFY;1636;227.0;Grew;False;2022-10-26 18:54:51+00:00;False;229;62;11365;6c8ce894e18a2e2cae20edd2f6e79db9407ebce3;2;wojtekt@google.com;wojtekt@google.com
store_tests.go;MODIFY;1637;1.0;Grew;False;2022-10-26 20:01:35+00:00;False;229;62;11383;7da7ddd779f9ea835f0c57deae05e050c543066b;3;wojtekt@google.com;wojtekt@google.com
store_tests.go;MODIFY;1766;129.0;Grew;False;2022-10-26 20:02:13+00:00;False;249;66;12309;b02f172cbdf7e824d13a6a9c3a9b9fe4f3f92afb;4;wojtekt@google.com;wojtekt@google.com
store_tests.go;MODIFY;1838;72.0;Grew;False;2022-10-27 14:00:54+00:00;False;260;70;12805;cd5da36c92f3ed52debc22c39a7cd9d369b0eecd;3;wojtekt@google.com;wojtekt@google.com
store_tests.go;MODIFY;1846;8.0;Grew;False;2022-10-31 16:48:40+00:00;False;262;70;12825;bbcf5e38776f2b18026539a0fbcf3aa505386c1f;3;wojtekt@google.com;wojtekt@google.com
store_tests.go;MODIFY;1858;12.0;Grew;False;2022-11-02 15:36:45+00:00;False;265;71;12979;75a1ef87b32213a7d3d1c2027dd515e4f74c1777;4;wojtekt@google.com;wojtekt@google.com
store_tests.go;MODIFY;1862;4.0;Grew;False;2022-11-04 09:31:10+00:00;False;267;71;13017;37db332298fc6d14a798f610ce6049792299f0b1;3;wojtekt@google.com;wojtekt@google.com
store_tests.go;MODIFY;1880;18.0;Grew;False;2022-11-04 09:31:11+00:00;False;270;73;13115;6d85f947bf86d12e4459d31029c41d6049d40c0e;2;wojtekt@google.com;wojtekt@google.com
store_tests.go;MODIFY;1876;-4.0;Grew;False;2022-11-04 09:31:11+00:00;False;270;73;13099;e301306d89a69ff1a328a4ae3fa39a9e3deb022e;2;wojtekt@google.com;wojtekt@google.com
store_tests.go;MODIFY;1885;9.0;Equal;False;2022-11-07 07:59:28+00:00;False;270;73;13165;1bc95675b19c68807ed3ae45a24701fc5c2fb935;2;wojtekt@google.com;wojtekt@google.com
store_tests.go;MODIFY;1898;13.0;Grew;False;2022-11-07 07:59:28+00:00;False;270;73;13318;e49c225eb9e7c428aca97e8031089e7ad91ca7c4;1;wojtekt@google.com;wojtekt@google.com
store_tests.go;MODIFY;1900;2.0;Grew;False;2022-11-07 20:08:59+00:00;False;270;73;13400;f1693a02c46f79f8c90a4ef17c4a750034f21484;7;tallclair@google.com;tallclair@google.com
store_tests.go;MODIFY;1900;0.0;Equal;False;2022-12-21 07:25:37+00:00;False;270;73;13414;da8d197a7205c01fdf376246995b0a1b3ab53859;3;wojtekt@google.com;wojtekt@google.com
store_tests.go;MODIFY;2037;137.0;Grew;True;2022-12-21 07:45:27+00:00;True;273;74;14281;34de5fa73dabd9dcbd6f535cf6a853371ec653f1;2;wojtekt@google.com;wojtekt@google.com
store_tests.go;MODIFY;2034;-3.0;Grew;True;2022-12-21 07:45:27+00:00;False;273;74;14257;ef8c4fbca8e5bed1e7edc162b95c412a7f1a758e;5;wojtekt@google.com;wojtekt@google.com
store_tests.go;MODIFY;2037;3.0;Equal;True;2023-02-15 09:51:42+00:00;False;273;74;14281;1d639085eeef74ee7582a8944154a18f58d13a7b;1;madhav.jiv@gmail.com;madhav.jiv@gmail.com
store_tests.go;MODIFY;2079;42.0;Grew;True;2023-02-23 08:33:10+00:00;False;276;75;14637;7474d9b719619caa356dfb71a06482f33b3ed1ce;2;madhav.jiv@gmail.com;madhav.jiv@gmail.com
store_tests.go;MODIFY;2079;0.0;Equal;True;2023-03-29 11:46:49+00:00;False;276;75;14647;05f4e497f1d692031b31c27098abc1e838e8814b;1;wojtekt@google.com;wojtekt@google.com
store_tests.go;MODIFY;2079;0.0;Grew;True;2023-04-25 08:47:18+00:00;False;276;75;14647;88e2c34439016e5feddfed529698ed71e81904d9;4;wojtekt@google.com;wojtekt@google.com
store_tests.go;MODIFY;2089;10.0;Grew;True;2023-07-04 08:13:54+00:00;False;276;75;14708;b36fdd68b72cd5c64ea5be3917846067644da983;4;siarkowicz@google.com;siarkowicz@google.com
store_tests.go;MODIFY;2084;-5.0;Decreased;True;2023-07-21 14:25:21+00:00;False;276;75;14665;4e2e059c7b205d2e4b246a262128223258a49498;6;wojtekt@google.com;wojtekt@google.com
store_tests.go;MODIFY;2062;-22.0;Decreased;True;2023-09-15 08:59:10+00:00;False;270;72;14483;39af594f312ad46715dfb705d71ad4e607e27e5d;3;lukasz.szaszkiewicz@gmail.com;lukasz.szaszkiewicz@gmail.com
store_tests.go;MODIFY;2097;35.0;Grew;True;2023-10-11 17:46:30+00:00;False;277;73;14738;baac8bb573c8efb314b037f4fbac116556c03c83;1;sizhang@google.com;sizhang@google.com
store_tests.go;MODIFY;2168;71.0;Grew;True;2023-10-13 20:51:28+00:00;False;298;81;15473;26a4e06c92c248748dd3c50c74d75f8adc3c6823;3;sizhang@google.com;sizhang@google.com
store_tests.go;MODIFY;2078;-90.0;Grew;True;2023-10-16 15:44:34+00:00;False;272;73;14584;2f923e356e042d9dce88e8f78abf30f414051e71;3;sizhang@google.com;sizhang@google.com
store_tests.go;MODIFY;2152;74.0;Decreased;True;2023-10-20 20:43:52+00:00;False;296;80;15381;3f4d3b67682335db510f85deb65b322127a3a0a1;9;wojtekt@google.com;wojtekt@google.com
store_tests.go;MODIFY;2153;1.0;Grew;True;2024-03-12 09:17:45+00:00;False;296;80;15394;a527cab9fce0b0234db8b4e1e95a0fc20e135df1;4;siarkowicz@google.com;siarkowicz@google.com
store_tests.go;MODIFY;2217;64.0;Grew;True;2024-03-14 15:55:56+00:00;False;305;82;15742;0b8e79580eb3a63ca7707626b4894adfb9125586;4;siarkowicz@google.com;siarkowicz@google.com
store_tests.go;MODIFY;2212;-5.0;Grew;True;2024-04-29 13:15:24+00:00;False;305;82;15746;6d9edcc694415d4c1a897c4312ecd872a7f0fbf3;1;wojtekt@google.com;wojtekt@google.com
store_tests.go;MODIFY;2287;75.0;Grew;True;2024-06-11 12:45:33+00:00;False;309;84;16206;faa6193f34f7dac775328fbacb2f957370482024;3;siarkowicz@google.com;siarkowicz@google.com
store_tests.go;MODIFY;2315;28.0;Grew;True;2024-06-19 11:19:02+00:00;False;311;85;16316;c207f967ac3122d3a2a5ae4befdc5ada22347323;2;siarkowicz@google.com;siarkowicz@google.com
store_tests.go;MODIFY;2319;4.0;Grew;True;2024-06-27 09:06:15+00:00;False;312;85;16352;f9b15700fb5a99ab74d51c7779ea2aae0f51168c;1;lukasz.szaszkiewicz@gmail.com;lukasz.szaszkiewicz@gmail.com
store_tests.go;MODIFY;2369;50.0;Grew;True;2024-08-21 16:54:57+00:00;False;323;86;16699;99e69569808cf746262b25a9d9d515c26256c7e5;3;serathius@users.noreply.github.com;serathius@users.noreply.github.com
store_tests.go;MODIFY;2369;0.0;Grew;True;2024-10-08 14:45:15+00:00;False;323;86;16789;bc0ea34bc380e073a7278216fe6690a1b9aee48c;14;akashem@redhat.com;akashem@redhat.com
store_tests.go;MODIFY;2767;398.0;Grew;True;2024-10-29 19:22:16+00:00;False;382;139;19401;711772a1e15288d813a830780317a134df9acb5c;6;serathius@users.noreply.github.com;serathius@users.noreply.github.com
store_tests.go;MODIFY;2771;4.0;Grew;True;2024-11-07 22:37:59+00:00;False;382;139;19505;25efc8f2d136a9574166be02789ac727c5b4a3fd;8;abukashem@abus-mbp-2.lan;akashem@redhat.com
