file_name;change_type;n_loc;lines_balance;size_change;is_large;date;swapped_classification;complexity;methods;tokens;hash;files_on_commit;committer_email;author_email
types_windows.go;RENAME;1088;0.0;Grew;False;2017-09-05 19:38:57+00:00;False;5;5;3224;e5a6a79fd75372fcc7fa32ccf8d80ed9e0335b17;618;dashpole@google.com;dashpole@google.com
types_windows.go;MODIFY;1088;0.0;Equal;False;2017-11-10 22:54:28+00:00;False;5;5;3224;fe5ef1b4949de93cf4efec7e8643057d367c2946;297;agarwalrohit@google.com;agarwalrohit@google.com
types_windows.go;MODIFY;1239;151.0;Grew;False;2019-04-08 19:20:45+00:00;False;5;5;3710;921f3ea8da0a29cd9b06413439485b36ef6426b6;304;liggitt@google.com;liggitt@google.com
types_windows.go;MODIFY;1416;177.0;Grew;False;2019-11-06 22:42:34+00:00;False;10;6;4195;297570e06a88db23e16dbdbf6ce3173fe0ae376c;932;liggitt@google.com;liggitt@google.com
types_windows.go;MODIFY;1348;-68.0;Decreased;False;2020-06-23 23:04:43+00:00;False;10;6;4011;d9bb0b8ee18fe68654ef1a68611f905859b3b7bc;202;liggitt@google.com;liggitt@google.com
types_windows.go;MODIFY;1524;176.0;Grew;False;2020-06-24 16:39:50+00:00;False;10;6;4533;a6a3bf2eb4a0b7e9f86f991ffc24b72beafce2f4;632;gscrivan@redhat.com;gscrivan@redhat.com
types_windows.go;MODIFY;1513;-11.0;Decreased;False;2020-10-31 23:21:08+00:00;False;10;6;4510;ec6e2321261b900089183ac61f1ac0040be5fa9c;225;xuchao@google.com;xuchao@google.com
types_windows.go;MODIFY;1524;11.0;Grew;False;2020-11-02 13:29:50+00:00;False;10;6;4533;4012fb005205a2f6dbd2534d600c4f784b5c0210;225;liggitt@google.com;liggitt@google.com
types_windows.go;MODIFY;1513;-11.0;Decreased;False;2020-11-13 05:29:54+00:00;False;10;6;4510;7b26cff1740ecfb8e6ac184539d1cb5dd66991c2;289;xuchao@google.com;xuchao@google.com
types_windows.go;MODIFY;1895;382.0;Grew;False;2021-03-02 05:38:01+00:00;False;10;6;5875;ecef45df84a082c71dd3d96e6adb181a2c5b3790;528;foo@auggie.dev;liggitt@google.com
types_windows.go;MODIFY;2345;450.0;Grew;True;2021-05-11 18:56:42+00:00;True;10;6;6997;b49744f177087173d43d7771588d83b9df5a3c0b;333;kolyshkin@gmail.com;kolyshkin@gmail.com
types_windows.go;MODIFY;1895;-450.0;Decreased;False;2021-05-18 13:13:47+00:00;True;10;6;5875;4b45d0d921051627c43d5fc014e383a6cb872ade;336;liggitt@google.com;liggitt@google.com
types_windows.go;MODIFY;2345;450.0;Grew;True;2021-05-20 06:51:59+00:00;True;10;6;6997;f3cdfc488e88714f2fe695e35ad0d3f8e45ddc25;334;kolyshkin@gmail.com;kolyshkin@gmail.com
types_windows.go;MODIFY;2347;2.0;Grew;True;2021-06-16 02:50:46+00:00;False;10;6;7002;6448181d95c8d6486ba8e9a2a92b4a8172ca1f8f;128;liggitt@google.com;liggitt@google.com
types_windows.go;MODIFY;2347;0.0;Equal;True;2021-08-24 19:47:47+00:00;False;10;6;7002;0be115722bf30f42c7a954d5cdd4b48efd70ae77;158;foo@auggie.dev;foo@auggie.dev
types_windows.go;MODIFY;2413;66.0;Grew;True;2021-12-09 19:23:55+00:00;False;10;6;7217;627c50661e988ad8ac0708b1d94fdfc385e88449;138;davanum@gmail.com;davanum@gmail.com
types_windows.go;MODIFY;2721;308.0;Grew;True;2022-01-19 14:30:33+00:00;False;10;6;7735;8a4e66049edd6ade4e9107b4ea092580b626545a;182;paco.xu@daocloud.io;paco.xu@daocloud.io
types_windows.go;MODIFY;2756;35.0;Grew;True;2022-08-04 02:00:02+00:00;False;10;6;7822;34742f2d2eebfc3ced8442f8579581705dcba38d;214;davanum@gmail.com;davanum@gmail.com
types_windows.go;MODIFY;2798;42.0;Grew;True;2022-10-28 02:49:16+00:00;False;10;6;7930;78c704d4f60d54996d483d49c23c6aac82f28dc9;150;mr.imuz@gmail.com;mr.imuz@gmail.com
types_windows.go;MODIFY;2870;72.0;Grew;True;2023-03-14 21:26:27+00:00;False;10;6;8121;fe59e091eb3331db54cff2351f16eabfe0cb681d;202;patrick.ohly@intel.com;patrick.ohly@intel.com
types_windows.go;MODIFY;2870;0.0;Equal;True;2023-04-20 05:30:06+00:00;False;10;6;8121;6f90c5363301c9417a3a806cac69f3e79e66a66c;154;mohit94614@gmail.com;mohit94614@gmail.com
types_windows.go;MODIFY;2874;4.0;Grew;True;2023-06-02 14:34:25+00:00;False;10;6;8133;1993a4cb3798d818ff05db0e0c7c9c87d8b41dd2;133;jeffrey.ying86@live.com;jeffrey.ying86@live.com
types_windows.go;MODIFY;2878;4.0;Grew;True;2023-10-10 17:37:19+00:00;False;10;6;8142;fc7c951d5a5b8b75dfa105e3bea7bbddaf4c792e;169;madhav.jiv@gmail.com;madhav.jiv@gmail.com
types_windows.go;MODIFY;2902;24.0;Grew;True;2023-12-19 15:18:05+00:00;False;10;6;8214;c8f9ebfb72b6569b4e2ec9733f6998afc6602135;448;patrick.ohly@intel.com;patrick.ohly@intel.com
types_windows.go;MODIFY;2924;22.0;Grew;True;2024-05-27 13:25:50+00:00;False;10;6;8260;37e2dd6857084a172ef5210caee1fefa8dd8159a;236;patrick.ohly@intel.com;patrick.ohly@intel.com
types_windows.go;MODIFY;2944;20.0;Grew;True;2024-08-27 15:37:32+00:00;False;10;6;8313;ea2bdb6334ec1a2821a96163d83480d5fdb1861b;225;jeffrey.ying86@live.com;jeffrey.ying86@live.com
types_windows.go;MODIFY;2980;36.0;Grew;True;2024-10-11 08:22:13+00:00;False;10;6;8422;6c5a528727c30803d4426b29c06ae5d350619877;200;skitt@redhat.com;skitt@redhat.com
types_windows.go;MODIFY;3090;110.0;Grew;True;2024-12-13 01:46:15+00:00;False;10;6;8672;80735180ab2c61232dcc4646e693ddcaeaf96ca3;115;davanum@gmail.com;davanum@gmail.com
