file_name;change_type;n_loc;lines_balance;size_change;is_large;date;swapped_classification;complexity;methods;tokens;hash;files_on_commit;committer_email;author_email
zerrors_linux.go;ADD;2407;0.0;Equal;True;2020-06-24 16:39:50+00:00;True;not calculated;0;7467;a6a3bf2eb4a0b7e9f86f991ffc24b72beafce2f4;632;gscrivan@redhat.com;gscrivan@redhat.com
zerrors_linux.go;MODIFY;2526;119.0;Grew;True;2020-10-31 23:21:08+00:00;False;not calculated;0;7824;ec6e2321261b900089183ac61f1ac0040be5fa9c;225;xuchao@google.com;xuchao@google.com
zerrors_linux.go;MODIFY;2407;-119.0;Decreased;True;2020-11-02 13:29:50+00:00;False;not calculated;0;7467;4012fb005205a2f6dbd2534d600c4f784b5c0210;225;liggitt@google.com;liggitt@google.com
zerrors_linux.go;MODIFY;2635;228.0;Grew;True;2020-11-13 05:29:54+00:00;False;not calculated;0;8153;7b26cff1740ecfb8e6ac184539d1cb5dd66991c2;289;xuchao@google.com;xuchao@google.com
zerrors_linux.go;MODIFY;2792;157.0;Grew;True;2021-03-02 05:38:01+00:00;False;not calculated;0;8626;ecef45df84a082c71dd3d96e6adb181a2c5b3790;528;foo@auggie.dev;liggitt@google.com
zerrors_linux.go;MODIFY;2816;24.0;Grew;True;2021-05-11 18:56:42+00:00;False;not calculated;0;8698;b49744f177087173d43d7771588d83b9df5a3c0b;333;kolyshkin@gmail.com;kolyshkin@gmail.com
zerrors_linux.go;MODIFY;2792;-24.0;Decreased;True;2021-05-18 13:13:47+00:00;False;not calculated;0;8626;4b45d0d921051627c43d5fc014e383a6cb872ade;336;liggitt@google.com;liggitt@google.com
zerrors_linux.go;MODIFY;2816;24.0;Grew;True;2021-05-20 06:51:59+00:00;False;not calculated;0;8698;f3cdfc488e88714f2fe695e35ad0d3f8e45ddc25;334;kolyshkin@gmail.com;kolyshkin@gmail.com
zerrors_linux.go;MODIFY;2848;32.0;Grew;True;2021-06-16 02:50:46+00:00;False;not calculated;0;8794;6448181d95c8d6486ba8e9a2a92b4a8172ca1f8f;128;liggitt@google.com;liggitt@google.com
zerrors_linux.go;MODIFY;2912;64.0;Grew;True;2021-06-18 23:11:58+00:00;False;not calculated;0;8986;35e9d97f3e02a8757e5cc698142037c5a95487d9;90;bentheelder@google.com;bentheelder@google.com
zerrors_linux.go;MODIFY;2932;20.0;Grew;True;2021-08-24 19:47:47+00:00;False;not calculated;0;9046;0be115722bf30f42c7a954d5cdd4b48efd70ae77;158;foo@auggie.dev;foo@auggie.dev
zerrors_linux.go;MODIFY;2942;10.0;Grew;True;2021-11-10 18:15:40+00:00;False;not calculated;0;9076;d73403dc12ad1d9576d65b5c65e30a87d17ad314;304;jpbetz@google.com;jpbetz@google.com
zerrors_linux.go;MODIFY;2958;16.0;Grew;True;2021-12-09 19:23:55+00:00;False;not calculated;0;9124;627c50661e988ad8ac0708b1d94fdfc385e88449;138;davanum@gmail.com;davanum@gmail.com
zerrors_linux.go;MODIFY;3024;66.0;Grew;True;2022-01-19 14:30:33+00:00;False;not calculated;0;9324;8a4e66049edd6ade4e9107b4ea092580b626545a;182;paco.xu@daocloud.io;paco.xu@daocloud.io
zerrors_linux.go;MODIFY;3028;4.0;Grew;True;2022-02-21 02:26:23+00:00;False;not calculated;0;9336;4b1bd548bbe4d71609c65b050b69f63af1ca81d1;108;foo@auggie.dev;foo@auggie.dev
zerrors_linux.go;MODIFY;3045;17.0;Grew;True;2022-06-29 03:47:18+00:00;False;not calculated;0;9387;597071af17377f5ab4de03804b0d8b41f73fe7ce;179;dave.chen@arm.com;dave.chen@arm.com
zerrors_linux.go;MODIFY;3446;401.0;Grew;True;2022-08-04 02:00:02+00:00;False;not calculated;0;10590;34742f2d2eebfc3ced8442f8579581705dcba38d;214;davanum@gmail.com;davanum@gmail.com
zerrors_linux.go;MODIFY;3462;16.0;Grew;True;2023-02-15 04:14:30+00:00;False;not calculated;0;10637;f8e00778ddca11c08117ccf1d1c410641c70c428;110;liggitt@google.com;liggitt@google.com
zerrors_linux.go;MODIFY;3468;6.0;Grew;True;2023-03-14 21:26:27+00:00;False;not calculated;0;10655;fe59e091eb3331db54cff2351f16eabfe0cb681d;202;patrick.ohly@intel.com;patrick.ohly@intel.com
zerrors_linux.go;MODIFY;3482;14.0;Grew;True;2023-06-02 14:34:25+00:00;False;not calculated;0;10697;1993a4cb3798d818ff05db0e0c7c9c87d8b41dd2;133;jeffrey.ying86@live.com;jeffrey.ying86@live.com
zerrors_linux.go;MODIFY;3502;20.0;Grew;True;2023-07-14 16:27:38+00:00;False;not calculated;0;10757;d9bd413f991958492602c4bf51c43d6edca0e5cd;147;fbertina@redhat.com;fbertina@redhat.com
zerrors_linux.go;MODIFY;3519;17.0;Grew;True;2023-10-09 17:27:06+00:00;False;not calculated;0;10808;79355caa565cc34e8726c427562c9f109ebe0e34;180;patrick.ohly@intel.com;patrick.ohly@intel.com
zerrors_linux.go;MODIFY;3528;9.0;Grew;True;2023-10-10 17:37:19+00:00;False;not calculated;0;10835;fc7c951d5a5b8b75dfa105e3bea7bbddaf4c792e;169;madhav.jiv@gmail.com;madhav.jiv@gmail.com
zerrors_linux.go;MODIFY;3539;11.0;Grew;True;2023-12-19 15:18:05+00:00;False;not calculated;0;10868;c8f9ebfb72b6569b4e2ec9733f6998afc6602135;448;patrick.ohly@intel.com;patrick.ohly@intel.com
zerrors_linux.go;MODIFY;3539;0.0;Equal;True;2023-12-20 09:01:31+00:00;False;not calculated;0;10868;a8da4202c0ac785d57b545e6e310fd754888b50e;227;madhav.jiv@gmail.com;madhav.jiv@gmail.com
zerrors_linux.go;MODIFY;3627;88.0;Grew;True;2024-02-16 20:27:57+00:00;False;not calculated;0;11132;d3a0e296defbb0b55e591e273004e79e7ebfb1fd;114;hoskeri@google.com;hoskeri@google.com
zerrors_linux.go;MODIFY;3636;9.0;Grew;True;2024-05-27 13:25:50+00:00;False;not calculated;0;11159;37e2dd6857084a172ef5210caee1fefa8dd8159a;236;patrick.ohly@intel.com;patrick.ohly@intel.com
zerrors_linux.go;MODIFY;3652;16.0;Grew;True;2024-06-27 13:34:23+00:00;False;not calculated;0;11207;35ccdc8b35f1c4346071d4ff0efecdd7a6bcdecc;221;davanum@gmail.com;davanum@gmail.com
zerrors_linux.go;MODIFY;3684;32.0;Grew;True;2024-08-27 15:37:32+00:00;False;not calculated;0;11303;ea2bdb6334ec1a2821a96163d83480d5fdb1861b;225;jeffrey.ying86@live.com;jeffrey.ying86@live.com
zerrors_linux.go;MODIFY;3693;9.0;Grew;True;2024-10-11 08:22:13+00:00;False;not calculated;0;11330;6c5a528727c30803d4426b29c06ae5d350619877;200;skitt@redhat.com;skitt@redhat.com
zerrors_linux.go;MODIFY;3724;31.0;Grew;True;2024-12-13 01:46:15+00:00;False;not calculated;0;11423;80735180ab2c61232dcc4646e693ddcaeaf96ca3;115;davanum@gmail.com;davanum@gmail.com
