file_name;change_type;n_loc;lines_balance;size_change;is_large;date;swapped_classification;complexity;methods;tokens;hash;files_on_commit;committer_email;author_email
types.ts;RENAME;1275.0;0.0;Equal;True;2022-07-23 03:14:45+00:00;True;not calculated;0;5743;a483aa2fbf24ce40d93d25566bf27b1f61e46e2f;51;noreply@github.com;jlhwung@gmail.com
types.ts;MODIFY;1281.0;6.0;Grew;True;2022-07-26 19:51:25+00:00;False;not calculated;0;5306;b0114cc9f7c489947d4b820efbbe2baefc1870a2;9;noreply@github.com;savluk.bogdan@gmail.com
types.ts;RENAME;not calculated;0.0;Equal;False;2024-05-15 10:41:52+00:00;True;not calculated;0;not calculated;6e3539ba1447f4ec43b2fcb1093aecea014ccd26;193;noreply@github.com;hello@nicr.dev
types.ts;MODIFY;1708.0;0.0;Equal;True;2024-06-19 13:37:07+00:00;True;not calculated;0;6453;c36fa6a9299df95b801695736f78ac87211f009f;73;noreply@github.com;30521560+liuxingbaoyu@users.noreply.github.com
types.ts;MODIFY;1709.0;1.0;Grew;True;2024-08-23 11:58:44+00:00;False;not calculated;0;6457;15328ebfe4c93bf89ca4a7c8978e972b3e592de0;8;noreply@github.com;30521560+liuxingbaoyu@users.noreply.github.com
types.ts;MODIFY;1711.0;2.0;Grew;True;2024-09-17 07:27:58+00:00;False;not calculated;0;6476;611d9589304399fc17db19dd3ef9dc21e7780c7a;56;noreply@github.com;30521560+liuxingbaoyu@users.noreply.github.com
types.ts;MODIFY;1712.0;1.0;Grew;True;2024-10-23 16:39:47+00:00;False;not calculated;0;6484;10f15bbbe80fb9053479da363bb2d36bc574ecda;44;noreply@github.com;30521560+liuxingbaoyu@users.noreply.github.com
types.ts;MODIFY;1712.0;0.0;Equal;True;2024-12-04 12:06:16+00:00;False;not calculated;0;6484;eb9088f35d701ff70a0986c5163f7716a8ff3ca8;17;noreply@github.com;30521560+liuxingbaoyu@users.noreply.github.com
types.ts;MODIFY;1713.0;1.0;Grew;True;2024-12-06 14:31:30+00:00;False;not calculated;0;6490;55111729910ce4712b0a08632c3533ad76bc23f7;49;noreply@github.com;hello@nicr.dev
types.ts;MODIFY;1714.0;1.0;Grew;True;2024-12-06 15:30:48+00:00;False;not calculated;0;6494;c7f26c856c7576c59b1a48c8b9ef62cbc6599298;89;noreply@github.com;jlhwung@gmail.com
types.ts;MODIFY;1715.0;1.0;Grew;True;2024-12-09 20:08:33+00:00;False;not calculated;0;6498;a2d1da8bb2635d5930753ad59b7a3c33df9a0703;9;noreply@github.com;jlhwung@gmail.com
types.ts;MODIFY;1715.0;0.0;Equal;True;2024-12-11 21:41:32+00:00;False;not calculated;0;6498;8b6fb94e5f29c1a28cf38713d31c62dc5b37d2fa;25;noreply@github.com;jlhwung@gmail.com
types.ts;MODIFY;1737.0;22.0;Grew;True;2024-12-11 23:48:02+00:00;False;not calculated;0;6565;40d37cb6a7200aeb60fdaa260c8808bb462bb2ca;28;noreply@github.com;jlhwung@gmail.com
types.ts;MODIFY;1740.0;3.0;Grew;True;2024-12-16 20:09:51+00:00;False;not calculated;0;6581;3d361994485ac28f782b4b343b30ec4ace8d023a;169;noreply@github.com;jlhwung@gmail.com
