file_name;change_type;n_loc;lines_balance;size_change;is_large;date;swapped_classification;complexity;methods;tokens;hash;files_on_commit;committer_email;author_email
Casts.swift;MODIFY;582;0.0;Equal;False;2020-09-23 06:53:29+00:00;False;30;22;3853;40024718acf0bed26638c40abe9a61816cb2bac4;28;mishal_shah@apple.com;mishal_shah@apple.com
Casts.swift;MODIFY;582;0.0;Grew;False;2020-10-22 04:53:15+00:00;False;30;22;3853;a8464dcaf114ed8b17bddc814cf2de8141e15bed;57;rjmccall@apple.com;rjmccall@apple.com
Casts.swift;MODIFY;586;4.0;Grew;False;2020-10-28 18:48:11+00:00;False;30;22;3873;7da78f77babf8b1f76a137900d940eaadbfde53d;1;noreply@github.com;tkientzle@apple.com
Casts.swift;MODIFY;581;-5.0;Decreased;False;2020-10-28 22:59:13+00:00;False;30;22;3853;b0675c0dd62e7fb3173155200a41d7885db70e29;4;noreply@github.com;tkientzle@apple.com
Casts.swift;MODIFY;601;20.0;Grew;False;2020-10-29 21:46:10+00:00;False;30;22;3967;d92f1d58f87c4e3f22b7127a9b25087878e9c00b;6;noreply@github.com;tkientzle@apple.com
Casts.swift;MODIFY;664;63.0;Grew;False;2020-11-17 01:14:19+00:00;False;32;24;4395;9e4bdb65be9d4f87ee73e43dfb7a9894d10112d9;1;noreply@github.com;tkientzle@apple.com
Casts.swift;MODIFY;688;24.0;Grew;True;2021-01-29 16:24:56+00:00;True;32;24;4561;14df4d13104dfd1519db59d8de8e7900f7197559;2;tkientzle@apple.com;tkientzle@apple.com
Casts.swift;MODIFY;688;0.0;Equal;True;2021-01-29 18:21:32+00:00;False;32;24;4565;067beb18f94b38902d2dc4dc5426c827814e2447;1;tkientzle@apple.com;tkientzle@apple.com
Casts.swift;MODIFY;688;0.0;Grew;True;2021-02-01 17:54:03+00:00;False;32;24;4565;086dc14008a6cdd95c9a6739d76915eb5343174b;2;tkientzle@apple.com;tkientzle@apple.com
Casts.swift;MODIFY;706;18.0;Grew;True;2021-03-22 16:03:29+00:00;False;33;25;4662;26ab27648ebc57d2eb5813a1a7064a8106538068;3;noreply@github.com;tkientzle@apple.com
Casts.swift;MODIFY;706;0.0;Grew;True;2021-04-13 22:19:01+00:00;False;33;25;4662;2decef1c584aa43e1acdadbe5ddb2a3a2dde048a;1;nate_chandler@apple.com;nate_chandler@apple.com
Casts.swift;MODIFY;712;6.0;Grew;True;2021-04-23 23:24:11+00:00;False;39;27;4671;3116eed2e465a2688f070b3b87adc106cbbaf09f;6;noreply@github.com;shahmishal@users.noreply.github.com
Casts.swift;MODIFY;735;23.0;Grew;True;2021-06-01 18:27:57+00:00;False;40;28;4812;c1fce93d0ec42f4440e0995e58cb90e4f9813182;3;noreply@github.com;tkientzle@apple.com
Casts.swift;MODIFY;735;0.0;Equal;True;2021-06-07 19:04:31+00:00;False;40;28;4812;23c3b15f5f2676dd2cfeaabdaf62ae9b49d6faf1;176;mishal_shah@apple.com;mishal_shah@apple.com
Casts.swift;MODIFY;744;9.0;Grew;True;2021-06-17 18:45:58+00:00;False;40;28;4856;c3aa44368a4f0469efd12f19c8b430e8ed65005e;2;mikeash@apple.com;mikeash@apple.com
Casts.swift;MODIFY;744;0.0;Equal;True;2021-07-27 04:24:43+00:00;False;40;28;4856;eeeea49764f26c84fac499ab0a776f37665210e8;247;dgregor@apple.com;dgregor@apple.com
Casts.swift;MODIFY;744;0.0;Equal;True;2021-10-31 22:00:58+00:00;False;40;28;4856;e2cfab4f28fb49bdccf90be005350c0b6efc9f09;90;klorentey@apple.com;klorentey@apple.com
Casts.swift;MODIFY;752;8.0;Grew;True;2022-01-14 19:56:25+00:00;False;40;28;4921;184488d3f2b71850b51f4a742fee3fab89c1dc55;5;noreply@github.com;tkientzle@apple.com
Casts.swift;MODIFY;752;0.0;Grew;True;2022-08-12 03:52:42+00:00;False;40;28;4921;a2ece9e29897b8bec127211d3f3302884a88851b;1;aqamoss3fan2010@gmail.com;aqamoss3fan2010@gmail.com
Casts.swift;MODIFY;769;17.0;Grew;True;2023-02-02 16:45:50+00:00;False;40;28;5135;b91f29dfcb97c5446bb131000ebd29ce31d287b3;3;tkientzle@apple.com;tkientzle@apple.com
Casts.swift;MODIFY;765;-4.0;Decreased;True;2023-02-06 23:58:26+00:00;False;40;28;5088;455b6d69805b083d3a0f7c03c69c5494dd4589b6;1;tkientzle@apple.com;tkientzle@apple.com
Casts.swift;MODIFY;761;-4.0;Grew;True;2023-02-07 20:35:12+00:00;False;40;28;4972;f7ab029d512526d9a1c07db9b22c46accf3e21fd;1;tkientzle@apple.com;tkientzle@apple.com
Casts.swift;MODIFY;764;3.0;Grew;True;2023-02-07 22:21:28+00:00;False;42;30;5000;50745047e9abcfbc6729d508e8f753815929d605;1;tkientzle@apple.com;tkientzle@apple.com
Casts.swift;MODIFY;777;13.0;Equal;True;2023-03-17 16:02:51+00:00;False;42;30;5167;2f8c1a402c99044c6d1becf30b054c096c0115e5;13;noreply@github.com;drexin@apple.com
Casts.swift;MODIFY;790;13.0;Grew;True;2023-10-03 21:50:23+00:00;False;42;30;5234;c078479ce92afa4e76683b20c30d249b3d42262f;2;tkientzle@apple.com;tkientzle@apple.com
Casts.swift;MODIFY;792;2.0;Grew;True;2023-10-04 14:49:56+00:00;False;42;30;5236;7af257a0878220ebf742d6d586eff501e210f157;1;tkientzle@apple.com;tkientzle@apple.com
Casts.swift;MODIFY;806;14.0;Grew;True;2023-10-26 18:57:56+00:00;False;43;31;5314;aed05b9a36ab593deb995127e2b0e2b2fc054a2b;2;tkientzle@apple.com;tkientzle@apple.com
Casts.swift;MODIFY;808;2.0;Grew;True;2024-01-18 02:14:57+00:00;False;43;31;5325;4ea5ed1309c784f02d83536de1644842c93e616b;2;tkientzle@apple.com;tkientzle@apple.com
Casts.swift;MODIFY;792;-16.0;Decreased;True;2024-01-22 19:27:42+00:00;False;42;30;5236;62f8780bb0bac31d2ef19f6a54c9cad6a687b1ef;2;tkientzle@apple.com;tkientzle@apple.com
