file_name;change_type;n_loc;lines_balance;size_change;is_large;date;swapped_classification;complexity;methods;tokens;hash;files_on_commit;committer_email;author_email
CheckCollectionType.swift;RENAME;995;0.0;Equal;True;2016-01-27 02:58:03+00:00;True;13;13;6608;aeeb9c13252f62460624e4b36d5a6c3e5c18b14a;92;gribozavr@gmail.com;gribozavr@gmail.com
CheckCollectionType.swift;MODIFY;995;0.0;Equal;True;2016-01-29 23:27:08+00:00;False;13;13;6608;3f635d04c75eaafe0c410854049ec52bed25a8ce;120;dfarler@apple.com;dfarler@apple.com
CheckCollectionType.swift;MODIFY;995;0.0;Equal;True;2016-02-04 23:08:31+00:00;False;16;13;6569;0619e57a61f27f721e273ab6f808ac81011aeb2c;21;clattner@apple.com;clattner@apple.com
CheckCollectionType.swift;MODIFY;994;-1.0;Decreased;True;2016-02-11 00:08:40+00:00;False;16;13;6564;55fde4c923071846232d5a8dded9e51a814fffba;56;moiseev@apple.com;moiseev@apple.com
CheckCollectionType.swift;MODIFY;996;2.0;Grew;True;2016-02-16 07:47:54+00:00;False;16;13;6642;efaa39ea794d492b622825b11ffac6c779237dd1;132;gribozavr@gmail.com;gribozavr@gmail.com
CheckCollectionType.swift;MODIFY;996;0.0;Equal;True;2016-02-23 19:45:11+00:00;False;16;13;6644;52f0cf49b0cce8db8b13c7ce87ae88722841187b;22;moiseev@apple.com;moiseev@apple.com
CheckCollectionType.swift;MODIFY;996;0.0;Equal;True;2016-02-25 02:23:59+00:00;False;16;13;6644;e4e9c71d8fe6342ac8990c07460d78fc160f5ccf;52;jordan_rose@apple.com;jordan_rose@apple.com
CheckCollectionType.swift;MODIFY;995;-1.0;Decreased;True;2016-03-05 15:44:54+00:00;False;16;13;6569;c1b25bb32f7ff3243729efc7fa620f1b3cb0408d;48;hughbellars@gmail.com;hughbellars@gmail.com
CheckCollectionType.swift;MODIFY;996;1.0;Grew;True;2016-03-10 22:37:29+00:00;False;16;13;6680;643d7980f7d733d59d56ecf7d88f6568d2b42293;1;shawnce@gmail.com;shawnce@gmail.com
CheckCollectionType.swift;MODIFY;996;0.0;Equal;True;2016-03-16 22:59:10+00:00;False;16;13;6680;f493b54e448dbc92a52c9c6b512a1ac1020bdc47;49;dabrahams@apple.com;dabrahams@apple.com
CheckCollectionType.swift;MODIFY;1013;17.0;Grew;True;2016-03-19 06:03:01+00:00;False;18;14;6914;9dd485eb899b404b79c6edb97839f7e7a34c8f3d;7;gribozavr@gmail.com;gribozavr@gmail.com
CheckCollectionType.swift;MODIFY;1013;0.0;Equal;True;2016-03-23 00:13:54+00:00;False;18;14;6920;8d9e62b274bf479324db8a44437a5960e73e7cea;49;dabrahams@apple.com;dabrahams@apple.com
CheckCollectionType.swift;MODIFY;1013;0.0;Equal;True;2016-03-24 00:16:20+00:00;False;18;14;6920;11259d1d14bd6e3dc4929003dc76b9fe2c470330;23;dabrahams@apple.com;dabrahams@apple.com
CheckCollectionType.swift;MODIFY;1013;0.0;Equal;True;2016-03-26 00:54:39+00:00;False;18;14;6920;01127b32d5fc3d8d99bc36a0af504032e81e377c;31;dabrahams@apple.com;dabrahams@apple.com
CheckCollectionType.swift;MODIFY;1013;0.0;Equal;True;2016-03-28 20:03:59+00:00;False;18;14;6920;4d651f8fc047912d6f962cd8b92e382f3c8d65d6;15;dabrahams@apple.com;dabrahams@apple.com
CheckCollectionType.swift;MODIFY;1120;107.0;Grew;True;2016-03-30 00:22:52+00:00;False;29;15;7487;bd9e855e5b8fbc5e1572150fe746e9d22fa1c451;3;gribozavr@gmail.com;gribozavr@gmail.com
CheckCollectionType.swift;MODIFY;1241;121.0;Grew;True;2016-04-01 21:12:18+00:00;False;53;16;8203;2b9737cc9c046215c7c2115e531ef134b073b201;1;gribozavr@gmail.com;gribozavr@gmail.com
CheckCollectionType.swift;MODIFY;1121;-120.0;Decreased;True;2016-04-01 21:12:18+00:00;False;30;15;7544;6477740cda1279158d5decc42b76fe48f9cc74c8;1;gribozavr@gmail.com;gribozavr@gmail.com
CheckCollectionType.swift;MODIFY;1248;127.0;Grew;True;2016-04-01 21:14:58+00:00;False;21;15;8270;a53fb16591c9f1293159a2245ebab25e2f34fbc0;1;gribozavr@gmail.com;gribozavr@gmail.com
CheckCollectionType.swift;MODIFY;996;-252.0;Decreased;True;2016-04-07 00:21:58+00:00;False;16;13;6652;7928140f798ae5b29af2053e774851f8012b555e;1137;manav1907@gmail.com;manav1907@gmail.com
CheckCollectionType.swift;MODIFY;1156;160.0;Grew;True;2016-04-07 05:31:41+00:00;False;21;15;7784;55fa27008f30fc8396b571773983707b1c265ccf;3;gribozavr@gmail.com;gribozavr@gmail.com
CheckCollectionType.swift;MODIFY;1156;0.0;Equal;True;2016-04-14 18:49:27+00:00;False;21;15;7784;37bf02f7da045265bc6a9db63c02bc73e1e2d406;17;moiseev@apple.com;moiseev@apple.com
CheckCollectionType.swift;MODIFY;1156;0.0;Equal;True;2016-04-22 00:13:41+00:00;False;21;15;7792;47a870cc503c77d7babe1064e41db8baca638844;168;dabrahams@apple.com;dabrahams@apple.com
CheckCollectionType.swift;MODIFY;1210;54.0;Grew;True;2016-04-22 23:09:10+00:00;False;21;15;7788;66472fadcdb75e0001ac5925583df089630b0647;1;dabrahams@apple.com;dabrahams@apple.com
CheckCollectionType.swift;MODIFY;1279;69.0;Grew;True;2016-04-23 00:59:58+00:00;False;24;18;8285;17cb21ea7e4f43e98d4a10eba1e8b8214ab0de9a;2;dabrahams@apple.com;dabrahams@apple.com
CheckCollectionType.swift;RENAME;1965;686.0;Grew;True;2018-04-19 20:06:14+00:00;False;9;9;13192;c4614a92081bf1f133bb2b5c141585ec3be64936;21;milseman@apple.com;milseman@apple.com
CheckCollectionType.swift;MODIFY;1965;0.0;Equal;True;2018-04-21 23:07:25+00:00;False;9;9;13192;58933d88c57fdca8d84ac7c0b8cace3aa349d4a8;45;natecook@apple.com;natecook@apple.com
CheckCollectionType.swift;MODIFY;2121;156.0;Grew;True;2018-04-24 01:47:26+00:00;False;10;10;14036;b1ab7d89db3f80147dce74672482ef8f073eb281;11;noreply@github.com;natecook1000@users.noreply.github.com
CheckCollectionType.swift;MODIFY;2121;0.0;Equal;True;2018-07-22 00:29:57+00:00;False;10;10;13952;4694310e51330aadf079cf15497c789ce686e1a1;34;noreply@github.com;airspeedswift@users.noreply.github.com
CheckCollectionType.swift;MODIFY;2121;0.0;Equal;True;2020-05-10 11:31:55+00:00;False;10;10;13726;f2c952cb695536a754881b11e20e8071b44a8b53;12;me@benrimmington.com;me@benrimmington.com
