file_name;change_type;n_loc;lines_balance;size_change;is_large;date;swapped_classification;complexity;methods;tokens;hash;files_on_commit;committer_email;author_email
Codable.swift;ADD;1379;0.0;Grew;True;2017-04-25 20:04:27+00:00;True;318;229;12214;cecf00d1f187ed7d1730aa8330659af5aea2cc77;3;iferber@apple.com;iferber@apple.com
Codable.swift;MODIFY;1379;0.0;Equal;True;2017-04-27 17:22:03+00:00;False;318;229;12154;53d82b19238e49141d735be3a7b6d3887bd9fe65;1;iferber@apple.com;iferber@apple.com
Codable.swift;MODIFY;1410;31.0;Grew;True;2017-04-28 18:15:04+00:00;False;319;230;12363;e1e67844a845f4be8c9061de862800eb3713aa4f;1;iferber@apple.com;iferber@apple.com
Codable.swift;MODIFY;1435;25.0;Grew;True;2017-04-29 06:38:25+00:00;False;324;232;12519;f7cd0a6343969889ed84bcbd44cd15262c9349b0;1;iferber@apple.com;iferber@apple.com
Codable.swift;MODIFY;1623;188.0;Grew;True;2017-04-29 19:18:49+00:00;False;324;232;12983;7778fc2fb359ff92b956fa6f146ecbd55a935129;1;iferber@apple.com;iferber@apple.com
Codable.swift;MODIFY;1854;231.0;Grew;True;2017-05-02 04:05:10+00:00;False;324;232;12983;cde3b920c1cb5b50ab2360c080a735bb790c81b7;1;natecook@apple.com;natecook@apple.com
Codable.swift;MODIFY;1753;-101.0;Grew;True;2017-05-03 00:03:48+00:00;False;344;240;13874;1eb73b3b62c05fbd9cc7dfe8a3212da84338f57f;1;iferber@apple.com;iferber@apple.com
Codable.swift;ADD;1623;-130.0;Grew;True;2017-05-03 00:06:51+00:00;False;324;232;12983;ff65a2b2a12b55b7d21e173f75d5196f39ff6eaa;3;noreply@github.com;anthony.parker@apple.com
Codable.swift;MODIFY;1753;130.0;Grew;True;2017-05-17 16:58:08+00:00;False;344;240;13874;817a1efa3bd9e00150a88841d627352e7bd22435;14;natecook@apple.com;natecook@apple.com
Codable.swift;MODIFY;2010;257.0;Grew;True;2017-05-22 16:29:36+00:00;False;409;287;15744;d16297dad55381289221a69e0c161ae2594344f3;3;iferber@apple.com;iferber@apple.com
Codable.swift;MODIFY;2010;0.0;Equal;True;2017-06-05 03:40:12+00:00;False;409;287;15744;279f4d9f8e4011bcbf6bfdf00b4ca64e08024bb7;1;sushangjin@gmail.com;sushangjin@gmail.com
Codable.swift;MODIFY;1914;-96.0;Decreased;True;2017-06-05 23:28:37+00:00;False;355;275;14437;890c2d50159892e5160481c6882e10a2fc75e249;1;rlevenstein@apple.com;rlevenstein@apple.com
Codable.swift;MODIFY;1912;-2.0;Decreased;True;2017-06-21 22:52:31+00:00;False;352;274;14563;41f93ca9d33e53d9b8a3c86a861aa9653e943375;1;iferber@apple.com;iferber@apple.com
Codable.swift;MODIFY;2068;156.0;Grew;True;2017-06-28 17:10:21+00:00;False;472;352;16760;60b6faaae2ceaccebacfc9fe9f00a1e82e01897c;1;iferber@apple.com;iferber@apple.com
Codable.swift;MODIFY;1916;-152.0;Grew;True;2017-06-28 21:31:53+00:00;False;352;274;14595;8f386789110e8d5b3c0d9443363a25e5a60a96b6;1;iferber@apple.com;iferber@apple.com
Codable.swift;MODIFY;1974;58.0;Grew;True;2017-06-28 21:33:15+00:00;False;352;274;14871;92fccf964b57ee67c476750204b0bd0ab98fcc5e;3;iferber@apple.com;iferber@apple.com
Codable.swift;MODIFY;1993;19.0;Grew;True;2017-06-28 21:34:35+00:00;False;355;277;15034;f088cfbdfe705499fee45172fd6438e69fec093a;1;iferber@apple.com;iferber@apple.com
Codable.swift;MODIFY;2162;169.0;Grew;True;2017-06-30 19:43:40+00:00;False;475;355;17296;e1007a2e3b00b33d5eca1fdc55214bfc4498df84;6;iferber@apple.com;iferber@apple.com
Codable.swift;MODIFY;2167;5.0;Grew;True;2017-07-16 03:13:10+00:00;False;475;355;17311;f4e8cbb4e587be239de77277d97ee677a62c9f07;1;inamiy@gmail.com;inamiy@gmail.com
Codable.swift;MODIFY;2171;4.0;Grew;True;2017-07-16 03:46:37+00:00;False;475;355;17332;33582e61e7faa52bc360a24149f86036a50fd058;1;inamiy@gmail.com;inamiy@gmail.com
Codable.swift;MODIFY;2171;0.0;Equal;True;2017-07-16 03:50:08+00:00;False;475;355;17332;98ed5f97deb704800fe3dd862fbfb1adeecfbcca;1;inamiy@gmail.com;inamiy@gmail.com
Codable.swift;MODIFY;2171;0.0;Equal;True;2017-07-17 03:02:56+00:00;False;475;355;17332;e017508a9b5754911898882510fb693de2b57b4e;1;inamiy@gmail.com;inamiy@gmail.com
Codable.swift;MODIFY;2171;0.0;Decreased;True;2017-07-21 17:55:05+00:00;False;475;355;17332;580332b06246a1a59c41ec93ac0b4710f0ab277e;1;iferber@apple.com;iferber@apple.com
Codable.swift;MODIFY;2171;0.0;Decreased;True;2017-07-31 15:56:53+00:00;False;475;355;17332;781f6326bd9932356086874baa12c812d100565e;15;natecook@apple.com;natecook@apple.com
Codable.swift;MODIFY;2169;-2.0;Grew;True;2017-08-02 21:11:29+00:00;False;481;361;17414;fbdcbee7a22ecbb0e4de3dec71c22f7c40bd723a;6;iferber@apple.com;iferber@apple.com
Codable.swift;MODIFY;2169;0.0;Grew;True;2017-08-02 23:03:02+00:00;False;481;361;17410;e3da1b42545191fa958b672771a4a578342c4297;1;iferber@apple.com;iferber@apple.com
Codable.swift;MODIFY;2432;263.0;Grew;True;2017-09-29 18:26:56+00:00;False;485;365;17972;67005f4047235ebde29da7ead7e95206e7596928;1;moiseev@apple.com;moiseev@apple.com
Codable.swift;MODIFY;2420;-12.0;Grew;True;2017-09-29 18:26:56+00:00;False;481;361;17938;53b84192795aa007bbe4696699b80b2e243a05aa;130;moiseev@apple.com;moiseev@apple.com
Codable.swift;MODIFY;2437;17.0;Grew;True;2017-10-02 22:19:06+00:00;False;485;365;17982;a24998a5b12151e8acfbe5f1f70dcf80685334b1;47;moiseev@apple.com;moiseev@apple.com
Codable.swift;MODIFY;2437;0.0;Grew;True;2017-11-07 17:11:23+00:00;False;485;365;17982;0b62b0608d50115d5fd3e5714d6d798716ed443a;13;natecook@apple.com;natecook@apple.com
Codable.swift;MODIFY;2377;-60.0;Decreased;True;2017-11-30 19:06:29+00:00;False;484;359;17398;89343e2c98afaa30944b1e18bc2ebc8ebc76b7c1;2;dgregor@apple.com;dgregor@apple.com
Codable.swift;ADD;2539;162.0;Grew;True;2019-12-07 16:05:44+00:00;False;490;363;16270;eb8bd16ca52ed6ade19fd972caa65ea67247d0d8;3;aalonso128@outlook.com;aalonso128@outlook.com
Codable.swift;MODIFY;2542;3.0;Equal;True;2019-12-07 16:05:45+00:00;False;490;363;16270;eebf8825f9bd7ea8674b91e9a05cd650466337bd;5;aalonso128@outlook.com;aalonso128@outlook.com
Codable.swift;MODIFY;2544;2.0;Grew;True;2019-12-11 00:28:51+00:00;False;490;363;16280;3bda241b11914016ccce47d056227368596cef78;1;devteam.codafi@gmail.com;devteam.codafi@gmail.com
Codable.swift;MODIFY;2542;-2.0;Decreased;True;2020-01-15 23:28:42+00:00;False;490;363;16270;0c478b6be6a0a2586cd8341e5e576945ec4d4a7e;23;brentdax@apple.com;brentdax@apple.com
Codable.swift;MODIFY;2560;18.0;Grew;True;2020-04-06 21:57:44+00:00;False;494;365;16372;248c554524391f57617047364728103dcc0dcf12;20;noreply@github.com;scanon@apple.com
Codable.swift;MODIFY;2700;140.0;Grew;True;2020-04-29 22:23:26+00:00;False;494;365;18646;70b3f015041578a89e48312ce60d8f711af1487b;1;noreply@github.com;tkientzle@apple.com
Codable.swift;MODIFY;2700;0.0;Equal;True;2020-06-09 02:25:58+00:00;False;494;365;18646;39d0827ec47cdf6fa06c18f5930fdb3971d63648;1;noreply@github.com;rxwei@apple.com
Codable.swift;MODIFY;2700;0.0;Equal;True;2020-06-22 22:43:20+00:00;False;494;365;18654;272c466e47507c4c6359f30ab8c9ceea5e7c216d;45;mishal_shah@apple.com;mishal_shah@apple.com
Codable.swift;MODIFY;2702;2.0;Grew;True;2020-07-15 00:42:12+00:00;False;494;365;18663;103961a7d5f8853ac518f4d8151de0f5b64d8ccf;11;noreply@github.com;scanon@apple.com
Codable.swift;MODIFY;2702;0.0;Equal;True;2020-11-19 14:36:03+00:00;False;494;365;18656;abea46ea59b7e66717b015151290cdefd2cd0dcb;9;noreply@github.com;scanon@apple.com
Codable.swift;MODIFY;2702;0.0;Equal;True;2020-12-09 18:51:51+00:00;False;494;365;18656;95309e1dce891bb08a3dcaf44b8e8d367a95d377;9;scanon@apple.com;scanon@apple.com
Codable.swift;MODIFY;2702;0.0;Equal;True;2021-02-04 11:45:09+00:00;False;494;365;18660;1a1f79c0de418cb72f11dfd6ea74040e7f078dcf;67;dgregor@apple.com;dgregor@apple.com
Codable.swift;MODIFY;2703;1.0;Grew;True;2021-02-21 06:01:28+00:00;False;494;365;18666;d9e4184742fabd093ef8844a411f29e7f38db45a;12;dgregor@apple.com;dgregor@apple.com
Codable.swift;MODIFY;2703;0.0;Equal;True;2021-03-19 05:48:20+00:00;False;494;365;18666;9579390024214a437f77505b0a77e62119e39377;101;dgregor@apple.com;dgregor@apple.com
Codable.swift;MODIFY;2703;0.0;Equal;True;2021-09-09 01:32:56+00:00;False;494;365;18666;76f639a21b5309bf41bfeceb6e0b6e28acb201fc;1;wone2287@gmail.com;wone2287@gmail.com
Codable.swift;MODIFY;2703;0.0;Equal;True;2021-10-06 05:01:35+00:00;False;494;365;18666;dd40ff29299e9f4c7261357e1153a332f18e80d2;31;klorentey@apple.com;klorentey@apple.com
Codable.swift;MODIFY;2788;85.0;Grew;True;2021-10-30 10:33:42+00:00;False;504;370;19325;0251957ae382dea6370c01dfc5872ba00b8bcf6e;4;noreply@github.com;bek@termestrup.dk
Codable.swift;MODIFY;2788;0.0;Equal;True;2021-10-31 22:00:58+00:00;False;504;370;19310;8ed81ae063a4382cc6db3a253eb54c5814b3dcb7;24;klorentey@apple.com;klorentey@apple.com
Codable.swift;MODIFY;2789;1.0;Grew;True;2021-11-01 23:45:04+00:00;False;504;370;19205;5d6b0bace6de5853e856cc7648fa634e392e61c9;1;klorentey@apple.com;klorentey@apple.com
Codable.swift;MODIFY;2788;-1.0;Equal;True;2021-11-03 21:06:26+00:00;False;504;370;19310;bca4f2a6bedc906c9a62a547e1e66d1331bf6cf5;2;hassaneldesouky@icloud.com;hassaneldesouky@icloud.com
Codable.swift;MODIFY;2789;1.0;Equal;True;2022-05-10 01:06:17+00:00;False;504;370;19211;7a7ebd89707bf9362f7047b030ffc44f5792ad4a;17;klorentey@apple.com;klorentey@apple.com
Codable.swift;MODIFY;2789;0.0;Equal;True;2022-05-10 01:07:09+00:00;False;504;370;19208;191eaaddfd6b232c2eb53d4321f319ed158da1cd;1;klorentey@apple.com;klorentey@apple.com
Codable.swift;MODIFY;2789;0.0;Equal;True;2022-05-10 01:07:09+00:00;False;504;370;19205;9f177d1243a4907f22133f374472ed044543b4f3;1;klorentey@apple.com;klorentey@apple.com
Codable.swift;MODIFY;2789;0.0;Equal;True;2023-02-27 19:02:14+00:00;False;504;370;19285;c94210c3b9903d2370aae6f6aa4de4c2db9d6be9;1;noreply@github.com;me@benrimmington.com
Codable.swift;MODIFY;2793;4.0;Grew;True;2024-03-05 23:02:09+00:00;False;504;370;19311;f9f640b141a451240b935e5fecd67346639fd388;44;alejandro_alonso@apple.com;alejandro_alonso@apple.com
Codable.swift;MODIFY;3261;468.0;Grew;True;2024-04-02 20:24:41+00:00;False;570;422;22505;a3815895243cf8841d224197f9318371c09d771b;17;noreply@github.com;scanon@apple.com
Codable.swift;MODIFY;3283;22.0;Grew;True;2024-04-03 20:53:48+00:00;False;572;424;22599;cbf9cb2734484ec2984d77d74d6eb6a84a93f123;3;noreply@github.com;scanon@apple.com
Codable.swift;MODIFY;3305;22.0;Grew;True;2024-04-03 22:47:19+00:00;False;574;426;22703;cb400c61bb18987b5c156223ec9e339b9cf3659e;3;scanon@apple.com;scanon@apple.com
