file_name;change_type;n_loc;lines_balance;size_change;is_large;date;swapped_classification;complexity;methods;tokens;hash;files_on_commit;committer_email;author_email
distributed_actor_system_missing_adhoc_requirement_impls.swift;ADD;57;0.0;Grew;False;2022-01-27 08:51:43+00:00;False;17;17;380;4bf2a92bda1dcdf845e32deb1e4d992765799625;67;konrad_malawski@apple.com;konrad_malawski@apple.com
distributed_actor_system_missing_adhoc_requirement_impls.swift;MODIFY;57;0.0;Grew;False;2022-01-29 22:33:41+00:00;False;17;17;381;c3cafcc1ab1f8de93e5eaa527f265438e63199a5;26;pyaskevich@apple.com;pyaskevich@apple.com
distributed_actor_system_missing_adhoc_requirement_impls.swift;MODIFY;57;0.0;Equal;False;2022-01-31 08:37:59+00:00;False;17;17;383;d5c9a4b5b341de3c36c5df490544b5c029763fb5;23;pyaskevich@apple.com;pyaskevich@apple.com
distributed_actor_system_missing_adhoc_requirement_impls.swift;MODIFY;222;165.0;Grew;False;2022-02-11 10:25:48+00:00;False;50;50;1365;bffd956033f88d65cdc60cc0f4234fa6784cc342;22;konrad_malawski@apple.com;konrad_malawski@apple.com
distributed_actor_system_missing_adhoc_requirement_impls.swift;MODIFY;222;0.0;Equal;False;2022-02-11 10:25:57+00:00;False;50;50;1365;12932c7b3c7b0aae090e2138f563cb39e7b9c733;9;konrad_malawski@apple.com;konrad_malawski@apple.com
distributed_actor_system_missing_adhoc_requirement_impls.swift;MODIFY;450;228.0;Grew;False;2022-02-11 10:26:18+00:00;False;108;108;2879;0fec1b31da6e6cf3d553618c789fa17423c1be8b;5;konrad_malawski@apple.com;konrad_malawski@apple.com
distributed_actor_system_missing_adhoc_requirement_impls.swift;MODIFY;429;-21.0;Grew;False;2022-02-11 10:26:18+00:00;False;96;96;2664;c7e3af84e464e1d0b0d2d570ba2408be31a40765;7;konrad_malawski@apple.com;konrad_malawski@apple.com
distributed_actor_system_missing_adhoc_requirement_impls.swift;MODIFY;458;29.0;Grew;False;2022-02-14 07:14:41+00:00;False;113;113;2967;005743c92c48841dd49f646a52a236718ffc065c;11;konrad_malawski@apple.com;konrad_malawski@apple.com
distributed_actor_system_missing_adhoc_requirement_impls.swift;MODIFY;487;29.0;Grew;False;2022-02-14 13:08:16+00:00;False;133;133;3336;1caa0b1de08bbb57bb8803a611c0380f83ce4aac;5;konrad_malawski@apple.com;konrad_malawski@apple.com
distributed_actor_system_missing_adhoc_requirement_impls.swift;MODIFY;507;20.0;Grew;False;2022-02-15 23:18:30+00:00;False;143;143;3498;b02f9c7a97235849cd287ca260f0114710c8c62e;15;konrad_malawski@apple.com;konrad_malawski@apple.com
distributed_actor_system_missing_adhoc_requirement_impls.swift;MODIFY;551;44.0;Grew;False;2022-03-10 14:58:23+00:00;False;149;149;3724;5ab8e0834d8f14f07b739338d5320cae5392cac6;68;noreply@github.com;ktoso@apple.com
distributed_actor_system_missing_adhoc_requirement_impls.swift;MODIFY;551;0.0;Equal;False;2022-03-11 13:14:49+00:00;False;149;149;3724;13cc8b3157a9554ce05579aba5ff92b5464ec4f9;70;konrad_malawski@apple.com;konrad_malawski@apple.com
distributed_actor_system_missing_adhoc_requirement_impls.swift;MODIFY;551;0.0;Decreased;False;2022-03-15 08:34:04+00:00;False;149;149;3724;4fa0855907c59d845bfb124f0258adec506b891a;19;konrad_malawski@apple.com;konrad_malawski@apple.com
distributed_actor_system_missing_adhoc_requirement_impls.swift;MODIFY;551;0.0;Equal;False;2022-03-15 23:35:35+00:00;False;149;149;3724;8c13370242b80629d159ab8d1ee7823fdfd37cc5;77;konrad_malawski@apple.com;konrad_malawski@apple.com
distributed_actor_system_missing_adhoc_requirement_impls.swift;MODIFY;551;0.0;Equal;False;2022-03-17 11:05:31+00:00;False;149;149;3756;ea2972346644c9d130906840ea1bfa63d548d3af;22;konrad_malawski@apple.com;konrad_malawski@apple.com
distributed_actor_system_missing_adhoc_requirement_impls.swift;MODIFY;559;8.0;Grew;False;2022-03-17 13:55:09+00:00;False;154;154;3840;5a5d1ba2e622f7514191ce18426b7aa834462c93;26;konrad_malawski@apple.com;konrad_malawski@apple.com
distributed_actor_system_missing_adhoc_requirement_impls.swift;MODIFY;603;44.0;Grew;False;2022-03-24 12:44:37+00:00;False;165;165;4095;8d3e7d91c03da03af261270b34ec2ae3897a1597;37;noreply@github.com;ktoso@apple.com
distributed_actor_system_missing_adhoc_requirement_impls.swift;MODIFY;650;47.0;Grew;False;2022-05-04 22:09:03+00:00;False;172;172;4329;90e034f1dcc0dcc58bbbb5728bb6870ce3c560ba;2;konrad_malawski@apple.com;konrad_malawski@apple.com
distributed_actor_system_missing_adhoc_requirement_impls.swift;MODIFY;650;0.0;Equal;False;2022-05-06 22:28:55+00:00;False;172;172;4329;bcd0f64e91ccd28c955041133e8e4ee74db6818e;6;konrad_malawski@apple.com;konrad_malawski@apple.com
distributed_actor_system_missing_adhoc_requirement_impls.swift;MODIFY;650;0.0;Equal;False;2022-05-08 10:37:24+00:00;False;172;172;4329;1675669e4382b86083f0557df84fb824de753f75;5;konrad_malawski@apple.com;konrad_malawski@apple.com
distributed_actor_system_missing_adhoc_requirement_impls.swift;MODIFY;656;6.0;Grew;False;2022-05-31 02:53:10+00:00;False;175;175;4380;2b0b38968ae314df1a2dbbb20576c1bebaf4b241;2;konrad_malawski@apple.com;konrad_malawski@apple.com
distributed_actor_system_missing_adhoc_requirement_impls.swift;MODIFY;703;47.0;Grew;True;2022-05-31 06:09:50+00:00;True;182;182;4618;402501da937227fb18ff512893d82ac4353e0019;4;konrad_malawski@apple.com;konrad_malawski@apple.com
distributed_actor_system_missing_adhoc_requirement_impls.swift;MODIFY;703;0.0;Equal;True;2023-11-29 05:48:10+00:00;False;182;182;4618;29982fcc51b2a21a8e6bc75cc4b3d3a0bd588419;6;konrad_malawski@apple.com;konrad_malawski@apple.com
distributed_actor_system_missing_adhoc_requirement_impls.swift;MODIFY;703;0.0;Equal;True;2023-11-29 05:48:11+00:00;False;182;182;4618;6ddfb6d9c2e00101f886ceb77d17796346c0936e;3;konrad_malawski@apple.com;konrad_malawski@apple.com
distributed_actor_system_missing_adhoc_requirement_impls.swift;MODIFY;703;0.0;Grew;True;2024-02-12 22:26:30+00:00;False;182;182;4618;cdc9a01dc157887be876055ef3c2351399402e69;4;pyaskevich@apple.com;pyaskevich@apple.com
distributed_actor_system_missing_adhoc_requirement_impls.swift;MODIFY;703;0.0;Grew;True;2024-08-07 21:01:30+00:00;False;182;182;4618;66104395d74e2b93cad01e95e679b2304b78552a;143;ahoppen@apple.com;ahoppen@apple.com
distributed_actor_system_missing_adhoc_requirement_impls.swift;MODIFY;703;0.0;Equal;True;2024-10-20 16:07:13+00:00;False;182;182;4618;75bad99f78edebb90f30a3217151c149280cf32c;124;shortlidge@apple.com;shortlidge@apple.com
