file_name;change_type;n_loc;lines_balance;size_change;is_large;date;swapped_classification;complexity;methods;tokens;hash;files_on_commit;committer_email;author_email
LifetimeDependenceUtils.swift;ADD;433;0.0;Grew;False;2024-01-23 07:57:03+00:00;False;72;39;2393;2ef870a52b4469ae00f5a6f67a6a6af60b03ec12;5;atrick@apple.com;atrick@apple.com
LifetimeDependenceUtils.swift;MODIFY;662;229.0;Grew;False;2024-01-30 16:38:57+00:00;False;132;51;3843;25cff623ab3b35d253052a83484e264e79224b75;2;atrick@apple.com;atrick@apple.com
LifetimeDependenceUtils.swift;MODIFY;680;18.0;Grew;True;2024-01-30 19:45:55+00:00;True;137;53;3928;ddceffaf3bd5cd93d466b76b1b98236e585e42b2;13;atrick@apple.com;atrick@apple.com
LifetimeDependenceUtils.swift;MODIFY;692;12.0;Grew;True;2024-02-12 17:57:14+00:00;False;137;53;3988;8b2438249420d33ae868e3dc40823ab854ce1863;16;atrick@apple.com;atrick@apple.com
LifetimeDependenceUtils.swift;MODIFY;741;49.0;Grew;True;2024-02-12 17:57:14+00:00;False;142;55;4345;af39b0fb1f3bc5227e00dbc99d2b490c3727fa03;1;atrick@apple.com;atrick@apple.com
LifetimeDependenceUtils.swift;MODIFY;703;-38.0;Grew;True;2024-02-12 17:57:14+00:00;False;137;53;4051;63413916a15ac318c41d53d89b5f86e0c79c3b9d;3;atrick@apple.com;atrick@apple.com
LifetimeDependenceUtils.swift;MODIFY;715;12.0;Grew;True;2024-02-12 17:57:14+00:00;False;141;54;4211;ac457abab982b510bc10d7ff793896d22a5374cd;2;atrick@apple.com;atrick@apple.com
LifetimeDependenceUtils.swift;MODIFY;742;27.0;Grew;True;2024-02-13 04:03:38+00:00;False;142;55;4346;2e7c29cdf5e4af05db2699d49d2bb5df0e8fc7ac;2;atrick@apple.com;atrick@apple.com
LifetimeDependenceUtils.swift;MODIFY;756;14.0;Grew;True;2024-02-13 04:05:24+00:00;False;147;55;4438;1cdf9d56acd01f0304908e406e8ad002ce42fa88;1;atrick@apple.com;atrick@apple.com
LifetimeDependenceUtils.swift;MODIFY;772;16.0;Grew;True;2024-02-14 04:57:02+00:00;False;152;58;4536;f0b04004ff5a08e176d93882441d6efd0b3c3436;1;atrick@apple.com;atrick@apple.com
LifetimeDependenceUtils.swift;MODIFY;772;0.0;Grew;True;2024-02-14 06:22:28+00:00;False;152;58;4536;68037faa61aacf1238533b0e4a69ad6c3b0abe7d;6;atrick@apple.com;atrick@apple.com
LifetimeDependenceUtils.swift;MODIFY;774;2.0;Grew;True;2024-02-15 10:39:34+00:00;False;152;58;4552;41043948c15cc327311e52a1b7691679e875b42b;3;atrick@apple.com;atrick@apple.com
LifetimeDependenceUtils.swift;MODIFY;785;11.0;Grew;True;2024-02-19 23:28:04+00:00;False;155;59;4629;12ac8042ab9799286eb7d8e41696321f22789597;4;meghanavgupta@gmail.com;meghanavgupta@gmail.com
LifetimeDependenceUtils.swift;MODIFY;779;-6.0;Decreased;True;2024-02-26 08:20:46+00:00;False;152;59;4584;a7e4e900c4d58718daa7f6cce176de2943f950ad;1;atrick@apple.com;atrick@apple.com
LifetimeDependenceUtils.swift;MODIFY;779;0.0;Equal;True;2024-03-01 08:07:12+00:00;False;152;59;4584;8137adf89e2b3685a3041859af890acd37414177;5;eeckstein@apple.com;eeckstein@apple.com
LifetimeDependenceUtils.swift;MODIFY;776;-3.0;Decreased;True;2024-03-06 01:08:13+00:00;False;152;59;4569;ef940c52973c6694e0961cbb6c39daed749e8c2f;3;atrick@apple.com;atrick@apple.com
LifetimeDependenceUtils.swift;MODIFY;779;3.0;Grew;True;2024-03-06 01:08:13+00:00;False;152;59;4579;a3fe978cc40d8fbef47c35a1e74010d5b478b435;1;atrick@apple.com;atrick@apple.com
LifetimeDependenceUtils.swift;MODIFY;837;58.0;Grew;True;2024-03-06 02:08:16+00:00;False;172;62;4986;3bee32639b94e0969294a9f4c5a0e48f3fddfc48;3;atrick@apple.com;atrick@apple.com
LifetimeDependenceUtils.swift;MODIFY;837;0.0;Equal;True;2024-03-07 21:34:46+00:00;False;172;62;4960;df7326d790c38c095bc86eab09d4320454ede1df;9;atrick@apple.com;atrick@apple.com
LifetimeDependenceUtils.swift;MODIFY;837;0.0;Grew;True;2024-03-19 00:38:12+00:00;False;172;62;4960;95a100a9c06ef34581aba531d27be1099d358be0;1;atrick@apple.com;atrick@apple.com
LifetimeDependenceUtils.swift;MODIFY;837;0.0;Decreased;True;2024-03-19 00:38:12+00:00;False;172;62;4960;5e9e282b62554f27eb3eb74dcd7128fb8873fe1c;1;atrick@apple.com;atrick@apple.com
LifetimeDependenceUtils.swift;MODIFY;837;0.0;Equal;True;2024-03-19 00:45:28+00:00;False;172;62;4960;b7eaee9448a733202d5eb48b418b7588b6dba8e8;1;atrick@apple.com;atrick@apple.com
LifetimeDependenceUtils.swift;MODIFY;836;-1.0;Decreased;True;2024-03-22 18:51:58+00:00;False;172;62;4964;f037b635fb9772999859b9145e7008f5272d68cc;1;atrick@apple.com;atrick@apple.com
LifetimeDependenceUtils.swift;MODIFY;841;5.0;Grew;True;2024-03-22 18:51:58+00:00;False;172;62;4997;a0b2ae9c2c91cc8a1c207e76773a29f24be9b2e7;7;atrick@apple.com;atrick@apple.com
LifetimeDependenceUtils.swift;MODIFY;842;1.0;Grew;True;2024-04-02 05:16:45+00:00;False;172;62;4986;1b6be740e857fc39943a726f31f80c57e74d096e;2;atrick@apple.com;atrick@apple.com
LifetimeDependenceUtils.swift;MODIFY;842;0.0;Equal;True;2024-04-03 17:46:09+00:00;False;172;62;4986;fbae21ff21d2b8298477689d261b7a6e0fab5e6f;3;atrick@apple.com;atrick@apple.com
LifetimeDependenceUtils.swift;MODIFY;842;0.0;Grew;True;2024-04-03 17:46:09+00:00;False;172;62;4986;bac1dc9699833a614bc53d5eac6dd4027d86f594;1;atrick@apple.com;atrick@apple.com
LifetimeDependenceUtils.swift;MODIFY;841;-1.0;Decreased;True;2024-04-10 11:38:10+00:00;False;172;62;4980;e14c1d1f62d235cfc8e82f8987bccecd30592323;98;eeckstein@apple.com;eeckstein@apple.com
LifetimeDependenceUtils.swift;MODIFY;838;-3.0;Decreased;True;2024-05-03 22:56:25+00:00;False;171;62;4947;06921cfe84d3a5025d296e0a462db8a9ad8ac413;20;nate_chandler@apple.com;nate_chandler@apple.com
LifetimeDependenceUtils.swift;MODIFY;838;0.0;Decreased;True;2024-07-05 17:42:31+00:00;False;171;62;4947;ad2e58ed434220768bbeb5144fecfdc6aae32c3b;2;atrick@apple.com;atrick@apple.com
LifetimeDependenceUtils.swift;MODIFY;841;3.0;Grew;True;2024-07-23 23:03:32+00:00;False;171;62;4956;c32c238720640cfa0edf59ab2963d1672ee61b46;3;atrick@apple.com;atrick@apple.com
LifetimeDependenceUtils.swift;MODIFY;841;0.0;Equal;True;2024-07-30 06:44:02+00:00;False;171;62;4956;b4cdbd276b38002e0182c900f0647a3219f0da11;1;atrick@apple.com;atrick@apple.com
LifetimeDependenceUtils.swift;MODIFY;841;0.0;Equal;True;2024-07-30 22:57:56+00:00;False;171;62;4968;f3cf529b5d468b010168d9dc253b218e4635f915;3;atrick@apple.com;atrick@apple.com
LifetimeDependenceUtils.swift;MODIFY;846;5.0;Grew;True;2024-07-30 22:57:57+00:00;False;172;63;5012;ba9f12a80fa803a4fc9f465386d2c10f64421544;4;atrick@apple.com;atrick@apple.com
LifetimeDependenceUtils.swift;MODIFY;846;0.0;Equal;True;2024-07-30 22:57:57+00:00;False;172;63;5012;11640461ef9d194e137dd60aca2b259390273902;5;atrick@apple.com;atrick@apple.com
LifetimeDependenceUtils.swift;MODIFY;865;19.0;Grew;True;2024-07-30 23:27:48+00:00;False;176;65;5161;11ba799cd4fbad01497c5ce77e3f776cd3623dc8;9;atrick@apple.com;atrick@apple.com
LifetimeDependenceUtils.swift;MODIFY;864;-1.0;Decreased;True;2024-08-01 05:58:39+00:00;False;177;65;5165;3e98d2e2327060d77c84728016aa21589000ddd4;2;atrick@apple.com;atrick@apple.com
LifetimeDependenceUtils.swift;MODIFY;864;0.0;Equal;True;2024-08-09 05:22:39+00:00;False;177;65;5165;c18a24e499deccb67c68cc8638bdd12e48bf0695;21;noreply@github.com;Sajjon@users.noreply.github.com
LifetimeDependenceUtils.swift;MODIFY;861;-3.0;Decreased;True;2024-08-12 22:34:59+00:00;False;177;65;5156;906227118528897d630a13d17d8fd5cbbede8baf;3;shortlidge@apple.com;shortlidge@apple.com
LifetimeDependenceUtils.swift;MODIFY;861;0.0;Equal;True;2024-11-04 18:26:44+00:00;False;177;65;5162;f0633d5638c3880c1dbe40f50230aa549080e1ee;8;eeckstein@apple.com;eeckstein@apple.com
LifetimeDependenceUtils.swift;MODIFY;858;-3.0;Grew;True;2024-12-15 06:46:54+00:00;False;176;65;5173;46db7ce24eebe6437b6377f7533c1b478937dd9c;2;atrick@apple.com;atrick@apple.com
LifetimeDependenceUtils.swift;MODIFY;853;-5.0;Decreased;True;2024-12-15 06:46:54+00:00;False;174;65;5140;f5fc17804e0636d6bd2221cb72ced3451754c7c4;3;atrick@apple.com;atrick@apple.com
LifetimeDependenceUtils.swift;MODIFY;861;8.0;Grew;True;2024-12-15 06:46:55+00:00;False;177;65;5188;c4a2200669bde71e91cbbfdda4499bb52a10316c;2;atrick@apple.com;atrick@apple.com
LifetimeDependenceUtils.swift;MODIFY;858;-3.0;Decreased;True;2024-12-16 23:27:25+00:00;False;176;65;5173;f5e16b698e0d48a2b77d464959b4ac8bc8008a0a;1;atrick@apple.com;atrick@apple.com
LifetimeDependenceUtils.swift;MODIFY;860;2.0;Grew;True;2024-12-16 23:28:00+00:00;False;178;65;5207;7811a632334e06af779c0d62d442a7f5eec6fa8b;1;atrick@apple.com;atrick@apple.com
LifetimeDependenceUtils.swift;MODIFY;876;16.0;Grew;True;2024-12-16 23:28:00+00:00;False;187;67;5309;eab9a3599f426d37d731346e98385edb131b7169;1;atrick@apple.com;atrick@apple.com
LifetimeDependenceUtils.swift;MODIFY;877;1.0;Grew;True;2024-12-17 00:09:37+00:00;False;219;72;5370;3897929e4ad875b2a16d0a22c4ce2b5996c5d81d;6;atrick@apple.com;atrick@apple.com
