file_name;change_type;n_loc;lines_balance;size_change;is_large;date;swapped_classification;complexity;methods;tokens;hash;files_on_commit;committer_email;author_email
result_builder_diags.swift;RENAME;511;0.0;Equal;False;2020-10-21 05:18:51+00:00;False;not calculated;0;not calculated;6d41524fe66c21c98165a6836848736fb0aef929;49;dgregor@apple.com;dgregor@apple.com
result_builder_diags.swift;MODIFY;511;0.0;Equal;False;2020-10-27 21:54:07+00:00;False;99;75;2725;f24e5dbd2614ba96a8da26c5806c39c098d64bc9;13;pyaskevich@apple.com;pyaskevich@apple.com
result_builder_diags.swift;MODIFY;523;12.0;Grew;False;2020-11-20 01:21:00+00:00;False;101;76;2764;d912e12ba7c9d5a7415bcd32f419e9170f472bb2;4;pyaskevich@apple.com;pyaskevich@apple.com
result_builder_diags.swift;MODIFY;523;0.0;Equal;False;2020-11-20 01:24:57+00:00;False;101;76;2764;8b49e356d84fce0838a53f09b037b770b8c62a51;2;pyaskevich@apple.com;pyaskevich@apple.com
result_builder_diags.swift;MODIFY;523;0.0;Equal;False;2021-03-04 02:50:06+00:00;False;101;76;2764;cd08350fe502af57fd00db00db086e37b432a8b4;3;pyaskevich@apple.com;pyaskevich@apple.com
result_builder_diags.swift;MODIFY;556;33.0;Grew;False;2021-03-26 17:38:18+00:00;False;101;76;2876;a51e3da2851c51546ed5e88e8e169518142415ff;3;pyaskevich@apple.com;pyaskevich@apple.com
result_builder_diags.swift;MODIFY;564;8.0;Grew;False;2021-04-09 23:42:59+00:00;False;101;76;2900;22a231e4d8ef7d86e8e17fe2393d9b85fd953967;3;pyaskevich@apple.com;pyaskevich@apple.com
result_builder_diags.swift;MODIFY;564;0.0;Equal;False;2021-04-28 19:04:57+00:00;False;101;76;2900;f36ecf2fa126e6a22dc11a9a5e05ba933bc293ac;9;pyaskevich@apple.com;pyaskevich@apple.com
result_builder_diags.swift;MODIFY;569;5.0;Grew;False;2021-05-10 18:06:58+00:00;False;102;76;2919;4b0d9a25090a5bebd23d1d0bdb23b1c297a6e03d;5;pyaskevich@apple.com;pyaskevich@apple.com
result_builder_diags.swift;MODIFY;577;8.0;Grew;False;2021-06-30 18:49:27+00:00;False;102;76;2944;3374500da8b058b4a2806d7bd368d7b83dddba77;2;pyaskevich@apple.com;pyaskevich@apple.com
result_builder_diags.swift;MODIFY;592;15.0;Grew;False;2021-07-01 17:01:54+00:00;False;105;79;3057;c1d0036b097eb8e48bade20b50888b69946fe708;2;pyaskevich@apple.com;pyaskevich@apple.com
result_builder_diags.swift;MODIFY;600;8.0;Grew;False;2021-07-14 18:03:45+00:00;False;105;79;3082;efb063907546a8643fbfe0024fae01ea9325eb1e;4;wongzigii@gmail.com;wongzigii@gmail.com
result_builder_diags.swift;MODIFY;605;5.0;Grew;False;2021-08-13 17:41:13+00:00;False;105;79;3102;67377216ded56c5e7f6dbf7bfbbfc8290aecbd53;3;pyaskevich@apple.com;pyaskevich@apple.com
result_builder_diags.swift;MODIFY;611;6.0;Grew;False;2021-08-24 19:37:12+00:00;False;105;79;3127;57c4b6a336319c83c9c9b603bb78ec8733cba29b;2;pyaskevich@apple.com;pyaskevich@apple.com
result_builder_diags.swift;MODIFY;623;12.0;Grew;False;2021-09-08 16:39:54+00:00;False;109;81;3176;3bbde55052e9f2e4bcec00dcbf33808b6f98c5ca;4;pyaskevich@apple.com;pyaskevich@apple.com
result_builder_diags.swift;MODIFY;636;13.0;Grew;False;2021-09-11 04:32:51+00:00;False;112;82;3222;d21069b3e54479e762310c4f565600ff3d9fb2af;3;pyaskevich@apple.com;pyaskevich@apple.com
result_builder_diags.swift;MODIFY;636;0.0;Equal;False;2021-11-16 00:42:06+00:00;False;112;82;3222;67d87e104f6af318729d3bf79377a7f2c2c17b9d;20;pyaskevich@apple.com;pyaskevich@apple.com
result_builder_diags.swift;MODIFY;636;0.0;Equal;False;2021-11-30 01:26:08+00:00;False;112;82;3222;bc54bc6bb719cad3a67082ea002f4771300d8cb4;49;noreply@github.com;xedin@apache.org
result_builder_diags.swift;MODIFY;645;9.0;Grew;False;2021-12-15 19:48:25+00:00;False;113;83;3264;232c51cf539526967c9af2ca8dd5c81ebe2689d4;2;devteam.codafi@gmail.com;devteam.codafi@gmail.com
result_builder_diags.swift;MODIFY;645;0.0;Equal;False;2022-03-01 01:02:28+00:00;False;113;83;3264;59154d6d71236077c1dcc7b31992b879001907d4;5;pyaskevich@apple.com;pyaskevich@apple.com
result_builder_diags.swift;MODIFY;633;-12.0;Decreased;False;2022-03-08 09:13:44+00:00;False;111;82;3225;966f58f0440585604031a2ac804bc8bae62c4b75;20;pyaskevich@apple.com;pyaskevich@apple.com
result_builder_diags.swift;MODIFY;667;34.0;Grew;False;2022-03-15 22:22:46+00:00;False;120;87;3373;fe6cefc63c61dae6f77c407cc833ac7dba52e239;3;devteam.codafi@gmail.com;devteam.codafi@gmail.com
result_builder_diags.swift;MODIFY;655;-12.0;Decreased;False;2022-04-22 16:43:26+00:00;False;118;86;3334;8b89b4c9957d141170b521fcaa3092deab711f05;12;noreply@github.com;2119212+jsoref@users.noreply.github.com
result_builder_diags.swift;MODIFY;668;13.0;Grew;False;2022-06-13 19:13:17+00:00;False;121;89;3390;63fcd670fb820cfc0a87b028cf1b410d68b905da;3;pyaskevich@apple.com;pyaskevich@apple.com
result_builder_diags.swift;MODIFY;696;28.0;Grew;True;2022-08-03 22:50:33+00:00;True;129;93;3523;a4fbb3ec404ae07b391b2835ebb00a3317bca11f;2;pyaskevich@apple.com;pyaskevich@apple.com
result_builder_diags.swift;MODIFY;696;0.0;Equal;True;2022-08-17 12:21:51+00:00;False;129;93;3523;7fc8377e1cfb94ddf5175ebbec1ec25c1739001a;51;aqamoss3fan2010@gmail.com;aqamoss3fan2010@gmail.com
result_builder_diags.swift;MODIFY;705;9.0;Grew;True;2022-12-21 18:31:30+00:00;False;131;93;3566;697dfbae96b7900a6d072337cb36f359cfa8bcc8;14;xedin@apache.org;pyaskevich@apple.com
result_builder_diags.swift;MODIFY;705;0.0;Equal;True;2022-12-21 20:18:02+00:00;False;131;93;3566;1e6e6e9634a44106f79d21d98d11288712a26305;3;xedin@apache.org;pyaskevich@apple.com
result_builder_diags.swift;MODIFY;730;25.0;Grew;True;2023-01-13 02:16:43+00:00;False;134;96;3720;1c076f0e2b9bc3767916e7588c4f41b9a8983bcb;3;xedin@apache.org;pyaskevich@apple.com
result_builder_diags.swift;MODIFY;752;22.0;Grew;True;2023-01-23 18:58:27+00:00;False;144;105;3910;7fb1ea05aa0b9eaf59151d9371c1497da002f7c2;2;pyaskevich@apple.com;pyaskevich@apple.com
result_builder_diags.swift;MODIFY;776;24.0;Grew;True;2023-01-27 16:47:19+00:00;False;150;111;4085;e99f0e21a1fb4f475c503306af0c26c080714944;2;pyaskevich@apple.com;pyaskevich@apple.com
result_builder_diags.swift;MODIFY;752;-24.0;Decreased;True;2023-01-30 16:36:36+00:00;False;144;105;3910;17d47bb691c59528c9271eb52aada329359cf648;6;ahoppen@apple.com;ahoppen@apple.com
result_builder_diags.swift;MODIFY;787;35.0;Grew;True;2023-02-14 19:55:00+00:00;False;152;113;4135;5659d7e2d9e5ba3f5985318774bfd58b0e22a4ee;2;xedin@apache.org;xedin@apache.org
result_builder_diags.swift;MODIFY;776;-11.0;Decreased;True;2023-02-15 22:41:57+00:00;False;150;111;4085;d464ac3c16bf02b99797d7db53a0727983ba39e2;2;noreply@github.com;xedin@apache.org
result_builder_diags.swift;MODIFY;776;0.0;Equal;True;2023-03-08 09:10:27+00:00;False;150;111;4085;14b70f306bec7ea52896baae32af45732e3ff585;38;aqamoss3fan2010@gmail.com;aqamoss3fan2010@gmail.com
result_builder_diags.swift;MODIFY;775;-1.0;Decreased;True;2023-03-13 22:51:39+00:00;False;150;111;4085;cbb32aae8686641fc753ae45576dba7bf9cf628a;6;ahoppen@apple.com;ahoppen@apple.com
result_builder_diags.swift;MODIFY;786;11.0;Grew;True;2023-03-16 23:16:57+00:00;False;152;113;4135;ff51291d309f05c9ec3c81a296db686d8d6104ae;2;pyaskevich@apple.com;xedin@apache.org
result_builder_diags.swift;MODIFY;786;0.0;Equal;True;2023-06-06 23:35:01+00:00;False;152;113;4135;7a137d67569265e7503538b642adf442c956c5a2;21;hamish_github@mediocremail.com;hamish_github@mediocremail.com
result_builder_diags.swift;MODIFY;786;0.0;Equal;True;2023-08-14 05:34:26+00:00;False;152;113;4135;8e2e6255436b3699d61e8e4d1d8dad0826bc7b79;77;nshhmz@amazon.com;nshhmz@amazon.com
result_builder_diags.swift;MODIFY;786;0.0;Equal;True;2024-03-01 20:05:51+00:00;False;152;113;4135;9ba481ad53e67dac1152fcd6a50e2c6d7b546c5f;74;hborla@apple.com;hborla@apple.com
result_builder_diags.swift;MODIFY;786;0.0;Equal;True;2024-03-27 03:32:25+00:00;False;152;113;4135;4dda7efc0fe8b0f67ad4f90249c368fe914c7b2c;15;fumiya.tennis1@gmail.com;fumiya.tennis1@gmail.com
result_builder_diags.swift;MODIFY;786;0.0;Equal;True;2024-08-03 15:05:09+00:00;False;152;113;4135;a73e44a78f107411f9310e4fa156952f9d81bae5;5;hamish_knight@apple.com;hamish_knight@apple.com
result_builder_diags.swift;MODIFY;796;10.0;Grew;True;2024-09-08 15:17:11+00:00;False;156;117;4191;72fe29f7f4687cb3ba7f956347bc4799236ce42c;5;hamish_knight@apple.com;hamish_knight@apple.com
result_builder_diags.swift;MODIFY;796;0.0;Equal;True;2024-10-20 02:39:18+00:00;False;156;117;4191;6f55aa4170810d6c64150d040c3a32b72ed08d11;55;shortlidge@apple.com;shortlidge@apple.com
result_builder_diags.swift;MODIFY;819;23.0;Grew;True;2024-11-12 18:26:53+00:00;False;163;123;4297;d2b298bd4ba684bbf552ab1a74d34f3cd9585807;4;hamish_knight@apple.com;hamish_knight@apple.com
result_builder_diags.swift;MODIFY;834;15.0;Grew;True;2024-11-21 22:13:16+00:00;False;164;124;4359;e3b1f341f040d89f6a8b5adcdfcf3cddf658a5e9;5;pyaskevich@apple.com;pyaskevich@apple.com
