file_name;change_type;n_loc;lines_balance;size_change;is_large;date;swapped_classification;complexity;methods;tokens;hash;files_on_commit;committer_email;author_email
StringIndex.swift;ADD;44;0.0;Grew;False;2018-05-14 14:01:44+00:00;False;not calculated;0;316;7d64d499170a9a6ab1516a9c2d8b5b0e567daf6c;1;michael.ilseman@gmail.com;milseman@apple.com
StringIndex.swift;MODIFY;105;61.0;Grew;False;2018-05-24 21:47:04+00:00;False;9;3;869;614016fecd0734cdbe45bc0ca771988e3daa4d71;8;milseman@apple.com;milseman@apple.com
StringIndex.swift;MODIFY;161;56.0;Grew;False;2019-02-14 02:42:40+00:00;False;15;5;1433;415cc8fb0c89683ee45ae50cb107b7001eb25cb3;23;milseman@apple.com;milseman@apple.com
StringIndex.swift;MODIFY;200;39.0;Grew;False;2019-03-29 22:43:00+00:00;False;15;5;1778;3923fb2268b9aa52f2d59559e8211fae8b059e50;2;milseman@apple.com;milseman@apple.com
StringIndex.swift;MODIFY;196;-4.0;Grew;False;2019-03-29 22:43:00+00:00;False;15;5;1710;b19c2cf9c33684b534f60a79f93b098a3e33a422;3;milseman@apple.com;milseman@apple.com
StringIndex.swift;MODIFY;202;6.0;Grew;False;2019-04-01 16:29:20+00:00;False;15;5;1780;c36daeb106395a2dd14047b58edeb83e046004c1;1;milseman@apple.com;milseman@apple.com
StringIndex.swift;MODIFY;370;168.0;Grew;False;2019-06-26 23:42:58+00:00;False;22;8;3146;4cd1e812b76f60677a0d7f22f4be7fd805496cad;15;milseman@apple.com;milseman@apple.com
StringIndex.swift;MODIFY;370;0.0;Equal;False;2019-07-12 20:30:36+00:00;False;22;8;3146;dc5915cdb5322b513e264775c0b25237f1e773c3;19;noreply@github.com;scanon@apple.com
StringIndex.swift;MODIFY;371;1.0;Grew;False;2019-08-27 22:13:38+00:00;False;22;8;3154;774788ac18574c7cb3eae8fd20043d6e44429f21;4;milseman@apple.com;milseman@apple.com
StringIndex.swift;MODIFY;371;0.0;Equal;False;2021-10-31 22:00:58+00:00;False;22;8;3154;e2cfab4f28fb49bdccf90be005350c0b6efc9f09;90;klorentey@apple.com;klorentey@apple.com
StringIndex.swift;MODIFY;371;0.0;Grew;False;2022-02-08 20:31:49+00:00;False;22;8;3154;15400c3ef79901675082ef18395c6e5164f61d46;10;noreply@github.com;mracek@apple.com
StringIndex.swift;MODIFY;605;234.0;Grew;False;2022-03-25 03:59:59+00:00;False;49;13;4516;683b9fa021a0879f604fc428fe5a3b57d7663c43;6;klorentey@apple.com;klorentey@apple.com
StringIndex.swift;MODIFY;685;80.0;Grew;True;2022-03-25 04:00:00+00:00;True;47;15;5497;99f693e4bae15de0ce2ca1d29c62abb74ca47bcd;1;klorentey@apple.com;klorentey@apple.com
StringIndex.swift;MODIFY;661;-24.0;Decreased;False;2022-03-30 03:00:08+00:00;True;31;11;5469;06090ce7f216e78862fc7326f5d4c47f2677bbc7;2;klorentey@apple.com;klorentey@apple.com
StringIndex.swift;MODIFY;784;123.0;Grew;True;2022-03-30 03:00:08+00:00;True;36;12;6129;1c9c5ccbf6583e662b068153bd0bdccfa3973f87;1;klorentey@apple.com;klorentey@apple.com
StringIndex.swift;MODIFY;777;-7.0;Decreased;True;2022-04-06 03:47:42+00:00;False;36;12;6096;42c823847e4646ad39ddbf0304883c403d47b70d;1;klorentey@apple.com;klorentey@apple.com
StringIndex.swift;MODIFY;675;-102.0;Decreased;True;2022-04-07 03:11:05+00:00;False;14;7;5190;71216009e32d0af71dd141d67c27b63270ff50e5;2;klorentey@apple.com;klorentey@apple.com
StringIndex.swift;MODIFY;677;2.0;Grew;True;2022-04-14 02:15:30+00:00;False;14;7;5192;cb2194c024d9d8e95344886b470140d1ccbf0908;3;klorentey@apple.com;klorentey@apple.com
StringIndex.swift;MODIFY;677;0.0;Equal;True;2022-04-15 04:36:45+00:00;False;14;7;5192;66a8ae07dc47340768701943519208932b3922b0;4;klorentey@apple.com;klorentey@apple.com
StringIndex.swift;MODIFY;620;-57.0;Decreased;False;2022-04-16 04:29:32+00:00;True;14;7;4926;318277c3aadaf4206be3c42eef24ee2d718c9736;2;klorentey@apple.com;klorentey@apple.com
StringIndex.swift;MODIFY;715;95.0;Grew;True;2022-04-19 03:57:54+00:00;True;14;7;5545;e21b846828411bbdb85ce0019431d65f07e19d7a;1;klorentey@apple.com;klorentey@apple.com
StringIndex.swift;MODIFY;715;0.0;Equal;True;2022-04-23 02:18:38+00:00;False;14;7;5545;624a54b9cf507828385818d5cca2cf0cf3571044;25;noreply@github.com;2119212+jsoref@users.noreply.github.com
StringIndex.swift;MODIFY;800;85.0;Grew;True;2022-05-18 02:25:10+00:00;False;14;7;6088;50c2399a949f9c8e76237290d8c10dd4fca2b589;16;klorentey@apple.com;klorentey@apple.com
StringIndex.swift;MODIFY;817;17.0;Grew;True;2022-08-25 23:08:33+00:00;False;14;7;6176;284f8d4fdd42ffbdc5c9ef1c47d15761a5c671b9;2;noreply@github.com;alejandro_alonso@apple.com
StringIndex.swift;MODIFY;819;2.0;Grew;True;2022-09-08 16:18:18+00:00;False;14;7;6187;bff02ddfbda2a71495adf100c8b33989e3594112;1;alejandro_alonso@apple.com;alejandro_alonso@apple.com
StringIndex.swift;MODIFY;819;0.0;Equal;True;2022-12-30 01:56:45+00:00;False;14;7;6181;4d9edad2973bcbbf7d823d708d60ffbf98215d4b;3;klorentey@apple.com;klorentey@apple.com
StringIndex.swift;MODIFY;893;74.0;Grew;True;2023-01-01 01:42:35+00:00;False;14;7;6578;f8b997b0686bce8c9d8753c8c95f9492abfe8a23;1;klorentey@apple.com;klorentey@apple.com
StringIndex.swift;MODIFY;817;-76.0;Decreased;True;2023-01-01 01:58:26+00:00;False;14;7;6176;9dd7475d884d50cfec85d08dbaf9dd8c81c17ea4;1;klorentey@apple.com;klorentey@apple.com
StringIndex.swift;MODIFY;853;36.0;Grew;True;2023-01-02 04:58:24+00:00;False;14;7;6321;051f9ede46e92532e22f6db3f2f6606ef5e2a7a2;1;klorentey@apple.com;klorentey@apple.com
StringIndex.swift;MODIFY;853;0.0;Decreased;True;2023-01-04 00:08:14+00:00;False;14;7;6321;cd550160a10b4f07552b25c01b3576687289149b;1;klorentey@apple.com;klorentey@apple.com
StringIndex.swift;MODIFY;925;72.0;Grew;True;2023-01-06 01:45:26+00:00;False;14;7;6695;2f0eab7fbf7b9080bf18b72ddab5a946821a672a;1;noreply@github.com;klorentey@apple.com
StringIndex.swift;MODIFY;925;0.0;Decreased;True;2023-01-06 21:13:03+00:00;False;14;7;6695;67f049ed100d84f1bfbd2793e0fdaf9b8bb8a3ce;1;klorentey@apple.com;klorentey@apple.com
StringIndex.swift;MODIFY;924;-1.0;Grew;True;2023-07-24 06:34:06+00:00;False;14;7;6691;7f54c63b292a2fd889f19ded7c8e5dea81dd8549;3;eeckstein@apple.com;eeckstein@apple.com
StringIndex.swift;MODIFY;982;58.0;Grew;True;2024-10-07 23:02:16+00:00;False;14;7;7065;01792372a9f1e92392ce8bd651ad432c4fbe0c70;2;klorentey@apple.com;klorentey@apple.com
StringIndex.swift;MODIFY;982;0.0;Equal;True;2024-10-08 00:00:13+00:00;False;14;7;7065;29cf262ef7e632876d625896d293fab0f86f962c;2;klorentey@apple.com;klorentey@apple.com
