|File Name|Change Type|Local File PATH Old|Local File PATH New|Complexity|Methods|Tokens|Lines Of Code (nloc)|Lines Added|Lines Deleted
0|reporter_rx.c|MODIFY|drivers/net/ethernet/mellanox/mlx5/core/en/reporter_rx.c|drivers/net/ethernet/mellanox/mlx5/core/en/reporter_rx.c|59|16|1902|321|1|1
