|File Name|Change Type|Local File PATH Old|Local File PATH New|Complexity|Methods|Tokens|Lines Of Code (nloc)|Lines Added|Lines Deleted
0|extent-tree.c|MODIFY|fs/btrfs/extent-tree.c|fs/btrfs/extent-tree.c|1563|226|47657|8026|1|1
