file_name;change_type;n_loc;lines_balance;size_change;is_large;date;swapped_classification;complexity;methods;tokens;hash;files_on_commit;committer_email;author_email
locales.js;ADD;6183;0.0;Equal;True;2014-07-31 06:06:16+00:00;True;1357;373;31713;a2be05ee3659f17a1bf3571d163c1cacdea0f4b9;7;iskren.chernev@gmail.com;iskren.chernev@gmail.com
locales.js;MODIFY;6187;4.0;Grew;True;2014-08-22 13:32:22+00:00;False;1358;374;31745;c4c47a7793dfc116acd1356f668eb1a182e29d68;5;iskren.chernev@gmail.com;iskren.chernev@gmail.com
locales.js;MODIFY;6218;31.0;Grew;True;2014-09-05 07:49:45+00:00;False;1369;377;32046;d5ff2cfc0000010c37cc5ebe75a5905c943368e4;5;iskren.chernev@gmail.com;iskren.chernev@gmail.com
locales.js;MODIFY;6376;158.0;Grew;True;2014-11-19 04:22:17+00:00;False;1457;378;33415;2f9b330eb35a38184fd7239749c7f0feef6c5146;5;iskren.chernev@gmail.com;iskren.chernev@gmail.com
locales.js;MODIFY;6673;297.0;Grew;True;2015-01-02 15:19:08+00:00;False;1550;408;35215;94ad539f965689289af54b6493abca0a65ab4ce6;6;iskren.chernev@gmail.com;iskren.chernev@gmail.com
locales.js;MODIFY;5879;-794.0;Decreased;True;2015-03-25 16:27:43+00:00;False;1076;250;29040;bc479f310a13c89cb7a10dacee2e1b969b291f71;5;iskren.chernev@gmail.com;iskren.chernev@gmail.com
locales.js;MODIFY;5878;-1.0;Decreased;True;2015-04-09 04:26:39+00:00;False;1076;250;29040;862fde88c3b5054ce5c0a6fd46c1c144ad3092c7;7;iskren.chernev@gmail.com;iskren.chernev@gmail.com
locales.js;MODIFY;6108;230.0;Grew;True;2015-05-13 07:42:12+00:00;False;1157;260;30420;25cc720fbaab7323a1016cd0beb6a36e349c41be;24;iskren.chernev@gmail.com;iskren.chernev@gmail.com
locales.js;MODIFY;6108;0.0;Equal;True;2015-07-13 00:25:06+00:00;False;1157;260;30420;d5684be1bb8e2d74ad905896664c9deeb89355b0;8;iskren.chernev@gmail.com;aniruddha@adhikary.net
locales.js;MODIFY;6108;0.0;Equal;True;2015-07-13 00:27:04+00:00;False;1157;260;30420;d32ae904ba099d04731042b5ff53918cd60d34e2;6;iskren.chernev@gmail.com;iskren.chernev@gmail.com
locales.js;MODIFY;6251;143.0;Grew;True;2015-07-26 09:15:25+00:00;False;1177;265;31184;1d986a17b6f7de4d6e3849187dd906ce103d5651;93;iskren.chernev@gmail.com;iskren.chernev@gmail.com
locales.js;MODIFY;6965;714.0;Grew;True;2015-12-31 13:13:43+00:00;False;1241;277;35007;c74a101d549b8b443b72d9a470839eaffea852c2;104;iskren.chernev@gmail.com;iskren.chernev@gmail.com
locales.js;MODIFY;6940;-25.0;Decreased;True;2016-01-09 13:13:07+00:00;False;1241;277;34411;d731fe7e2678e585ae66cbe86033d1890688ef40;13;iskren.chernev@gmail.com;iskren.chernev@gmail.com
locales.js;MODIFY;7238;298.0;Grew;True;2016-03-07 09:14:46+00:00;False;1031;237;29084;b135bf1a6d58ff94287f0a21455bfa6a1ddc7226;22;iskren.chernev@gmail.com;iskren.chernev@gmail.com
locales.js;MODIFY;7723;485.0;Grew;True;2016-04-18 07:29:18+00:00;False;553;147;19587;d6651c21c6131fbb5db891b60971357739015688;63;iskren.chernev@gmail.com;iskren.chernev@gmail.com
locales.js;MODIFY;7800;77.0;Grew;True;2016-07-04 05:01:49+00:00;False;567;153;20015;d40760af83da2684cbfed136cafa7c943d397f92;109;iskren.chernev@gmail.com;iskren.chernev@gmail.com
locales.js;MODIFY;8058;258.0;Grew;True;2016-09-12 08:47:46+00:00;False;606;164;21064;c587bf0063c18214238ca83f3f9c6170daf25bed;34;iskren.chernev@gmail.com;iskren.chernev@gmail.com
locales.js;MODIFY;8058;0.0;Equal;True;2016-10-24 06:33:50+00:00;False;606;164;21064;c0cab6ac3d405f98897a1b6543f9fc8d9b454216;3;iskren.chernev@gmail.com;tgfjt.mail@gmail.com
locales.js;MODIFY;8058;0.0;Equal;True;2016-10-24 06:42:14+00:00;False;606;164;21064;dc1e659b34365c98896e73e2e858f9efa4b3d5dc;8;iskren.chernev@gmail.com;iskren.chernev@gmail.com
locales.js;MODIFY;8251;193.0;Grew;True;2016-11-10 06:48:26+00:00;False;606;164;21406;73f3c91174406b24fe66f19600958a6f43f2acd8;116;iskren.chernev@gmail.com;iskren.chernev@gmail.com
locales.js;MODIFY;8295;44.0;Grew;True;2016-11-22 13:41:19+00:00;False;606;164;21592;4710a7935cb347d8b2cf50f5befccfea8180619d;10;iskren.chernev@gmail.com;iskren.chernev@gmail.com
locales.js;MODIFY;8292;-3.0;Decreased;True;2016-12-04 05:41:33+00:00;False;606;164;21579;b8a297c1f99b3918f44dd9e3d7bd59379a876ba6;8;iskren.chernev@gmail.com;iskren.chernev@gmail.com
locales.js;MODIFY;8873;581.0;Grew;True;2017-03-18 21:09:29+00:00;False;654;168;23180;f2af24d53ec8bb2ad61626509e529d339217ff96;97;iskren.chernev@gmail.com;iskren.chernev@gmail.com
locales.js;MODIFY;9134;261.0;Grew;True;2017-10-10 09:33:37+00:00;False;685;180;24387;9483e2a49fd8479fb84f1e00d6a854f106abc950;29;iskren.chernev@gmail.com;iskren.chernev@gmail.com
locales.js;MODIFY;9133;-1.0;Decreased;True;2017-11-29 16:10:14+00:00;False;685;180;24387;4caa268356434f3ae9b5041985d62a0e8c246c78;9;marwahaha@berkeley.edu;marwahaha@berkeley.edu
locales.js;MODIFY;9368;235.0;Grew;True;2017-12-17 01:09:05+00:00;False;698;180;24845;0e67426b8e8d200a3ca7dab046040717110e87e6;124;marwahaha@berkeley.edu;marwahaha@berkeley.edu
locales.js;MODIFY;9368;0.0;Equal;True;2017-12-19 04:36:30+00:00;False;698;180;24845;03073778ec18ee38e179208cd1af899e8d1848dc;8;marwahaha@berkeley.edu;marwahaha@berkeley.edu
locales.js;MODIFY;9474;106.0;Grew;True;2018-03-02 20:37:47+00:00;False;729;186;25763;7c4c091bedb86ca6c1a5c5419ad5204ef3926347;130;marwahaha@berkeley.edu;marwahaha@berkeley.edu
locales.js;MODIFY;9630;156.0;Grew;True;2018-03-30 21:53:58+00:00;False;729;186;25763;db71a655fc51fe58009675608a400d0d4cd0ca87;131;marwahaha@berkeley.edu;marwahaha@berkeley.edu
locales.js;MODIFY;9630;0.0;Equal;True;2018-04-15 05:53:50+00:00;False;729;186;25763;c58511b94eba1000c1d66b23e9a9ff963ff1cc89;8;marwahaha@berkeley.edu;marwahaha@berkeley.edu
locales.js;MODIFY;9630;0.0;Equal;True;2018-06-01 06:45:43+00:00;False;729;186;25763;2e2a5b35439665d4b0200143d808a7c26d6cd30f;10;marwahaha@berkeley.edu;marwahaha@berkeley.edu
locales.js;MODIFY;9737;107.0;Grew;True;2018-12-13 06:39:15+00:00;False;729;186;25763;b8f4fe2bf5bb9022655505d59b62aef12bc540d6;58;marwahaha@berkeley.edu;marwahaha@berkeley.edu
locales.js;MODIFY;9901;164.0;Grew;True;2019-01-21 20:59:53+00:00;False;732;185;26342;96d0d6791ab495859d09a868803d31a55c917de1;21;marwahaha@berkeley.edu;marwahaha@berkeley.edu
locales.js;MODIFY;11565;1664.0;Grew;True;2020-05-01 01:06:33+00:00;False;680;168;25901;36a817d94eab0f070bbcc7d8431631ee71400b89;143;iskren.chernev@gmail.com;iskren.chernev@gmail.com
locales.js;MODIFY;11565;0.0;Equal;True;2020-05-04 12:23:44+00:00;False;680;168;25901;4c1cc80b0d2a6607d6eb9f9bf7dc43eb62ed2544;141;iskren.chernev@gmail.com;iskren.chernev@gmail.com
locales.js;MODIFY;11746;181.0;Grew;True;2020-05-20 06:42:01+00:00;False;702;178;26597;a0f3c74374b638b769d9ab1ae54ba5266ef0976f;29;marwahaha@berkeley.edu;marwahaha@berkeley.edu
locales.js;MODIFY;11880;134.0;Grew;True;2020-06-18 21:54:03+00:00;False;611;164;25422;3e1a95b5ef0a505fec567c5b2290fd80e1da18f9;31;marwahaha@berkeley.edu;marwahaha@berkeley.edu
locales.js;MODIFY;11880;0.0;Equal;True;2020-09-13 11:23:48+00:00;False;611;164;25422;2e91315d5f3b9fc26982d80aed401bbe0445fd43;23;marwahaha@berkeley.edu;marwahaha@berkeley.edu
locales.js;MODIFY;12149;269.0;Grew;True;2020-09-22 08:26:21+00:00;False;645;176;26500;adfaae8051588fcdb9347f0221e5ac1663f3a95c;94;marwahaha@berkeley.edu;marwahaha@berkeley.edu
locales.js;MODIFY;12194;45.0;Grew;True;2020-10-06 11:13:21+00:00;False;645;176;26500;b7ec8e2ec068e03de4f832f28362675bb9e02261;13;marwahaha@berkeley.edu;marwahaha@berkeley.edu
locales.js;MODIFY;12333;139.0;Grew;True;2022-04-03 13:12:09+00:00;False;645;176;26514;75e2ac573e8cd62086a6bc6dc1b8d271e2804391;191;me@iskren.info;me@iskren.info
locales.js;MODIFY;12335;2.0;Grew;True;2022-04-17 18:25:24+00:00;False;645;176;26514;57c90622e402c929504cc6d6f3de4ebe2a9ffc73;14;me@iskren.info;me@iskren.info
locales.js;MODIFY;12560;225.0;Grew;True;2023-12-26 19:15:14+00:00;False;655;184;27010;ddd680908c23797a3ed22007838634518bb14705;76;me@iskren.info;me@iskren.info
