file_name;change_type;n_loc;lines_balance;size_change;is_large;date;swapped_classification;complexity;methods;tokens;hash;files_on_commit;committer_email;author_email
ActiveRecordTest.php;RENAME;not calculated;0.0;Equal;False;2015-04-16 09:10:01+00:00;False;not calculated;0;not calculated;6949992246f525c155294023ef0abe4338e0b899;235;sam@rmcreative.ru;sam@rmcreative.ru
ActiveRecordTest.php;MODIFY;656.0;0.0;Grew;False;2015-07-30 16:25:52+00:00;False;94;87;6676;357bce51bb86589078b5afbc40c11937cab24b4b;8;sam@rmcreative.ru;sam@rmcreative.ru
ActiveRecordTest.php;MODIFY;662.0;6.0;Grew;False;2015-11-20 12:45:12+00:00;False;96;89;6724;4a464afe9b4103d96c61f77ea6e093e45ee837c9;3;sam@rmcreative.ru;sam@mousa.nl
ActiveRecordTest.php;MODIFY;656.0;-6.0;Decreased;False;2015-11-25 03:41:55+00:00;False;94;87;6676;8765cae71cfeaed4784aea035073e02cd3b568d2;3;sam@rmcreative.ru;sam@rmcreative.ru
ActiveRecordTest.php;MODIFY;654.0;-2.0;Decreased;False;2015-12-09 00:07:32+00:00;False;94;87;6664;615a29f04e92cbcb7214ab36f58816676f98ba5d;5;sam@rmcreative.ru;sam@rmcreative.ru
ActiveRecordTest.php;MODIFY;676.0;22.0;Grew;False;2016-02-12 11:26:34+00:00;False;96;89;6939;076329bfba40c3b8aa49acd631736821ec49f752;1;mail@cebe.cc;nainoon.p@gmail.com
ActiveRecordTest.php;MODIFY;694.0;18.0;Grew;False;2016-02-12 11:34:16+00:00;False;101;94;7090;157d6c79cc9b5855500ef9924181029248408ca1;4;mail@cebe.cc;mail@cebe.cc
ActiveRecordTest.php;MODIFY;774.0;80.0;Grew;False;2016-02-12 11:35:28+00:00;False;107;100;8187;5f19e7aa414f94919f0bb9c53e01a86721c21ee2;4;mail@cebe.cc;mail@cebe.cc
ActiveRecordTest.php;MODIFY;849.0;75.0;Grew;False;2016-02-12 11:35:29+00:00;False;117;110;8850;94571e2c23c80ca08ae565ddb412e0d2f6f4d42a;2;mail@cebe.cc;mail@cebe.cc
ActiveRecordTest.php;MODIFY;911.0;62.0;Grew;False;2016-02-12 11:35:29+00:00;False;129;122;9719;3f8df39f45fab25045826e9e681a2d17c6c0133a;4;mail@cebe.cc;mail@cebe.cc
ActiveRecordTest.php;MODIFY;910.0;-1.0;Equal;False;2016-02-12 11:45:29+00:00;False;129;122;9715;ce357394696bbfa99ee1c8405496f6a9fe9bedd6;4;mail@cebe.cc;mail@cebe.cc
ActiveRecordTest.php;MODIFY;940.0;30.0;Grew;False;2016-04-08 07:36:38+00:00;False;141;134;9887;592186545965df76fa93497928c170d23f7f440c;4;d.naumenko.a@gmail.com;iushev@yahoo.com
ActiveRecordTest.php;MODIFY;964.0;24.0;Grew;False;2016-04-22 09:01:53+00:00;False;143;136;10043;fd68e6814e57bbc4b15f43d1a23aa98fac2a1807;5;mail@cebe.cc;mail@cebe.cc
ActiveRecordTest.php;MODIFY;984.0;20.0;Grew;True;2016-04-22 14:39:06+00:00;True;145;138;10176;37d237391105d7bd008fe259452eda9ddc580cf9;3;mail@cebe.cc;mail@cebe.cc
ActiveRecordTest.php;MODIFY;991.0;7.0;Grew;True;2016-04-27 23:29:07+00:00;False;150;143;10289;4411a74ebd48de061ccb769e7e2d79c5dd7f9758;6;mail@cebe.cc;mail@cebe.cc
ActiveRecordTest.php;MODIFY;993.0;2.0;Grew;True;2016-07-04 11:41:02+00:00;False;150;143;10322;a46e88dea50d4979950ba27f0ace04ea2549e9f4;1;mail@cebe.cc;mail@cebe.cc
ActiveRecordTest.php;MODIFY;1009.0;16.0;Grew;True;2016-07-04 13:07:37+00:00;False;151;144;10517;0f640c7138f089c065caae99605330a7c7ea6352;4;mail@cebe.cc;github@lvlconsultancy.nl
ActiveRecordTest.php;MODIFY;1024.0;15.0;Grew;True;2016-08-12 08:43:31+00:00;False;154;147;10648;143f9070af42bff3b86255c6c18931cf3d732c2a;3;klimov.paul@gmail.com;klimov.paul@gmail.com
ActiveRecordTest.php;MODIFY;1035.0;11.0;Grew;True;2016-08-30 14:39:23+00:00;False;155;148;10732;75439d367d2d1270bb61642f236df6a552acf29e;3;klimov.paul@gmail.com;klimov.paul@gmail.com
ActiveRecordTest.php;MODIFY;1038.0;3.0;Grew;True;2016-09-05 09:22:09+00:00;False;155;148;10763;ea03f56d42e6aa7b9b70b8a22d65d54d903e870d;2;klimov.paul@gmail.com;klimov.paul@gmail.com
ActiveRecordTest.php;MODIFY;1038.0;0.0;Equal;True;2016-09-15 16:51:17+00:00;False;155;148;10763;8eaf4e2ffed307fcb69b8f1719c58cc95ee5927a;2;d.naumenko.a@gmail.com;d.naumenko.a@gmail.com
ActiveRecordTest.php;MODIFY;1024.0;-14.0;Decreased;True;2016-10-13 11:18:37+00:00;False;154;147;10648;3e1588b5b9cfc2d2b09a2352586eb464dfae81b0;3;mail@cebe.cc;p.challigin@freematiq.com
ActiveRecordTest.php;MODIFY;1080.0;56.0;Grew;True;2016-12-02 12:28:51+00:00;False;155;148;10997;c17766181feca90a7642ffa4fcd7c52655fc4490;8;mail@cebe.cc;klimov.paul@gmail.com
ActiveRecordTest.php;MODIFY;1070.0;-10.0;Decreased;True;2016-12-13 14:54:51+00:00;False;155;148;10942;50b668eee81d0c9c187c1258745e946ed248548c;1;klimov.paul@gmail.com;klimov.paul@gmail.com
ActiveRecordTest.php;MODIFY;1102.0;32.0;Grew;True;2016-12-14 20:51:21+00:00;False;164;157;11255;88f2348ed512136c85c3019e990a9c2f315d3582;4;d.naumenko.a@gmail.com;d.naumenko.a@gmail.com
ActiveRecordTest.php;MODIFY;1102.0;0.0;Equal;True;2017-02-19 14:34:22+00:00;False;164;157;11255;323568c2e9caf5204fc83f7f537ea35bd6785afd;36;sam@rmcreative.ru;oleynikovny@mail.ru
ActiveRecordTest.php;MODIFY;1102.0;0.0;Equal;True;2017-03-14 06:42:13+00:00;False;164;157;11255;6397791513de0eb45af38125cd1128a664186d63;29;sam@rmcreative.ru;gagatust@mail.ru
ActiveRecordTest.php;MODIFY;1102.0;0.0;Equal;True;2017-03-17 21:13:08+00:00;False;164;157;10996;13c2f5370f46a095d8fb2cf31e15ca4d9350df7c;3;sam@rmcreative.ru;usix298@yandex.ru
ActiveRecordTest.php;MODIFY;1107.0;5.0;Grew;True;2017-04-03 08:41:48+00:00;False;165;158;11036;e0e07c9c1b477fb8366646c06b257824ea6d1ffa;1;sam@mousa.nl;sam@mousa.nl
ActiveRecordTest.php;MODIFY;1109.0;2.0;Grew;True;2017-04-03 11:06:18+00:00;False;166;159;11048;7ab2a1efa847b1c52bcd735e9fada795dc51bf57;1;sam@mousa.nl;sam@mousa.nl
ActiveRecordTest.php;MODIFY;1110.0;1.0;Grew;True;2017-04-05 08:12:16+00:00;False;167;159;11084;5675ed818dcb21c7faa5a600b967a3acba2226e5;1;sam@mousa.nl;sam@mousa.nl
ActiveRecordTest.php;MODIFY;1102.0;-8.0;Equal;True;2017-04-13 11:49:43+00:00;False;164;157;10996;dee88787fc95d26da053e98940a5024efc086c04;45;klimov.paul@gmail.com;klimov.paul@gmail.com
ActiveRecordTest.php;MODIFY;1103.0;1.0;Grew;True;2017-04-13 13:17:35+00:00;False;164;157;11005;d8e6a89af9070b97ae0bb54604528515793c1c8c;9;klimov.paul@gmail.com;klimov.paul@gmail.com
ActiveRecordTest.php;MODIFY;1103.0;0.0;Equal;True;2017-05-01 18:26:15+00:00;False;164;157;11003;31e321b9b2c4509b01ff8eff332b8b54a5421d96;16;mail@cebe.cc;robert@korulczyk.pl
ActiveRecordTest.php;MODIFY;1158.0;55.0;Grew;True;2017-06-16 14:02:34+00:00;False;165;158;11128;f212bc6cafcaf563744e29d908a606ca160a86a2;2;mail@cebe.cc;mail@cebe.cc
ActiveRecordTest.php;MODIFY;1158.0;0.0;Decreased;True;2017-07-10 17:14:54+00:00;False;165;158;11128;d2781cd23246005caead39dcfde2dea3d16f62ae;65;sam@rmcreative.ru;robert@korulczyk.pl
ActiveRecordTest.php;MODIFY;1167.0;9.0;Grew;True;2017-07-11 09:47:35+00:00;False;166;159;11182;0559a95db9e5dd334800f616c01c204656a37c9e;5;mail@cebe.cc;mail@cebe.cc
ActiveRecordTest.php;MODIFY;1167.0;0.0;Grew;True;2017-07-12 10:26:20+00:00;False;166;159;11182;173108b5b05a6d0c4222dd46360b9b59be5abc57;6;mail@cebe.cc;mail@cebe.cc
ActiveRecordTest.php;MODIFY;1190.0;23.0;Grew;True;2017-07-12 10:26:30+00:00;False;173;162;11277;c9347b0a5702ecd69c3a596bebac174a4dd218b4;4;mail@cebe.cc;mail@cebe.cc
ActiveRecordTest.php;MODIFY;1189.0;-1.0;Decreased;True;2017-08-18 10:10:42+00:00;False;173;162;11277;b99e9556271ea3827d2fdb6af8febf64a7330c82;25;mail@cebe.cc;robert@korulczyk.pl
ActiveRecordTest.php;MODIFY;1189.0;0.0;Grew;True;2017-08-20 22:57:23+00:00;False;173;162;11277;0c0942d6e21113962e4076cd899bbd4216fd55ce;51;sam@rmcreative.ru;robert@korulczyk.pl
ActiveRecordTest.php;MODIFY;1220.0;31.0;Grew;True;2017-08-29 12:13:28+00:00;False;174;163;11571;d68789a19557990649881d4dd3bc6e9bf85bad1f;17;sam@rmcreative.ru;klimov.paul@gmail.com
ActiveRecordTest.php;MODIFY;1220.0;0.0;Equal;True;2017-10-31 23:43:02+00:00;False;174;163;11571;fb23b0d0ea00c57745a9f9eee64b349577f67b89;49;sam@rmcreative.ru;sam@rmcreative.ru
ActiveRecordTest.php;MODIFY;1226.0;6.0;Grew;True;2018-01-23 10:46:56+00:00;False;174;163;11611;b9cbc56330c16f21c1fd8ea35a7017bb45b7ee49;3;klimov.paul@gmail.com;klimov.paul@gmail.com
ActiveRecordTest.php;MODIFY;1226.0;0.0;Equal;True;2018-01-23 11:11:24+00:00;False;174;163;11611;65f6b59b35cc63aee7f16a64aeafcec11a8dba39;175;klimov.paul@gmail.com;klimov.paul@gmail.com
ActiveRecordTest.php;MODIFY;1226.0;0.0;Equal;True;2018-01-23 11:17:25+00:00;False;174;163;11611;71c541773f339fa04b6215eca5ca0268e9351464;72;klimov.paul@gmail.com;klimov.paul@gmail.com
ActiveRecordTest.php;MODIFY;1226.0;0.0;Equal;True;2018-01-29 10:08:57+00:00;False;174;163;11614;67f67e3a69e14935bc3f0b1c90e41e83df0adebc;6;sam@rmcreative.ru;kalessil@gmail.com
ActiveRecordTest.php;MODIFY;1226.0;0.0;Grew;True;2018-02-06 13:35:49+00:00;False;174;163;11614;40b038379fa5c5c4da412aeaab5fd2e6019b28c7;15;sam@rmcreative.ru;zhukovra@users.noreply.github.com
ActiveRecordTest.php;MODIFY;1297.0;71.0;Grew;True;2018-02-11 23:26:49+00:00;False;180;169;12194;74dc1cdc307d97757a5105aa38d617c139a0c1bc;12;sam@rmcreative.ru;oleynikovny@mail.ru
ActiveRecordTest.php;MODIFY;1310.0;13.0;Grew;True;2018-02-15 22:06:59+00:00;False;183;172;12308;7bd694dccb69f23b9670b74e4cf2920b1a09f9c2;3;d.naumenko.a@gmail.com;d.naumenko.a@gmail.com
ActiveRecordTest.php;MODIFY;1315.0;5.0;Grew;True;2018-02-20 15:10:44+00:00;False;184;173;12337;ef9600234e1148ab45c59a2334aa22ba1109ec66;4;elle.uz@gmail.com;elle.uz@gmail.com
ActiveRecordTest.php;MODIFY;1315.0;0.0;Equal;True;2018-02-21 20:22:06+00:00;False;184;173;12339;23b41220ce01ecde964ede4ed973d5f7ca2be437;1;d.naumenko.a@gmail.com;d.naumenko.a@gmail.com
ActiveRecordTest.php;MODIFY;1322.0;7.0;Grew;True;2018-03-12 10:21:05+00:00;False;185;174;12383;52c80f782daf170b50f49cfd8d4d71dc13d506e0;2;mail@cebe.cc;mail@cebe.cc
ActiveRecordTest.php;MODIFY;1348.0;26.0;Grew;True;2018-03-20 10:20:56+00:00;False;195;184;12507;b37f361ad74e531a8e3e1f34cfd17b3e0b7d8e69;7;mail@cebe.cc;d.naumenko.a@gmail.com
ActiveRecordTest.php;MODIFY;1357.0;9.0;Grew;True;2018-03-21 16:44:22+00:00;False;198;187;12574;0af1c05d6a5f0733b618254eccd03d73d84c1fce;3;mail@cebe.cc;mail@cebe.cc
ActiveRecordTest.php;MODIFY;1368.0;11.0;Grew;True;2018-04-24 16:40:21+00:00;False;199;188;12642;2a3428c9e978907e30d2b52e92496bc356b482f4;3;sam@rmcreative.ru;shirase55@gmail.com
ActiveRecordTest.php;MODIFY;1378.0;10.0;Grew;True;2018-05-11 08:04:00+00:00;False;201;190;12694;84cb255aab99ef5fe5b20a6279aed6dbbe7a6ab9;5;sam@rmcreative.ru;sam@mousa.nl
ActiveRecordTest.php;MODIFY;1378.0;0.0;Grew;True;2018-11-14 03:57:32+00:00;False;201;190;12694;489dd119a52223d14047ff308dbdffdcb9d4cff4;426;cuiliang@live.cn;cuiliang@live.cn
ActiveRecordTest.php;MODIFY;1394.0;16.0;Grew;True;2019-01-14 23:50:56+00:00;False;202;191;12833;4333b9018639b47148f504d0e99ad790044fd00d;8;sam@rmcreative.ru;rugabarbo@gmail.com
ActiveRecordTest.php;MODIFY;1409.0;15.0;Grew;True;2019-01-20 14:20:43+00:00;False;209;198;12923;adf8f9a32f99a3377573317c05f96644f5905f82;3;sam@rmcreative.ru;d.naumenko.a@gmail.com
ActiveRecordTest.php;MODIFY;1443.0;34.0;Grew;True;2019-03-22 12:59:26+00:00;False;232;221;13324;d2c2f636868f6ce42a1a05afa7c067e38a5df723;3;sam@rmcreative.ru;albertborsos@users.noreply.github.com
ActiveRecordTest.php;MODIFY;1449.0;6.0;Grew;True;2019-07-04 12:51:01+00:00;False;233;221;13358;56f639358c0951b32036e91b642526b14cb97c4f;13;sam@rmcreative.ru;askemailbox@gmail.com
ActiveRecordTest.php;MODIFY;1446.0;-3.0;Decreased;True;2019-07-10 14:29:11+00:00;False;232;221;13341;9f2a87363ea8cfbb3b3d326e3134c4ed74e95baf;6;sam@rmcreative.ru;askemailbox@gmail.com
ActiveRecordTest.php;MODIFY;1443.0;-3.0;Decreased;True;2019-07-10 14:30:41+00:00;False;232;221;13324;869f475dc1e495fff691588eda043264dcd58dd1;7;sam@rmcreative.ru;askemailbox@gmail.com
ActiveRecordTest.php;MODIFY;1577.0;134.0;Grew;True;2020-03-04 14:57:07+00:00;False;250;239;14428;b7d8730044a8b14acded9f8ee4f559a90d432503;4;noreply@github.com;ivan.hermanov@quartsoft.com
ActiveRecordTest.php;MODIFY;1577.0;0.0;Equal;True;2020-10-23 09:42:44+00:00;False;246;235;14416;ed1c087784e313fdb10ae873146af84a0bd4da29;16;noreply@github.com;sam@rmcreative.ru
ActiveRecordTest.php;MODIFY;1588.0;11.0;Grew;True;2020-12-15 19:56:24+00:00;False;250;237;14497;ff0fd9a9ea043bcd915f055a868585b945399864;5;noreply@github.com;pawel@positive.codes
ActiveRecordTest.php;MODIFY;1601.0;13.0;Grew;True;2021-03-01 20:02:28+00:00;False;251;238;14731;14f1138441648ed4577802b85471f6d4fb44c1e2;2;noreply@github.com;pawel@positive.codes
ActiveRecordTest.php;MODIFY;1588.0;-13.0;Decreased;True;2021-03-04 09:53:11+00:00;False;250;237;14497;6dad27d4a1d39e3eddd3288823488aa2f7825ad2;8;noreply@github.com;pawel@positive.codes
ActiveRecordTest.php;MODIFY;1619.0;31.0;Grew;True;2021-11-11 21:25:08+00:00;False;259;246;14709;c8d027f649dec665a16b31d0f36376aa09edad60;4;noreply@github.com;info@ensostudio.ru
ActiveRecordTest.php;MODIFY;1639.0;20.0;Grew;True;2022-01-18 22:47:07+00:00;False;265;252;14795;67ea4cf968df26c709fb1e1c369795a99b6699a7;3;noreply@github.com;stevekr@users.noreply.github.com
ActiveRecordTest.php;MODIFY;1646.0;7.0;Grew;True;2022-07-15 20:52:39+00:00;False;266;253;14836;adadbefe885589ea1a409346c6f36d6bc20e863b;4;noreply@github.com;76947759+wvanheumen@users.noreply.github.com
ActiveRecordTest.php;MODIFY;1660.0;14.0;Grew;True;2022-10-04 09:55:53+00:00;False;267;254;14925;7d8507dea8cb390d7f6464093137a628d4a909c6;4;noreply@github.com;reviakin@gmail.com
ActiveRecordTest.php;MODIFY;1726.0;66.0;Grew;True;2023-08-26 03:06:41+00:00;False;281;268;15246;8532622d7b119fdc37c96ebef727766a5dc84a39;3;noreply@github.com;PowerGamer1@users.noreply.github.com
ActiveRecordTest.php;MODIFY;1761.0;35.0;Grew;True;2023-10-13 10:22:48+00:00;False;289;276;15649;02ed8080564339c95e9e2f489344c6551ee25758;3;PowerGamer1@users.noreply.github.com;PowerGamer1@users.noreply.github.com
ActiveRecordTest.php;MODIFY;1761.0;0.0;Grew;True;2024-03-21 11:40:15+00:00;False;287;274;15681;efa3296b20c563191e147ab6a25e6eb09e491b00;1;terabytesoftw@gmail.com;terabytesoftw@gmail.com
ActiveRecordTest.php;MODIFY;1759.0;-2.0;Grew;True;2024-03-21 11:56:29+00:00;False;287;274;15659;d6a970b0addc512f043a4049034f5d6419a43d9e;1;terabytesoftw@gmail.com;terabytesoftw@gmail.com
ActiveRecordTest.php;MODIFY;1761.0;2.0;Equal;True;2024-03-21 12:56:54+00:00;False;287;274;15682;3357e64ee664f0b9d038ccd213f837d9e75f2cea;10;terabytesoftw@gmail.com;terabytesoftw@gmail.com
