file_name;change_type;n_loc;lines_balance;size_change;is_large;date;swapped_classification;complexity;methods;tokens;hash;files_on_commit;committer_email;author_email
mimeTypes.php;RENAME;not calculated;0.0;Equal;False;2013-03-23 19:30:54+00:00;False;not calculated;0;not calculated;339ac9b49f7d8f1ee00aa49e7d4babe3b2184ebf;8;qiang.xue@gmail.com;qiang.xue@gmail.com
mimeTypes.php;RENAME;not calculated;0.0;Equal;False;2013-04-13 18:51:50+00:00;False;not calculated;0;not calculated;9183e837532805f933a2a3addf83b0265ad16636;15;qiang.xue@gmail.com;qiang.xue@gmail.com
mimeTypes.php;RENAME;not calculated;0.0;Equal;False;2014-01-11 02:41:43+00:00;False;not calculated;0;not calculated;0c38655217fe1d8330dea8661902db4d90e5e559;301;qiang.xue@gmail.com;qiang.xue@gmail.com
mimeTypes.php;MODIFY;174.0;0.0;Equal;False;2014-03-16 04:46:21+00:00;False;172;172;692;b5f8a4dc22d5f8188405a2099d85fc154226c9b2;919;sonicgd@gmail.com;sonicgd@gmail.com
mimeTypes.php;MODIFY;176.0;2.0;Grew;False;2014-04-04 11:50:58+00:00;False;174;174;700;0040633fa4f86b88b437877d832996fab8007ad1;2;lubosdz@gmail.com;lubosdz@gmail.com
mimeTypes.php;MODIFY;176.0;0.0;Grew;False;2014-04-04 11:54:04+00:00;False;174;174;700;164459f90a2f1568ce03983b3661fcbfea109f69;2;lubosdz@gmail.com;lubosdz@gmail.com
mimeTypes.php;MODIFY;983.0;807.0;Grew;True;2014-05-30 13:54:51+00:00;True;981;981;3928;e5713c8e124e0a4d24dc70fcd8466764b34d27d0;2;mail@cebe.cc;mail@cebe.cc
mimeTypes.php;ADD;983.0;0.0;Grew;True;2014-12-22 08:33:27+00:00;False;981;981;3928;1468bd4d3d65c60736fc64f3dc10db11b44a65f8;1949;admin@yiichina.com;admin@yiichina.com
mimeTypes.php;MODIFY;984.0;1.0;Grew;True;2016-02-14 14:45:55+00:00;False;982;982;3932;9b5f6cb188b5b7a5309f36de17a6cf263def3582;10;mail@cebe.cc;mail@cebe.cc
mimeTypes.php;MODIFY;985.0;1.0;Grew;True;2017-11-02 22:09:29+00:00;False;983;983;3936;2d672b67223b8d930f0f444b113d0a13fbd551c0;23;sam@rmcreative.ru;sam@rmcreative.ru
mimeTypes.php;MODIFY;986.0;1.0;Grew;True;2019-05-14 20:11:25+00:00;False;984;984;3940;aa0f09b3e23f8c6f68aa3bf976a97ec20fe4395a;3;sam@rmcreative.ru;sam@rmcreative.ru
mimeTypes.php;MODIFY;987.0;1.0;Grew;True;2020-12-23 15:44:43+00:00;False;985;985;3944;ea8fe8dcc1ddff5cf0155860ada50c7feb40401d;3;sam@rmcreative.ru;sam@rmcreative.ru
mimeTypes.php;MODIFY;987.0;0.0;Equal;True;2022-02-11 13:12:40+00:00;False;985;985;3944;0792736b3512776a70bb96e47050855f55edf063;6;sam@rmcreative.ru;sam@rmcreative.ru
mimeTypes.php;MODIFY;991.0;4.0;Grew;True;2022-02-19 20:45:20+00:00;False;986;986;3970;7b8c29d87468bb2a8270768df90c62abed1c1d37;7;noreply@github.com;longthanhtran@users.noreply.github.com
mimeTypes.php;MODIFY;992.0;1.0;Grew;True;2022-04-05 06:28:41+00:00;False;987;987;3974;14c42b7bb506ce00470302285fd7b9a420cc635f;2;noreply@github.com;rhertogh@users.noreply.github.com
mimeTypes.php;MODIFY;992.0;0.0;Equal;True;2022-08-03 09:32:18+00:00;False;987;987;3974;161526cd41beee62d0910333c3bd96034cf73186;1219;noreply@github.com;pawel@positive.codes
mimeTypes.php;MODIFY;991.0;-1.0;Decreased;True;2023-02-11 16:21:51+00:00;False;986;986;3970;95b0e6010e3960be4e206f9c89c2a4ae5092b86b;4;noreply@github.com;deryabinsergey@gmail.com
mimeTypes.php;MODIFY;996.0;5.0;Grew;True;2023-05-18 21:28:48+00:00;False;991;991;3990;0a811cbd0d373f7a24d110ffc837d27f3112193a;4;noreply@github.com;rhertogh@users.noreply.github.com
mimeTypes.php;MODIFY;996.0;0.0;Equal;True;2023-05-19 19:56:47+00:00;False;991;991;3990;0fcd434c97a4c7bc8cd002303078945d872106e9;7;noreply@github.com;rhertogh@users.noreply.github.com
mimeTypes.php;MODIFY;998.0;2.0;Grew;True;2023-08-29 13:36:17+00:00;False;993;993;3998;0f7248c7a2ffcf17d7f2f06d41d009a93be10930;6;pawel@positive.codes;pawel@positive.codes
mimeTypes.php;MODIFY;999.0;1.0;Grew;True;2023-09-04 08:09:49+00:00;False;993;993;4015;e8c4a7e56e6329860fc17c07a613af55e5f0bfcb;4;noreply@github.com;schmunk@usrbin.de
mimeTypes.php;MODIFY;998.0;-1.0;Decreased;True;2023-10-05 16:12:27+00:00;False;993;993;3998;4a1f2c6b9bc90427e91da73f5e8c8fa33d3c53c1;3;pawel.bizley@gmail.com;pawel.bizley@gmail.com
mimeTypes.php;MODIFY;999.0;1.0;Grew;True;2023-10-06 08:02:32+00:00;False;993;993;4015;9f51fe3b4b84a35e84f0bb5e9378d57eecbcbfae;2;robert@korulczyk.pl;robert@korulczyk.pl
mimeTypes.php;MODIFY;999.0;0.0;Grew;True;2023-10-12 15:46:26+00:00;False;993;993;4015;4f1735995ad1dfe5b8c51807d1e07ac1ee54a04d;5;pawel.bizley@gmail.com;pawel.bizley@gmail.com
mimeTypes.php;MODIFY;999.0;0.0;Grew;True;2024-03-19 14:21:27+00:00;False;993;993;4014;e2a167028b5c77cf9533e1e9acb7ae9b785b6bd6;521;noreply@github.com;razvan.grigore@vampirebyte.ro
mimeTypes.php;MODIFY;1002.0;3.0;Grew;True;2024-05-30 17:23:31+00:00;False;996;996;4026;52e4a3e645eaece47c3f9dddac7c1771a5bd7804;440;sam@rmcreative.ru;sam@rmcreative.ru
