file_name;change_type;n_loc;lines_balance;size_change;is_large;date;swapped_classification;complexity;methods;tokens;hash;files_on_commit;committer_email;author_email
A11yService.kt;RENAME;582;0.0;Equal;True;2024-09-24 05:00:53+00:00;True;58;24;3391;c8a1e0007731e5350775776b77374d4fbc25247d;35;i@songe.li;i@songe.li
A11yService.kt;MODIFY;582;0.0;Equal;True;2024-09-24 05:29:20+00:00;False;58;24;3405;0da83e36aa07c4bf7b4b1c4ed0e2863dde542edb;2;i@songe.li;i@songe.li
A11yService.kt;MODIFY;562;-20.0;Decreased;True;2024-09-24 09:08:19+00:00;False;49;21;3219;3fda835adec7ef3b1bdd55dccee573e9caf238f1;9;i@songe.li;i@songe.li
A11yService.kt;MODIFY;606;44.0;Grew;True;2024-09-30 16:18:30+00:00;False;84;25;3499;737172b21a99d400033b31dad1bf8b5af35b9347;7;i@songe.li;i@songe.li
A11yService.kt;MODIFY;618;12.0;Grew;True;2024-10-01 14:56:51+00:00;False;87;25;3576;71af6d340d97ed1097976cba900584a7a17a14a9;2;i@songe.li;i@songe.li
A11yService.kt;MODIFY;624;6.0;Grew;True;2024-10-16 14:46:19+00:00;False;87;25;3587;1825b000c06600cc7299ebb7399209039198a152;23;i@songe.li;i@songe.li
A11yService.kt;MODIFY;630;6.0;Grew;True;2024-10-20 12:08:08+00:00;False;89;25;3634;dc54864751845495a5cac87f70093b2ff16a51fc;3;i@songe.li;i@songe.li
A11yService.kt;MODIFY;632;2.0;Grew;True;2024-10-20 16:04:41+00:00;False;89;25;3647;724ff77c97c6554618d386e0d567c28579484281;9;i@songe.li;i@songe.li
A11yService.kt;MODIFY;633;1.0;Grew;True;2024-10-21 09:44:06+00:00;False;89;25;3652;cae215cab9de5b63a731793048c23ffc53050ecb;3;i@songe.li;i@songe.li
A11yService.kt;MODIFY;637;4.0;Grew;True;2024-10-28 12:29:59+00:00;False;89;25;3672;44b0fd00663f183a02ba9e03ae9a30343ecded46;2;i@songe.li;i@songe.li
A11yService.kt;MODIFY;640;3.0;Grew;True;2024-11-03 15:59:32+00:00;False;90;25;3682;03cdf98f09bef472606a27070b90be211f36ed18;2;i@songe.li;i@songe.li
A11yService.kt;MODIFY;641;1.0;Grew;True;2024-11-17 16:34:08+00:00;False;89;25;3664;a307c833d08de37d8c43d190ffc09656673d2e8b;2;i@songe.li;i@songe.li
A11yService.kt;MODIFY;644;3.0;Grew;True;2024-11-22 08:42:55+00:00;False;89;25;3684;7e044a232ef1a6e575f682ed3f4d48188bf453ff;1;i@songe.li;i@songe.li
A11yService.kt;MODIFY;644;0.0;Equal;True;2024-12-17 13:54:06+00:00;False;90;25;3691;be313f55bad85d1afddc61d2a41eb03546ecda76;3;i@songe.li;i@songe.li
A11yService.kt;MODIFY;644;0.0;Equal;True;2024-12-19 13:57:26+00:00;False;90;25;3703;6f3e63a2ebaba8f345c8c5a34d17ec8805723716;9;i@songe.li;i@songe.li
