|File Name|Change Type|Local File PATH Old|Local File PATH New|Complexity|Methods|Tokens|Lines Of Code (nloc)|Lines Added|Lines Deleted
0|volumes.c|MODIFY|fs/btrfs/volumes.c|fs/btrfs/volumes.c|933|124|29463|4864|1|1
