file_name;change_type;n_loc;lines_balance;size_change;is_large;date;swapped_classification;complexity;methods;tokens;hash;files_on_commit;committer_email;author_email
parse_test.go;MODIFY;2600.0;0.0;Equal;True;2020-02-17 15:05:21+00:00;True;18;10;13510;65f5b9827d41d0a5fb4adc5e7bffe021ef359f54;11;tguggenm@redhat.com;tguggenm@redhat.com
parse_test.go;RENAME;not calculated;0.0;Equal;False;2020-02-17 15:05:21+00:00;True;not calculated;0;not calculated;e7c2716f552beb6a710d020f1039f7dadea92c70;9;tguggenm@redhat.com;tguggenm@redhat.com
parse_test.go;MODIFY;2600.0;0.0;Equal;True;2020-02-17 15:07:53+00:00;True;18;10;13510;6b1b323558d987121ae3a945265d11d0f75fcc13;6;tguggenm@redhat.com;tguggenm@redhat.com
parse_test.go;MODIFY;2600.0;0.0;Equal;True;2020-02-17 15:09:23+00:00;False;18;10;13510;1360f9ff12cdad6a88ba7edb928c67cb6b4b9532;9;tguggenm@redhat.com;tguggenm@redhat.com
parse_test.go;MODIFY;2600.0;0.0;Equal;True;2020-02-17 15:09:23+00:00;False;18;10;13510;6c00f2ffcb7f85531fe1ad03a9afadb96dce56a7;7;tguggenm@redhat.com;tguggenm@redhat.com
parse_test.go;MODIFY;2612.0;12.0;Grew;True;2020-03-05 08:03:38+00:00;False;18;10;13566;7164b58945bb5fb462033c0b9dca7302187a2605;3;noreply@github.com;brian.brazil@robustperception.io
parse_test.go;MODIFY;2651.0;39.0;Grew;True;2020-03-05 13:20:53+00:00;False;18;10;13761;44ad28dd5e7401bbcbf482a9a9be62c210229a00;4;noreply@github.com;brian.brazil@robustperception.io
parse_test.go;MODIFY;2688.0;37.0;Grew;True;2020-03-06 08:17:01+00:00;False;18;10;13938;1dbd799354504d3b943ba3e68e70822c9cbb4e35;1;noreply@github.com;tobias.guggenmos@uni-ulm.de
parse_test.go;MODIFY;2700.0;12.0;Grew;True;2020-03-08 12:09:24+00:00;False;18;10;13983;5ddd1dcf0f936f5bb63bb5329f14e2180cb05f51;2;noreply@github.com;roidelapluie@inuits.eu
parse_test.go;MODIFY;2707.0;7.0;Grew;True;2020-03-16 14:47:47+00:00;False;19;10;14089;012161d90d6a8a6bb930b90601fb89ff6cc3ae60;2;noreply@github.com;tobias.guggenmos@uni-ulm.de
parse_test.go;MODIFY;2783.0;76.0;Grew;True;2020-08-04 19:12:41+00:00;False;20;11;14526;d867491364c6aa9aadee98f143f0b84844078f9b;30;noreply@github.com;roidelapluie@inuits.eu
parse_test.go;MODIFY;2783.0;0.0;Equal;True;2020-09-09 10:10:02+00:00;False;20;11;14558;fc8e769d71e0e5977522b3842690236453e6bab5;6;noreply@github.com;harkishensingh@hotmail.com
parse_test.go;MODIFY;2783.0;0.0;Equal;True;2020-10-22 09:00:08+00:00;False;20;11;14558;4e5b1722b342948a55b3d7753f6539040db0e5f0;163;noreply@github.com;roidelapluie@inuits.eu
parse_test.go;MODIFY;2782.0;-1.0;Decreased;True;2020-10-27 10:06:53+00:00;False;20;11;14552;1282d1b39c21c5e193e82ef0e7c3df5fc77a494c;40;noreply@github.com;roidelapluie@inuits.eu
parse_test.go;MODIFY;2782.0;0.0;Equal;True;2020-10-29 09:43:23+00:00;False;20;11;14552;6c56a1faaaad07317ff585bda75b99bdba0517ad;98;noreply@github.com;roidelapluie@inuits.eu
parse_test.go;MODIFY;2787.0;5.0;Grew;True;2020-11-12 14:25:52+00:00;False;20;11;14604;bef9d4e18226775ef334a0dc79f5a9b4007d0424;2;noreply@github.com;brian.brazil@robustperception.io
parse_test.go;MODIFY;2787.0;0.0;Equal;True;2020-12-15 14:47:31+00:00;False;20;11;14304;0dd6e0cb7696d288e2159e448fe1b8236d161818;1;noreply@github.com;atibhi.a@gmail.com
parse_test.go;MODIFY;3181.0;394.0;Grew;True;2021-01-20 10:57:39+00:00;False;17;10;16470;9199fcb8d100afba384bf566779712a2b8094b6c;18;noreply@github.com;15064823+codesome@users.noreply.github.com
parse_test.go;MODIFY;3286.0;105.0;Grew;True;2021-02-09 16:03:16+00:00;False;17;10;17040;86c71856e83254ef21635c5c203449bbc6024cf0;15;noreply@github.com;15064823+codesome@users.noreply.github.com
parse_test.go;MODIFY;3294.0;8.0;Grew;True;2021-02-19 06:38:05+00:00;False;17;10;17136;42a0e0acad173f8aac8223f68b3ddc401919cef3;2;noreply@github.com;dannykopping@gmail.com
parse_test.go;MODIFY;3299.0;5.0;Grew;True;2021-02-24 01:25:56+00:00;False;17;10;17105;0c577c547b3691271954aacdc3484e02bda494af;3;pschou@users.noreply.github.com;pschou@users.noreply.github.com
parse_test.go;MODIFY;3340.0;41.0;Grew;True;2021-03-16 09:47:45+00:00;False;20;11;17447;289ba11b79a4ddc02a5566f6344dd33533dfeb2f;23;noreply@github.com;callumstyan@gmail.com
parse_test.go;MODIFY;3340.0;0.0;Equal;True;2021-05-10 21:33:26+00:00;False;20;11;17447;e313ffa8abf61b5e2df3e917e2f31a899c91b66c;2;noreply@github.com;julius.volz@gmail.com
parse_test.go;MODIFY;3340.0;0.0;Equal;True;2021-07-27 09:54:33+00:00;False;20;11;17447;6b4bf3f69749c6a27a538ce726fc2191703916f0;3;clayton.peters@man.com;clayton.peters@man.com
parse_test.go;MODIFY;3451.0;111.0;Grew;True;2021-07-27 14:19:59+00:00;False;20;11;18007;e7d55acbf9e14b93abfb1f257ffa953440274e80;1;clayton.peters@man.com;clayton.peters@man.com
parse_test.go;MODIFY;3451.0;0.0;Equal;True;2021-08-12 16:38:06+00:00;False;20;11;18007;cab96a06ef441440fef0713e4d4d0e50f8a6db61;11;noreply@github.com;roidelapluie@inuits.eu
parse_test.go;MODIFY;3708.0;257.0;Grew;True;2021-11-02 18:52:34+00:00;False;20;11;18007;1a6c2283a3e37f5ef6e0df78b72e67d3b2995a56;130;roidelapluie@gmail.com;mgozdekof@gmail.com
parse_test.go;MODIFY;3708.0;0.0;Equal;True;2021-11-09 07:03:10+00:00;False;20;11;18007;c954cd9d1d4e3530be2939d39d8633c38b70913f;168;beorn@grafana.com;beorn@grafana.com
parse_test.go;MODIFY;3709.0;1.0;Grew;True;2022-06-08 08:47:52+00:00;False;20;11;18012;0906f2eafa3506d411f2053ecba160a6c5ca0387;8;noreply@github.com;matthieu.morel35@gmail.com
parse_test.go;MODIFY;3709.0;0.0;Equal;True;2022-09-09 11:34:49+00:00;False;20;11;18012;b01d29cf9ec44d313aa543f4948af2d46fd80d1b;2;roidelapluie@o11y.eu;bjboreham@gmail.com
parse_test.go;MODIFY;3709.0;0.0;Equal;True;2023-03-08 15:32:39+00:00;False;20;11;18012;1fd59791e1325fd00e80c1681603319e1c359f7f;2;roidelapluie@o11y.eu;roidelapluie@o11y.eu
parse_test.go;MODIFY;3724.0;15.0;Grew;True;2023-03-22 09:14:55+00:00;False;21;12;18115;97c7fffbb870a83625a7846e84e60c577d4575e4;5;filip.petkovsky@gmail.com;filip.petkovsky@gmail.com
parse_test.go;MODIFY;3709.0;-15.0;Decreased;True;2023-04-13 19:20:22+00:00;False;20;11;18009;fb3eb212306cad9c9552ccef60318d5c3c8fff19;66;matthieu.morel35@gmail.com;matthieu.morel35@gmail.com
parse_test.go;MODIFY;4033.0;324.0;Grew;True;2023-08-25 21:35:42+00:00;False;29;16;20310;f01718262a83751a0ff286ca3d8504937a321326;16;noreply@github.com;gregor.zeitlinger@grafana.com
parse_test.go;MODIFY;4034.0;1.0;Grew;True;2023-09-14 16:57:31+00:00;False;29;16;20779;69edd8709ba7d4b2152eab5fb208a3d74b4a81e1;34;noreply@github.com;zenador@users.noreply.github.com
parse_test.go;MODIFY;4034.0;0.0;Equal;True;2023-10-31 11:35:13+00:00;False;29;16;20779;8e5f0387a2c9115849fcd99c9a0b295b779d938a;43;noreply@github.com;oleksandr.red+github@gmail.com
parse_test.go;MODIFY;4034.0;0.0;Equal;True;2023-12-07 11:35:01+00:00;False;29;16;20779;9c4782f1cc34f85f07daaaed14af2e7ad1ff56a0;90;noreply@github.com;matthieu.morel35@gmail.com
parse_test.go;MODIFY;4049.0;15.0;Grew;True;2024-01-25 13:57:43+00:00;False;31;16;20929;f639d7794c456c4ec1b563d5bf1576bc2f6d832b;1;marco@pracucci.com;marco@pracucci.com
parse_test.go;MODIFY;4035.0;-14.0;Decreased;True;2024-02-08 19:32:33+00:00;False;29;16;20780;17f48f2b3bf075b047006a5b36017d5e2b89614a;11;bjboreham@gmail.com;bjboreham@gmail.com
parse_test.go;MODIFY;4097.0;62.0;Grew;True;2024-02-15 19:34:37+00:00;False;29;16;21135;a28d7865adf6542cbac3b908124ae07846a0d4a8;17;owen.williams@grafana.com;owen.williams@grafana.com
parse_test.go;MODIFY;4134.0;37.0;Grew;True;2024-02-27 20:47:47+00:00;False;29;16;16373;ac51a8024cf6a8134b9345673f8a685846c6a6fc;1;owen.williams@grafana.com;owen.williams@grafana.com
parse_test.go;MODIFY;4178.0;44.0;Grew;True;2024-02-29 15:46:31+00:00;False;29;16;16373;e01e7d36e284857cd6b961cc1627bedbd62be890;2;owen.williams@grafana.com;owen.williams@grafana.com
parse_test.go;MODIFY;4200.0;22.0;Grew;True;2024-04-03 09:10:39+00:00;False;33;17;16558;7c2852145153026ca6adbe9280b64fd35c91ad39;2;bjboreham@gmail.com;bjboreham@gmail.com
parse_test.go;MODIFY;4200.0;0.0;Equal;True;2024-06-27 13:50:52+00:00;False;33;17;16584;3c9e3ee55259abc879e59fb1471afe1aa7ec3238;4;rexagod@gmail.com;rexagod@gmail.com
parse_test.go;MODIFY;4231.0;31.0;Grew;True;2024-07-10 13:49:30+00:00;False;33;17;16584;8c8860d2d6a2461762c0e83727136fed915df2b5;9;beorn@grafana.com;deathbullet@gmail.com
parse_test.go;MODIFY;4321.0;90.0;Grew;True;2024-07-10 13:49:58+00:00;False;33;17;16584;cfad8ff3b243caf5388ac53f5edefdab203a9ad2;5;beorn@grafana.com;deathbullet@gmail.com
parse_test.go;MODIFY;4339.0;18.0;Grew;True;2024-07-10 13:50:22+00:00;False;33;17;16622;bd4ea118e9bdc41bb79c1c1967d7674389a63987;5;beorn@grafana.com;deathbullet@gmail.com
parse_test.go;MODIFY;4374.0;35.0;Grew;True;2024-07-31 07:53:05+00:00;False;33;17;16835;7fab72a280f139170a14e6f6a21f6396fa02899e;6;noreply@github.com;charleskorn@users.noreply.github.com
parse_test.go;MODIFY;4420.0;46.0;Grew;True;2024-08-01 14:07:12+00:00;False;33;17;16844;d90c5a71d7fabf13c00925a4f7a4011355a94681;6;owen.williams@grafana.com;owen.williams@grafana.com
parse_test.go;MODIFY;4436.0;16.0;Grew;True;2024-09-04 05:46:52+00:00;False;33;17;17023;e67358d203864018ecbbe8c74c1cb3af3be4b2b4;2;charles.korn@grafana.com;charles.korn@grafana.com
parse_test.go;MODIFY;4436.0;0.0;Equal;True;2024-09-09 04:37:58+00:00;False;33;17;17037;2bdb3452d1181e40283c2ae141adf4f0e952d48a;4;charles.korn@grafana.com;charles.korn@grafana.com
parse_test.go;MODIFY;4436.0;0.0;Equal;True;2024-09-19 13:07:37+00:00;False;33;17;17037;1639450172d060d467c429ab953f7deb3d37edbd;7;bjboreham@gmail.com;beorn@grafana.com
parse_test.go;MODIFY;4451.0;15.0;Grew;True;2024-10-06 16:35:29+00:00;False;33;17;17200;ab64966e9d21ce3a3e42415da3a4227f8220b15c;24;noreply@github.com;matthieu.morel35@gmail.com
parse_test.go;MODIFY;4515.0;64.0;Grew;True;2024-10-16 12:52:11+00:00;False;34;18;17448;de16f5e387dd3d9bcfbad547905135a413ef43e1;16;noreply@github.com;arve.knudsen@gmail.com
parse_test.go;MODIFY;4627.0;112.0;Grew;True;2024-12-04 19:18:59+00:00;False;11;5;13971;8d4bcd2c773c159ae6e87c9bc7b9517bfb92835d;11;owen.williams@grafana.com;owen.williams@grafana.com
