file_name;change_type;n_loc;lines_balance;size_change;is_large;date;swapped_classification;complexity;methods;tokens;hash;files_on_commit;committer_email;author_email
_JetLexer.java;RENAME;1153;0.0;Equal;True;2018-03-16 10:32:14+00:00;True;not calculated;0;not calculated;c0b0f6d1ca0b501e972503a127254da850cdcac9;332;Simon.Ogorodnik@jetbrains.com;Simon.Ogorodnik@jetbrains.com
_JetLexer.java;MODIFY;1153;0.0;Equal;True;2018-06-04 15:19:34+00:00;False;275;29;4521;bf5f710f390c112887a1815cbef42f0aa803a741;6;mikhail.zarechenskiy@jetbrains.com;mikhail.zarechenskiy@jetbrains.com
_JetLexer.java;MODIFY;1177;24.0;Grew;True;2018-06-27 11:21:07+00:00;False;275;29;4569;7c44992016722c2d789f63c8c94e9ddbe86c3f57;7;mikhail.zarechenskiy@jetbrains.com;mikhail.zarechenskiy@jetbrains.com
_JetLexer.java;MODIFY;1178;1.0;Grew;True;2018-06-27 11:21:12+00:00;False;275;29;4571;a765ee41d756836854f98412f7b2832e1f935ff7;16;mikhail.zarechenskiy@jetbrains.com;mikhail.zarechenskiy@jetbrains.com
_JetLexer.java;MODIFY;1178;0.0;Equal;True;2018-11-06 08:18:38+00:00;False;275;29;4571;9e6ac6cb2a6ba56ca6d1dce6a16b4711973bb68c;2;victor.petukhov@jetbrains.com;victor.petukhov@jetbrains.com
_JetLexer.java;MODIFY;1175;-3.0;Decreased;True;2018-12-21 13:13:42+00:00;False;275;29;4542;686cfa6fd29b8e096ea04a2b96e2dc08adced512;58;nikolay.krasko@jetbrains.com;marcinmoskala@gmail.com
_JetLexer.java;MODIFY;1180;5.0;Grew;True;2021-08-31 12:41:09+00:00;False;277;29;4559;cdd8d1c1630815960e7456ac51a9b7fc25a05039;6;teamcityserver@buildserver-app.Labs.IntelliJ.Net;denis.zharkov@jetbrains.com
_JetLexer.java;MODIFY;1176;-4.0;Decreased;True;2022-05-18 17:23:40+00:00;False;275;29;4544;ba5c85d6f2abc0af473328fdb5645a7339467d6b;21;teamcity@ip-10-128-209-172.eu-west-1.compute.internal;iven.krall@bewotec.de
_JetLexer.java;MODIFY;1184;8.0;Grew;True;2022-05-31 08:42:54+00:00;False;277;29;4590;19136019e44a08b4899691a2c682b4809818ea36;8;teamcity@ip-10-128-209-172.eu-west-1.compute.internal;victor.petukhov@jetbrains.com
_JetLexer.java;MODIFY;1188;4.0;Grew;True;2022-06-09 15:44:36+00:00;False;279;29;4605;9caa60d3895e9aae44039dcfe1706b2b2d41d966;21;teamcity@ip-10-128-209-172.eu-west-1.compute.internal;denis.zharkov@jetbrains.com
_JetLexer.java;MODIFY;1184;-4.0;Decreased;True;2022-08-04 11:24:08+00:00;False;277;29;4590;a2077f906361c8144f5923ea744dbc81b82328c4;20;teamcity@ip-10-128-210-39.eu-west-1.compute.internal;iven.krall@bewotec.de
_JetLexer.java;MODIFY;1188;4.0;Grew;True;2022-08-04 15:50:00+00:00;False;279;29;4605;11a26e540e7689b6aaaf15d70f830d0cb54d979f;20;denis.zharkov@jetbrains.com;denis.zharkov@jetbrains.com
_JetLexer.java;MODIFY;1184;-4.0;Decreased;True;2022-08-16 10:00:53+00:00;False;277;29;4590;2053363def5f70666507bfd1e214ca180901f188;20;teamcity@ip-10-128-210-208.eu-west-1.compute.internal;iven.krall@bewotec.de
_JetLexer.java;MODIFY;1188;4.0;Grew;True;2022-08-30 11:21:50+00:00;False;279;29;4605;3d7969ec8f60278823703fb9e03a22cf3a25e5b0;20;teamcity@ip-10-128-210-39.eu-west-1.compute.internal;denis.zharkov@jetbrains.com
_JetLexer.java;MODIFY;1306;118.0;Grew;True;2024-05-16 18:45:02+00:00;False;297;35;5134;8c875e668612726ec1a7ccc24f3c33719267fc2b;38;noreply@jetbrains.team;alejandro.serrano.mena@jetbrains.com
_JetLexer.java;MODIFY;1308;2.0;Grew;True;2024-09-05 08:46:57+00:00;False;297;35;5140;2608d3ade45ef7796eaf4b696becdb9d8f277c81;7;noreply@jetbrains.team;alejandro.serrano.mena@jetbrains.com
