file_name;change_type;n_loc;lines_balance;size_change;is_large;date;swapped_classification;complexity;methods;tokens;hash;files_on_commit;committer_email;author_email
_Ranges.kt;ADD;143;0.0;Grew;False;2016-12-16 01:36:29+00:00;False;not calculated;0;1902;b72e5c038db4bba8ddbdad46a332f18529ba7a47;8;ilya.gorbunov@jetbrains.com;ilya.gorbunov@jetbrains.com
_Ranges.kt;MODIFY;144;1.0;Equal;False;2017-09-16 16:47:44+00:00;False;not calculated;0;1907;7cd5eeb24dc045b8d893ee14d480d789ab06c030;9;Stanislav.Erokhin@jetbrains.com;Stanislav.Erokhin@jetbrains.com
_Ranges.kt;MODIFY;431;287.0;Grew;False;2018-04-20 02:25:31+00:00;False;not calculated;0;4295;c5aed06110ce9980cc3ae58cf3b224dea54b6877;2;ilya.gorbunov@jetbrains.com;ilya.gorbunov@jetbrains.com
_Ranges.kt;MODIFY;431;0.0;Grew;False;2018-04-20 19:40:35+00:00;False;not calculated;0;4295;908d2d6975609b1c298081b9b426c3a6e23ea768;12;ilya.gorbunov@jetbrains.com;ilya.gorbunov@jetbrains.com
_Ranges.kt;MODIFY;431;0.0;Equal;False;2018-04-20 20:14:57+00:00;False;not calculated;0;4295;c239d346f7a788762955d069eb81c82fa5075e51;15;ilya.gorbunov@jetbrains.com;ilya.gorbunov@jetbrains.com
_Ranges.kt;MODIFY;431;0.0;Grew;False;2018-04-26 18:57:50+00:00;False;not calculated;0;4295;502418e690d1e75e82965b46d84c0db232342bee;19;ilya.gorbunov@jetbrains.com;ilya.gorbunov@jetbrains.com
_Ranges.kt;MODIFY;459;28.0;Grew;False;2018-08-30 13:21:27+00:00;False;not calculated;0;4479;ea2c33a5326e576a766d7cb3664609f09bbfff3b;20;ilya.gorbunov@jetbrains.com;ilya.gorbunov@jetbrains.com
_Ranges.kt;MODIFY;471;12.0;Grew;False;2018-08-30 13:21:36+00:00;False;not calculated;0;4533;009980944b3cfbc768859e7202e4454c98b40c6d;4;ilya.gorbunov@jetbrains.com;ilya.gorbunov@jetbrains.com
_Ranges.kt;MODIFY;487;16.0;Grew;False;2018-09-11 02:40:15+00:00;False;not calculated;0;4613;48add96e790253f3e7443096ff3db7a94237e636;3;ilya.gorbunov@jetbrains.com;ilya.gorbunov@jetbrains.com
_Ranges.kt;MODIFY;502;15.0;Grew;True;2018-09-11 14:06:42+00:00;True;not calculated;0;4721;1eda3805ecbdc3daee8cbc09e3057dca94f100a5;5;ilya.gorbunov@jetbrains.com;ilya.gorbunov@jetbrains.com
_Ranges.kt;MODIFY;499;-3.0;Decreased;True;2018-10-01 11:39:02+00:00;False;not calculated;0;4705;55c8b35eee2ee8a93ccaffeaac6f9c3e4fd4ff18;67;Alexander.Udalov@jetbrains.com;Alexander.Udalov@jetbrains.com
_Ranges.kt;MODIFY;499;0.0;Decreased;True;2018-12-26 14:54:56+00:00;False;not calculated;0;4705;9289a2c5730ed924feb86ed90c027cbaefae33c1;3;ilya.gorbunov@jetbrains.com;ilya.gorbunov@jetbrains.com
_Ranges.kt;MODIFY;499;0.0;Equal;True;2019-01-11 16:23:12+00:00;False;not calculated;0;4705;fcef876c7e7664aa0e910cc22d443278217e1be6;21;ilya.gorbunov@jetbrains.com;ilya.gorbunov@jetbrains.com
_Ranges.kt;MODIFY;499;0.0;Equal;True;2019-04-23 17:09:27+00:00;False;not calculated;0;4705;abb7d3ab463cd6211376107ee4a95f87df68a53a;80;nikita.movshin@jetbrains.com;nikita.movshin@jetbrains.com
_Ranges.kt;MODIFY;499;0.0;Equal;True;2020-01-16 12:57:06+00:00;False;not calculated;0;4705;09b1960dd06665f636e99068f46f709b98962048;29;ilya.gorbunov@jetbrains.com;ilya.gorbunov@jetbrains.com
_Ranges.kt;MODIFY;538;39.0;Grew;True;2020-01-16 19:25:53+00:00;False;not calculated;0;4919;3cad1bbb51ff9f37a57699bc0306087b11266337;12;abduqodiri.qurbonzoda@jetbrains.com;abduqodiri.qurbonzoda@jetbrains.com
_Ranges.kt;MODIFY;538;0.0;Equal;True;2020-01-22 20:27:35+00:00;False;not calculated;0;4935;1203df7405ae26dac12b2c03cdf51fac59028d73;14;abduqodiri.qurbonzoda@jetbrains.com;abduqodiri.qurbonzoda@jetbrains.com
_Ranges.kt;MODIFY;538;0.0;Equal;True;2020-06-07 07:05:38+00:00;False;not calculated;0;4965;4e820edd1fa2fb479b3e62d1e953786fa9e69423;9;abduqodiri.qurbonzoda@jetbrains.com;abduqodiri.qurbonzoda@jetbrains.com
_Ranges.kt;MODIFY;538;0.0;Equal;True;2020-06-29 09:18:19+00:00;False;not calculated;0;5061;d3fb9cc5f36c35c9640438fa5b2fddb2d82c2434;22;abduqodiri.qurbonzoda@jetbrains.com;abduqodiri.qurbonzoda@jetbrains.com
_Ranges.kt;MODIFY;554;16.0;Grew;True;2020-07-16 23:39:20+00:00;False;not calculated;0;5141;a05681001f716e8823f88c3915187c7c1563ea82;8;abduqodiri.qurbonzoda@jetbrains.com;abduqodiri.qurbonzoda@jetbrains.com
_Ranges.kt;MODIFY;554;0.0;Equal;True;2021-01-03 21:31:06+00:00;False;not calculated;0;5141;acd29481bd9ca68739c73140f0bdbd9b9cdb22b4;53;alexander.udalov@jetbrains.com;alexander.udalov@jetbrains.com
_Ranges.kt;MODIFY;554;0.0;Equal;True;2021-04-06 21:23:34+00:00;False;not calculated;0;5205;d9ab96126d962c3216707e5e751ca2328f5e3ca0;6;abduqodiri.qurbonzoda@jetbrains.com;abduqodiri.qurbonzoda@jetbrains.com
_Ranges.kt;MODIFY;554;0.0;Equal;True;2021-04-07 15:30:20+00:00;False;not calculated;0;5197;b64b96eee64da826d85e6a53a15d83ae7bc58841;59;ilya.gorbunov@jetbrains.com;ilya.gorbunov@jetbrains.com
_Ranges.kt;MODIFY;554;0.0;Equal;True;2022-01-17 12:38:27+00:00;False;not calculated;0;5197;906a351a815199acfb305e077e67cf7d99026bbe;39;ilya.gorbunov@jetbrains.com;ilya.gorbunov@jetbrains.com
_Ranges.kt;MODIFY;614;60.0;Grew;True;2022-04-04 22:27:49+00:00;False;not calculated;0;5551;42c9a27b8a74a6422c53b04bc7b2b42918f78cbc;16;;abduqodiri.qurbonzoda@jetbrains.com
_Ranges.kt;MODIFY;614;0.0;Grew;True;2022-06-28 00:08:03+00:00;False;not calculated;0;5551;cd9b36b4c32ff8da4c12ca23c4a71125071f29c9;19;;ilya.gorbunov@jetbrains.com
_Ranges.kt;MODIFY;716;102.0;Grew;True;2022-06-28 00:08:05+00:00;False;not calculated;0;6129;9574040f854d1e498fd4b1ba54f8c8329e8d30fd;3;;ilya.gorbunov@jetbrains.com
_Ranges.kt;MODIFY;818;102.0;Grew;True;2022-06-28 00:08:05+00:00;False;not calculated;0;6982;8584fe2725901c994670a7235a6a4aa994e39b37;2;;ilya.gorbunov@jetbrains.com
_Ranges.kt;MODIFY;835;17.0;Grew;True;2022-08-24 22:22:53+00:00;False;not calculated;0;7067;64a11c555f70572ab93c9c6fa26484978309ace8;3;;ilya.gorbunov@jetbrains.com
_Ranges.kt;MODIFY;716;-119.0;Decreased;True;2022-08-25 19:24:11+00:00;False;not calculated;0;6404;38099e11c3396148a98ca423dcbd3395fb6c9033;5;;ilya.gorbunov@jetbrains.com
_Ranges.kt;MODIFY;716;0.0;Equal;True;2023-03-27 10:46:11+00:00;False;not calculated;0;6404;90ec84d7b7a04e2bcbcee6c3b3af7d5ce34d9aa9;40;noreply@jetbrains.team;dmitriy.novozhilov@jetbrains.com
_Ranges.kt;MODIFY;716;0.0;Equal;True;2023-04-28 17:12:15+00:00;False;not calculated;0;6469;b35b727d7307e74c9e4b54870a74f8eccab158e5;42;noreply@jetbrains.team;ilya.gorbunov@jetbrains.com
_Ranges.kt;MODIFY;716;0.0;Grew;True;2023-08-25 19:34:39+00:00;False;not calculated;0;6469;35b3a9ec82cd1ddeacf40d7f7430e0e72212ee3d;4;noreply@jetbrains.team;alex.cue.987@gmail.com
_Ranges.kt;MODIFY;710;-6.0;Decreased;True;2023-11-10 12:20:52+00:00;False;not calculated;0;6427;9ccce52915ca94b4455cb6b658193a74da6c8a07;33;noreply@jetbrains.team;ilya.gorbunov@jetbrains.com
_Ranges.kt;MODIFY;711;1.0;Grew;True;2024-03-11 18:12:27+00:00;False;not calculated;0;6433;fc13ae7b4d67386890285413e9ee22b6f7957a64;21;noreply@jetbrains.team;ilya.gorbunov@jetbrains.com
_Ranges.kt;MODIFY;710;-1.0;Equal;True;2024-03-11 18:12:27+00:00;False;not calculated;0;6427;dee9fdc02d8718000baa4688c5ef8b38343ae4a2;35;noreply@jetbrains.team;ilya.gorbunov@jetbrains.com
_Ranges.kt;MODIFY;711;1.0;Grew;True;2024-12-14 22:43:06+00:00;False;not calculated;0;6433;b83d5a465e394ba134e0de1e994d005c54da4fe4;4;noreply@jetbrains.team;leonid.startsev@jetbrains.com
