file_name;change_type;n_loc;lines_balance;size_change;is_large;date;swapped_classification;complexity;methods;tokens;hash;files_on_commit;committer_email;author_email
_UArrays.kt;ADD;254;0.0;Grew;False;2018-08-30 11:58:26+00:00;False;1;1;1455;4df665bc78d80e189ccf6b2cf84f19772c7855b1;5;ilya.gorbunov@jetbrains.com;ilya.gorbunov@jetbrains.com
_UArrays.kt;MODIFY;278;24.0;Grew;False;2018-08-30 13:21:20+00:00;False;1;1;1715;ea37a65178c6fa913929297a9080c0f15ab275c9;8;ilya.gorbunov@jetbrains.com;ilya.gorbunov@jetbrains.com
_UArrays.kt;MODIFY;331;53.0;Grew;False;2018-08-30 13:21:27+00:00;False;2;2;2009;ea2c33a5326e576a766d7cb3664609f09bbfff3b;20;ilya.gorbunov@jetbrains.com;ilya.gorbunov@jetbrains.com
_UArrays.kt;MODIFY;331;0.0;Equal;False;2018-09-22 15:24:00+00:00;False;2;2;2005;974837654e0f92ac0968dd68c6e76da1be1158bf;6;ilya.gorbunov@jetbrains.com;ilya.gorbunov@jetbrains.com
_UArrays.kt;MODIFY;335;4.0;Grew;False;2018-09-26 19:57:14+00:00;False;2;2;1997;0c81e30d46067914bbaabb3a27e097375e819ac9;2;ilya.gorbunov@jetbrains.com;ilya.gorbunov@jetbrains.com
_UArrays.kt;MODIFY;332;-3.0;Decreased;False;2018-10-01 11:39:02+00:00;False;2;2;1981;55c8b35eee2ee8a93ccaffeaac6f9c3e4fd4ff18;67;Alexander.Udalov@jetbrains.com;Alexander.Udalov@jetbrains.com
_UArrays.kt;MODIFY;332;0.0;Equal;False;2018-10-22 14:14:44+00:00;False;2;2;1981;7fc6f06b70bb3024895b005adbe46622c453ff7c;5;ilya.gorbunov@jetbrains.com;ilya.gorbunov@jetbrains.com
_UArrays.kt;MODIFY;332;0.0;Equal;False;2019-01-11 16:23:12+00:00;False;2;2;1981;fcef876c7e7664aa0e910cc22d443278217e1be6;21;ilya.gorbunov@jetbrains.com;ilya.gorbunov@jetbrains.com
_UArrays.kt;MODIFY;412;80.0;Grew;False;2019-03-08 20:34:32+00:00;False;2;2;2549;6cd98581479ea40bbce136e679aad7f947c0cde1;5;ilya.gorbunov@jetbrains.com;abduqodiri.qurbonzoda@jetbrains.com
_UArrays.kt;MODIFY;668;256.0;Grew;True;2019-03-08 20:34:33+00:00;True;11;11;4073;512d986006863837d9891d4a6378be9651fe9743;4;ilya.gorbunov@jetbrains.com;abduqodiri.qurbonzoda@jetbrains.com
_UArrays.kt;MODIFY;912;244.0;Grew;True;2019-03-08 20:34:33+00:00;False;75;35;5557;bbaabb90e4ff95b3b7c404288ae9c9a27d7c5bd2;3;ilya.gorbunov@jetbrains.com;abduqodiri.qurbonzoda@jetbrains.com
_UArrays.kt;MODIFY;532;-380.0;Grew;True;2019-03-08 20:34:33+00:00;False;3;3;3169;6b92190726eaea1ad69c2a4b36e69a97ed519fb6;2;ilya.gorbunov@jetbrains.com;abduqodiri.qurbonzoda@jetbrains.com
_UArrays.kt;MODIFY;2248;1716.0;Grew;True;2019-03-08 20:34:34+00:00;False;264;104;14153;690e35f11a4e6cd428c62d799d62275ea91b7571;5;ilya.gorbunov@jetbrains.com;abduqodiri.qurbonzoda@jetbrains.com
_UArrays.kt;MODIFY;932;-1316.0;Grew;True;2019-03-08 20:34:34+00:00;False;78;38;5697;299fac8e2df0491ebfc6bc42aceb4fd1afa0e506;8;ilya.gorbunov@jetbrains.com;abduqodiri.qurbonzoda@jetbrains.com
_UArrays.kt;MODIFY;2312;1380.0;Grew;True;2019-03-08 20:34:34+00:00;False;264;104;14491;7695b5e575256c313c31dd7dbf25a893d7cf561b;11;ilya.gorbunov@jetbrains.com;abduqodiri.qurbonzoda@jetbrains.com
_UArrays.kt;MODIFY;1576;-736.0;Grew;True;2019-03-08 20:34:34+00:00;False;175;71;9717;114736c09b71e9b898f3204d82c63d7ddd11311e;5;ilya.gorbunov@jetbrains.com;abduqodiri.qurbonzoda@jetbrains.com
_UArrays.kt;MODIFY;1496;-80.0;Grew;True;2019-03-08 20:34:34+00:00;False;175;71;9285;92cd84682c4e9ab3db622af6858f09cc4772dc5f;5;ilya.gorbunov@jetbrains.com;abduqodiri.qurbonzoda@jetbrains.com
_UArrays.kt;MODIFY;1696;200.0;Grew;True;2019-03-08 20:34:34+00:00;False;176;72;10569;fc85781bfc52df5e01b1c7f08043bc255be51e92;16;ilya.gorbunov@jetbrains.com;abduqodiri.qurbonzoda@jetbrains.com
_UArrays.kt;MODIFY;3008;1312.0;Grew;True;2019-03-08 20:34:35+00:00;False;376;168;20415;abb275775eb597dd286e564ceea57b9c94fa54f9;5;ilya.gorbunov@jetbrains.com;abduqodiri.qurbonzoda@jetbrains.com
_UArrays.kt;MODIFY;3532;524.0;Grew;True;2019-03-08 20:34:35+00:00;False;465;204;24203;c42dbb34ca99dbb1752f717299d67067426f09ef;4;ilya.gorbunov@jetbrains.com;abduqodiri.qurbonzoda@jetbrains.com
_UArrays.kt;MODIFY;2472;-1060.0;Grew;True;2019-03-08 20:34:35+00:00;False;288;116;15651;503264b9966b226fdcaf9280bfb460edde8b7d47;3;ilya.gorbunov@jetbrains.com;abduqodiri.qurbonzoda@jetbrains.com
_UArrays.kt;MODIFY;3672;1200.0;Grew;True;2019-03-08 20:34:35+00:00;False;465;204;25043;cb587893c05d0ff4182b9042f1051fdc5ba90839;6;ilya.gorbunov@jetbrains.com;abduqodiri.qurbonzoda@jetbrains.com
_UArrays.kt;MODIFY;3673;1.0;Grew;True;2019-03-08 20:35:40+00:00;False;465;204;25054;6ae5e91930539eb05b37dec9f5b4d7f3a387db03;7;ilya.gorbunov@jetbrains.com;ilya.gorbunov@jetbrains.com
_UArrays.kt;MODIFY;3661;-12.0;Decreased;True;2019-03-12 18:39:09+00:00;False;465;204;25002;ba61695a4584fdd57df3671f402b7aa3c0a68ed1;16;abduqodiri.qurbonzoda@jetbrains.com;abduqodiri.qurbonzoda@jetbrains.com
_UArrays.kt;MODIFY;3661;0.0;Grew;True;2019-03-13 14:58:19+00:00;False;465;204;25002;edc766af56e540d97bc8ce3954b475c0d7a4d4bc;8;ilya.gorbunov@jetbrains.com;ilya.gorbunov@jetbrains.com
_UArrays.kt;MODIFY;3677;16.0;Grew;True;2019-03-31 02:11:05+00:00;False;473;204;25114;4a3e4f099da311f51d666e561d5420390f0c13e0;6;ilya.a.gorbunov@yandex.ru;kmymtsak@gmail.com
_UArrays.kt;MODIFY;3679;2.0;Grew;True;2019-04-02 18:28:33+00:00;False;473;204;25126;04bbf2393684fb7f552da667e8f28dfc1f83bbfb;16;ilya.gorbunov@jetbrains.com;ilya.gorbunov@jetbrains.com
_UArrays.kt;MODIFY;3679;0.0;Equal;True;2019-04-23 17:09:27+00:00;False;473;204;25126;abb7d3ab463cd6211376107ee4a95f87df68a53a;80;nikita.movshin@jetbrains.com;nikita.movshin@jetbrains.com
_UArrays.kt;MODIFY;3679;0.0;Grew;True;2019-05-20 16:20:09+00:00;False;473;204;25126;3e39f263793f2105fb628b85e92e08bea74a93f2;10;ilya.gorbunov@jetbrains.com;borsini.dev@pm.me
_UArrays.kt;MODIFY;3679;0.0;Grew;True;2019-07-12 18:32:03+00:00;False;473;204;25126;38d26b1d923a2fb6741a593d7b20a1d012cf13eb;9;ilya.gorbunov@jetbrains.com;qdattrieu@gmail.com
_UArrays.kt;MODIFY;3691;12.0;Grew;True;2019-08-01 16:02:38+00:00;False;473;204;25254;1a6069382ecafc4c6d79bc109c83f67f0aca6188;14;ilya.gorbunov@jetbrains.com;jakew@google.com
_UArrays.kt;MODIFY;3699;8.0;Grew;True;2019-08-01 16:02:39+00:00;False;473;204;25314;3751a8a797b1f6c5621370175da1d0c3c4dcecbd;9;ilya.gorbunov@jetbrains.com;ilya.gorbunov@jetbrains.com
_UArrays.kt;MODIFY;3699;0.0;Grew;True;2019-08-01 16:55:36+00:00;False;473;204;25314;65b0a5f90328f4b9addd3a10c6f24f3037482276;7;ilya.gorbunov@jetbrains.com;ilya.gorbunov@jetbrains.com
_UArrays.kt;MODIFY;3699;0.0;Equal;True;2019-08-14 22:01:36+00:00;False;473;204;25314;63895483fdbc44cb50afa6c81505b24b167f4288;4;abduqodiri.qurbonzoda@jetbrains.com;abduqodiri.qurbonzoda@jetbrains.com
_UArrays.kt;MODIFY;3699;0.0;Grew;True;2019-10-08 16:24:31+00:00;False;473;204;25314;b4d580fa912e66764f2c70a7ad147a9b0217813e;4;abduqodiri.qurbonzoda@jetbrains.com;abduqodiri.qurbonzoda@jetbrains.com
_UArrays.kt;MODIFY;3699;0.0;Equal;True;2019-10-10 02:08:44+00:00;False;473;204;25314;834eeb567b0b2c5614b591cea24e0d1a1ac9eb87;4;abduqodiri.qurbonzoda@jetbrains.com;abduqodiri.qurbonzoda@jetbrains.com
_UArrays.kt;MODIFY;3699;0.0;Grew;True;2019-11-29 14:35:06+00:00;False;473;204;25314;664d69b752e7af72c6b3a188005d148984b995cb;8;ilya.gorbunov@jetbrains.com;inbox@DmitryBorodin.com
_UArrays.kt;MODIFY;3751;52.0;Grew;True;2019-12-26 16:27:46+00:00;False;485;208;25622;f5d696d3c4982c1842ed8c98931e7b94770242e9;10;ilya.gorbunov@jetbrains.com;alfredo.dellibovi@gmail.com
_UArrays.kt;MODIFY;3803;52.0;Grew;True;2019-12-26 16:27:46+00:00;False;485;208;25942;9546307243d51a9ea1e1f865e5d865cd002c3ed6;7;ilya.gorbunov@jetbrains.com;alfredo.dellibovi@gmail.com
_UArrays.kt;MODIFY;3803;0.0;Grew;True;2019-12-26 16:27:46+00:00;False;485;208;25942;06008c40ab7f6a9fdfe55f2632e298b301272b1f;7;ilya.gorbunov@jetbrains.com;alfredo.dellibovi@gmail.com
_UArrays.kt;MODIFY;3803;0.0;Grew;True;2019-12-26 16:57:33+00:00;False;485;208;25942;95300ae31d44cc8fa69972f459ed9ce1154ceb06;7;ilya.gorbunov@jetbrains.com;git.berg@posteo.de
_UArrays.kt;MODIFY;3803;0.0;Equal;True;2020-01-16 12:57:06+00:00;False;485;208;25942;09b1960dd06665f636e99068f46f709b98962048;29;ilya.gorbunov@jetbrains.com;ilya.gorbunov@jetbrains.com
_UArrays.kt;MODIFY;3863;60.0;Grew;True;2020-01-16 19:25:53+00:00;False;486;209;26234;3cad1bbb51ff9f37a57699bc0306087b11266337;12;abduqodiri.qurbonzoda@jetbrains.com;abduqodiri.qurbonzoda@jetbrains.com
_UArrays.kt;MODIFY;4087;224.0;Grew;True;2020-02-13 01:01:47+00:00;False;534;225;27990;ed7b8e9b857395d47bff685bb0c57c01ec393c62;16;abduqodiri.qurbonzoda@jetbrains.com;abduqodiri.qurbonzoda@jetbrains.com
_UArrays.kt;MODIFY;4159;72.0;Grew;True;2020-03-12 15:01:23+00:00;False;534;225;28402;e632d58936077c92cbe18a9e877f77597b140326;16;abduqodiri.qurbonzoda@jetbrains.com;abduqodiri.qurbonzoda@jetbrains.com
_UArrays.kt;MODIFY;4223;64.0;Grew;True;2020-03-12 15:06:54+00:00;False;546;233;28918;b60633d79a0d9dfd2f43cd541b4ca220729cb482;6;abduqodiri.qurbonzoda@jetbrains.com;abduqodiri.qurbonzoda@jetbrains.com
_UArrays.kt;MODIFY;4323;100.0;Grew;True;2020-03-12 15:08:55+00:00;False;574;245;29582;b1fac4e72192f85c31e81c32582eeabe9382816f;13;abduqodiri.qurbonzoda@jetbrains.com;abduqodiri.qurbonzoda@jetbrains.com
_UArrays.kt;MODIFY;4331;8.0;Grew;True;2020-03-26 20:30:19+00:00;False;574;245;29598;e8dff3609b40bb550e4354c1f1222a21e71eb69a;2;ilya.gorbunov@jetbrains.com;ilya.gorbunov@jetbrains.com
_UArrays.kt;MODIFY;4331;0.0;Grew;True;2020-03-30 23:04:55+00:00;False;574;245;29598;dd2aa3de2847cf4bd65dd9e46329ff32820b1a70;7;ilya.gorbunov@jetbrains.com;ilya.gorbunov@jetbrains.com
_UArrays.kt;MODIFY;4355;24.0;Grew;True;2020-04-07 02:34:20+00:00;False;582;249;29782;508d0edd6d1356d02c7dc69fa37da788f280f784;5;abduqodiri.qurbonzoda@jetbrains.com;abduqodiri.qurbonzoda@jetbrains.com
_UArrays.kt;MODIFY;4415;60.0;Grew;True;2020-04-10 08:04:51+00:00;False;582;249;30126;15319eb88e48cc62e1be17ddf6fb9269abbd70d2;10;ilya.gorbunov@jetbrains.com;ilya.gorbunov@jetbrains.com
_UArrays.kt;MODIFY;4439;24.0;Grew;True;2020-04-11 00:47:47+00:00;False;586;253;30302;4a7b1b210ac313eaece813fdb9afcf435d549918;14;abduqodiri.qurbonzoda@jetbrains.com;abduqodiri.qurbonzoda@jetbrains.com
_UArrays.kt;MODIFY;4543;104.0;Grew;True;2020-04-15 20:28:07+00:00;False;602;269;31190;893021f22b6bdd409f917c724efb536500fcb43f;13;ilya.gorbunov@jetbrains.com;ilya.gorbunov@jetbrains.com
_UArrays.kt;MODIFY;4543;0.0;Equal;True;2020-04-19 04:58:49+00:00;False;602;269;31226;0d5ec27ac4d7b7a2713353ef1008474d7e2696d8;6;abduqodiri.qurbonzoda@jetbrains.com;abduqodiri.qurbonzoda@jetbrains.com
_UArrays.kt;MODIFY;4543;0.0;Grew;True;2020-04-20 00:37:12+00:00;False;602;269;31226;4d7597fa5aadb0093b7b90fa76823271a9336cdc;6;abduqodiri.qurbonzoda@jetbrains.com;abduqodiri.qurbonzoda@jetbrains.com
_UArrays.kt;MODIFY;4615;72.0;Grew;True;2020-04-20 19:06:28+00:00;False;602;269;31738;d6472aa700b7c9ed52e4f7f5fe055b22b6754f93;12;abduqodiri.qurbonzoda@jetbrains.com;abduqodiri.qurbonzoda@jetbrains.com
_UArrays.kt;MODIFY;4615;0.0;Grew;True;2020-05-09 20:34:03+00:00;False;602;269;31738;0c7b04a4956933253ca275089d4c63369d01754c;9;abduqodiri.qurbonzoda@jetbrains.com;abduqodiri.qurbonzoda@jetbrains.com
_UArrays.kt;MODIFY;4615;0.0;Grew;True;2020-05-18 17:37:11+00:00;False;602;269;31738;25f83e941c485d49ba679bd43fb7b70438bd39bd;2;ilya.gorbunov@jetbrains.com;ilya.gorbunov@jetbrains.com
_UArrays.kt;MODIFY;4875;260.0;Grew;True;2020-06-02 16:01:43+00:00;False;642;289;33338;6a24becd1d7ade3156363667f701128666b4d3f3;13;ilya.gorbunov@jetbrains.com;ilya.gorbunov@jetbrains.com
_UArrays.kt;MODIFY;5835;960.0;Decreased;True;2020-06-02 16:01:44+00:00;False;866;353;39930;b4ba00ca366324f19bda581dd4605d785b4c69cb;10;ilya.gorbunov@jetbrains.com;ilya.gorbunov@jetbrains.com
_UArrays.kt;MODIFY;6091;256.0;Grew;True;2020-06-02 16:01:44+00:00;False;1026;353;41562;7b68de38e1f23efc6d5bd7c14b00030532c48398;9;ilya.gorbunov@jetbrains.com;ilya.gorbunov@jetbrains.com
_UArrays.kt;MODIFY;5855;-236.0;Grew;True;2020-06-04 09:16:28+00:00;False;866;353;40030;de25359a90544c310b7d96d29aa492fb7183d22c;10;dmitry.petrov@jetbrains.com;dmitry.petrov@jetbrains.com
_UArrays.kt;MODIFY;5847;-8.0;Decreased;True;2020-06-07 07:05:36+00:00;False;866;353;40014;094dbf4c2dabe04e0116c7eb2cbcfe4c7aa056d3;3;abduqodiri.qurbonzoda@jetbrains.com;abduqodiri.qurbonzoda@jetbrains.com
_UArrays.kt;MODIFY;5847;0.0;Equal;True;2020-06-07 07:05:38+00:00;False;866;353;40134;4e820edd1fa2fb479b3e62d1e953786fa9e69423;9;abduqodiri.qurbonzoda@jetbrains.com;abduqodiri.qurbonzoda@jetbrains.com
_UArrays.kt;MODIFY;5847;0.0;Equal;True;2020-06-07 07:05:40+00:00;False;866;353;40182;820353ee0e33e70892c0afe4b305ddf0e8d4a655;7;abduqodiri.qurbonzoda@jetbrains.com;abduqodiri.qurbonzoda@jetbrains.com
_UArrays.kt;MODIFY;5895;48.0;Grew;True;2020-06-19 01:53:49+00:00;False;866;353;40438;846a7823ad5f164ae423468d96abac76a3469cc8;14;abduqodiri.qurbonzoda@jetbrains.com;abduqodiri.qurbonzoda@jetbrains.com
_UArrays.kt;MODIFY;5951;56.0;Grew;True;2020-06-19 01:53:51+00:00;False;874;361;40878;194791a1689e1da9af3693bd981e47aa398b22f7;23;abduqodiri.qurbonzoda@jetbrains.com;abduqodiri.qurbonzoda@jetbrains.com
_UArrays.kt;MODIFY;5999;48.0;Grew;True;2020-06-19 01:53:53+00:00;False;874;361;41198;16b62b8e651e72f92005b507cc793926a846ffcd;11;abduqodiri.qurbonzoda@jetbrains.com;abduqodiri.qurbonzoda@jetbrains.com
_UArrays.kt;MODIFY;6083;84.0;Grew;True;2020-06-19 14:55:15+00:00;False;886;369;41866;130987fa1e24f3065f6d591821c56329ef5cb510;20;ilya.gorbunov@jetbrains.com;ilya.gorbunov@jetbrains.com
_UArrays.kt;MODIFY;6083;0.0;Equal;True;2020-06-26 04:16:01+00:00;False;886;369;41866;a04f70fb36ee831bb0bda89780c28d01f1108045;8;abduqodiri.qurbonzoda@jetbrains.com;abduqodiri.qurbonzoda@jetbrains.com
_UArrays.kt;MODIFY;6095;12.0;Grew;True;2020-07-15 17:36:57+00:00;False;886;369;41938;d2c9fc41f1d022e6c07b10aa2d0f002dfa24a155;15;abduqodiri.qurbonzoda@jetbrains.com;abduqodiri.qurbonzoda@jetbrains.com
_UArrays.kt;MODIFY;6119;24.0;Grew;True;2020-07-16 19:58:25+00:00;False;886;369;42106;87cb6372a03e8b99310cb3b2dea7f64d9ff423f4;13;ilya.gorbunov@jetbrains.com;ilya.gorbunov@jetbrains.com
_UArrays.kt;MODIFY;6119;0.0;Grew;True;2020-08-06 20:41:12+00:00;False;886;369;42106;1009a240f2b7d4a0b150457c899230f8fa1d6311;10;abduqodiri.qurbonzoda@jetbrains.com;qdattrieu@gmail.com
_UArrays.kt;MODIFY;6119;0.0;Grew;True;2020-08-10 00:39:49+00:00;False;886;369;42106;41d56156086b7fd59f1b2523a1eadd77c92ba069;10;abduqodiri.qurbonzoda@jetbrains.com;elijah@elijahverdoorn.com
_UArrays.kt;MODIFY;6119;0.0;Grew;True;2020-11-10 22:37:24+00:00;False;886;369;42106;ebdd023633919cd9301507d9a7165741a1ddecde;8;abduqodiri.qurbonzoda@jetbrains.com;dezcont@gmail.com
_UArrays.kt;MODIFY;6119;0.0;Equal;True;2020-11-12 02:29:39+00:00;False;886;369;42106;47676968409e11a70125ec2da52c7451250fb070;13;ilya.gorbunov@jetbrains.com;ilya.gorbunov@jetbrains.com
_UArrays.kt;MODIFY;6119;0.0;Equal;True;2021-01-03 21:31:06+00:00;False;886;369;42106;acd29481bd9ca68739c73140f0bdbd9b9cdb22b4;53;alexander.udalov@jetbrains.com;alexander.udalov@jetbrains.com
_UArrays.kt;MODIFY;6127;8.0;Grew;True;2021-03-31 16:05:04+00:00;False;886;369;42182;94240f7b216b9ce5a89daa98bbd10aca89b3f7c2;63;ilya.gorbunov@jetbrains.com;ilya.gorbunov@jetbrains.com
_UArrays.kt;MODIFY;6063;-64.0;Decreased;True;2021-04-06 21:23:26+00:00;False;878;361;41670;abcc572b97cdfe6a8118d915a26733add89328c0;13;abduqodiri.qurbonzoda@jetbrains.com;abduqodiri.qurbonzoda@jetbrains.com
_UArrays.kt;MODIFY;6063;0.0;Equal;True;2021-04-07 04:49:23+00:00;False;878;361;41766;b0f1ddc91efffa93ac2dd18feaa1b92d013d0f1a;93;abduqodiri.qurbonzoda@jetbrains.com;abduqodiri.qurbonzoda@jetbrains.com
_UArrays.kt;MODIFY;6079;16.0;Grew;True;2021-04-08 00:48:01+00:00;False;878;361;41902;33b44585c43ee6746a33addfd14aa59c4bead6cb;16;abduqodiri.qurbonzoda@jetbrains.com;abduqodiri.qurbonzoda@jetbrains.com
_UArrays.kt;MODIFY;6079;0.0;Equal;True;2021-09-16 16:38:35+00:00;False;878;361;41998;7e1cd757fb0803963b19a20ebfd610a65736a305;14;abduqodiri.qurbonzoda@jetbrains.com;abduqodiri.qurbonzoda@jetbrains.com
_UArrays.kt;MODIFY;6079;0.0;Equal;True;2022-01-17 12:38:27+00:00;False;878;361;41998;906a351a815199acfb305e077e67cf7d99026bbe;39;ilya.gorbunov@jetbrains.com;ilya.gorbunov@jetbrains.com
_UArrays.kt;MODIFY;6079;0.0;Grew;True;2022-04-04 22:27:49+00:00;False;878;361;41998;42c9a27b8a74a6422c53b04bc7b2b42918f78cbc;16;;abduqodiri.qurbonzoda@jetbrains.com
_UArrays.kt;MODIFY;6279;200.0;Grew;True;2022-04-04 22:33:24+00:00;False;910;361;43046;60fbb0d1712a0f08bd1b4851967dd597ba9ca489;20;;ilya.gorbunov@jetbrains.com
_UArrays.kt;MODIFY;6279;0.0;Grew;True;2022-11-25 14:09:09+00:00;False;910;361;43046;0d0cc9250bbe4348f85141d0678f9e04c5e6c201;7;noreply@jetbrains.team;ilya.gorbunov@jetbrains.com
_UArrays.kt;MODIFY;6279;0.0;Equal;True;2023-03-27 10:46:11+00:00;False;910;361;43046;90ec84d7b7a04e2bcbcee6c3b3af7d5ce34d9aa9;40;noreply@jetbrains.team;dmitriy.novozhilov@jetbrains.com
_UArrays.kt;MODIFY;6195;-84.0;Decreased;True;2023-04-26 10:31:03+00:00;False;910;361;42594;448e9fc5e740f46dd27db6b4a0ff0a0ffcb84cd7;21;noreply@jetbrains.team;ilya.gorbunov@jetbrains.com
_UArrays.kt;MODIFY;6171;-24.0;Decreased;True;2023-11-10 12:20:52+00:00;False;910;361;42426;9ccce52915ca94b4455cb6b658193a74da6c8a07;33;noreply@jetbrains.team;ilya.gorbunov@jetbrains.com
_UArrays.kt;MODIFY;6196;25.0;Grew;True;2024-03-11 18:12:27+00:00;False;910;361;42520;fc13ae7b4d67386890285413e9ee22b6f7957a64;21;noreply@jetbrains.team;ilya.gorbunov@jetbrains.com
_UArrays.kt;MODIFY;6171;-25.0;Equal;True;2024-03-11 18:12:27+00:00;False;910;361;42426;dee9fdc02d8718000baa4688c5ef8b38343ae4a2;35;noreply@jetbrains.team;ilya.gorbunov@jetbrains.com
_UArrays.kt;MODIFY;6196;25.0;Equal;True;2024-03-11 18:12:27+00:00;False;910;361;42472;ed8c71442b1a5aa86d1f96f366ecccd9abd9b7d3;5;noreply@jetbrains.team;ilya.gorbunov@jetbrains.com
_UArrays.kt;MODIFY;6196;0.0;Grew;True;2024-04-03 12:23:22+00:00;False;910;361;42472;658323f2d1ad773d3c43be9ea85c77affdff2b5d;14;noreply@jetbrains.team;abduqodiri.qurbonzoda@jetbrains.com
_UArrays.kt;MODIFY;6196;0.0;Equal;True;2024-07-31 07:53:31+00:00;False;910;361;42504;2d180aea5f67b8ba9eb2f61fe5eb2da8326c6c26;5;noreply@jetbrains.team;nikita.bobko@jetbrains.com
_UArrays.kt;MODIFY;6196;0.0;Grew;True;2024-12-05 21:53:29+00:00;False;910;361;42504;9cb1738d0796178605b2b0233abb4c3e031f6f75;8;noreply@jetbrains.team;abduqodiri.qurbonzoda@jetbrains.com
