file_name;change_type;n_loc;lines_balance;size_change;is_large;date;swapped_classification;complexity;methods;tokens;hash;files_on_commit;committer_email;author_email
AdapterGenerator.kt;ADD;445;0.0;Grew;False;2020-09-10 08:31:24+00:00;False;40;16;2794;ef58e0cd717b5ba3f8d9d8c48613df4cb4d70cbf;2;glukhikh@mail.ru;jsjeon@google.com
AdapterGenerator.kt;MODIFY;463;18.0;Grew;False;2020-09-24 11:05:52+00:00;False;37;14;2928;b10466f6a224e5e7842768f850f6b04a4eabde4f;3;denis.zharkov@jetbrains.com;jsjeon@google.com
AdapterGenerator.kt;MODIFY;435;-28.0;Decreased;False;2020-09-24 11:05:52+00:00;False;41;15;2649;5b136516c4c0f27c4bd6308804e4a2eba0350611;5;denis.zharkov@jetbrains.com;jsjeon@google.com
AdapterGenerator.kt;MODIFY;436;1.0;Grew;False;2020-10-06 19:47:29+00:00;False;41;15;2653;1f2ca606a55179f0e9a443856a1a09c3dc6c3667;26;udalov@users.noreply.github.com;ager@google.com
AdapterGenerator.kt;MODIFY;436;0.0;Equal;False;2020-10-16 12:24:57+00:00;False;41;15;2657;739ebf772c3a0a24015a50e04b07a733549d9837;15;dmitriy.novozhilov@jetbrains.com;dmitriy.novozhilov@jetbrains.com
AdapterGenerator.kt;MODIFY;432;-4.0;Grew;False;2020-10-21 13:21:01+00:00;False;43;18;2601;95fb597da07a60e42063f0588dd54a0b6f8d81ab;4;max.kammerer@yahoo.com;pyos@google.com
AdapterGenerator.kt;MODIFY;429;-3.0;Decreased;False;2020-10-21 13:21:01+00:00;False;40;15;2604;ccf921510d71e8476d0b631eb09dcf7b6a5d320c;8;max.kammerer@yahoo.com;pyos@google.com
AdapterGenerator.kt;MODIFY;433;4.0;Grew;False;2020-10-28 12:44:42+00:00;False;43;18;2613;f1fd3d6b5dd520a1ac46318418ca3cb5aae5d0e2;5;teamcityserver@buildserver-ro-srv.Labs.IntelliJ.Net;jsjeon@google.com
AdapterGenerator.kt;MODIFY;434;1.0;Grew;False;2020-12-04 16:04:45+00:00;False;43;18;2617;5d9e86863a33c9c6969fb2747b4edbc00d8697bc;21;udalov@users.noreply.github.com;ager@google.com
AdapterGenerator.kt;MODIFY;431;-3.0;Decreased;False;2020-12-09 16:53:25+00:00;False;42;18;2599;2dfba10d8401824a5622fc7758027965c152aa5e;4;TeamCityServer@buildserver-ro-srv.Labs.IntelliJ.Net;jsjeon@google.com
AdapterGenerator.kt;MODIFY;415;-16.0;Decreased;False;2020-12-23 15:50:52+00:00;False;41;17;2525;b07dccb8d78e05ec2e456ef73ef8b394041e68ba;15;georgy.bronnikov@jetbrains.com;georgy.bronnikov@jetbrains.com
AdapterGenerator.kt;MODIFY;415;0.0;Equal;False;2021-01-11 13:23:00+00:00;False;42;17;2505;093f62caac71f59a4563ad34dff2a26042ecf3bb;2;glukhikh@mail.ru;jsjeon@google.com
AdapterGenerator.kt;MODIFY;407;-8.0;Decreased;False;2021-02-15 14:08:08+00:00;False;38;17;2498;8bab20832278f5143e0c4806c11b2156a404b4d0;23;mikhail.glukhikh@jetbrains.com;mikhail.glukhikh@jetbrains.com
AdapterGenerator.kt;MODIFY;408;1.0;Grew;False;2021-02-15 14:08:13+00:00;False;38;17;2507;fa0f967c8338acc157aa8cc20b8332077287e029;8;mikhail.glukhikh@jetbrains.com;mikhail.glukhikh@jetbrains.com
AdapterGenerator.kt;MODIFY;408;0.0;Equal;False;2021-03-29 08:14:52+00:00;False;39;17;2520;38ab37d7eb2270ed4a06b465ca150bb978affe58;4;dmitriy.novozhilov@jetbrains.com;dmitriy.novozhilov@jetbrains.com
AdapterGenerator.kt;MODIFY;413;5.0;Equal;False;2021-06-29 18:03:28+00:00;False;39;17;2580;1324e9223f63bb1b714e31f8db755ba85abc7b6c;142;dmitriy.novozhilov@jetbrains.com;dmitriy.novozhilov@jetbrains.com
AdapterGenerator.kt;MODIFY;413;0.0;Grew;False;2021-06-29 18:03:28+00:00;False;39;17;2586;b3e5c6e0796dbeae6e8bcaa79eb9db583f041234;254;dmitriy.novozhilov@jetbrains.com;dmitriy.novozhilov@jetbrains.com
AdapterGenerator.kt;MODIFY;414;1.0;Grew;False;2021-06-29 18:03:29+00:00;False;39;17;2594;725be466f00865b74b4fd4c14ba88d56ce33d9d4;171;dmitriy.novozhilov@jetbrains.com;dmitriy.novozhilov@jetbrains.com
AdapterGenerator.kt;MODIFY;416;2.0;Equal;False;2021-06-29 18:03:30+00:00;False;39;17;2612;5816d7ae9f8c737640a48edb075f69b01cb9e430;58;dmitriy.novozhilov@jetbrains.com;dmitriy.novozhilov@jetbrains.com
AdapterGenerator.kt;MODIFY;416;0.0;Grew;False;2021-06-29 18:03:30+00:00;False;39;17;2612;f400477c7037cb7d80e51f3c69b1f92fa72235d8;360;dmitriy.novozhilov@jetbrains.com;dmitriy.novozhilov@jetbrains.com
AdapterGenerator.kt;MODIFY;413;-3.0;Decreased;False;2021-10-18 08:10:47+00:00;False;39;17;2574;bee44c6e0f97379ad2117a6b9b6b5fd0a0e93dfc;219;dmitriy.novozhilov@jetbrains.com;dmitriy.novozhilov@jetbrains.com
AdapterGenerator.kt;MODIFY;488;75.0;Grew;False;2021-12-08 11:12:36+00:00;False;38;16;2868;11daed8b01a657d639b642a9cefb7767f932cee0;7;TeamCityServer@buildserver-ro-srv.Labs.IntelliJ.Net;dmitry.petrov@jetbrains.com
AdapterGenerator.kt;MODIFY;488;0.0;Equal;False;2021-12-08 11:12:37+00:00;False;38;16;2868;58f1504aaf72f77a2b4662b442b2076b7ee2e0ef;12;TeamCityServer@buildserver-ro-srv.Labs.IntelliJ.Net;dmitry.petrov@jetbrains.com
AdapterGenerator.kt;MODIFY;494;6.0;Grew;True;2021-12-08 11:12:37+00:00;True;38;16;2888;50b0dae7867eff06b51b730297d32298e950d5ea;14;TeamCityServer@buildserver-ro-srv.Labs.IntelliJ.Net;dmitry.petrov@jetbrains.com
AdapterGenerator.kt;MODIFY;498;4.0;Grew;True;2021-12-08 11:12:41+00:00;False;44;19;2929;0ccd7a7e0cb84099db0bd3b9b4f3aba1faba1a53;15;TeamCityServer@buildserver-ro-srv.Labs.IntelliJ.Net;dmitry.petrov@jetbrains.com
AdapterGenerator.kt;MODIFY;584;86.0;Grew;True;2021-12-09 10:26:34+00:00;False;59;23;3568;e574d3be27ba973095789a68fce9c08262b4e27a;2;TeamCityServer@buildserver-ro-srv.Labs.IntelliJ.Net;mikhail.glukhikh@jetbrains.com
AdapterGenerator.kt;MODIFY;586;2.0;Grew;True;2021-12-09 10:26:36+00:00;False;60;24;3570;9b42fab9de1b2f8a6e152f5c4aeebd4b30d4d138;9;TeamCityServer@buildserver-ro-srv.Labs.IntelliJ.Net;mikhail.glukhikh@jetbrains.com
AdapterGenerator.kt;MODIFY;600;14.0;Grew;True;2021-12-09 10:26:38+00:00;False;67;27;3620;e1ca5fe3440dec17d8396bbcdc287236dfb19f7f;4;TeamCityServer@buildserver-ro-srv.Labs.IntelliJ.Net;mikhail.glukhikh@jetbrains.com
AdapterGenerator.kt;MODIFY;625;25.0;Grew;True;2021-12-21 16:10:41+00:00;False;70;27;3749;58dfe3d804adefde1144461644d2ce45065cb44d;3;teamcity@buildserver-linux-node.spc.labs.intellij.net;ivan.kochurkin@jetbrains.com
AdapterGenerator.kt;MODIFY;624;-1.0;Decreased;True;2022-01-19 16:50:35+00:00;False;70;27;3738;886545262b389e5b209a6e61989eefbf4f804541;9;alexander.udalov@jetbrains.com;alexander.udalov@jetbrains.com
AdapterGenerator.kt;MODIFY;624;0.0;Equal;True;2022-03-30 06:27:59+00:00;False;70;27;3738;7ba4d9e1f06632ab2469ce5de8868e9a3fa22d98;108;;pavel.kunyavskiy@jetbrains.com
AdapterGenerator.kt;MODIFY;624;0.0;Equal;True;2022-05-24 12:29:28+00:00;False;69;26;3741;6f17a8713c9fb37643c8dc6e5639823aa938de56;14;;mikhail.glukhikh@jetbrains.com
AdapterGenerator.kt;MODIFY;625;1.0;Grew;True;2022-06-24 08:33:22+00:00;False;69;26;3757;d8dad02f0872cd9044694042e99e24c03e264ae5;7;;denis.zharkov@jetbrains.com
AdapterGenerator.kt;MODIFY;624;-1.0;Decreased;True;2022-07-12 12:22:33+00:00;False;68;25;3757;c36e160f248f872651387767bb7040d99e1b8f61;1;;Mikhail.Glukhikh@jetbrains.com
AdapterGenerator.kt;MODIFY;624;0.0;Equal;True;2022-12-07 22:09:19+00:00;False;69;26;3754;32537890933a11d8f19bba773bb5347ead67525b;7;noreply@jetbrains.team;pyos@google.com
AdapterGenerator.kt;MODIFY;624;0.0;Equal;True;2022-12-07 22:09:20+00:00;False;69;26;3754;12323462026535f41db461e37164da280b4f1742;5;noreply@jetbrains.team;pyos@google.com
AdapterGenerator.kt;MODIFY;624;0.0;Equal;True;2023-01-17 13:07:21+00:00;False;69;26;3754;e4d209cbdecab84ed6f846cf452a326fe7fae77d;20;noreply@jetbrains.team;vladimir.sukharev@jetbrains.com
AdapterGenerator.kt;MODIFY;624;0.0;Equal;True;2023-01-25 12:31:34+00:00;False;69;26;3748;f0a1d3e3b1e2e76c61cbc7af65f0e527bd1e8d45;2;noreply@jetbrains.team;Mikhail.Glukhikh@jetbrains.com
AdapterGenerator.kt;MODIFY;627;3.0;Grew;True;2023-01-31 08:39:42+00:00;False;69;26;3748;ace47c06a5b2939b79d3d5ea12d20fd1a5f4f409;128;noreply@jetbrains.team;kirill.rakhman@jetbrains.com
AdapterGenerator.kt;MODIFY;627;0.0;Equal;True;2023-02-02 08:24:49+00:00;False;69;26;3748;c86495dcaeb77222f85dbad183ec856a0b9b0a02;40;noreply@jetbrains.team;dmitriy.novozhilov@jetbrains.com
AdapterGenerator.kt;MODIFY;627;0.0;Equal;True;2023-02-02 08:24:52+00:00;False;69;26;3748;89c42e20c969c85b30f3f9e0d055729eab80d65b;102;noreply@jetbrains.team;dmitriy.novozhilov@jetbrains.com
AdapterGenerator.kt;MODIFY;625;-2.0;Decreased;True;2023-02-15 08:13:45+00:00;False;69;26;3728;a38040680c584715092ced10dba8639607e7ec85;17;noreply@jetbrains.team;denis.zharkov@jetbrains.com
AdapterGenerator.kt;MODIFY;669;44.0;Grew;True;2023-02-20 14:54:09+00:00;False;76;29;4056;05ca0013109de845a846e94afdd1b374fbfea05e;22;noreply@jetbrains.team;denis.zharkov@jetbrains.com
AdapterGenerator.kt;MODIFY;683;14.0;Grew;True;2023-02-20 14:54:09+00:00;False;79;30;4137;99448b77f3aee6930ae91c2daf170ab450ae556b;4;noreply@jetbrains.team;denis.zharkov@jetbrains.com
AdapterGenerator.kt;MODIFY;687;4.0;Grew;True;2023-03-08 08:36:52+00:00;False;81;30;4147;c4255cdb0ffd73c2ea144e3875632322d7a8026a;14;noreply@jetbrains.team;kirill.rakhman@jetbrains.com
AdapterGenerator.kt;MODIFY;686;-1.0;Decreased;True;2023-03-10 17:49:35+00:00;False;81;30;4135;d96112b944ebd935b48900a6ad56ad76179233ea;9;noreply@jetbrains.team;alexander.udalov@jetbrains.com
AdapterGenerator.kt;MODIFY;685;-1.0;Decreased;True;2023-03-30 09:37:57+00:00;False;81;30;4125;b9633375b4b4046b1b9569aaa43daa628b878fea;27;noreply@jetbrains.team;vladimir.sukharev@jetbrains.com
AdapterGenerator.kt;MODIFY;685;0.0;Equal;True;2023-04-19 13:10:19+00:00;False;81;30;4125;33c5068b7902f411105544e11036837d2ba278c3;134;noreply@jetbrains.team;artem.kobzar@jetbrains.com
AdapterGenerator.kt;MODIFY;683;-2.0;Decreased;True;2023-05-10 11:51:26+00:00;False;80;30;4119;6c211f3a39815a3e5410c29a13ebece1bc903f4f;9;noreply@jetbrains.team;sergej.jaskiewicz@jetbrains.com
AdapterGenerator.kt;MODIFY;683;0.0;Equal;True;2023-06-28 10:13:09+00:00;False;80;30;4158;7b77ec9930c1ad795677862fc41edf55446a3459;23;teamcity@ip-10-128-210-78.eu-west-1.compute.internal;sergej.jaskiewicz@jetbrains.com
AdapterGenerator.kt;MODIFY;683;0.0;Equal;True;2023-06-30 12:41:02+00:00;False;80;30;4172;9fcdc1001953d9d26b29aa91d3cd186f73540c9a;23;noreply@jetbrains.team;sergej.jaskiewicz@jetbrains.com
AdapterGenerator.kt;MODIFY;683;0.0;Decreased;True;2023-07-11 08:28:04+00:00;False;80;30;4172;6f8e2b4718352d7d0a1268ed87d3a7a4cd6802ca;6;noreply@jetbrains.team;Mikhail.Glukhikh@jetbrains.com
AdapterGenerator.kt;MODIFY;683;0.0;Equal;True;2023-07-11 08:28:04+00:00;False;80;30;4172;0e6a7bbe82d371ce64810d851b512b478a2da2b8;12;noreply@jetbrains.team;Mikhail.Glukhikh@jetbrains.com
AdapterGenerator.kt;MODIFY;686;3.0;Grew;True;2023-07-26 19:08:11+00:00;False;79;30;4163;ff174dbad95c722ca77ae3d3ae9216277bde510d;36;noreply@jetbrains.team;vladimir.sukharev@jetbrains.com
AdapterGenerator.kt;MODIFY;686;0.0;Equal;True;2023-07-31 17:38:46+00:00;False;79;30;4165;dac8688a29b1d31dd75f87ac5cdd6ad2674fa4b4;16;noreply@jetbrains.team;ivan.kochurkin@jetbrains.com
AdapterGenerator.kt;MODIFY;694;8.0;Grew;True;2023-08-22 15:13:17+00:00;False;79;30;4208;289dafa331dfc028926583f393277d31f88dd639;10;noreply@jetbrains.team;mikhail.glukhikh@jetbrains.com
AdapterGenerator.kt;MODIFY;697;3.0;Grew;True;2023-08-22 18:36:20+00:00;False;79;30;4234;f95ed2b588823e8089249f9a06f3178ee82189c9;22;noreply@jetbrains.team;dmitriy.novozhilov@jetbrains.com
AdapterGenerator.kt;MODIFY;697;0.0;Equal;True;2023-08-24 07:54:56+00:00;False;79;30;4228;9ec814b7adbada1726cadbd065e72dc014eda73c;108;noreply@jetbrains.team;kirill.rakhman@jetbrains.com
AdapterGenerator.kt;MODIFY;697;0.0;Equal;True;2023-08-24 07:54:57+00:00;False;79;30;4227;8d7c5b375e27579880ff36fcc8e8e3e1894e32e3;76;noreply@jetbrains.team;kirill.rakhman@jetbrains.com
AdapterGenerator.kt;MODIFY;697;0.0;Equal;True;2023-08-24 07:54:57+00:00;False;79;30;4227;7fde5af7f8a460011b25ada9a663e76393de6c30;91;noreply@jetbrains.team;kirill.rakhman@jetbrains.com
AdapterGenerator.kt;MODIFY;700;3.0;Grew;True;2023-08-25 14:23:41+00:00;False;84;32;4236;d847d00d6f0f63ea307d0472e76cc222d366015a;11;noreply@jetbrains.team;dmitriy.novozhilov@jetbrains.com
AdapterGenerator.kt;MODIFY;715;15.0;Grew;True;2023-08-25 14:23:41+00:00;False;88;34;4328;fa3e9c615ba8677e469812f37a23fe8cb3bcedb4;4;noreply@jetbrains.team;dmitriy.novozhilov@jetbrains.com
AdapterGenerator.kt;MODIFY;698;-17.0;Decreased;True;2023-08-25 14:23:41+00:00;False;84;33;4222;5355f0f7055e845108c26e3fd2d526459222d826;6;noreply@jetbrains.team;dmitriy.novozhilov@jetbrains.com
AdapterGenerator.kt;MODIFY;713;15.0;Decreased;True;2023-09-06 09:25:22+00:00;False;88;34;4297;f203681ffa2673fff72110f091992686095321c5;75;noreply@jetbrains.team;dmitriy.novozhilov@jetbrains.com
AdapterGenerator.kt;MODIFY;713;0.0;Equal;True;2023-09-14 10:03:02+00:00;False;87;34;4291;b1565d547c8d5b1fc6a5bd6e206083b735aef2e5;3;noreply@jetbrains.team;kirill.rakhman@jetbrains.com
AdapterGenerator.kt;MODIFY;637;-76.0;Decreased;True;2023-11-30 08:39:04+00:00;False;74;30;3810;dd1d36816ba4439af275d81a48c7ef1b6aed0711;68;noreply@jetbrains.team;kirill.rakhman@jetbrains.com
AdapterGenerator.kt;MODIFY;641;4.0;Grew;True;2023-11-30 08:39:05+00:00;False;74;30;3826;b857c28ab32e56e05e28ec25d520088a2b3ea359;10;noreply@jetbrains.team;kirill.rakhman@jetbrains.com
AdapterGenerator.kt;MODIFY;651;10.0;Grew;True;2023-12-06 09:02:04+00:00;False;74;30;3909;2391f00b75a7805544be254a038c3fbab07f1318;11;noreply@jetbrains.team;kirill.rakhman@jetbrains.com
AdapterGenerator.kt;MODIFY;650;-1.0;Decreased;True;2023-12-15 16:25:46+00:00;False;74;30;3909;eb0f4167b34afb86fd928fa0d580c11fe6de3e47;1;noreply@jetbrains.team;kirill.rakhman@jetbrains.com
AdapterGenerator.kt;MODIFY;650;0.0;Equal;True;2024-01-12 19:41:42+00:00;False;74;30;3916;a8914acb6836c783d7dd7d3a09ba212884544042;30;noreply@jetbrains.team;sergej.jaskiewicz@jetbrains.com
AdapterGenerator.kt;MODIFY;656;6.0;Grew;True;2024-02-20 12:52:08+00:00;False;76;30;3972;b054a4481d26b69b605ae637c914047fd79bf2a0;7;noreply@jetbrains.team;kirill.rakhman@jetbrains.com
AdapterGenerator.kt;MODIFY;654;-2.0;Decreased;True;2024-02-20 12:52:08+00:00;False;76;30;3952;634f0c2ae70731431780e17e1e15d45ce60c5719;25;noreply@jetbrains.team;kirill.rakhman@jetbrains.com
AdapterGenerator.kt;MODIFY;655;1.0;Grew;True;2024-02-26 08:56:24+00:00;False;76;30;3969;9857bdc891c0b792cd685ebbe6e3cedf8517fded;22;noreply@jetbrains.team;dmitriy.novozhilov@jetbrains.com
AdapterGenerator.kt;MODIFY;655;0.0;Equal;True;2024-03-07 12:41:05+00:00;False;76;30;3972;b875ae774e778c9042cffd89b1be1c265948b147;28;noreply@jetbrains.team;dmitriy.novozhilov@jetbrains.com
AdapterGenerator.kt;MODIFY;655;0.0;Decreased;True;2024-03-20 08:16:19+00:00;False;76;30;3981;ef94e77df63bb95664043917484c7ac7163c8696;11;noreply@jetbrains.team;pavel.kunyavskiy@jetbrains.com
AdapterGenerator.kt;MODIFY;655;0.0;Equal;True;2024-03-20 15:38:01+00:00;False;76;30;3981;e4b2f6fb762668d9afa448e80437a30ce77a23d1;14;noreply@jetbrains.space;pyos@google.com
AdapterGenerator.kt;MODIFY;653;-2.0;Decreased;True;2024-04-03 12:04:30+00:00;False;76;30;3961;3e2776737bcd577426f0994deffda27b557cbd9d;31;noreply@jetbrains.team;dmitriy.novozhilov@jetbrains.com
AdapterGenerator.kt;MODIFY;655;2.0;Grew;True;2024-04-19 05:54:11+00:00;False;77;30;4002;4686c3861cd8823b8662d690bf26bebaeca4ae59;2;noreply@jetbrains.team;dmitriy.novozhilov@jetbrains.com
AdapterGenerator.kt;MODIFY;658;3.0;Grew;True;2024-04-30 05:42:45+00:00;False;77;30;4044;f2b7b6e259d380f68281b46f00efe778e9656395;40;noreply@jetbrains.team;dmitriy.novozhilov@jetbrains.com
AdapterGenerator.kt;MODIFY;658;0.0;Equal;True;2024-05-22 08:53:53+00:00;False;77;30;4044;df121d907002ad4087262b367f46110eff09d672;20;noreply@jetbrains.team;dmitriy.novozhilov@jetbrains.com
AdapterGenerator.kt;MODIFY;652;-6.0;Decreased;True;2024-05-27 11:18:36+00:00;False;77;30;4008;6906d30a0624013aff2812c1e907ef15dd92823e;5;noreply@jetbrains.space;dmitriy.novozhilov@jetbrains.com
AdapterGenerator.kt;MODIFY;652;0.0;Equal;True;2024-06-21 17:15:58+00:00;False;77;30;4010;026a67265a7717fd3f78e2a1e8b13affd2267aea;10;noreply@jetbrains.team;dmitriy.novozhilov@jetbrains.com
AdapterGenerator.kt;MODIFY;652;0.0;Equal;True;2024-07-02 16:03:29+00:00;False;77;30;4010;03a13166af172115c55032ba72b1aa094b129d22;36;noreply@jetbrains.space;mikhail.glukhikh@jetbrains.com
AdapterGenerator.kt;MODIFY;653;1.0;Grew;True;2024-07-09 10:19:24+00:00;False;77;30;4022;511094e2f96bdf33521a0d4321981d2cf42d90b2;113;noreply@jetbrains.space;dmitriy.novozhilov@jetbrains.com
AdapterGenerator.kt;MODIFY;653;0.0;Equal;True;2024-07-16 10:13:43+00:00;False;77;30;4022;764f60d4c9961dd9d48d11bf26da687efb0ceef0;168;noreply@jetbrains.space;dmitriy.novozhilov@jetbrains.com
AdapterGenerator.kt;MODIFY;653;0.0;Equal;True;2024-07-23 20:53:16+00:00;False;77;30;4022;0fd7caf856face539a9baf82dcd7e1a4ebf8a265;32;noreply@jetbrains.team;mikhail.glukhikh@jetbrains.com
AdapterGenerator.kt;MODIFY;653;0.0;Equal;True;2024-07-23 20:53:17+00:00;False;77;30;4022;3fefe3677e00842d412db5f16e67418ac0758d91;19;noreply@jetbrains.team;mikhail.glukhikh@jetbrains.com
AdapterGenerator.kt;MODIFY;645;-8.0;Decreased;True;2024-08-16 09:06:54+00:00;False;77;30;3988;ecc75df445212207836ebc50ca67ad02af6d71c0;36;noreply@jetbrains.space;wojciech.litewka@jetbrains.com
AdapterGenerator.kt;MODIFY;646;1.0;Grew;True;2024-08-22 22:01:30+00:00;False;77;30;4002;4567e70907c16f7e0a36679db010d2452f5674d4;16;ivan.kochurkin@jetbrains.com;ivan.kochurkin@jetbrains.com
AdapterGenerator.kt;MODIFY;646;0.0;Equal;True;2024-09-05 16:09:40+00:00;False;77;30;4006;0524f0f0935135e15e6629b5fc7ad0c99e6c1387;20;nikolay.krasko@jetbrains.com;wojciech.litewka@jetbrains.com
AdapterGenerator.kt;MODIFY;646;0.0;Equal;True;2024-09-05 16:09:40+00:00;False;77;30;4006;324cad76f9f77cde977058e793ef257b93ad1ce5;19;nikolay.krasko@jetbrains.com;wojciech.litewka@jetbrains.com
AdapterGenerator.kt;MODIFY;644;-2.0;Decreased;True;2024-09-05 16:09:41+00:00;False;77;30;3984;f97bdcb65cc62dfed964c2720dd3a647d221148f;62;nikolay.krasko@jetbrains.com;wojciech.litewka@jetbrains.com
AdapterGenerator.kt;MODIFY;647;3.0;Grew;True;2024-09-09 16:07:08+00:00;False;77;30;3986;b71d68dde3080e6805c33e23709d855f4f6f777a;1;noreply@jetbrains.team;kirill.rakhman@jetbrains.com
AdapterGenerator.kt;MODIFY;646;-1.0;Decreased;True;2024-09-17 10:18:59+00:00;False;77;30;3966;147bc81df1b6085e8808c8856512c8feb36f42fe;23;noreply@jetbrains.space;wojciech.litewka@jetbrains.com
AdapterGenerator.kt;MODIFY;651;5.0;Grew;True;2024-09-23 15:15:51+00:00;False;77;30;3978;75ab80caec161e92a4d88abd1596cb4fdf7844bd;17;noreply@jetbrains.team;wojciech.litewka@jetbrains.com
AdapterGenerator.kt;MODIFY;651;0.0;Decreased;True;2024-10-07 10:49:01+00:00;False;77;30;3984;186c393e6a52ff7f05f544bd9491fae1067a1e50;20;noreply@jetbrains.team;kirill.rakhman@jetbrains.com
AdapterGenerator.kt;MODIFY;651;0.0;Equal;True;2024-11-07 15:32:00+00:00;False;77;30;3984;5b1507fad8407b10f30c0679a4455555e539f97e;60;noreply@jetbrains.space;wojciech.litewka@jetbrains.com
AdapterGenerator.kt;MODIFY;661;10.0;Grew;True;2024-11-27 09:20:15+00:00;False;80;31;4077;24e68a8fadb2f2e1cc12b3d8a6efa6eec4f639e7;2;noreply@jetbrains.team;dmitriy.novozhilov@jetbrains.com
AdapterGenerator.kt;MODIFY;664;3.0;Grew;True;2024-12-02 09:46:31+00:00;False;80;31;4082;7479841620a32e926489d590aa425d9b63762756;22;noreply@jetbrains.team;dmitriy.novozhilov@jetbrains.com
AdapterGenerator.kt;MODIFY;664;0.0;Equal;True;2024-12-09 17:56:17+00:00;False;80;31;4082;039605ee58223e4f89128e7d106ac4466064c39b;145;noreply@jetbrains.space;wojciech.litewka@jetbrains.com
