file_name;change_type;n_loc;lines_balance;size_change;is_large;date;swapped_classification;complexity;methods;tokens;hash;files_on_commit;committer_email;author_email
BaseIrGenerator.kt;RENAME;not calculated;0.0;Equal;False;2022-08-22 14:23:18+00:00;False;not calculated;0;not calculated;cc00dcc0384443147115f4321436b24bebd8eecb;150;dmitriy.novozhilov@jetbrains.com;dmitriy.novozhilov@jetbrains.com
BaseIrGenerator.kt;MODIFY;506.0;0.0;Grew;True;2022-09-07 07:57:38+00:00;True;44;13;3334;671083c7018f754468e89a58de7f469a852168b8;69;teamcity@ip-10-128-210-208.eu-west-1.compute.internal;dmitriy.novozhilov@jetbrains.com
BaseIrGenerator.kt;MODIFY;507.0;1.0;Grew;True;2022-09-28 12:40:20+00:00;False;44;13;3345;a20ce0610276a21acf8f54f8bafa34560019f8c8;4;;leonid.startsev@jetbrains.com
BaseIrGenerator.kt;MODIFY;511.0;4.0;Grew;True;2022-10-12 10:36:26+00:00;False;44;13;3348;596949a501d07f9f9e34472972a63e9c7a20fd65;6;noreply@jetbrains.team;leonid.startsev@jetbrains.com
BaseIrGenerator.kt;MODIFY;560.0;49.0;Grew;True;2022-11-23 19:53:44+00:00;False;49;15;3641;339b152390cd143c3e2f311f8f7d9af49de68cb5;11;noreply@jetbrains.team;sergey.shanshin@jetbrains.com
BaseIrGenerator.kt;MODIFY;560.0;0.0;Equal;True;2022-12-08 12:15:16+00:00;False;49;15;3635;1c4614e93b08273614441f1309dee3ea69d0b5c5;7;noreply@jetbrains.team;leonid.startsev@jetbrains.com
BaseIrGenerator.kt;MODIFY;560.0;0.0;Equal;True;2022-12-08 12:15:16+00:00;False;49;15;3639;c011f0c374a182968fb1f0dce07e85fc01d4e49c;5;noreply@jetbrains.team;leonid.startsev@jetbrains.com
BaseIrGenerator.kt;MODIFY;568.0;8.0;Grew;True;2022-12-18 19:22:16+00:00;False;38;15;3685;5e01669e232414e663e00631a795dc5f263b7d56;9;noreply@jetbrains.team;sergey.shanshin@jetbrains.com
BaseIrGenerator.kt;MODIFY;571.0;3.0;Grew;True;2023-01-18 15:47:26+00:00;False;38;15;3701;d063db3ce0631c84041c24024d04c134339dc38a;4;noreply@jetbrains.team;sergey.shanshin@jetbrains.com
BaseIrGenerator.kt;MODIFY;590.0;19.0;Grew;True;2023-02-28 18:11:36+00:00;False;38;15;3808;50a462fed144cdca8b56934d4971b567308b5e8a;22;noreply@jetbrains.team;artem.kobzar@jetbrains.com
BaseIrGenerator.kt;MODIFY;590.0;0.0;Equal;True;2023-04-04 11:04:18+00:00;False;38;15;3796;81ceb856bbc970f2dcba60c34633105a5474b410;3;noreply@jetbrains.team;igor.yakovlev@jetbrains.com
BaseIrGenerator.kt;MODIFY;590.0;0.0;Equal;True;2023-04-19 10:09:06+00:00;False;38;15;3797;fa8f38c2c8bacac4281da683afdaec93cdba408e;4;noreply@jetbrains.team;leonid.startsev@jetbrains.com
BaseIrGenerator.kt;MODIFY;590.0;0.0;Equal;True;2023-04-21 12:37:32+00:00;False;38;15;3796;d8d643b7d7f9037c3c7eaef62a9fc319fac00ca4;11;noreply@jetbrains.team;sergey.shanshin@jetbrains.com
BaseIrGenerator.kt;MODIFY;597.0;7.0;Grew;True;2023-05-09 09:59:11+00:00;False;38;15;3822;c9bde57e4413017c6e86a5c4c2c09169d3ff1cad;6;noreply@jetbrains.team;sergey.shanshin@jetbrains.com
BaseIrGenerator.kt;MODIFY;609.0;12.0;Grew;True;2023-06-01 12:01:04+00:00;False;42;16;3893;13e2a3ae94e7424462ef711aad2d364b98ace8ad;2;noreply@jetbrains.team;sergey.shanshin@jetbrains.com
BaseIrGenerator.kt;MODIFY;613.0;4.0;Grew;True;2023-06-09 15:32:28+00:00;False;43;17;3920;441b22c0fd2397a7612fb73724a00d80e8dbbea8;2;noreply@jetbrains.team;sergey.shanshin@jetbrains.com
BaseIrGenerator.kt;MODIFY;614.0;1.0;Grew;True;2023-10-13 14:27:36+00:00;False;44;17;3928;dcfc20f1ff6a11178bd72e6d1f5cb25a76c68aea;1;noreply@jetbrains.team;leonid.startsev@jetbrains.com
BaseIrGenerator.kt;MODIFY;651.0;37.0;Grew;True;2024-01-16 20:04:17+00:00;False;44;17;4177;96d7dc4fa6626f1cc3d7a68da669399cde48d87d;5;noreply@jetbrains.team;sergey.shanshin@jetbrains.com
BaseIrGenerator.kt;MODIFY;644.0;-7.0;Decreased;True;2024-03-11 11:49:10+00:00;False;56;17;4137;d5c2aa4c0ce8b95ce4b6c6d6eb17e415a6dc40e5;11;noreply@jetbrains.team;alexander.udalov@jetbrains.com
BaseIrGenerator.kt;MODIFY;645.0;1.0;Decreased;True;2024-03-11 11:49:10+00:00;False;56;17;4147;1d38c01afc4dc429553608884dcf9aa636c74b54;8;noreply@jetbrains.team;alexander.udalov@jetbrains.com
BaseIrGenerator.kt;MODIFY;650.0;5.0;Grew;True;2024-08-07 12:13:53+00:00;False;56;17;4169;2b5b82a2e13a0eb44918c5ae739045c1df2e2648;2;noreply@jetbrains.team;sergey.shanshin@jetbrains.com
BaseIrGenerator.kt;MODIFY;649.0;-1.0;Decreased;True;2024-09-05 16:09:40+00:00;False;56;17;4163;f4868106b52db27c00e9babfb5cd1c634a325011;23;nikolay.krasko@jetbrains.com;wojciech.litewka@jetbrains.com
BaseIrGenerator.kt;MODIFY;650.0;1.0;Grew;True;2024-10-22 08:03:51+00:00;False;56;17;4175;ba407741964d59925fcd0fdb6697653277c10975;55;noreply@jetbrains.space;francesco.protopapa@jetbrains.com
BaseIrGenerator.kt;MODIFY;651.0;1.0;Grew;True;2024-11-18 14:16:56+00:00;False;56;17;4189;b377651d422a52cf4e5dcbca06cce9cff4693d30;1;noreply@jetbrains.team;leonid.startsev@jetbrains.com
BaseIrGenerator.kt;MODIFY;647.0;-4.0;Decreased;True;2024-12-13 13:43:52+00:00;False;56;17;4193;ca69eedab0963650305c833a1c4f59bdfdcbd8a4;4;noreply@jetbrains.team;leonid.startsev@jetbrains.com
BaseIrGenerator.kt;MODIFY;647.0;0.0;Decreased;True;2024-12-16 18:35:49+00:00;False;56;17;4177;b35161e241df6a7b245b5a5d81232b0ea5a3129a;8;noreply@jetbrains.team;sergey.shanshin@jetbrains.com
