file_name;change_type;n_loc;lines_balance;size_change;is_large;date;swapped_classification;complexity;methods;tokens;hash;files_on_commit;committer_email;author_email
ClassStabilityTransformTests.kt;RENAME;not calculated;0.0;Equal;False;2023-10-10 17:58:10+00:00;False;not calculated;0;not calculated;4b9b020e7ca5c4774ee10acb9a776f8061578788;66;jsproch@google.com;jsproch@google.com
ClassStabilityTransformTests.kt;MODIFY;1584.0;0.0;Grew;True;2023-10-12 00:18:29+00:00;True;10;8;2682;71b4c984c3f08f19cdd08f4accee0836b01695bc;23;bentrengrove@google.com;ashikov@google.com
ClassStabilityTransformTests.kt;MODIFY;1782.0;198.0;Grew;True;2023-10-12 00:25:58+00:00;False;10;8;3217;2ffc7eae31ba0954be54b4c33914582baf7a4654;10;bentrengrove@google.com;bentrengrove@google.com
ClassStabilityTransformTests.kt;MODIFY;1782.0;0.0;Equal;True;2023-10-13 16:59:33+00:00;False;10;8;3217;92a22b2b85f3b49d84e6d2652ba6f0acf03428fe;22;jw@squareup.com;jw@squareup.com
ClassStabilityTransformTests.kt;MODIFY;1408.0;-374.0;Decreased;True;2023-10-16 21:41:31+00:00;False;10;8;2862;786e336e258c1b16f5d1fae549866136596b8316;701;bentrengrove@google.com;bentrengrove@google.com
ClassStabilityTransformTests.kt;MODIFY;1639.0;231.0;Grew;True;2023-10-24 14:14:53+00:00;False;11;9;2939;954338f80e906de22c4f90dd3a29601861d02930;73;ashikov@google.com;ashikov@google.com
ClassStabilityTransformTests.kt;MODIFY;1642.0;3.0;Grew;True;2023-11-02 16:46:53+00:00;False;11;9;2939;67834b96a900764037d62fb802ffc6b48e2ce7d1;5;ashikov@google.com;ashikov@google.com
ClassStabilityTransformTests.kt;MODIFY;1642.0;0.0;Equal;True;2024-01-19 19:08:14+00:00;False;11;9;2939;2aa22db6f2b408e2bb19b5ab1e72a674de481823;392;chuckj@google.com;chuckj@google.com
ClassStabilityTransformTests.kt;MODIFY;1685.0;43.0;Grew;True;2024-03-07 21:03:42+00:00;False;11;9;3096;0b1bfe1860dc095bfba79797a094b10aa885e687;3;bentrengrove@google.com;bentrengrove@google.com
ClassStabilityTransformTests.kt;MODIFY;1687.0;2.0;Grew;True;2024-03-22 16:14:32+00:00;False;11;9;3117;ad314a862664046708203bebf10bec47ebd98587;52;nikolay.krasko@jetbrains.com;jsproch@google.com
ClassStabilityTransformTests.kt;MODIFY;1701.0;14.0;Grew;True;2024-07-11 22:56:12+00:00;False;12;10;3178;691ff5ab18ead7259f6355fdbbb1f6d54f43d8f5;2;noreply@jetbrains.space;56160164+0xera@users.noreply.github.com
ClassStabilityTransformTests.kt;MODIFY;1710.0;9.0;Grew;True;2024-08-02 14:46:13+00:00;False;12;10;3261;fd1b4b3fcf3746ba8f2544ec90117b49bf160bda;22;noreply@jetbrains.space;ashikov@google.com
ClassStabilityTransformTests.kt;MODIFY;1710.0;0.0;Equal;True;2024-09-13 16:12:22+00:00;False;12;10;3266;8ef21dbb4c08840b8df229683ed3cee001f0e50d;98;noreply@jetbrains.space;ashikov@google.com
ClassStabilityTransformTests.kt;MODIFY;1719.0;9.0;Grew;True;2024-10-30 15:58:24+00:00;False;12;10;3283;a88e4e75cf76992aba461348177ad23c8d7990a6;2;noreply@jetbrains.space;ashikov@google.com
