file_name;change_type;n_loc;lines_balance;size_change;is_large;date;swapped_classification;complexity;methods;tokens;hash;files_on_commit;committer_email;author_email
CliTestGenerated.java;RENAME;1374;0.0;Equal;True;2024-08-20 07:37:10+00:00;True;not calculated;0;not calculated;3cdbb159b4ca93b48daa1c2f96572ac95635e697;67;noreply@jetbrains.team;dmitriy.novozhilov@jetbrains.com
CliTestGenerated.java;MODIFY;1374;0.0;Equal;True;2024-09-05 22:05:35+00:00;False;335;335;6139;1a4c36279abc35df4e8082cb66d4c6f374af064b;4;noreply@jetbrains.space;nikolay.lunyak@jetbrains.com
CliTestGenerated.java;MODIFY;1378;4.0;Grew;True;2024-09-05 22:05:36+00:00;False;336;336;6156;c43eaa52a6e43e169768696648f4ef1d24fe1546;7;noreply@jetbrains.space;nikolay.lunyak@jetbrains.com
CliTestGenerated.java;MODIFY;1382;4.0;Grew;True;2024-09-05 22:05:36+00:00;False;337;337;6173;579187242e8593b61014e6d31f87bcb7d51e2e8f;8;noreply@jetbrains.space;nikolay.lunyak@jetbrains.com
CliTestGenerated.java;MODIFY;1386;4.0;Grew;True;2024-09-11 13:25:52+00:00;False;338;338;6190;8e8d072ae319c6e367618975538177142c81096c;7;noreply@jetbrains.team;scaventz@outlook.com
CliTestGenerated.java;MODIFY;1390;4.0;Grew;True;2024-09-19 09:24:29+00:00;False;339;339;6207;2074396a5c7e795bd0cac21e9e082422146bfe61;6;noreply@jetbrains.team;kirill.rakhman@jetbrains.com
CliTestGenerated.java;MODIFY;1414;24.0;Grew;True;2024-09-23 08:41:55+00:00;False;345;345;6309;5592b457d13cccac3f82c8d296420961a2a1b915;27;noreply@jetbrains.team;alevtina.gamzikova@jetbrains.com
CliTestGenerated.java;MODIFY;1410;-4.0;Decreased;True;2024-09-24 11:38:59+00:00;False;344;344;6292;00083f8aaa67e5cf6c834337dbd8132839d9ab98;442;noreply@jetbrains.team;brian.norman@jetbrains.com
CliTestGenerated.java;MODIFY;1418;8.0;Grew;True;2024-10-17 11:49:55+00:00;False;346;346;6326;8ecbf30a8d237455d170a9ab564d347b98f8063f;7;noreply@jetbrains.team;kirill.rakhman@jetbrains.com
CliTestGenerated.java;MODIFY;1430;12.0;Grew;True;2024-11-27 20:16:59+00:00;False;349;349;6377;e40c6a4c49a663d3e3557583107e55370acae4d4;18;noreply@jetbrains.team;kirill.rakhman@jetbrains.com
CliTestGenerated.java;MODIFY;1458;28.0;Grew;True;2024-12-10 12:59:34+00:00;False;356;356;6496;aac8a868c67c953fd16c5af48e1be2b0451621b8;18;noreply@jetbrains.team;mikhail.glukhikh@jetbrains.com
CliTestGenerated.java;MODIFY;1454;-4.0;Decreased;True;2024-12-12 14:18:06+00:00;False;355;355;6479;20bcba9f16e0981fa03cf2ce9fa1eec4ec815b73;9;noreply@jetbrains.team;ivan.kylchik@jetbrains.com
CliTestGenerated.java;MODIFY;1623;169.0;Grew;True;2024-12-17 11:42:21+00:00;False;386;386;7726;250e4c93cfc30546cc0af0cab6b7e98bb0917de7;457;noreply@jetbrains.team;alevtina.gamzikova@jetbrains.com
CliTestGenerated.java;MODIFY;1703;80.0;Grew;True;2024-12-17 11:42:21+00:00;False;406;406;8066;0cb55776101bf419b2c47b97b64f932786dcc47e;48;noreply@jetbrains.team;alevtina.gamzikova@jetbrains.com
