file_name;change_type;n_loc;lines_balance;size_change;is_large;date;swapped_classification;complexity;methods;tokens;hash;files_on_commit;committer_email;author_email
ComposerParamTransformer.kt;RENAME;not calculated;0.0;Equal;False;2020-09-16 12:19:40+00:00;False;not calculated;0;not calculated;c6fb15dc5a9a73416903409a07739c74be9c204e;74;lpf@google.com;lpf@google.com
ComposerParamTransformer.kt;MODIFY;542.0;0.0;Equal;True;2020-09-22 15:12:07+00:00;True;32;17;3384;945a58fb9548e5cad19eaf43a57a617a293301cd;36;jeffrygaston@google.com;jeffrygaston@google.com
ComposerParamTransformer.kt;MODIFY;501.0;-41.0;Decreased;True;2020-09-28 10:47:15+00:00;False;31;17;3141;aa64058557de24074ef11afb984cb8d26dea8a1e;9;andreiishikov@gmail.com;andreiishikov@gmail.com
ComposerParamTransformer.kt;MODIFY;504.0;3.0;Grew;True;2020-10-09 18:12:37+00:00;False;31;17;3148;4fea5d38299449276488791fe35d735adbcf53ce;2;lpf@google.com;lpf@google.com
ComposerParamTransformer.kt;MODIFY;507.0;3.0;Grew;True;2020-10-30 23:36:45+00:00;False;31;17;3159;878731863f2a193086785558ec1c24b3aa97e97d;27;lelandr@google.com;lelandr@google.com
ComposerParamTransformer.kt;MODIFY;486.0;-21.0;Decreased;False;2020-11-18 05:29:50+00:00;True;29;15;3020;175571c992b267b3ff916d0fc30782f7757f092a;3;jsproch@google.com;andreiishikov@gmail.com
ComposerParamTransformer.kt;MODIFY;496.0;10.0;Grew;True;2020-11-20 12:39:50+00:00;True;30;16;3088;268584ae98701644aacc051fcb870b3e17c3d1fa;19;jsproch@google.com;jsproch@google.com
ComposerParamTransformer.kt;MODIFY;505.0;9.0;Grew;True;2020-12-02 20:00:00+00:00;False;33;16;3138;bc45d244b3f2589f6684145d0244233ac6455892;12;lelandr@google.com;lelandr@google.com
ComposerParamTransformer.kt;MODIFY;504.0;-1.0;Decreased;True;2021-01-20 17:45:38+00:00;False;33;16;3121;ade81be884c6481ce3dfde9d3c3de331c2ad7f48;1;lelandr@google.com;lelandr@google.com
ComposerParamTransformer.kt;MODIFY;506.0;2.0;Grew;True;2021-02-04 00:53:50+00:00;False;33;16;3129;88f3f53ec84cbeda1c3dfc70c4b734f774db5247;15;jsproch@google.com;jsproch@google.com
ComposerParamTransformer.kt;MODIFY;517.0;11.0;Grew;True;2021-02-05 08:42:15+00:00;False;33;16;3190;903ec5b3db9abf10797eb76deaccbc40fe9aebe8;8;ager@google.com;ager@google.com
ComposerParamTransformer.kt;MODIFY;519.0;2.0;Grew;True;2021-02-06 21:08:12+00:00;False;33;16;3199;7ccce1596a86555f3273f68048aece608a804799;11;lelandr@google.com;lelandr@google.com
ComposerParamTransformer.kt;MODIFY;525.0;6.0;Grew;True;2021-03-30 19:50:17+00:00;False;33;16;3238;1685157c1e0c4275f0e928a0a03fa63446a4a403;3;andreiishikov@gmail.com;andreiishikov@gmail.com
ComposerParamTransformer.kt;MODIFY;511.0;-14.0;Decreased;True;2021-04-06 18:39:20+00:00;False;30;15;3174;9de076ced62ad9f989e53fe61729d5935093e01f;25;jsproch@google.com;andreiishikov@gmail.com
ComposerParamTransformer.kt;MODIFY;506.0;-5.0;Decreased;True;2021-05-03 23:53:35+00:00;False;28;14;3133;012c7a61ef4712c548e4dc4a56f07e874d294a3e;5;jsproch@google.com;jsproch@google.com
ComposerParamTransformer.kt;MODIFY;505.0;-1.0;Decreased;True;2021-05-12 23:56:40+00:00;False;28;14;3118;fc0567f6f4fe983a4a38adc38d555d068940bb81;6;jsproch@google.com;jsproch@google.com
ComposerParamTransformer.kt;MODIFY;480.0;-25.0;Decreased;False;2021-05-18 12:57:53+00:00;True;23;12;2963;fc3134dd0b49aa97821047b45c06c0cad6748d27;9;ager@google.com;jsproch@google.com
ComposerParamTransformer.kt;MODIFY;479.0;-1.0;Decreased;False;2021-05-24 01:43:31+00:00;False;23;12;2954;a2e20b77f4e0eefda6e4b564197f9a3822c85e59;4;jsproch@google.com;andreiishikov@gmail.com
ComposerParamTransformer.kt;MODIFY;486.0;7.0;Grew;False;2021-05-26 00:57:15+00:00;False;22;11;3020;b752615bb7b8a6b91095ca143c1cec2d5e22c0e7;2;andreiishikov@gmail.com;andreiishikov@gmail.com
ComposerParamTransformer.kt;MODIFY;524.0;38.0;Grew;True;2021-06-04 15:46:58+00:00;True;22;11;3278;0939174f71d1f8f096e271f7669c6393341d80a0;4;stevenschaefer@google.com;stevenschaefer@google.com
ComposerParamTransformer.kt;MODIFY;535.0;11.0;Grew;True;2021-06-16 20:13:35+00:00;False;22;11;3364;826c86cc88cd5cb922de394c3a34390d3f7511e7;2;lelandr@google.com;lelandr@google.com
ComposerParamTransformer.kt;MODIFY;541.0;6.0;Grew;True;2021-08-11 09:18:14+00:00;False;22;11;3435;5c80cc43983f60625437600e40a714284b4bf336;4;oleksandr.karpovich@jetbrains.com;oleksandr.karpovich@jetbrains.com
ComposerParamTransformer.kt;MODIFY;543.0;2.0;Grew;True;2021-08-25 22:12:04+00:00;False;22;11;3453;6d878de88d02e89f4ba2d16fe121954492b1ed52;20;lelandr@google.com;lelandr@google.com
ComposerParamTransformer.kt;MODIFY;542.0;-1.0;Decreased;True;2021-08-26 18:51:38+00:00;False;22;11;3437;71b5f6385d062705827fc34e8acb08c9c2601003;9;jsproch@google.com;jsproch@google.com
ComposerParamTransformer.kt;MODIFY;557.0;15.0;Grew;True;2021-09-21 15:36:54+00:00;False;22;11;3555;466d6692c3ceed48bbbffa6743d79a31c12e4483;2;jsproch@google.com;andreiishikov@gmail.com
ComposerParamTransformer.kt;MODIFY;528.0;-29.0;Decreased;True;2021-10-06 22:31:03+00:00;False;22;11;3344;ddfae91f4c172fefedba175899b5bf8d960390ce;7;lelandr@google.com;lelandr@google.com
ComposerParamTransformer.kt;MODIFY;529.0;1.0;Grew;True;2021-12-03 22:38:11+00:00;False;22;11;3350;db6cb6d90aab774b6c2589858102d9ff77d492ed;10;lelandr@google.com;lelandr@google.com
ComposerParamTransformer.kt;MODIFY;532.0;3.0;Grew;True;2021-12-07 10:50:38+00:00;False;22;11;3367;c8e7c182b6f3ffa7c50fb86e6c635362ba0b9cce;3;oleksandr.karpovich@jetbrains.com;oleksandr.karpovich@jetbrains.com
ComposerParamTransformer.kt;MODIFY;534.0;2.0;Grew;True;2022-04-11 15:39:38+00:00;False;22;11;3367;6fd9f8353ec1982367a25ec14964a512ffb281cd;17;jsproch@google.com;jsproch@google.com
ComposerParamTransformer.kt;MODIFY;519.0;-15.0;Decreased;True;2022-05-05 12:23:59+00:00;False;22;11;3274;927bc25756f4a9d82f4bab3315f4ef5875baa279;11;stevenschaefer@google.com;stevenschaefer@google.com
ComposerParamTransformer.kt;MODIFY;522.0;3.0;Grew;True;2022-05-31 14:35:55+00:00;False;22;11;3291;0ef6de85a4a852399f8debc3c65aa4ada1e6e858;4;danysantiago@google.com;danysantiago@google.com
ComposerParamTransformer.kt;MODIFY;523.0;1.0;Grew;True;2022-06-14 02:02:58+00:00;False;22;11;3300;e63e11f0987d3b470b61407a760c8bbf3287e79f;17;jsproch@google.com;jsproch@google.com
ComposerParamTransformer.kt;MODIFY;522.0;-1.0;Decreased;True;2022-06-14 21:14:00+00:00;False;22;11;3291;99da3b7f88283751c0cdd2f79f76dc19fa610745;17;aurimas@google.com;aurimas@google.com
ComposerParamTransformer.kt;MODIFY;523.0;1.0;Grew;True;2022-06-14 21:45:41+00:00;False;22;11;3300;5c7eb95bf729c6305c1e2909805d3c3f7869bb54;17;jsproch@google.com;jsproch@google.com
ComposerParamTransformer.kt;MODIFY;521.0;-2.0;Decreased;True;2022-06-19 22:14:11+00:00;False;22;11;3284;19dcac3d48f0f47a854962db7993367a7bc45eda;17;ashikov@google.com;ashikov@google.com
ComposerParamTransformer.kt;MODIFY;520.0;-1.0;Decreased;True;2022-06-30 18:28:32+00:00;False;22;11;3281;809bbe07072c99e1c7b6ae7d223739f439b835f5;11;jsproch@google.com;jsproch@google.com
ComposerParamTransformer.kt;MODIFY;517.0;-3.0;Decreased;True;2022-07-26 12:22:57+00:00;False;22;11;3270;ff36a9c3be568d28351caa549b8a725df489db13;11;stevenschaefer@google.com;stevenschaefer@google.com
ComposerParamTransformer.kt;MODIFY;517.0;0.0;Equal;True;2022-10-04 00:42:52+00:00;False;22;11;3266;21f7d5e442aee29145b2edb03278afb687c11f8c;11;jsproch@google.com;jsproch@google.com
ComposerParamTransformer.kt;MODIFY;518.0;1.0;Grew;True;2022-10-07 14:15:30+00:00;False;22;11;3278;6104ecbb9fac2094f134fb190dc39a3ad584e170;13;stevenschaefer@google.com;stevenschaefer@google.com
ComposerParamTransformer.kt;MODIFY;513.0;-5.0;Decreased;True;2022-10-25 11:07:09+00:00;False;22;11;3234;69f66bdbbc702c884ce3ac747628e3c9629e176c;6;oleksandr.karpovich@jetbrains.com;oleksandr.karpovich@jetbrains.com
ComposerParamTransformer.kt;MODIFY;449.0;-64.0;Decreased;False;2022-12-08 13:43:44+00:00;True;23;11;2795;b5867e1835d03dbcd8cc2646a38481e36d931ce6;11;stevenschaefer@google.com;stevenschaefer@google.com
ComposerParamTransformer.kt;MODIFY;506.0;57.0;Grew;True;2023-03-29 18:50:26+00:00;True;30;14;3142;27cefcc8ea3273960e108b0c1ee22096071e37e0;18;ashikov@google.com;andreiishikov@gmail.com
ComposerParamTransformer.kt;MODIFY;506.0;0.0;Equal;True;2023-04-07 18:48:08+00:00;False;30;14;3140;3fcf1669e35d22e786fbaa551f731f1807be0595;8;jsproch@google.com;jsproch@google.com
ComposerParamTransformer.kt;MODIFY;496.0;-10.0;Decreased;True;2023-04-26 08:51:46+00:00;False;27;13;3063;cd14d71ecef0e321c4a64c8ca04a6a1d506b6968;4;stevenschaefer@google.com;stevenschaefer@google.com
ComposerParamTransformer.kt;MODIFY;506.0;10.0;Grew;True;2023-04-28 19:42:48+00:00;False;30;14;3140;d774d73dd373665602d01975ab11e792d619c447;4;ashikov@google.com;ashikov@google.com
ComposerParamTransformer.kt;MODIFY;512.0;6.0;Grew;True;2023-05-02 09:17:06+00:00;False;30;14;3181;62122a39b3713661d831104cfcedd9384e8fedf5;3;oleksandr.karpovich@jetbrains.com;oleksandr.karpovich@jetbrains.com
ComposerParamTransformer.kt;MODIFY;501.0;-11.0;Decreased;True;2023-07-14 20:06:50+00:00;False;27;13;3087;63f8937d64cb24910df50d88bea29a7b3b09d2fd;65;lelandr@google.com;stevenschaefer@google.com
ComposerParamTransformer.kt;MODIFY;503.0;2.0;Grew;True;2023-10-12 00:18:29+00:00;False;27;13;3107;71b4c984c3f08f19cdd08f4accee0836b01695bc;23;bentrengrove@google.com;ashikov@google.com
ComposerParamTransformer.kt;MODIFY;502.0;-1.0;Decreased;True;2023-11-01 19:42:16+00:00;False;27;13;3137;f64051c8175024f3fbdc4a3e0de44afdc2524bbc;21;ashikov@google.com;ashikov@google.com
ComposerParamTransformer.kt;MODIFY;504.0;2.0;Grew;True;2024-03-22 16:14:32+00:00;False;27;13;3158;ad314a862664046708203bebf10bec47ebd98587;52;nikolay.krasko@jetbrains.com;jsproch@google.com
ComposerParamTransformer.kt;MODIFY;508.0;4.0;Grew;True;2024-04-15 16:27:01+00:00;False;27;13;3180;8c22f3dec4fb3b842ec8d088a636d67421befe75;6;noreply@jetbrains.space;ashikov@google.com
ComposerParamTransformer.kt;MODIFY;515.0;7.0;Grew;True;2024-04-18 13:45:28+00:00;False;27;13;3207;def207ed1f5ab24565ea7642641d2519db985149;1;noreply@jetbrains.space;shishkin-pavel@users.noreply.github.com
ComposerParamTransformer.kt;MODIFY;603.0;88.0;Grew;True;2024-05-02 12:15:30+00:00;False;30;16;3692;56a65b2f22b99f7596eadfbfbf4de9ae172c780d;10;noreply@jetbrains.space;ashikov@google.com
ComposerParamTransformer.kt;MODIFY;605.0;2.0;Grew;True;2024-05-02 12:15:31+00:00;False;30;16;3710;cdfe65911490eef21892098494986af1af14fa64;28;noreply@jetbrains.space;chuckj@google.com
ComposerParamTransformer.kt;MODIFY;605.0;0.0;Equal;True;2024-06-03 20:33:07+00:00;False;30;16;3710;842a9e87e3c1e1d219313caedcc9e9fae895e53f;56;noreply@jetbrains.space;ashikov@google.com
ComposerParamTransformer.kt;MODIFY;606.0;1.0;Grew;True;2024-08-06 12:37:53+00:00;False;30;16;3722;e8bff28c5a9ed3c35344049f03f3f3c308411e77;9;noreply@jetbrains.space;wojciech.litewka@jetbrains.com
ComposerParamTransformer.kt;MODIFY;576.0;-30.0;Decreased;True;2024-08-13 22:37:44+00:00;False;28;15;3289;83c48a0dc54c8b48bd46805c84c5df215558134d;15;noreply@jetbrains.space;ashikov@google.com
ComposerParamTransformer.kt;MODIFY;574.0;-2.0;Decreased;True;2024-09-05 16:09:40+00:00;False;28;15;3302;f4868106b52db27c00e9babfb5cd1c634a325011;23;nikolay.krasko@jetbrains.com;wojciech.litewka@jetbrains.com
ComposerParamTransformer.kt;MODIFY;578.0;4.0;Grew;True;2024-09-05 16:09:40+00:00;False;28;15;3318;324cad76f9f77cde977058e793ef257b93ad1ce5;19;nikolay.krasko@jetbrains.com;wojciech.litewka@jetbrains.com
ComposerParamTransformer.kt;MODIFY;573.0;-5.0;Decreased;True;2024-09-05 16:09:41+00:00;False;28;15;3296;f97bdcb65cc62dfed964c2720dd3a647d221148f;62;nikolay.krasko@jetbrains.com;wojciech.litewka@jetbrains.com
ComposerParamTransformer.kt;MODIFY;555.0;-18.0;Decreased;True;2024-09-13 16:12:22+00:00;False;28;15;3191;8ef21dbb4c08840b8df229683ed3cee001f0e50d;98;noreply@jetbrains.space;ashikov@google.com
ComposerParamTransformer.kt;MODIFY;527.0;-28.0;Decreased;True;2024-09-18 00:13:55+00:00;False;28;15;2960;531ed6d2faae288282884a325792b82f70482ce6;16;noreply@jetbrains.space;ashikov@google.com
ComposerParamTransformer.kt;MODIFY;526.0;-1.0;Decreased;True;2024-09-27 12:53:18+00:00;False;28;15;2948;9f97f049f18a5491f37e292b4403600984bfe0bc;4;noreply@jetbrains.space;ashikov@google.com
ComposerParamTransformer.kt;MODIFY;527.0;1.0;Grew;True;2024-10-22 08:03:51+00:00;False;28;15;2960;ba407741964d59925fcd0fdb6697653277c10975;55;noreply@jetbrains.space;francesco.protopapa@jetbrains.com
ComposerParamTransformer.kt;MODIFY;522.0;-5.0;Decreased;True;2024-10-24 16:55:36+00:00;False;29;16;3003;b5218310972d97141416c3b42ea560bfaf58e26d;5;noreply@jetbrains.space;ashikov@google.com
ComposerParamTransformer.kt;MODIFY;498.0;-24.0;Decreased;True;2024-10-31 15:48:09+00:00;False;30;16;2888;4f6fd01082b6b44c69284daa750916abe6ffe9a9;15;noreply@jetbrains.space;pavel.shishkin@jetbrains.com
ComposerParamTransformer.kt;MODIFY;498.0;0.0;Equal;True;2024-11-07 15:32:00+00:00;False;30;16;2888;5b1507fad8407b10f30c0679a4455555e539f97e;60;noreply@jetbrains.space;wojciech.litewka@jetbrains.com
ComposerParamTransformer.kt;MODIFY;496.0;-2.0;Decreased;True;2024-11-13 19:00:59+00:00;False;28;14;2882;828c4bdbc4fb84f1b99ecdb0760792ee838b16d9;7;noreply@jetbrains.space;ashikov@google.com
ComposerParamTransformer.kt;MODIFY;496.0;0.0;Equal;True;2024-12-04 18:25:41+00:00;False;28;14;2882;931cba23112128d3641f96a466bc79dbcf4c9235;29;wojciech.litewka@jetbrains.com;wojciech.litewka@jetbrains.com
ComposerParamTransformer.kt;MODIFY;496.0;0.0;Equal;True;2024-12-09 17:56:17+00:00;False;28;14;2884;039605ee58223e4f89128e7d106ac4466064c39b;145;noreply@jetbrains.space;wojciech.litewka@jetbrains.com
ComposerParamTransformer.kt;MODIFY;496.0;0.0;Equal;True;2024-12-11 21:31:54+00:00;False;28;14;2884;459e346fbfa2a692642e591c43b06ad3d1ef8daf;38;noreply@jetbrains.space;ivan.kochurkin@jetbrains.com
