file_name;change_type;n_loc;lines_balance;size_change;is_large;date;swapped_classification;complexity;methods;tokens;hash;files_on_commit;committer_email;author_email
ConeTypeContext.kt;RENAME;491;0.0;Equal;True;2021-10-18 08:10:47+00:00;True;1;1;3466;bee44c6e0f97379ad2117a6b9b6b5fd0a0e93dfc;219;dmitriy.novozhilov@jetbrains.com;dmitriy.novozhilov@jetbrains.com
ConeTypeContext.kt;MODIFY;491;0.0;Equal;True;2021-12-06 15:07:19+00:00;False;1;1;3462;2ba2453062181f69ecb1e77d4d6d2de073912f51;9;mikhail.glukhikh@jetbrains.com;mikhail.glukhikh@jetbrains.com
ConeTypeContext.kt;MODIFY;502;11.0;Grew;True;2021-12-07 08:38:45+00:00;False;1;1;3524;61d40403e72e9541616ebea90c98505a58fd1145;12;victor.petukhov@jetbrains.com;victor.petukhov@jetbrains.com
ConeTypeContext.kt;MODIFY;507;5.0;Grew;True;2021-12-15 13:09:27+00:00;False;1;1;3560;a5844b754e103f7388c04f3035e1a9c738c1976b;7;teamcity@buildserver-linux-node.spc.labs.intellij.net;tgeng@google.com
ConeTypeContext.kt;MODIFY;510;3.0;Grew;True;2021-12-15 19:22:54+00:00;False;1;1;3571;196be93d4208a889b852e0351791edbc38d8b02f;9;teamcity@buildserver-linux-node-2.spc.labs.intellij.net;simon.ogorodnik@jetbrains.com
ConeTypeContext.kt;MODIFY;515;5.0;Grew;True;2021-12-15 19:22:55+00:00;False;1;1;3605;7b8ece8758c688f8953499ec66237a3a03b39814;5;teamcity@buildserver-linux-node-2.spc.labs.intellij.net;simon.ogorodnik@jetbrains.com
ConeTypeContext.kt;MODIFY;515;0.0;Equal;True;2021-12-15 19:23:00+00:00;False;1;1;3612;19a909196669644b58c481c84ff8528e76da590d;1;teamcity@buildserver-linux-node-2.spc.labs.intellij.net;simon.ogorodnik@jetbrains.com
ConeTypeContext.kt;MODIFY;516;1.0;Grew;True;2021-12-15 19:23:11+00:00;False;1;1;3620;df9da371cb825ac5ab74bba100922b3fba5bf338;4;teamcity@buildserver-linux-node-2.spc.labs.intellij.net;simon.ogorodnik@jetbrains.com
ConeTypeContext.kt;MODIFY;516;0.0;Equal;True;2021-12-15 19:23:13+00:00;False;1;1;3620;bb135838622707f3a7ab3fec296d456e6ec5d4ed;18;teamcity@buildserver-linux-node-2.spc.labs.intellij.net;simon.ogorodnik@jetbrains.com
ConeTypeContext.kt;MODIFY;516;0.0;Equal;True;2022-01-08 12:25:07+00:00;False;1;1;3620;56d817b49fb739f7adba2387f6afc388de952587;11;dmitriy.novozhilov@jetbrains.com;irenedea@fb.com
ConeTypeContext.kt;MODIFY;521;5.0;Grew;True;2022-01-08 12:25:07+00:00;False;1;1;3659;19bfc43beeab56f597519fe8eb3a5392305f08b9;70;dmitriy.novozhilov@jetbrains.com;irenedea@fb.com
ConeTypeContext.kt;MODIFY;526;5.0;Grew;True;2022-01-08 12:26:44+00:00;False;1;1;3699;a98e2c4e03d39bc60e07cbdef44aa87e2d29d999;22;dmitriy.novozhilov@jetbrains.com;irenedea@fb.com
ConeTypeContext.kt;MODIFY;526;0.0;Equal;True;2022-01-11 13:56:17+00:00;False;1;1;3685;5964d8c566164b97b31acb8dee39d3bdafc5d6f1;7;;roman.golyshev@jetbrains.com
ConeTypeContext.kt;MODIFY;526;0.0;Equal;True;2022-02-07 10:36:33+00:00;False;1;1;3685;0bd3e8f418fde27a2c41306110985273eab578cd;77;teamcity@buildserver-linux-node-2.spc.labs.intellij.net;dmitriy.novozhilov@jetbrains.com
ConeTypeContext.kt;MODIFY;532;6.0;Grew;True;2022-02-07 10:36:36+00:00;False;1;1;3715;52b72a7dacc1ad403c5bb7c5fedd5b25000fa216;98;teamcity@buildserver-linux-node-2.spc.labs.intellij.net;dmitriy.novozhilov@jetbrains.com
ConeTypeContext.kt;MODIFY;539;7.0;Grew;True;2022-03-24 11:38:43+00:00;False;1;1;3780;28bf83ceac2d0295dd5ad5dcbb965e68e0f0c4f9;69;teamcity@ip-10-128-210-208.eu-west-1.compute.internal;Evgeniy.Zhelenskiy@jetbrains.com
ConeTypeContext.kt;MODIFY;539;0.0;Equal;True;2022-04-06 16:05:25+00:00;False;1;1;3784;f3e28c3767afb9309edfb1e00f9c59bef60e6135;5;teamcity@ip-10-128-210-39.eu-west-1.compute.internal;denis.zharkov@jetbrains.com
ConeTypeContext.kt;MODIFY;546;7.0;Grew;True;2022-05-19 16:53:59+00:00;False;1;1;3851;f70ae2df3ace432a6401d3d48d6fb3d50efc9ac8;54;teamcity@ip-10-128-209-172.eu-west-1.compute.internal;denis.zharkov@jetbrains.com
ConeTypeContext.kt;MODIFY;546;0.0;Equal;True;2022-05-27 15:14:23+00:00;False;1;1;3850;6a34b184acb76874d49a65571916a5a1f87a1fe0;53;teamcity@ip-10-128-210-39.eu-west-1.compute.internal;victor.petukhov@jetbrains.com
ConeTypeContext.kt;MODIFY;546;0.0;Equal;True;2022-06-02 13:47:23+00:00;False;1;1;3852;be9e97d044946e7335ca8e06a53c050cfb91a9e8;13;teamcity@ip-10-128-210-39.eu-west-1.compute.internal;lunyak.kolya@mail.ru
ConeTypeContext.kt;MODIFY;546;0.0;Equal;True;2022-08-10 20:49:18+00:00;False;1;1;3852;0748f28efecb82f0d0cca3847dcf37ef3b960ee8;64;ilya.kirillov@jetbrains.com;ilya.kirillov@jetbrains.com
ConeTypeContext.kt;MODIFY;547;1.0;Grew;True;2022-11-02 17:04:38+00:00;False;1;1;3834;7f6cad6fb3cf550e34197092b06fae691eb9a5f9;4;ilya.kirillov@jetbrains.com;jsjeon@google.com
ConeTypeContext.kt;MODIFY;549;2.0;Grew;True;2022-12-12 16:21:05+00:00;False;1;1;3858;df5aa591859317f38d6e547cd42592d52cc1c279;7;noreply@jetbrains.team;Mikhail.Glukhikh@jetbrains.com
ConeTypeContext.kt;MODIFY;549;0.0;Equal;True;2023-01-13 21:32:52+00:00;False;1;1;3882;3afb93ca31544757aa8b146db440909f7d7fcbf4;9;teamcity@ip-10-128-210-146.eu-west-1.compute.internal;ilya.kirillov@jetbrains.com
ConeTypeContext.kt;MODIFY;550;1.0;Grew;True;2023-01-30 11:09:42+00:00;False;1;1;3892;699f96284aa96e09cf21312fa61a821c594749d1;5;noreply@jetbrains.team;yan.zhulanow@jetbrains.com
ConeTypeContext.kt;MODIFY;550;0.0;Equal;True;2023-02-20 14:54:09+00:00;False;1;1;3892;05ca0013109de845a846e94afdd1b374fbfea05e;22;noreply@jetbrains.team;denis.zharkov@jetbrains.com
ConeTypeContext.kt;MODIFY;550;0.0;Equal;True;2023-03-10 18:35:00+00:00;False;1;1;3894;eb09a25239ac62650993a604750d90d8074a53a0;7;noreply@jetbrains.team;denis.zharkov@jetbrains.com
ConeTypeContext.kt;MODIFY;546;-4.0;Decreased;True;2023-04-12 11:31:43+00:00;False;1;1;3880;39639e08f94c5bf6ea23f8e21a3148724ff935d9;8;noreply@jetbrains.team;denis.zharkov@jetbrains.com
ConeTypeContext.kt;MODIFY;543;-3.0;Decreased;True;2023-04-17 08:59:03+00:00;False;1;1;3855;95491f223cc05d4954274dee0bb974d446bb5da0;1;ilya.kirillov@jetbrains.com;jsjeon@google.com
ConeTypeContext.kt;MODIFY;545;2.0;Grew;True;2023-04-17 08:59:04+00:00;False;1;1;3858;ed4cc99db3f995e5fc81b32f6fe66485cfb21843;2;ilya.kirillov@jetbrains.com;jsjeon@google.com
ConeTypeContext.kt;MODIFY;559;14.0;Grew;True;2023-07-18 11:49:21+00:00;False;1;1;3985;08400d930fe41e8e76dbe63c69c539a6795da099;10;noreply@jetbrains.team;ilya.kirillov@jetbrains.com
ConeTypeContext.kt;MODIFY;559;0.0;Equal;True;2023-07-18 11:49:21+00:00;False;1;1;3985;e6c8bf66449cc3a7016606bde23542f483dac2d6;12;noreply@jetbrains.team;ilya.kirillov@jetbrains.com
ConeTypeContext.kt;MODIFY;559;0.0;Equal;True;2023-07-26 06:02:42+00:00;False;1;1;3995;a428ab6ed6d74f1984761fa9aec7f41905af0a2e;7;noreply@jetbrains.team;mikhail.glukhikh@jetbrains.com
ConeTypeContext.kt;MODIFY;559;0.0;Equal;True;2023-07-27 17:53:44+00:00;False;1;1;3995;2eba7da5eb205a35cf684bb34ee30f2875d73e52;49;noreply@jetbrains.team;ivan.kochurkin@jetbrains.com
ConeTypeContext.kt;MODIFY;559;0.0;Equal;True;2023-08-24 07:54:56+00:00;False;1;1;3991;9ec814b7adbada1726cadbd065e72dc014eda73c;108;noreply@jetbrains.team;kirill.rakhman@jetbrains.com
ConeTypeContext.kt;MODIFY;559;0.0;Equal;True;2023-09-14 10:03:02+00:00;False;1;1;3977;66b911c92345f5556e1c211d4b2b8c45c873043c;22;noreply@jetbrains.team;kirill.rakhman@jetbrains.com
ConeTypeContext.kt;MODIFY;558;-1.0;Decreased;True;2023-11-13 15:10:48+00:00;False;1;1;3965;53ab32e0fb6642975f24cfab1d4f701a812abd70;15;noreply@jetbrains.team;mikhail.glukhikh@jetbrains.com
ConeTypeContext.kt;MODIFY;558;0.0;Equal;True;2023-11-30 08:54:26+00:00;False;1;1;3965;ed4941d9f9c29dc9e8c1dc4cfaaa4353bb5faa20;2;noreply@jetbrains.team;kirill.rakhman@jetbrains.com
ConeTypeContext.kt;MODIFY;561;3.0;Grew;True;2023-11-30 08:54:26+00:00;False;1;1;3986;560c1cacf3de3d1bfb75eceadf7cd7190d25b2a9;16;noreply@jetbrains.team;kirill.rakhman@jetbrains.com
ConeTypeContext.kt;MODIFY;561;0.0;Equal;True;2024-01-25 23:05:15+00:00;False;1;1;3986;53e89a9722b4aa551c3cdc7cb2a29864a0f828be;105;noreply@jetbrains.team;simon.ogorodnik@jetbrains.com
ConeTypeContext.kt;MODIFY;564;3.0;Grew;True;2024-03-07 10:17:01+00:00;False;1;1;4004;09f384d96eb14762bdc3c3a376c91c951f80f0f2;5;teamcity@ip-10-128-210-146.eu-west-1.compute.internal;jsjeon@google.com
ConeTypeContext.kt;MODIFY;563;-1.0;Decreased;True;2024-03-08 15:37:45+00:00;False;1;1;4000;a5423032a37c7a0a9c3da15763f678e108cf4393;1;noreply@jetbrains.team;nikolay.lunyak@jetbrains.com
ConeTypeContext.kt;MODIFY;563;0.0;Equal;True;2024-03-28 09:06:28+00:00;False;1;1;3998;d727204ebd674a826f9b627cb00f2a15e34c3cc8;10;noreply@jetbrains.team;mikhail.glukhikh@jetbrains.com
ConeTypeContext.kt;MODIFY;563;0.0;Equal;True;2024-04-04 06:54:47+00:00;False;1;1;4002;b98850ea3ab11522167ad46c5768c49484e99afe;1;noreply@jetbrains.team;mikhail.glukhikh@jetbrains.com
ConeTypeContext.kt;MODIFY;563;0.0;Equal;True;2024-04-12 13:18:43+00:00;False;1;1;4002;495590cee6c109a02eaf6c3cb5ce917819ebc02a;6;noreply@jetbrains.team;kirill.rakhman@jetbrains.com
ConeTypeContext.kt;MODIFY;563;0.0;Equal;True;2024-05-01 10:13:34+00:00;False;1;1;3999;f1b8dc41c5ff995b8029cb6f8b2e3a8c9bfac1e0;76;ivan.kylchik@jetbrains.com;ivan.kylchik@jetbrains.com
ConeTypeContext.kt;MODIFY;544;-19.0;Decreased;True;2024-05-15 07:21:33+00:00;False;1;1;3859;e082cc73cb527fffb9165be815b3cc850934c939;4;noreply@jetbrains.team;kirill.rakhman@jetbrains.com
ConeTypeContext.kt;MODIFY;533;-11.0;Decreased;True;2024-06-07 06:32:53+00:00;False;1;1;3764;a807f39fd1511d7f70fce98af6f4aab47ae9a86d;4;noreply@jetbrains.team;mikhail.glukhikh@jetbrains.com
ConeTypeContext.kt;MODIFY;531;-2.0;Decreased;True;2024-06-07 06:32:53+00:00;False;1;1;3752;d30269dcbc4b557e9eb0dcbc9cf8d94748a02820;10;noreply@jetbrains.team;mikhail.glukhikh@jetbrains.com
ConeTypeContext.kt;MODIFY;520;-11.0;Decreased;True;2024-06-11 09:54:12+00:00;False;1;1;3703;75aab5a74d2620aeb24398bf611de11f31613938;7;noreply@jetbrains.team;kirill.rakhman@jetbrains.com
ConeTypeContext.kt;MODIFY;520;0.0;Equal;True;2024-07-16 10:13:43+00:00;False;1;1;3703;764f60d4c9961dd9d48d11bf26da687efb0ceef0;168;noreply@jetbrains.space;dmitriy.novozhilov@jetbrains.com
ConeTypeContext.kt;MODIFY;520;0.0;Equal;True;2024-07-17 15:34:36+00:00;False;1;1;3701;7ae4c31c4773cf0124ffe52d525a504cdecd829f;3;noreply@jetbrains.team;kirill.rakhman@jetbrains.com
ConeTypeContext.kt;MODIFY;520;0.0;Equal;True;2024-07-23 20:53:16+00:00;False;1;1;3701;0fd7caf856face539a9baf82dcd7e1a4ebf8a265;32;noreply@jetbrains.team;mikhail.glukhikh@jetbrains.com
ConeTypeContext.kt;MODIFY;520;0.0;Equal;True;2024-07-23 20:53:17+00:00;False;1;1;3701;3fefe3677e00842d412db5f16e67418ac0758d91;19;noreply@jetbrains.team;mikhail.glukhikh@jetbrains.com
ConeTypeContext.kt;MODIFY;520;0.0;Equal;True;2024-08-19 13:12:57+00:00;False;1;1;3701;f05aa1cbdae191e77639df332c94701483b52ad2;2;noreply@jetbrains.team;roman.efremov@jetbrains.com
ConeTypeContext.kt;MODIFY;520;0.0;Equal;True;2024-08-28 10:13:15+00:00;False;1;1;3701;88c5c885a1f588eb95aaad9fab70f9571d7689fa;71;noreply@jetbrains.space;kirill.rakhman@jetbrains.com
ConeTypeContext.kt;MODIFY;510;-10.0;Decreased;True;2024-09-02 13:41:26+00:00;False;not calculated;0;3569;6d64091218bff649cc1c4421dd8af0b021bf93e0;7;noreply@jetbrains.team;mikhail.glukhikh@jetbrains.com
ConeTypeContext.kt;MODIFY;508;-2.0;Decreased;True;2024-09-02 13:41:26+00:00;False;not calculated;0;3570;1a677885f3076002c2d5e8b04416536fdc15b138;62;noreply@jetbrains.team;mikhail.glukhikh@jetbrains.com
ConeTypeContext.kt;MODIFY;510;2.0;Grew;True;2024-09-02 13:41:26+00:00;False;not calculated;0;3569;ba547813f7b6ca5e2bcae21ac674780eaf3a802d;34;noreply@jetbrains.team;mikhail.glukhikh@jetbrains.com
ConeTypeContext.kt;MODIFY;513;3.0;Grew;True;2024-09-02 13:41:26+00:00;False;not calculated;0;3650;4e22c57c301cc9fc64a9704327f6eb930b43c875;2;noreply@jetbrains.team;mikhail.glukhikh@jetbrains.com
ConeTypeContext.kt;MODIFY;510;-3.0;Decreased;True;2024-09-06 11:40:35+00:00;False;not calculated;0;3562;5d5fa4f32c10359fa5129a130e2854a69ef184b6;35;noreply@jetbrains.space;kirill.rakhman@jetbrains.com
ConeTypeContext.kt;MODIFY;510;0.0;Equal;True;2024-09-06 11:40:35+00:00;False;not calculated;0;3567;33e6f236214c3ce8884e4c87ba8c13527058d90a;24;noreply@jetbrains.space;kirill.rakhman@jetbrains.com
ConeTypeContext.kt;MODIFY;509;-1.0;Decreased;True;2024-09-09 16:07:08+00:00;False;not calculated;0;3553;80c5c18da6dfa5ef043768b241e6f7a63e89e573;27;noreply@jetbrains.team;kirill.rakhman@jetbrains.com
ConeTypeContext.kt;MODIFY;509;0.0;Equal;True;2024-09-23 10:09:48+00:00;False;not calculated;0;3553;2987786748ca6e930fcceb2f4b2e5a027d8dd33b;70;noreply@jetbrains.space;kirill.rakhman@jetbrains.com
ConeTypeContext.kt;MODIFY;509;0.0;Equal;True;2024-09-27 17:18:00+00:00;False;not calculated;0;3553;1fd13d605bfd583efa3b319c38b0a8200f46fcf4;4;noreply@jetbrains.team;mikhail.glukhikh@jetbrains.com
ConeTypeContext.kt;MODIFY;510;1.0;Grew;True;2024-10-31 13:26:21+00:00;False;not calculated;0;3576;b0be27e03a18d4891f1bce1ae7879cdb5e2c95f7;16;noreply@jetbrains.team;Evgeniy.Zhelenskiy@jetbrains.com
ConeTypeContext.kt;MODIFY;513;3.0;Grew;True;2024-11-09 14:48:37+00:00;False;not calculated;0;3596;6b52cba76773fb023b1aaa9abb0779c53fd01a1d;43;noreply@jetbrains.team;brian.norman@jetbrains.com
ConeTypeContext.kt;MODIFY;513;0.0;Equal;True;2024-12-12 14:49:09+00:00;False;not calculated;0;3596;faaae3e82edf6c42396dbffbe932be94ee15aa1d;76;noreply@jetbrains.team;mikhail.glukhikh@jetbrains.com
