file_name;change_type;n_loc;lines_balance;size_change;is_large;date;swapped_classification;complexity;methods;tokens;hash;files_on_commit;committer_email;author_email
ConstraintInjector.kt;RENAME;270;0.0;Equal;False;2020-08-28 07:59:53+00:00;False;41;18;1717;64766e125c274df61ceb69c647d63a273576e1ba;35;dmitriy.novozhilov@jetbrains.com;dmitriy.novozhilov@jetbrains.com
ConstraintInjector.kt;MODIFY;273;3.0;Grew;False;2020-09-23 14:15:58+00:00;False;41;18;1743;25ea3df5ca8ecbb6ad3b151cae3ea76ce8dc5342;14;victor.petukhov@jetbrains.com;victor.petukhov@jetbrains.com
ConstraintInjector.kt;MODIFY;274;1.0;Grew;False;2020-09-29 15:22:56+00:00;False;41;18;1756;8f31b1ca83038ed14a2f6fb5c98814aa6a0309e0;12;pavel.kirpichenkov@jetbrains.com;pavel.kirpichenkov@jetbrains.com
ConstraintInjector.kt;MODIFY;308;34.0;Grew;False;2020-10-21 18:23:13+00:00;False;43;20;1983;84129098cb6fc86dfb3be8618a76195de2a757f1;20;victor.petukhov@jetbrains.com;victor.petukhov@jetbrains.com
ConstraintInjector.kt;MODIFY;308;0.0;Equal;False;2020-11-03 13:00:53+00:00;False;43;20;1983;b3e79d36df1c794427376ab0e46900c4ca811fbb;29;alexander.udalov@jetbrains.com;alexander.udalov@jetbrains.com
ConstraintInjector.kt;MODIFY;309;1.0;Grew;False;2020-11-25 08:15:20+00:00;False;42;19;2004;0857b9c9e750ed606ed9d1dd0a10c9d9efb35068;24;victor.petukhov@jetbrains.com;victor.petukhov@jetbrains.com
ConstraintInjector.kt;MODIFY;303;-6.0;Decreased;False;2021-02-15 15:28:58+00:00;False;41;18;1961;3909e3c54ca888344d2bae1b5d6bdf6bd5f36471;32;TeamCityServer@buildserver-ro-srv.Labs.IntelliJ.Net;simon.ogorodnik@jetbrains.com
ConstraintInjector.kt;MODIFY;293;-10.0;Decreased;False;2021-03-12 11:36:54+00:00;False;49;17;1902;b87c2a15b5119a7a80ab869ca6eb5886cace60cc;13;victor.petukhov@jetbrains.com;victor.petukhov@jetbrains.com
ConstraintInjector.kt;MODIFY;303;10.0;Grew;False;2021-04-30 12:46:03+00:00;False;41;18;1961;e110b49cabaecb627a8eb6d1e5961df7fe19bc25;13;victor.petukhov@jetbrains.com;victor.petukhov@jetbrains.com
ConstraintInjector.kt;MODIFY;340;37.0;Grew;False;2021-04-30 12:46:04+00:00;False;55;18;2177;7c62e9aecdc59d23be94cb8946daf10094fb8f7d;41;victor.petukhov@jetbrains.com;victor.petukhov@jetbrains.com
ConstraintInjector.kt;MODIFY;341;1.0;Grew;False;2021-05-18 14:52:23+00:00;False;55;18;2192;2239404085ab15fe4c8c0a2fd6dc4da0488bc7c0;17;victor.petukhov@jetbrains.com;victor.petukhov@jetbrains.com
ConstraintInjector.kt;MODIFY;341;0.0;Equal;False;2021-07-09 16:20:56+00:00;False;55;18;2191;3787099a3891fb54a96ddea506cd9c95fe893696;30;victor.petukhov@jetbrains.com;victor.petukhov@jetbrains.com
ConstraintInjector.kt;MODIFY;341;0.0;Equal;False;2021-07-09 16:21:04+00:00;False;55;18;2192;c2cf2f36cd6ce9236d8a30f164bca229847f2a5c;13;victor.petukhov@jetbrains.com;victor.petukhov@jetbrains.com
ConstraintInjector.kt;MODIFY;343;2.0;Grew;False;2021-08-26 07:08:51+00:00;False;54;17;2163;7e6e0a3dd63f0c5a2009ba85adbe4c55a90a2355;22;dmitriy.novozhilov@jetbrains.com;dmitriy.novozhilov@jetbrains.com
ConstraintInjector.kt;MODIFY;336;-7.0;Decreased;False;2021-08-26 07:08:51+00:00;False;54;17;2145;e07512a8471d8b0710f68606fc451ccc580a115d;50;dmitriy.novozhilov@jetbrains.com;dmitriy.novozhilov@jetbrains.com
ConstraintInjector.kt;MODIFY;341;5.0;Grew;False;2021-08-26 07:08:51+00:00;False;55;18;2192;8b5548df49dcb7d605cc36238c07275a8fe3c94a;37;dmitriy.novozhilov@jetbrains.com;dmitriy.novozhilov@jetbrains.com
ConstraintInjector.kt;MODIFY;333;-8.0;Decreased;False;2021-08-26 07:08:51+00:00;False;54;17;2126;3f6738c8bc50a97a0b6d3fe222fbbe8e81f65a3c;11;dmitriy.novozhilov@jetbrains.com;dmitriy.novozhilov@jetbrains.com
ConstraintInjector.kt;MODIFY;346;13.0;Grew;False;2021-10-26 16:37:55+00:00;False;59;18;2179;43e9c1223a1f29adfa7e170221a04f7cd8745d27;6;victor.petukhov@jetbrains.com;victor.petukhov@jetbrains.com
ConstraintInjector.kt;MODIFY;346;0.0;Equal;False;2021-12-15 19:22:52+00:00;False;59;18;2175;91b629d16a8ae556c34f7f75cdd686eefc106c8a;2;teamcity@buildserver-linux-node-2.spc.labs.intellij.net;simon.ogorodnik@jetbrains.com
ConstraintInjector.kt;MODIFY;346;0.0;Equal;False;2021-12-15 19:22:55+00:00;False;59;18;2183;7b8ece8758c688f8953499ec66237a3a03b39814;5;teamcity@buildserver-linux-node-2.spc.labs.intellij.net;simon.ogorodnik@jetbrains.com
ConstraintInjector.kt;MODIFY;439;93.0;Grew;False;2022-01-11 17:45:55+00:00;False;75;23;2733;a33d9df0cd0a8df36f092ba44a0a1ee8cc6b6b13;28;teamcity@buildserver-linux-node-2.spc.labs.intellij.net;denis.zharkov@jetbrains.com
ConstraintInjector.kt;MODIFY;439;0.0;Equal;False;2022-11-24 17:29:28+00:00;False;75;23;2733;02b292792198bb3b6ae09a9308b84bb06e382825;5;noreply@jetbrains.team;denis.zharkov@jetbrains.com
ConstraintInjector.kt;MODIFY;442;3.0;Grew;False;2022-11-24 17:29:29+00:00;False;73;23;2721;c958c793629cc738a032bcfb8b7d62388b067ba6;1;noreply@jetbrains.team;denis.zharkov@jetbrains.com
ConstraintInjector.kt;MODIFY;446;4.0;Grew;False;2023-11-30 08:54:26+00:00;False;75;23;2737;560c1cacf3de3d1bfb75eceadf7cd7190d25b2a9;16;noreply@jetbrains.team;kirill.rakhman@jetbrains.com
ConstraintInjector.kt;MODIFY;470;24.0;Grew;False;2024-03-26 12:25:47+00:00;False;78;24;2870;820fe0fb4291e88e4ea7526c3a4c404ccb4ef12c;8;noreply@jetbrains.team;denis.zharkov@jetbrains.com
ConstraintInjector.kt;MODIFY;470;0.0;Equal;False;2024-06-11 18:51:57+00:00;False;78;24;2870;1235dc02cf8eb934e8dbeea919363c7a789d1d7b;4;noreply@jetbrains.team;denis.zharkov@jetbrains.com
ConstraintInjector.kt;MODIFY;470;0.0;Equal;False;2024-09-02 13:41:26+00:00;False;78;24;2870;ba547813f7b6ca5e2bcae21ac674780eaf3a802d;34;noreply@jetbrains.team;mikhail.glukhikh@jetbrains.com
ConstraintInjector.kt;MODIFY;472;2.0;Grew;False;2024-09-03 16:35:59+00:00;False;78;24;2884;33180ae12ef94591d31b378d169514e711ca61d6;2;noreply@jetbrains.team;mikhail.glukhikh@jetbrains.com
ConstraintInjector.kt;MODIFY;475;3.0;Grew;False;2024-09-03 16:35:59+00:00;False;79;24;2899;4ddd74c6116d9329e80852210952d229a676224e;13;noreply@jetbrains.team;mikhail.glukhikh@jetbrains.com
ConstraintInjector.kt;MODIFY;480;5.0;Grew;False;2024-09-17 15:53:59+00:00;False;81;24;2932;953a25d7970062a618644c209600de39aba042a2;9;noreply@jetbrains.team;mikhail.glukhikh@jetbrains.com
ConstraintInjector.kt;MODIFY;483;3.0;Grew;False;2024-11-08 19:01:16+00:00;False;81;24;2946;3b0285385e9f3dfd65773565c07e7129a5399c5d;2;noreply@jetbrains.team;denis.zharkov@jetbrains.com
ConstraintInjector.kt;MODIFY;498;15.0;Grew;True;2024-12-20 18:10:20+00:00;True;80;24;2989;fce282b2e7fa8143afc8d2c1cc964b1c333978aa;5;noreply@jetbrains.team;denis.zharkov@jetbrains.com
ConstraintInjector.kt;MODIFY;483;-15.0;Decreased;False;2024-12-20 18:10:20+00:00;True;81;24;2946;4caab28b238ed33e4db31682bbe0cc38a4d029f6;2;noreply@jetbrains.team;denis.zharkov@jetbrains.com
