file_name;change_type;n_loc;lines_balance;size_change;is_large;date;swapped_classification;complexity;methods;tokens;hash;files_on_commit;committer_email;author_email
DevirtualizationAnalysis.kt;MODIFY;1290;0.0;Equal;True;2021-07-30 20:40:00+00:00;True;179;78;9635;448376f073ed67a60a092ddde3c18454f3800a67;19;igor.chevdar@jetbrains.com;igor.chevdar@jetbrains.com
DevirtualizationAnalysis.kt;RENAME;1290;0.0;Decreased;True;2021-07-30 20:40:00+00:00;False;179;78;9635;9c6943b8c4f464b7ca6e88ae55e6fa7ff126c5da;5;igor.chevdar@jetbrains.com;igor.chevdar@jetbrains.com
DevirtualizationAnalysis.kt;MODIFY;1289;-1.0;Decreased;True;2021-08-17 11:14:07+00:00;False;179;78;9646;16f0ba8e461f9c40ccb1993f4a949b815ed3da02;4;igor.chevdar@jetbrains.com;igor.chevdar@jetbrains.com
DevirtualizationAnalysis.kt;MODIFY;1281;-8.0;Decreased;True;2021-09-08 19:32:41+00:00;False;176;77;9585;8ad540953eef215a189b3f324d1b01cdaf3ccaf2;3;igor.chevdar@jetbrains.com;igor.chevdar@jetbrains.com
DevirtualizationAnalysis.kt;MODIFY;1290;9.0;Grew;True;2021-10-14 11:22:24+00:00;False;176;77;9609;7a0f72105f6b58e5af5b619a7a3f55ce8dea9c45;4;;pavel.kunyavskiy@jetbrains.com
DevirtualizationAnalysis.kt;MODIFY;1297;7.0;Grew;True;2021-11-16 08:27:41+00:00;False;161;72;9638;21444d6be876afeb913f0f62ac35c34fbf142319;1;;pavel.kunyavskiy@jetbrains.com
DevirtualizationAnalysis.kt;MODIFY;1288;-9.0;Decreased;True;2021-11-24 07:54:51+00:00;False;161;72;9559;98fa69c3d523b4fb243747f8394a30a208841eef;6;;pavel.kunyavskiy@jetbrains.com
DevirtualizationAnalysis.kt;MODIFY;1287;-1.0;Decreased;True;2022-05-18 18:20:03+00:00;False;161;72;9545;f3252334b2ef679aa40e94002d9e65b1b76e95b6;173;ivan.kylchik@jetbrains.com;ivan.kylchik@jetbrains.com
DevirtualizationAnalysis.kt;MODIFY;1291;4.0;Grew;True;2022-06-03 09:03:40+00:00;False;164;73;9579;574562d9f931908e0d0c92f376de57054af7470b;1;;pavel.kunyavskiy@jetbrains.com
DevirtualizationAnalysis.kt;MODIFY;1300;9.0;Grew;True;2022-07-15 10:52:45+00:00;False;167;75;9713;2b7ae20ac17ec242b73f96ecdee0c82eaebee983;3;;vladimir.sukharev@jetbrains.com
DevirtualizationAnalysis.kt;MODIFY;1298;-2.0;Decreased;True;2022-09-30 08:48:58+00:00;False;167;75;9701;7e89d59b59f983b35e9f25035563462e7acf4ba3;12;noreply@jetbrains.team;pavel.kunyavskiy@jetbrains.com
DevirtualizationAnalysis.kt;MODIFY;1302;4.0;Grew;True;2022-11-15 10:39:19+00:00;False;168;76;9747;c6ef3d849ed0712eb9fa10284878d081b06879e2;2;noreply@jetbrains.team;igor.chevdar@jetbrains.com
DevirtualizationAnalysis.kt;MODIFY;1302;0.0;Equal;True;2022-11-22 13:51:20+00:00;False;166;76;9739;d09a18c88bacfcfea799128b8447ad16be173d1f;6;noreply@jetbrains.team;pavel.kunyavskiy@jetbrains.com
DevirtualizationAnalysis.kt;MODIFY;1302;0.0;Grew;True;2022-11-22 13:51:22+00:00;False;166;76;9736;d3adfec2fb1e9f7b7f41383c1d1665a8a61ab7f4;38;noreply@jetbrains.team;pavel.kunyavskiy@jetbrains.com
DevirtualizationAnalysis.kt;MODIFY;1301;-1.0;Decreased;True;2022-11-22 13:51:22+00:00;False;166;76;9723;7006eb938d56a824d2955ac2002231e45cdcd4ab;11;noreply@jetbrains.team;pavel.kunyavskiy@jetbrains.com
DevirtualizationAnalysis.kt;MODIFY;1302;1.0;Equal;True;2022-11-29 21:52:55+00:00;False;166;76;9732;8eccb552a3767422be2b6af9f546aed34d414c5d;4;teamcity@ip-10-128-210-238.eu-west-1.compute.internal;jsjeon@google.com
DevirtualizationAnalysis.kt;MODIFY;1302;0.0;Equal;True;2022-11-30 11:24:40+00:00;False;166;76;9732;b828672a2e547218454925d17258b2e3dc56bef2;11;noreply@jetbrains.team;sergey.bogolepov@jetbrains.com
DevirtualizationAnalysis.kt;MODIFY;1313;11.0;Grew;True;2023-01-23 09:11:33+00:00;False;167;77;9821;576e8ba1273726a6182ffe0eeb143fec60668211;53;noreply@jetbrains.team;sergey.bogolepov@jetbrains.com
DevirtualizationAnalysis.kt;MODIFY;1316;3.0;Grew;True;2023-02-14 07:30:44+00:00;False;167;77;9875;750bb5c8c4d2267749d38cfbf18dd5fc39311e6b;1;noreply@jetbrains.team;igor.chevdar@jetbrains.com
DevirtualizationAnalysis.kt;MODIFY;1317;1.0;Grew;True;2023-02-14 07:30:46+00:00;False;167;77;9883;95c4ded9d0c5d918461c4614f4f039c581e90a07;1;noreply@jetbrains.team;igor.chevdar@jetbrains.com
DevirtualizationAnalysis.kt;MODIFY;1316;-1.0;Decreased;True;2023-03-10 17:49:35+00:00;False;167;77;9871;d96112b944ebd935b48900a6ad56ad76179233ea;9;noreply@jetbrains.team;alexander.udalov@jetbrains.com
DevirtualizationAnalysis.kt;MODIFY;1309;-7.0;Decreased;True;2023-04-24 06:36:43+00:00;False;164;76;9822;cf58e5ff9f7b7489bdd0d18f76d795ffc04b77ff;4;igor.chevdar@jetbrains.com;igor.chevdar@jetbrains.com
DevirtualizationAnalysis.kt;MODIFY;1357;48.0;Grew;True;2023-05-09 05:25:11+00:00;False;154;74;10128;b6030b3517e38c9d94cdbb16cf88987be7541a4c;1;noreply@jetbrains.team;igor.chevdar@jetbrains.com
DevirtualizationAnalysis.kt;MODIFY;1370;13.0;Decreased;True;2023-05-11 09:30:18+00:00;False;156;75;10227;2f24c6df805d2cc239992edb7e6bb273acb3b025;11;noreply@jetbrains.team;igor.chevdar@jetbrains.com
DevirtualizationAnalysis.kt;MODIFY;1375;5.0;Decreased;True;2023-05-11 09:30:18+00:00;False;156;75;10238;67b65ec56a84cc2c3dd7cff300274ebec4cbc35f;1;noreply@jetbrains.team;igor.chevdar@jetbrains.com
DevirtualizationAnalysis.kt;MODIFY;1377;2.0;Grew;True;2023-05-11 09:30:18+00:00;False;156;75;10238;96c142569d36d519ef492f3a244df8201a7163ac;1;noreply@jetbrains.team;igor.chevdar@jetbrains.com
DevirtualizationAnalysis.kt;MODIFY;1370;-7.0;Equal;True;2023-06-28 13:18:09+00:00;False;158;75;10234;cd3237295b92ac9940a84b0451554b727523706d;43;noreply@jetbrains.team;pavel.kunyavskiy@jetbrains.com
DevirtualizationAnalysis.kt;MODIFY;1370;0.0;Equal;True;2023-09-05 11:21:50+00:00;False;158;75;10234;583a5496d5777b7208155d14ea6a7932680c06b0;14;noreply@jetbrains.team;ivan.kylchik@jetbrains.com
DevirtualizationAnalysis.kt;MODIFY;1369;-1.0;Decreased;True;2023-10-25 08:38:08+00:00;False;158;75;10220;633c2d11e5da20a72a3780f321758df761f072cb;3;noreply@jetbrains.team;ilya.kirillov@jetbrains.com
DevirtualizationAnalysis.kt;MODIFY;1398;29.0;Grew;True;2024-04-25 17:20:38+00:00;False;167;79;10430;5f9dcffbf1ffe1772b0d41fbc5cde59f0bc4ca5c;1;noreply@jetbrains.team;igor.chevdar@jetbrains.com
DevirtualizationAnalysis.kt;MODIFY;1398;0.0;Equal;True;2024-05-08 12:18:56+00:00;False;167;79;10426;d12a81deebdee77af1389564468b2a8a5f0c05ac;1;noreply@jetbrains.team;igor.chevdar@jetbrains.com
DevirtualizationAnalysis.kt;MODIFY;1399;1.0;Grew;True;2024-05-14 11:43:29+00:00;False;168;79;10436;b49bd9fac7bdc1e7df3e2c80603b7eb73221fb41;7;noreply@jetbrains.team;igor.chevdar@jetbrains.com
DevirtualizationAnalysis.kt;MODIFY;1402;3.0;Grew;True;2024-05-16 12:47:34+00:00;False;168;79;10450;af9d11fad7f9b486664284d4d02f5b46518344dd;2;noreply@jetbrains.team;igor.chevdar@jetbrains.com
DevirtualizationAnalysis.kt;MODIFY;1404;2.0;Grew;True;2024-05-16 12:47:34+00:00;False;168;79;10460;27fca34876bfdeff5aa225a429648f8ed71cbf9e;4;noreply@jetbrains.team;igor.chevdar@jetbrains.com
DevirtualizationAnalysis.kt;MODIFY;1363;-41.0;Decreased;True;2024-07-02 07:33:46+00:00;False;166;78;9900;7858bb74ad8efe366a6ffb37fbbc21e70c34edf2;7;noreply@jetbrains.team;igor.chevdar@jetbrains.com
DevirtualizationAnalysis.kt;MODIFY;1368;5.0;Grew;True;2024-08-14 08:20:56+00:00;False;167;79;9917;4ccc9b616964f3669e413f69e0c8f6d5b78cdc11;30;noreply@jetbrains.team;igor.chevdar@jetbrains.com
DevirtualizationAnalysis.kt;MODIFY;1366;-2.0;Decreased;True;2024-09-05 16:09:41+00:00;False;167;79;9905;f97bdcb65cc62dfed964c2720dd3a647d221148f;62;nikolay.krasko@jetbrains.com;wojciech.litewka@jetbrains.com
DevirtualizationAnalysis.kt;MODIFY;1366;0.0;Equal;True;2024-10-03 10:07:53+00:00;False;167;79;9907;06bc8b4bd24472828bb06e6828a580c064066e05;9;noreply@jetbrains.team;sergej.jaskiewicz@jetbrains.com
DevirtualizationAnalysis.kt;MODIFY;1332;-34.0;Grew;True;2024-10-18 15:47:23+00:00;False;165;77;9631;3aac88f06b1d3956a37521f5411077b6d9144bed;4;noreply@jetbrains.team;igor.chevdar@jetbrains.com
DevirtualizationAnalysis.kt;MODIFY;1369;37.0;Grew;True;2024-10-18 15:47:23+00:00;False;168;80;9919;ade70d52e6f444c68507778d88692cdd0bfeced5;7;noreply@jetbrains.team;igor.chevdar@jetbrains.com
DevirtualizationAnalysis.kt;MODIFY;1325;-44.0;Decreased;True;2024-10-18 15:47:23+00:00;False;165;77;9573;db859ae8269ad98be31741ad3db174318f12eb58;6;noreply@jetbrains.team;igor.chevdar@jetbrains.com
DevirtualizationAnalysis.kt;MODIFY;1371;46.0;Grew;True;2024-10-18 15:47:23+00:00;False;168;80;9909;c7ddf43289c1baa2dddfe63f08b5af4815849b05;4;noreply@jetbrains.team;igor.chevdar@jetbrains.com
DevirtualizationAnalysis.kt;MODIFY;1344;-27.0;Grew;True;2024-10-18 15:47:23+00:00;False;168;80;9688;96b768cd68922aa397229a6b452635a7d780e68a;22;noreply@jetbrains.team;igor.chevdar@jetbrains.com
DevirtualizationAnalysis.kt;MODIFY;1344;0.0;Equal;True;2024-11-08 10:47:46+00:00;False;168;80;9688;3725adde27b6ab0af527110cab47a77e91bfd1dd;9;noreply@jetbrains.team;pavel.kunyavskiy@jetbrains.com
DevirtualizationAnalysis.kt;MODIFY;1343;-1.0;Decreased;True;2024-12-04 18:25:41+00:00;False;168;80;9678;931cba23112128d3641f96a466bc79dbcf4c9235;29;wojciech.litewka@jetbrains.com;wojciech.litewka@jetbrains.com
