file_name;change_type;n_loc;lines_balance;size_change;is_large;date;swapped_classification;complexity;methods;tokens;hash;files_on_commit;committer_email;author_email
Fir2IrCallableDeclarationsGenerator.kt;MODIFY;900;0.0;Grew;True;2023-08-30 14:51:44+00:00;True;94;36;5515;e83dc35ba5b8e3fa38fcf7c4f83d593c0e9bec1b;2;noreply@jetbrains.team;dmitriy.novozhilov@jetbrains.com
Fir2IrCallableDeclarationsGenerator.kt;MODIFY;882;-18.0;Decreased;True;2023-08-30 14:51:44+00:00;False;80;32;5417;b3efad5428e4ee602a2b78df6ff5591bccd7f028;4;noreply@jetbrains.team;dmitriy.novozhilov@jetbrains.com
Fir2IrCallableDeclarationsGenerator.kt;MODIFY;899;17.0;Decreased;True;2023-08-30 14:51:44+00:00;False;94;36;5506;6621b16e77dc9b565799e2b39a4c1659443dde0e;4;noreply@jetbrains.team;dmitriy.novozhilov@jetbrains.com
Fir2IrCallableDeclarationsGenerator.kt;ADD;911;12.0;Grew;True;2023-08-30 14:51:44+00:00;False;94;36;5595;08ebe0448507c8b670da44dfd33e42f8ef550797;15;noreply@jetbrains.team;dmitriy.novozhilov@jetbrains.com
Fir2IrCallableDeclarationsGenerator.kt;MODIFY;911;0.0;Equal;True;2023-08-30 14:51:44+00:00;False;94;36;5575;12c02897e1a0631f3a29b2b2eb23a891b64d455d;2;noreply@jetbrains.team;dmitriy.novozhilov@jetbrains.com
Fir2IrCallableDeclarationsGenerator.kt;MODIFY;900;-11.0;Decreased;True;2023-08-30 14:51:44+00:00;False;94;36;5512;5a46563a2ca38d7508435744711dc73af416852b;5;noreply@jetbrains.team;dmitriy.novozhilov@jetbrains.com
Fir2IrCallableDeclarationsGenerator.kt;MODIFY;873;-27.0;Grew;True;2023-08-30 14:51:45+00:00;False;124;37;5337;771b44fd02bfe696afe58f25184156f7c2674f11;2;noreply@jetbrains.team;dmitriy.novozhilov@jetbrains.com
Fir2IrCallableDeclarationsGenerator.kt;MODIFY;876;3.0;Decreased;True;2023-08-30 14:51:45+00:00;False;79;32;5385;8d9fa0fddeae1a615e75a13e2b50314199af07f4;3;noreply@jetbrains.team;dmitriy.novozhilov@jetbrains.com
Fir2IrCallableDeclarationsGenerator.kt;MODIFY;883;7.0;Decreased;True;2023-08-30 14:51:45+00:00;False;125;38;5464;26211a0277a3016fab2a4c205e248af732c39ed8;10;noreply@jetbrains.team;dmitriy.novozhilov@jetbrains.com
Fir2IrCallableDeclarationsGenerator.kt;MODIFY;867;-16.0;Decreased;True;2023-08-30 14:51:45+00:00;False;79;32;5325;6e2123c2b674d6a7942b21c465c50e370430e439;3;noreply@jetbrains.team;dmitriy.novozhilov@jetbrains.com
Fir2IrCallableDeclarationsGenerator.kt;MODIFY;887;20.0;Grew;True;2023-08-30 14:51:45+00:00;False;125;38;5468;e2e8a9eb8f7c505472a076585e354c56ebd050c9;2;noreply@jetbrains.team;dmitriy.novozhilov@jetbrains.com
Fir2IrCallableDeclarationsGenerator.kt;MODIFY;873;-14.0;Decreased;True;2023-08-30 14:51:45+00:00;False;123;37;5427;b53ccf7facaf43f32e53e049534a7edf5dcc7a60;8;noreply@jetbrains.team;dmitriy.novozhilov@jetbrains.com
Fir2IrCallableDeclarationsGenerator.kt;MODIFY;897;24.0;Grew;True;2023-09-15 11:51:57+00:00;False;125;38;5560;36cb869ac2c3a89c63bf4cdd4f1a487e1293ee37;6;noreply@jetbrains.team;dmitriy.novozhilov@jetbrains.com
Fir2IrCallableDeclarationsGenerator.kt;MODIFY;898;1.0;Grew;True;2023-09-19 22:14:09+00:00;False;125;38;5572;986f1624ec1978875bee89c5890d7c907d30407e;48;noreply@jetbrains.team;nikolay.lunyak@jetbrains.com
Fir2IrCallableDeclarationsGenerator.kt;MODIFY;917;19.0;Grew;True;2023-09-20 13:27:09+00:00;False;107;38;5677;4e08cafc78a703153b0bf43f999884aa826e50b6;2;noreply@jetbrains.team;dmitriy.novozhilov@jetbrains.com
Fir2IrCallableDeclarationsGenerator.kt;MODIFY;920;3.0;Grew;True;2023-09-21 13:09:32+00:00;False;108;39;5682;cd409abfd8bba04f5147d77731b1d0df091143f9;24;noreply@jetbrains.team;pavel.kunyavskiy@jetbrains.com
Fir2IrCallableDeclarationsGenerator.kt;MODIFY;921;1.0;Grew;True;2023-10-04 11:38:15+00:00;False;108;39;5690;67a46eba9c2c13349a684e90239500326fd2a6d7;1;noreply@jetbrains.team;roman.efremov@jetbrains.com
Fir2IrCallableDeclarationsGenerator.kt;MODIFY;922;1.0;Grew;True;2023-10-05 14:37:13+00:00;False;108;39;5698;fa4de48d0e8fec098dc7070a2656de3b6fad3301;1;noreply@jetbrains.team;vladimir.sukharev@jetbrains.com
Fir2IrCallableDeclarationsGenerator.kt;MODIFY;926;4.0;Grew;True;2023-10-13 15:42:58+00:00;False;108;39;5726;0fb4c9b4fe549c3018744d3452eef50ba4c95b09;27;noreply@jetbrains.team;mikhail.glukhikh@jetbrains.com
Fir2IrCallableDeclarationsGenerator.kt;MODIFY;926;0.0;Equal;True;2023-10-17 12:46:27+00:00;False;108;39;5737;bb093037c06edfbd2eabd64e185018e923262158;3;noreply@jetbrains.team;dmitriy.novozhilov@jetbrains.com
Fir2IrCallableDeclarationsGenerator.kt;MODIFY;925;-1.0;Grew;True;2023-10-17 12:46:27+00:00;False;107;39;5745;1e090d45d17bd3db3533fc08c1b147ba6f32417c;3;noreply@jetbrains.team;dmitriy.novozhilov@jetbrains.com
Fir2IrCallableDeclarationsGenerator.kt;MODIFY;943;18.0;Grew;True;2023-10-17 12:46:27+00:00;False;109;40;5821;34d0f3dbc2ded2d17b737c50df172f76df9255e8;5;noreply@jetbrains.team;dmitriy.novozhilov@jetbrains.com
Fir2IrCallableDeclarationsGenerator.kt;MODIFY;936;-7.0;Grew;True;2023-10-17 12:46:27+00:00;False;109;40;5817;50425e82c539ccc5c2fbb4fb9cdb21398cf7f5b8;8;noreply@jetbrains.team;dmitriy.novozhilov@jetbrains.com
Fir2IrCallableDeclarationsGenerator.kt;MODIFY;959;23.0;Grew;True;2023-10-17 12:46:27+00:00;False;116;40;5909;3d6ec0ec755ce36f01668bd47b6f5ce42aa8b007;96;noreply@jetbrains.team;dmitriy.novozhilov@jetbrains.com
Fir2IrCallableDeclarationsGenerator.kt;MODIFY;960;1.0;Grew;True;2023-10-18 07:59:27+00:00;False;116;40;5914;704e2ef5c55ebc62aef1707cadfa5b7e2fd89cbc;43;noreply@jetbrains.team;dmitriy.novozhilov@jetbrains.com
Fir2IrCallableDeclarationsGenerator.kt;MODIFY;968;8.0;Grew;True;2023-10-20 16:33:20+00:00;False;116;40;5985;fbe00b1b91fd07749c548da9b88c16152dd4a5d1;3;noreply@jetbrains.team;ivan.kylchik@jetbrains.com
Fir2IrCallableDeclarationsGenerator.kt;MODIFY;966;-2.0;Decreased;True;2023-10-24 15:35:05+00:00;False;116;40;5956;81821d4cd40735aa1be92310aa6c6dfc1e38ccb6;6;noreply@jetbrains.team;dmitriy.novozhilov@jetbrains.com
Fir2IrCallableDeclarationsGenerator.kt;MODIFY;968;2.0;Grew;True;2023-10-24 17:08:40+00:00;False;119;41;5975;4b2a122f808860f0f541e7f76c2ad27f8a6d5c2d;5;noreply@jetbrains.team;mikhail.glukhikh@jetbrains.com
Fir2IrCallableDeclarationsGenerator.kt;MODIFY;968;0.0;Equal;True;2023-10-25 11:32:46+00:00;False;119;41;5975;fb8bf1909104eafcad9a699dcc4b4214812b0d02;59;noreply@jetbrains.team;dmitriy.novozhilov@jetbrains.com
Fir2IrCallableDeclarationsGenerator.kt;MODIFY;957;-11.0;Decreased;True;2023-11-09 10:43:31+00:00;False;118;40;5913;3c0f153de49abd4f9ac7581f09e3f4459c17073b;5;noreply@jetbrains.team;dmitriy.novozhilov@jetbrains.com
Fir2IrCallableDeclarationsGenerator.kt;MODIFY;888;-69.0;Decreased;True;2023-11-09 10:43:31+00:00;False;96;29;5510;36c0ed3c9ec3f0e63207caaee5f15af2ce1268fe;1;noreply@jetbrains.team;dmitriy.novozhilov@jetbrains.com
Fir2IrCallableDeclarationsGenerator.kt;MODIFY;890;2.0;Decreased;True;2023-11-09 10:43:31+00:00;False;96;29;5512;aab5664c5b5788d34dd74c7bc500ac564c06a0f1;3;noreply@jetbrains.team;dmitriy.novozhilov@jetbrains.com
Fir2IrCallableDeclarationsGenerator.kt;MODIFY;946;56.0;Decreased;True;2023-11-09 10:43:31+00:00;False;112;37;5826;fe66f3a384f0e4157d48cf41bfa01d11bed8295e;4;noreply@jetbrains.team;dmitriy.novozhilov@jetbrains.com
Fir2IrCallableDeclarationsGenerator.kt;MODIFY;914;-32.0;Decreased;True;2023-11-09 10:43:31+00:00;False;99;31;5661;aadc9ce6d590507b29cf34bf6806747891735e55;4;noreply@jetbrains.team;dmitriy.novozhilov@jetbrains.com
Fir2IrCallableDeclarationsGenerator.kt;MODIFY;893;-21.0;Decreased;True;2023-11-09 10:43:31+00:00;False;97;30;5536;cd0baef087b0d53c16e0136e57d77732f6bcf9bb;3;noreply@jetbrains.team;dmitriy.novozhilov@jetbrains.com
Fir2IrCallableDeclarationsGenerator.kt;MODIFY;881;-12.0;Decreased;True;2023-11-20 13:36:27+00:00;False;92;27;5416;736201da1d1444c64ab5af0a24301b3df8b9cf1c;10;noreply@jetbrains.team;dmitriy.novozhilov@jetbrains.com
Fir2IrCallableDeclarationsGenerator.kt;MODIFY;878;-3.0;Decreased;True;2023-11-20 13:36:27+00:00;False;92;27;5368;65797e8fba6b8559a35d73772f446a51abaae05d;7;noreply@jetbrains.team;dmitriy.novozhilov@jetbrains.com
Fir2IrCallableDeclarationsGenerator.kt;MODIFY;895;17.0;Grew;True;2023-11-20 13:36:27+00:00;False;94;28;5539;e3a22791ff8051540c1870e9c894f671e833c3df;9;noreply@jetbrains.team;dmitriy.novozhilov@jetbrains.com
Fir2IrCallableDeclarationsGenerator.kt;MODIFY;883;-12.0;Grew;True;2023-12-14 09:58:03+00:00;False;92;27;5408;28f0f1ea888cabb2a63f0c519238fa44ee96920d;25;noreply@jetbrains.team;dmitriy.novozhilov@jetbrains.com
Fir2IrCallableDeclarationsGenerator.kt;MODIFY;888;5.0;Grew;True;2024-01-08 12:38:37+00:00;False;90;27;5418;b33798d65a79574836f5fa6f73613210a6602ea2;5;noreply@jetbrains.team;alexander.korepanov@jetbrains.com
Fir2IrCallableDeclarationsGenerator.kt;MODIFY;888;0.0;Equal;True;2024-01-25 23:05:15+00:00;False;90;27;5418;53e89a9722b4aa551c3cdc7cb2a29864a0f828be;105;noreply@jetbrains.team;simon.ogorodnik@jetbrains.com
Fir2IrCallableDeclarationsGenerator.kt;MODIFY;888;0.0;Equal;True;2024-02-12 15:02:50+00:00;False;90;27;5413;9532172a22ca1ad67b7d687d0a6107a86f0d7f4d;23;noreply@jetbrains.team;pavel.kunyavskiy@jebtrains.com
Fir2IrCallableDeclarationsGenerator.kt;MODIFY;883;-5.0;Decreased;True;2024-02-13 09:52:09+00:00;False;92;27;5403;4e62400f6f16532c1cd92ebde7ec93abed6d90a4;6;noreply@jetbrains.team;alexander.korepanov@jetbrains.com
Fir2IrCallableDeclarationsGenerator.kt;MODIFY;885;2.0;Grew;True;2024-02-23 11:22:44+00:00;False;92;27;5416;1e388ad7dc88914bc4de9d078cd5700d6cb15071;24;noreply@jetbrains.team;ivan.kochurkin@jetbrains.com
Fir2IrCallableDeclarationsGenerator.kt;MODIFY;885;0.0;Equal;True;2024-02-23 16:26:05+00:00;False;92;27;5406;e340286606b52bbec252863b75a062e90cb3dae0;9;noreply@jetbrains.team;dmitriy.novozhilov@jetbrains.com
Fir2IrCallableDeclarationsGenerator.kt;MODIFY;872;-13.0;Decreased;True;2024-02-28 08:28:14+00:00;False;89;26;5316;e4537cb9f0d815bcea2456e526e1315f3218fc91;3;noreply@jetbrains.team;dmitriy.novozhilov@jetbrains.com
Fir2IrCallableDeclarationsGenerator.kt;MODIFY;870;-2.0;Decreased;True;2024-02-28 13:26:25+00:00;False;89;26;5303;2febc807a11b328e53dd889b63aad6608c6c1f11;24;noreply@jetbrains.team;dmitriy.novozhilov@jetbrains.com
Fir2IrCallableDeclarationsGenerator.kt;MODIFY;872;2.0;Grew;True;2024-03-08 10:10:05+00:00;False;89;26;5316;ea44d4defda615c1c68ebebb2c03572c41fff5bb;25;noreply@jetbrains.team;ivan.kochurkin@jetbrains.com
Fir2IrCallableDeclarationsGenerator.kt;MODIFY;878;6.0;Grew;True;2024-03-26 07:06:11+00:00;False;88;26;5378;8cad781eaa1b7694b0e15c65225c00b46508400f;15;noreply@jetbrains.space;jaebaek@google.com
Fir2IrCallableDeclarationsGenerator.kt;MODIFY;880;2.0;Grew;True;2024-04-03 12:04:30+00:00;False;88;26;5417;3e2776737bcd577426f0994deffda27b557cbd9d;31;noreply@jetbrains.team;dmitriy.novozhilov@jetbrains.com
Fir2IrCallableDeclarationsGenerator.kt;MODIFY;880;0.0;Equal;True;2024-04-18 12:49:20+00:00;False;88;26;5414;4fc64126a3828246346333bebb9ec4cbd8d0b445;2;noreply@jetbrains.team;ivan.kochurkin@jetbrains.com
Fir2IrCallableDeclarationsGenerator.kt;MODIFY;882;2.0;Grew;True;2024-04-29 14:29:52+00:00;False;89;26;5459;d060fdfc949386c203ad40f33b79404202a605ae;6;noreply@jetbrains.team;Dmitriy.Dolovov@jetbrains.com
Fir2IrCallableDeclarationsGenerator.kt;MODIFY;885;3.0;Grew;True;2024-04-30 05:42:45+00:00;False;89;26;5501;f2b7b6e259d380f68281b46f00efe778e9656395;40;noreply@jetbrains.team;dmitriy.novozhilov@jetbrains.com
Fir2IrCallableDeclarationsGenerator.kt;MODIFY;885;0.0;Equal;True;2024-05-01 10:13:34+00:00;False;89;26;5498;f1b8dc41c5ff995b8029cb6f8b2e3a8c9bfac1e0;76;ivan.kylchik@jetbrains.com;ivan.kylchik@jetbrains.com
Fir2IrCallableDeclarationsGenerator.kt;MODIFY;870;-15.0;Decreased;True;2024-05-07 07:37:42+00:00;False;86;24;5388;2faf0d1f9b5d39b3194a5d140c1554f3e1179b77;6;noreply@jetbrains.team;kirill.rakhman@jetbrains.com
Fir2IrCallableDeclarationsGenerator.kt;MODIFY;870;0.0;Equal;True;2024-05-15 10:58:07+00:00;False;86;24;5392;cff91084f650490747a650869cbf9e3e316f1e93;16;noreply@jetbrains.team;dmitriy.novozhilov@jetbrains.com
Fir2IrCallableDeclarationsGenerator.kt;MODIFY;862;-8.0;Decreased;True;2024-05-16 10:45:12+00:00;False;86;24;5321;c4154747fac77ac5584624d7a22992d83404c721;17;noreply@jetbrains.team;dmitriy.novozhilov@jetbrains.com
Fir2IrCallableDeclarationsGenerator.kt;MODIFY;862;0.0;Equal;True;2024-05-22 08:53:53+00:00;False;86;24;5321;df121d907002ad4087262b367f46110eff09d672;20;noreply@jetbrains.team;dmitriy.novozhilov@jetbrains.com
Fir2IrCallableDeclarationsGenerator.kt;MODIFY;863;1.0;Grew;True;2024-06-14 16:17:51+00:00;False;86;24;5325;ffc8237c94a4def6c1039b6d83e4adf31188cd8a;3;noreply@jetbrains.team;brian.norman@jetbrains.com
Fir2IrCallableDeclarationsGenerator.kt;MODIFY;863;0.0;Equal;True;2024-06-27 16:30:31+00:00;False;86;24;5323;72c9dbcb952fad31adfbaad3796f79ce4eeea3af;2;noreply@jetbrains.team;wojciech.litewka@jetbrains.com
Fir2IrCallableDeclarationsGenerator.kt;MODIFY;863;0.0;Equal;True;2024-07-16 10:13:43+00:00;False;86;24;5323;764f60d4c9961dd9d48d11bf26da687efb0ceef0;168;noreply@jetbrains.space;dmitriy.novozhilov@jetbrains.com
Fir2IrCallableDeclarationsGenerator.kt;MODIFY;863;0.0;Grew;True;2024-08-02 11:25:31+00:00;False;86;24;5323;4b37d263a22bb277fae70cfb79d229d740992249;19;noreply@jetbrains.team;vladimir.sukharev@jetbrains.com
Fir2IrCallableDeclarationsGenerator.kt;MODIFY;862;-1.0;Decreased;True;2024-08-02 11:25:31+00:00;False;85;24;5315;983efda26a7c18161755ff8456d54b4cba3a9d0e;2;noreply@jetbrains.team;vladimir.sukharev@jetbrains.com
Fir2IrCallableDeclarationsGenerator.kt;MODIFY;861;-1.0;Decreased;True;2024-08-06 11:33:17+00:00;False;86;24;5314;fc7c556692e9e18b87602daf531d70fa3e8d13bf;3;noreply@jetbrains.team;wojciech.litewka@jetbrains.com
Fir2IrCallableDeclarationsGenerator.kt;MODIFY;861;0.0;Equal;True;2024-08-12 20:34:43+00:00;False;86;24;5308;ed2928903fccfdf7e9db1192267957891a688bb9;5;noreply@jetbrains.space;ivan.kylchik@jetbrains.com
Fir2IrCallableDeclarationsGenerator.kt;MODIFY;856;-5.0;Decreased;True;2024-08-16 09:06:54+00:00;False;86;24;5270;ecc75df445212207836ebc50ca67ad02af6d71c0;36;noreply@jetbrains.space;wojciech.litewka@jetbrains.com
Fir2IrCallableDeclarationsGenerator.kt;MODIFY;857;1.0;Grew;True;2024-08-19 11:05:06+00:00;False;86;24;5280;60627ad5c78e45ef66fcb8fb9e1497ce5e093f83;4;noreply@jetbrains.team;ivan.kylchik@jetbrains.com
Fir2IrCallableDeclarationsGenerator.kt;MODIFY;858;1.0;Grew;True;2024-08-22 22:01:30+00:00;False;86;24;5294;4567e70907c16f7e0a36679db010d2452f5674d4;16;ivan.kochurkin@jetbrains.com;ivan.kochurkin@jetbrains.com
Fir2IrCallableDeclarationsGenerator.kt;MODIFY;857;-1.0;Decreased;True;2024-09-02 13:41:26+00:00;False;86;24;5282;1a677885f3076002c2d5e8b04416536fdc15b138;62;noreply@jetbrains.team;mikhail.glukhikh@jetbrains.com
Fir2IrCallableDeclarationsGenerator.kt;MODIFY;866;9.0;Grew;True;2024-09-05 16:09:40+00:00;False;91;24;5356;d09d6202239cc4c3236cb3a80b598797a60b83c8;9;nikolay.krasko@jetbrains.com;sebastian.sellmair@jetbrains.com
Fir2IrCallableDeclarationsGenerator.kt;MODIFY;865;-1.0;Decreased;True;2024-10-01 09:03:46+00:00;False;91;24;5347;1f0f8bede4865d91a54c1dfc9057652422141541;23;noreply@jetbrains.space;sergej.jaskiewicz@jetbrains.com
Fir2IrCallableDeclarationsGenerator.kt;MODIFY;866;1.0;Grew;True;2024-10-17 14:28:35+00:00;False;91;24;5356;5ac0c2cadaf89485034d8fe5da0a14dfa4ce9323;13;noreply@jetbrains.space;nikitanazarov@google.com
Fir2IrCallableDeclarationsGenerator.kt;MODIFY;867;1.0;Grew;True;2024-11-06 15:29:39+00:00;False;81;24;5381;c1e143f85a51a08cb4202fcafcedcb8567d5114c;49;noreply@jetbrains.space;kirill.rakhman@jetbrains.com
Fir2IrCallableDeclarationsGenerator.kt;MODIFY;867;0.0;Equal;True;2024-11-07 16:11:45+00:00;False;81;24;5381;1b28b2562d94e62e6f84c9465110fc548a394bfa;41;noreply@jetbrains.space;kirill.rakhman@jetbrains.com
Fir2IrCallableDeclarationsGenerator.kt;MODIFY;867;0.0;Equal;True;2024-11-19 12:11:41+00:00;False;81;24;5381;f1fe60ef7555fbfc32150a63fa677e6e6a5c064a;186;noreply@jetbrains.team;kirill.rakhman@jetbrains.com
Fir2IrCallableDeclarationsGenerator.kt;MODIFY;871;4.0;Grew;True;2024-11-19 14:52:27+00:00;False;82;24;5402;b00dc12c554268c2cf764c02f7b5b3e08eb37c5f;25;noreply@jetbrains.team;kirill.rakhman@jetbrains.com
Fir2IrCallableDeclarationsGenerator.kt;MODIFY;868;-3.0;Decreased;True;2024-11-20 18:12:33+00:00;False;82;24;5348;a262bf1dea7dab85621b4efc458256c172189c1a;29;noreply@jetbrains.team;dmitry.gridin@jetbrains.com
Fir2IrCallableDeclarationsGenerator.kt;MODIFY;868;0.0;Equal;True;2024-11-28 20:58:24+00:00;False;82;24;5348;de38776263fb196051bbba9f1735c80f860d6dfb;9;noreply@jetbrains.space;kirill.rakhman@jetbrains.com
Fir2IrCallableDeclarationsGenerator.kt;MODIFY;867;-1.0;Decreased;True;2024-12-03 08:34:24+00:00;False;82;24;5339;8dbc24e6f3b82dbf8d247d06cbb4991222b7915b;38;noreply@jetbrains.team;dmitriy.novozhilov@jetbrains.com
Fir2IrCallableDeclarationsGenerator.kt;MODIFY;868;1.0;Grew;True;2024-12-17 12:16:28+00:00;False;82;24;5347;00fa8a0c53fea4ed7a8d379b41174b59783a1d5d;5;noreply@jetbrains.space;jaebaek@google.com
Fir2IrCallableDeclarationsGenerator.kt;MODIFY;868;0.0;Equal;True;2024-12-19 10:54:56+00:00;False;82;24;5347;4c225cffc230259839b6baabc0924d9ae23671df;4;noreply@jetbrains.team;dmitriy.novozhilov@jetbrains.com
