file_name;change_type;n_loc;lines_balance;size_change;is_large;date;swapped_classification;complexity;methods;tokens;hash;files_on_commit;committer_email;author_email
FirCallResolver.kt;MODIFY;820;0.0;Equal;True;2024-06-21 17:15:58+00:00;True;108;26;4976;7cc5e6becc4113ebd5f4af7beeaaf446b4f1114e;2;noreply@jetbrains.team;dmitriy.novozhilov@jetbrains.com
FirCallResolver.kt;RENAME;820;0.0;Grew;True;2024-06-21 17:15:58+00:00;False;108;26;4972;3758167a4353de480c72dbd4008bbef6346eb505;7;noreply@jetbrains.team;dmitriy.novozhilov@jetbrains.com
FirCallResolver.kt;MODIFY;821;1.0;Grew;True;2024-06-21 17:15:58+00:00;False;108;26;4988;ba5fce9e990e2291cb114a94fbc36b7e4493b391;55;noreply@jetbrains.team;dmitriy.novozhilov@jetbrains.com
FirCallResolver.kt;MODIFY;821;0.0;Equal;True;2024-06-24 12:16:36+00:00;False;108;26;4992;f8e1ae5bd3a9b9d2a96ef1b1a2953dfd0c95b881;3;noreply@jetbrains.team;mikhail.glukhikh@jetbrains.com
FirCallResolver.kt;MODIFY;820;-1.0;Grew;True;2024-06-26 11:59:17+00:00;False;110;26;5004;b25542cbb4f484bf920e592f44af3a1a3009cd7b;17;noreply@jetbrains.team;nikolay.lunyak@jetbrains.com
FirCallResolver.kt;MODIFY;824;4.0;Equal;True;2024-07-02 06:32:36+00:00;False;110;26;5035;7b96506a65575d669fa851b971a51bb8cdc2e51c;2;noreply@jetbrains.team;dmitriy.novozhilov@jetbrains.com
FirCallResolver.kt;MODIFY;824;0.0;Grew;True;2024-07-02 06:32:36+00:00;False;110;26;5032;a23115c7abaac8c756e8defbde2c5e67d8dfc61c;18;noreply@jetbrains.team;dmitriy.novozhilov@jetbrains.com
FirCallResolver.kt;MODIFY;824;0.0;Equal;True;2024-07-09 10:19:24+00:00;False;110;26;5031;542f74d396dcefe2b55f8b09874c4567a1737855;56;noreply@jetbrains.space;dmitriy.novozhilov@jetbrains.com
FirCallResolver.kt;MODIFY;824;0.0;Equal;True;2024-07-10 13:24:30+00:00;False;110;26;5031;83e2b814f14e40324ed12a8eb5094ac9c4819027;21;noreply@jetbrains.team;dmitriy.novozhilov@jetbrains.com
FirCallResolver.kt;MODIFY;824;0.0;Equal;True;2024-07-10 13:24:31+00:00;False;110;26;5031;afbbd09de3e2679975b370642d3fa90c28580341;14;noreply@jetbrains.team;dmitriy.novozhilov@jetbrains.com
FirCallResolver.kt;MODIFY;824;0.0;Equal;True;2024-07-11 07:33:22+00:00;False;110;26;5043;a0339bf79ce39fccc37ca0ab9d2e67b52982fe34;21;noreply@jetbrains.team;mikhail.glukhikh@jetbrains.com
FirCallResolver.kt;MODIFY;827;3.0;Grew;True;2024-07-12 07:14:07+00:00;False;110;26;5050;7f206b2865aa089470b902abf0b6ad75cc3f826d;3;noreply@jetbrains.team;dmitriy.novozhilov@jetbrains.com
FirCallResolver.kt;MODIFY;827;0.0;Equal;True;2024-07-16 10:13:43+00:00;False;110;26;5050;764f60d4c9961dd9d48d11bf26da687efb0ceef0;168;noreply@jetbrains.space;dmitriy.novozhilov@jetbrains.com
FirCallResolver.kt;MODIFY;834;7.0;Grew;True;2024-07-22 16:52:15+00:00;False;108;25;5120;1ae9058eeb7e2088ff42c771d81af051bfa27ee8;32;noreply@jetbrains.team;dmitry.gridin@jetbrains.com
FirCallResolver.kt;MODIFY;786;-48.0;Decreased;True;2024-07-23 06:10:44+00:00;False;104;23;4804;33df72671cdf59d37ef1fabfff89070314097db7;3;noreply@jetbrains.team;kirill.rakhman@jetbrains.com
FirCallResolver.kt;MODIFY;790;4.0;Grew;True;2024-08-27 15:11:27+00:00;False;106;23;4846;7fa49359f21f155a52b27396c3ab1212c0310949;10;noreply@jetbrains.team;kirill.rakhman@jetbrains.com
FirCallResolver.kt;MODIFY;797;7.0;Grew;True;2024-09-02 09:29:37+00:00;False;108;23;4872;39ce6ca176faa40ee5448e6108856c17bb7f7037;3;noreply@jetbrains.team;mikhail.glukhikh@jetbrains.com
FirCallResolver.kt;MODIFY;796;-1.0;Decreased;True;2024-09-02 13:41:26+00:00;False;108;23;4860;1a677885f3076002c2d5e8b04416536fdc15b138;62;noreply@jetbrains.team;mikhail.glukhikh@jetbrains.com
FirCallResolver.kt;MODIFY;783;-13.0;Decreased;True;2024-09-04 11:47:10+00:00;False;104;22;4772;8c7524ecb479f98d7e2b2d619a35615324b4df14;4;noreply@jetbrains.team;mikhail.glukhikh@jetbrains.com
FirCallResolver.kt;MODIFY;795;12.0;Grew;True;2024-09-21 10:56:42+00:00;False;104;22;4816;acc3f40459cea16d12d681bd5a6936bc24ecb9fc;12;noreply@jetbrains.team;mikhail.glukhikh@jetbrains.com
FirCallResolver.kt;MODIFY;795;0.0;Equal;True;2024-10-11 14:49:24+00:00;False;104;22;4817;4bc4bf62ece09d8a674d96d22255f5e20297c91a;4;noreply@jetbrains.team;kirill.rakhman@jetbrains.com
FirCallResolver.kt;MODIFY;788;-7.0;Decreased;True;2024-10-28 13:22:39+00:00;False;104;22;4789;e8faa0596a0198798788b9c0891c310ddfef25cd;4;noreply@jetbrains.team;Mikhail.Glukhikh@jetbrains.com
FirCallResolver.kt;MODIFY;786;-2.0;Decreased;True;2024-11-05 12:19:30+00:00;False;103;22;4779;7382885a0782de336fa89e50d8107fc2236eee9c;2;noreply@jetbrains.team;ivan.kochurkin@jetbrains.com
FirCallResolver.kt;MODIFY;786;0.0;Grew;True;2024-11-18 15:19:00+00:00;False;103;22;4780;e03cc9b158b751e42b931a4ed087cf20fbbd2850;4;noreply@jetbrains.team;denis.zharkov@jetbrains.com
FirCallResolver.kt;MODIFY;786;0.0;Equal;True;2024-11-28 20:58:24+00:00;False;103;22;4780;f838e1bfcd86ad1010126dcc47fbd8c1e3fcaf6a;40;noreply@jetbrains.space;kirill.rakhman@jetbrains.com
FirCallResolver.kt;MODIFY;786;0.0;Equal;True;2024-11-28 20:58:24+00:00;False;103;22;4780;330c264389810a0d00c5934862cfa37d549dd4a0;7;noreply@jetbrains.space;kirill.rakhman@jetbrains.com
FirCallResolver.kt;MODIFY;786;0.0;Equal;True;2024-12-12 15:23:30+00:00;False;104;22;4794;4b0ad304e39aee0366cafcaaa7153fe0384f6510;5;noreply@jetbrains.team;kirill.rakhman@jetbrains.com
