file_name;change_type;n_loc;lines_balance;size_change;is_large;date;swapped_classification;complexity;methods;tokens;hash;files_on_commit;committer_email;author_email
FirExpectActualMatchingContextImpl.kt;MODIFY;299;0.0;Grew;False;2023-07-24 09:48:48+00:00;False;14;9;2344;1a4ab9bb4b2034e4a792e6714c322010a060d4d3;49;noreply@jetbrains.team;roman.efremov@jetbrains.com
FirExpectActualMatchingContextImpl.kt;RENAME;263;-36.0;Grew;False;2023-07-24 09:48:48+00:00;False;8;6;2068;b1bdb619d8aaf28b942bb0367c81cac0d22db741;5;noreply@jetbrains.team;roman.efremov@jetbrains.com
FirExpectActualMatchingContextImpl.kt;MODIFY;308;45.0;Grew;False;2023-07-24 09:48:49+00:00;False;16;10;2414;234f4531739e1ca0917cbceb2f1ea9ed22fb1499;13;noreply@jetbrains.team;roman.efremov@jetbrains.com
FirExpectActualMatchingContextImpl.kt;MODIFY;316;8.0;Grew;False;2023-07-24 09:48:49+00:00;False;16;10;2469;6611a55a6068690a0bedb47fdeb342141fc98da7;15;noreply@jetbrains.team;roman.efremov@jetbrains.com
FirExpectActualMatchingContextImpl.kt;MODIFY;311;-5.0;Grew;False;2023-07-24 09:48:49+00:00;False;16;10;2450;ad84c83ee9e06285297e3f5bfd5e38c53200c723;11;noreply@jetbrains.team;roman.efremov@jetbrains.com
FirExpectActualMatchingContextImpl.kt;MODIFY;317;6.0;Grew;False;2023-08-02 13:12:31+00:00;False;16;10;2476;11ccad7e405e43be2f448c41172765bdfe7d84c7;19;noreply@jetbrains.team;roman.efremov@jetbrains.com
FirExpectActualMatchingContextImpl.kt;MODIFY;317;0.0;Equal;False;2023-08-03 17:07:08+00:00;False;16;10;2477;05cead2ab5986fc52a1a0e4f86ed6dcebf434d6b;4;noreply@jetbrains.team;roman.efremov@jetbrains.com
FirExpectActualMatchingContextImpl.kt;MODIFY;329;12.0;Grew;False;2023-08-10 15:46:46+00:00;False;16;10;2569;d39755b578c9ad60ec9922e79df169319d2620af;41;teamcity@ip-10-128-209-140.eu-west-1.compute.internal;nikita.bobko@jetbrains.com
FirExpectActualMatchingContextImpl.kt;MODIFY;329;0.0;Equal;False;2023-08-15 16:34:23+00:00;False;16;10;2577;577d0db3f15007e06379bd27aa96c8938a791e58;8;noreply@jetbrains.team;nikita.bobko@jetbrains.com
FirExpectActualMatchingContextImpl.kt;MODIFY;391;62.0;Grew;False;2023-08-22 12:14:42+00:00;False;27;14;2972;ab1c0e3c48f60d0e588e7799463bbccc7dcb50d5;30;noreply@jetbrains.team;roman.efremov@jetbrains.com
FirExpectActualMatchingContextImpl.kt;MODIFY;378;-13.0;Grew;False;2023-08-22 12:14:42+00:00;False;24;12;2867;8aa3ccd342011285bf0942db4ea603e259fedff3;25;noreply@jetbrains.team;roman.efremov@jetbrains.com
FirExpectActualMatchingContextImpl.kt;MODIFY;395;17.0;Grew;False;2023-08-22 12:14:43+00:00;False;27;14;3007;def4388c191d97e0ba357452b8a19ea3dee37e3e;10;noreply@jetbrains.team;roman.efremov@jetbrains.com
FirExpectActualMatchingContextImpl.kt;MODIFY;392;-3.0;Grew;False;2023-08-22 12:14:43+00:00;False;27;14;2976;b57940a59beeab471e012c72706c0d4b9bee57f7;13;noreply@jetbrains.team;roman.efremov@jetbrains.com
FirExpectActualMatchingContextImpl.kt;MODIFY;395;3.0;Grew;False;2023-08-22 12:14:43+00:00;False;27;14;3007;1cf1a84594a488af74006debd0f930399f806c14;1;noreply@jetbrains.team;roman.efremov@jetbrains.com
FirExpectActualMatchingContextImpl.kt;MODIFY;395;0.0;Equal;False;2023-08-23 13:15:20+00:00;False;27;14;3007;3124cbcbad3bfef409be1e237fd12b963ea2623e;5;noreply@jetbrains.team;roman.efremov@jetbrains.com
FirExpectActualMatchingContextImpl.kt;MODIFY;395;0.0;Equal;False;2023-08-24 07:54:56+00:00;False;27;14;3003;9ec814b7adbada1726cadbd065e72dc014eda73c;108;noreply@jetbrains.team;kirill.rakhman@jetbrains.com
FirExpectActualMatchingContextImpl.kt;MODIFY;395;0.0;Equal;False;2023-08-24 07:54:57+00:00;False;27;14;3003;7fde5af7f8a460011b25ada9a663e76393de6c30;91;noreply@jetbrains.team;kirill.rakhman@jetbrains.com
FirExpectActualMatchingContextImpl.kt;MODIFY;395;0.0;Equal;False;2023-08-31 09:38:44+00:00;False;27;14;3003;6169834bb3f083d5240952c0bf07a8c541857752;12;noreply@jetbrains.team;dmitriy.novozhilov@jetbrains.com
FirExpectActualMatchingContextImpl.kt;MODIFY;397;2.0;Grew;False;2023-09-15 14:41:37+00:00;False;25;13;3031;420dceb7d85027980539e61330dd715df182f92e;20;noreply@jetbrains.team;roman.efremov@jetbrains.com
FirExpectActualMatchingContextImpl.kt;MODIFY;399;2.0;Grew;False;2023-09-15 14:41:38+00:00;False;25;13;3047;e79851910e1c1b7c440d3552e7be713dc0f6406a;15;noreply@jetbrains.team;roman.efremov@jetbrains.com
FirExpectActualMatchingContextImpl.kt;MODIFY;399;0.0;Equal;False;2023-09-15 15:21:10+00:00;False;25;13;3047;f8ada456e4c1bba5559ef0f68ed4399ce84696c4;35;noreply@jetbrains.team;mikhail.glukhikh@jetbrains.com
FirExpectActualMatchingContextImpl.kt;MODIFY;405;6.0;Grew;False;2023-09-19 10:19:08+00:00;False;27;14;3068;c88b4105c50fd7c28d42af2d5109afd39f7d8763;3;noreply@jetbrains.team;roman.efremov@jetbrains.com
FirExpectActualMatchingContextImpl.kt;MODIFY;405;0.0;Equal;False;2023-09-19 22:14:09+00:00;False;27;14;3068;986f1624ec1978875bee89c5890d7c907d30407e;48;noreply@jetbrains.team;nikolay.lunyak@jetbrains.com
FirExpectActualMatchingContextImpl.kt;MODIFY;401;-4.0;Decreased;False;2023-10-10 09:02:07+00:00;False;27;14;3034;91a337074eb6886d73945f644f8f728e7f2ac31b;12;noreply@jetbrains.team;nikita.bobko@jetbrains.com
FirExpectActualMatchingContextImpl.kt;MODIFY;486;85.0;Grew;False;2023-10-16 10:48:08+00:00;False;44;16;3577;0fd700de21b9d99246f2d244c19dc1df0fa4f548;10;noreply@jetbrains.team;roman.efremov@jetbrains.com
FirExpectActualMatchingContextImpl.kt;MODIFY;461;-25.0;Grew;False;2023-10-16 10:48:08+00:00;False;44;16;3480;423f4ca5f0bb8a1fa9acf49adae64055c09fbd06;22;noreply@jetbrains.team;roman.efremov@jetbrains.com
FirExpectActualMatchingContextImpl.kt;MODIFY;508;47.0;Grew;True;2023-10-17 06:49:38+00:00;True;50;16;3695;9f6abfc16684b58248c7f992003f7172f6813607;5;noreply@jetbrains.team;mikhail.glukhikh@jetbrains.com
FirExpectActualMatchingContextImpl.kt;MODIFY;509;1.0;Grew;True;2023-11-06 14:41:18+00:00;False;50;16;3707;d0b34fe378e0674d762f255b21e2b7437eebb470;20;teamcity@ip-10-128-210-78.eu-west-1.compute.internal;nikita.bobko@jetbrains.com
FirExpectActualMatchingContextImpl.kt;MODIFY;509;0.0;Equal;True;2023-11-06 14:41:19+00:00;False;50;16;3698;eb0c8c00c3b7c0911cafb06c4d0f13481b27a90c;16;teamcity@ip-10-128-210-78.eu-west-1.compute.internal;nikita.bobko@jetbrains.com
FirExpectActualMatchingContextImpl.kt;MODIFY;509;0.0;Equal;True;2023-11-06 14:41:19+00:00;False;50;16;3708;664b9cc3ba4426d4b76da3a657185ca3218b05e1;11;teamcity@ip-10-128-210-78.eu-west-1.compute.internal;nikita.bobko@jetbrains.com
FirExpectActualMatchingContextImpl.kt;MODIFY;509;0.0;Equal;True;2023-11-06 14:41:20+00:00;False;50;16;3698;8722e142f65ffe9966262ed89af924404885c9db;7;teamcity@ip-10-128-210-78.eu-west-1.compute.internal;nikita.bobko@jetbrains.com
FirExpectActualMatchingContextImpl.kt;MODIFY;508;-1.0;Decreased;True;2023-11-06 14:41:22+00:00;False;50;16;3694;dab69e38c4586e36bcc961871cb0d060fc04b1fd;8;teamcity@ip-10-128-210-78.eu-west-1.compute.internal;nikita.bobko@jetbrains.com
FirExpectActualMatchingContextImpl.kt;MODIFY;515;7.0;Grew;True;2023-11-06 14:41:23+00:00;False;55;16;3720;a9583e4f9ac9f9c0a55a7de53a1ed83dabe93271;6;teamcity@ip-10-128-210-78.eu-west-1.compute.internal;nikita.bobko@jetbrains.com
FirExpectActualMatchingContextImpl.kt;MODIFY;513;-2.0;Decreased;True;2023-11-06 14:41:23+00:00;False;55;16;3710;75a0442b613c4a5dc4db8cba81fe02183528499d;12;teamcity@ip-10-128-210-78.eu-west-1.compute.internal;nikita.bobko@jetbrains.com
FirExpectActualMatchingContextImpl.kt;MODIFY;511;-2.0;Decreased;True;2023-11-06 14:41:24+00:00;False;55;16;3700;b331726c6e853364784c0e3ec8d3e311c5f46396;5;teamcity@ip-10-128-210-78.eu-west-1.compute.internal;nikita.bobko@jetbrains.com
FirExpectActualMatchingContextImpl.kt;MODIFY;513;2.0;Grew;True;2023-11-24 18:02:47+00:00;False;55;16;3718;a1ce8ac1752130ea3cd008f4e4a3b09891159ffc;58;teamcity@ip-10-128-210-208.eu-west-1.compute.internal;nikita.bobko@jetbrains.com
FirExpectActualMatchingContextImpl.kt;MODIFY;515;2.0;Grew;True;2023-11-24 18:02:48+00:00;False;55;16;3723;5b72c127bdba8ad82011dee3cac3862f40f101b9;9;teamcity@ip-10-128-210-208.eu-west-1.compute.internal;nikita.bobko@jetbrains.com
FirExpectActualMatchingContextImpl.kt;MODIFY;519;4.0;Grew;True;2023-11-24 18:02:49+00:00;False;55;16;3755;7166adb17953367b2aef11f5843780169f06ed32;20;teamcity@ip-10-128-210-208.eu-west-1.compute.internal;nikita.bobko@jetbrains.com
FirExpectActualMatchingContextImpl.kt;MODIFY;562;43.0;Grew;True;2023-11-27 18:23:42+00:00;False;60;18;4047;d343e40ac5b803297520b1305d6d527a4da31165;3;noreply@jetbrains.team;roman.efremov@jetbrains.com
FirExpectActualMatchingContextImpl.kt;MODIFY;550;-12.0;Grew;True;2023-11-27 18:23:42+00:00;False;58;17;3987;4aaf290c99f8b84f4db2a2f8edef151a9e98d1f2;14;noreply@jetbrains.team;roman.efremov@jetbrains.com
FirExpectActualMatchingContextImpl.kt;MODIFY;561;11.0;Decreased;True;2023-12-04 13:08:23+00:00;False;60;18;4045;48fdeeb42d004ef3a4d9b9012634ee5955906aa7;4;noreply@jetbrains.team;nikita.bobko@jetbrains.com
FirExpectActualMatchingContextImpl.kt;MODIFY;564;3.0;Grew;True;2023-12-20 13:37:43+00:00;False;60;18;4077;30aad31ece22f9fae62e36b1bfa9ff7c6e4f5587;16;noreply@jetbrains.team;roman.efremov@jetbrains.com
FirExpectActualMatchingContextImpl.kt;MODIFY;564;0.0;Equal;True;2024-01-17 14:47:41+00:00;False;60;18;4083;ee1ee965a16ef422c4c1b1e4ca5e4bd21519963c;5;noreply@jetbrains.team;roman.efremov@jetbrains.com
FirExpectActualMatchingContextImpl.kt;MODIFY;564;0.0;Equal;True;2024-01-25 23:05:15+00:00;False;60;18;4083;53e89a9722b4aa551c3cdc7cb2a29864a0f828be;105;noreply@jetbrains.team;simon.ogorodnik@jetbrains.com
FirExpectActualMatchingContextImpl.kt;MODIFY;560;-4.0;Decreased;True;2024-02-25 18:18:55+00:00;False;60;18;4063;4c602585b03ec1e2a70e632097d87d4b2491ddec;4;noreply@jetbrains.team;nikita.bobko@jetbrains.com
FirExpectActualMatchingContextImpl.kt;MODIFY;557;-3.0;Decreased;True;2024-03-14 10:53:43+00:00;False;60;18;4025;a8275c99a315dacb1fd5a71e3893bf2a7a480b02;12;noreply@jetbrains.team;nikita.bobko@jetbrains.com
FirExpectActualMatchingContextImpl.kt;MODIFY;535;-22.0;Decreased;True;2024-04-29 13:32:43+00:00;False;56;17;3899;7465b2a2c6745dc0568e9684f5823714c9c8cc14;11;noreply@jetbrains.team;ivan.kylchik@jetbrains.com
FirExpectActualMatchingContextImpl.kt;MODIFY;535;0.0;Equal;True;2024-04-30 17:41:51+00:00;False;56;17;3901;c8227743dc6fd44de16d32a50ac7388f87990404;144;noreply@jetbrains.team;dmitriy.novozhilov@jetbrains.com
FirExpectActualMatchingContextImpl.kt;MODIFY;537;2.0;Grew;True;2024-06-07 09:21:16+00:00;False;56;17;3925;35696b750b4977d1b8f5ecf35769363c7ad59c9f;14;noreply@jetbrains.team;Dmitriy.Dolovov@jetbrains.com
FirExpectActualMatchingContextImpl.kt;MODIFY;536;-1.0;Grew;True;2024-07-09 10:19:24+00:00;False;56;17;3903;542f74d396dcefe2b55f8b09874c4567a1737855;56;noreply@jetbrains.space;dmitriy.novozhilov@jetbrains.com
FirExpectActualMatchingContextImpl.kt;MODIFY;534;-2.0;Decreased;True;2024-07-09 10:19:24+00:00;False;56;17;3881;511094e2f96bdf33521a0d4321981d2cf42d90b2;113;noreply@jetbrains.space;dmitriy.novozhilov@jetbrains.com
FirExpectActualMatchingContextImpl.kt;MODIFY;536;2.0;Equal;True;2024-07-16 10:13:43+00:00;False;56;17;3903;764f60d4c9961dd9d48d11bf26da687efb0ceef0;168;noreply@jetbrains.space;dmitriy.novozhilov@jetbrains.com
FirExpectActualMatchingContextImpl.kt;MODIFY;536;0.0;Equal;True;2024-09-06 11:40:35+00:00;False;56;17;3901;da7575c0b7cf9a7dcc83274f9e16b9094fc9c8e4;16;noreply@jetbrains.space;kirill.rakhman@jetbrains.com
FirExpectActualMatchingContextImpl.kt;MODIFY;536;0.0;Equal;True;2024-09-06 11:40:35+00:00;False;56;17;3901;3360b4e82e35c77d0945fb56f717ea31066b6e4a;18;noreply@jetbrains.space;kirill.rakhman@jetbrains.com
FirExpectActualMatchingContextImpl.kt;MODIFY;535;-1.0;Decreased;True;2024-09-11 18:19:51+00:00;False;56;17;3882;b57adba97c32b06a6df75a16f6eafdf2cec0b8d2;12;teamcity@ip-10-128-210-78.eu-west-1.compute.internal;nikita.bobko@jetbrains.com
FirExpectActualMatchingContextImpl.kt;MODIFY;535;0.0;Equal;True;2024-09-30 16:06:11+00:00;False;56;17;3882;8724256417e8671391478bcb84f52f759573a71d;6;noreply@jetbrains.team;nikita.bobko@jetbrains.com
FirExpectActualMatchingContextImpl.kt;MODIFY;555;20.0;Grew;True;2024-09-30 16:06:12+00:00;False;56;17;4051;e901b53f2076e59825afe73dcb04ccc99baaa3d5;8;noreply@jetbrains.team;nikita.bobko@jetbrains.com
FirExpectActualMatchingContextImpl.kt;MODIFY;555;0.0;Equal;True;2024-11-18 12:18:53+00:00;False;56;17;4055;17065dd5615223e45a6c09cae6f7a54f0ecfd5be;3;noreply@jetbrains.team;dmitriy.novozhilov@jetbrains.com
FirExpectActualMatchingContextImpl.kt;MODIFY;553;-2.0;Decreased;True;2024-12-12 14:49:09+00:00;False;56;17;4046;ca74ad2ea0e1c193d36a0c9958be3f029af12fa7;4;noreply@jetbrains.team;mikhail.glukhikh@jetbrains.com
FirExpectActualMatchingContextImpl.kt;MODIFY;555;2.0;Equal;True;2024-12-12 14:49:09+00:00;False;56;17;4055;faaae3e82edf6c42396dbffbe932be94ee15aa1d;76;noreply@jetbrains.team;mikhail.glukhikh@jetbrains.com
