file_name;change_type;n_loc;lines_balance;size_change;is_large;date;swapped_classification;complexity;methods;tokens;hash;files_on_commit;committer_email;author_email
FirMemberDeserializer.kt;RENAME;447;0.0;Equal;False;2020-09-01 09:00:10+00:00;False;28;21;2804;ed4c6a38b6b604a89d37ef6e16d9afd341a3116d;17;dmitriy.novozhilov@jetbrains.com;dmitriy.novozhilov@jetbrains.com
FirMemberDeserializer.kt;MODIFY;447;0.0;Equal;False;2020-09-11 07:08:34+00:00;False;28;21;2804;8d2e89a9eab911f05f16fd926e36deabbed4a04c;14;dmitriy.novozhilov@jetbrains.com;dmitriy.novozhilov@jetbrains.com
FirMemberDeserializer.kt;MODIFY;455;8.0;Grew;False;2020-09-15 07:21:35+00:00;False;26;21;2872;2fad935ce2307e8bc44c59152d023c0c6c543538;5;glukhikh@mail.ru;jsjeon@google.com
FirMemberDeserializer.kt;MODIFY;455;0.0;Equal;False;2020-09-17 14:23:25+00:00;False;26;21;2872;7c5160a968e0a3b04d88cb83d91608fc4f4178c1;2;dmitriy.novozhilov@jetbrains.com;dmitriy.novozhilov@jetbrains.com
FirMemberDeserializer.kt;MODIFY;470;15.0;Grew;False;2020-09-17 14:23:26+00:00;False;26;21;2953;d4cc98fab12f72079515884346d290564e34e828;3;dmitriy.novozhilov@jetbrains.com;dmitriy.novozhilov@jetbrains.com
FirMemberDeserializer.kt;MODIFY;463;-7.0;Decreased;False;2020-09-17 14:23:26+00:00;False;26;21;2917;a666eee67b9143079024e49b1ab14059f8fe0422;4;dmitriy.novozhilov@jetbrains.com;dmitriy.novozhilov@jetbrains.com
FirMemberDeserializer.kt;MODIFY;466;3.0;Grew;False;2020-09-17 14:23:26+00:00;False;26;21;2938;8deab3559eed80f58507c929ce8afa5f7703997c;1;dmitriy.novozhilov@jetbrains.com;dmitriy.novozhilov@jetbrains.com
FirMemberDeserializer.kt;MODIFY;464;-2.0;Decreased;False;2020-09-23 11:05:09+00:00;False;26;21;2921;a018847f85c2aa0342b8a7d37f07a9275e11d584;3;dmitriy.novozhilov@jetbrains.com;dmitriy.novozhilov@jetbrains.com
FirMemberDeserializer.kt;MODIFY;467;3.0;Grew;False;2020-10-07 06:46:40+00:00;False;26;21;2955;49307e243c52c5c119b8935421baf71e1108e551;4;glukhikh@mail.ru;jsjeon@google.com
FirMemberDeserializer.kt;MODIFY;475;8.0;Grew;False;2020-10-28 08:43:25+00:00;False;26;21;3025;9996c983c905e2f1f48d11f384fa0baf511c440c;32;denis.zharkov@jetbrains.com;denis.zharkov@jetbrains.com
FirMemberDeserializer.kt;MODIFY;476;1.0;Grew;False;2021-01-12 07:33:45+00:00;False;26;21;3030;f6187632505b9f6f177e9850cdbf7e0bb19a7d2a;12;mikhail.glukhikh@jetbrains.com;pyos@google.com
FirMemberDeserializer.kt;MODIFY;476;0.0;Equal;False;2021-02-24 19:13:41+00:00;False;26;21;3028;83f8650e801b67cc685b812a9e079478c9ed0ef3;48;ilya.kirillov@jetbrains.com;ilya.kirillov@jetbrains.com
FirMemberDeserializer.kt;MODIFY;476;0.0;Equal;False;2021-03-02 16:11:24+00:00;False;26;21;3030;a7e6667648a882d06c65c8fd764f2d36d52f2c1b;11;TeamCityServer@buildserver-app.Labs.IntelliJ.Net;dmitriy.novozhilov@jetbrains.com
FirMemberDeserializer.kt;MODIFY;477;1.0;Grew;False;2021-03-24 20:24:19+00:00;False;26;21;3035;20fdad87ec9d531075b0c8a0349585106647d590;4;ilya.chernikov@jetbrains.com;ilya.chernikov@jetbrains.com
FirMemberDeserializer.kt;MODIFY;508;31.0;Grew;True;2021-04-06 09:30:46+00:00;True;26;21;3155;3ef87d0265ce34717d9cce9f713e2ca1261c685f;33;TeamCityServer@buildserver-ro-srv.Labs.IntelliJ.Net;dmitriy.novozhilov@jetbrains.com
FirMemberDeserializer.kt;MODIFY;508;0.0;Equal;True;2021-04-07 09:25:21+00:00;False;26;21;3153;d05ef3a63589b6362702ef95d318e7680df3d026;57;igor.yakovlev@jetbrains.com;igor.yakovlev@jetbrains.com
FirMemberDeserializer.kt;MODIFY;508;0.0;Equal;True;2021-04-22 11:32:03+00:00;False;26;21;3153;f98f41bbc361ebd48eb148ac7b83725c4ad84baa;67;TeamCityServer@buildserver-app.Labs.IntelliJ.Net;dmitriy.novozhilov@jetbrains.com
FirMemberDeserializer.kt;MODIFY;510;2.0;Grew;True;2021-04-27 15:39:02+00:00;False;26;21;3165;12331cb10cca030ac772cf218e2b4ddaf36b1c57;4;TeamCityServer@buildserver-app.Labs.IntelliJ.Net;dmitriy.novozhilov@jetbrains.com
FirMemberDeserializer.kt;MODIFY;512;2.0;Grew;True;2021-05-14 11:30:27+00:00;False;26;21;3183;5cfa8694d4ed7331c5ad901d80ecfd39c91d45b7;177;TeamCityServer@buildserver-app.Labs.IntelliJ.Net;dmitriy.novozhilov@jetbrains.com
FirMemberDeserializer.kt;MODIFY;511;-1.0;Decreased;True;2021-06-21 15:45:37+00:00;False;26;21;3173;efe3f7b87eca928fa7adc4553c85af64ddc3cfe5;8;teamcityserver@buildserver-ro-srv.Labs.IntelliJ.Net;markpun@google.com
FirMemberDeserializer.kt;MODIFY;512;1.0;Grew;True;2021-06-29 18:03:29+00:00;False;26;21;3187;725be466f00865b74b4fd4c14ba88d56ce33d9d4;171;dmitriy.novozhilov@jetbrains.com;dmitriy.novozhilov@jetbrains.com
FirMemberDeserializer.kt;MODIFY;515;3.0;Grew;True;2021-06-29 18:03:30+00:00;False;26;21;3227;511e564b209e93e473e44874888842835b7af02d;30;dmitriy.novozhilov@jetbrains.com;dmitriy.novozhilov@jetbrains.com
FirMemberDeserializer.kt;MODIFY;516;1.0;Grew;True;2021-07-07 11:28:00+00:00;False;27;21;3248;c7877cb44087ce6d2361dce79adb4e44e2943ba6;6;mikhail.glukhikh@jetbrains.com;mikhail.glukhikh@jetbrains.com
FirMemberDeserializer.kt;MODIFY;516;0.0;Equal;True;2021-07-07 13:19:28+00:00;False;27;21;3266;de3f31cf78a8f45b5049cea6dee79b754a06da47;188;teamcityserver@buildserver-ro-srv.Labs.IntelliJ.Net;andrey.zinovyev@jetbrains.com
FirMemberDeserializer.kt;MODIFY;531;15.0;Grew;True;2021-07-15 16:02:56+00:00;False;27;21;3329;345152d198adf098a29bd844751b2c4627e2a870;11;TeamCityServer@buildserver-app.Labs.IntelliJ.Net;ivan.kochurkin@jetbrains.com
FirMemberDeserializer.kt;MODIFY;524;-7.0;Decreased;True;2021-07-15 23:24:27+00:00;False;27;21;3337;3b20ec46ef7c20de6bc0fd52c2600f3973440bf6;2;TeamCityServer@buildserver-app.Labs.IntelliJ.Net;ilya.chernikov@jetbrains.com
FirMemberDeserializer.kt;MODIFY;524;0.0;Equal;True;2021-08-03 13:24:46+00:00;False;27;21;3337;edf9f5e647244bf32419ff08171bf3c67b38fd88;11;teamcityserver@buildserver-ro-srv.Labs.IntelliJ.Net;denis.zharkov@jetbrains.com
FirMemberDeserializer.kt;MODIFY;575;51.0;Grew;True;2021-09-11 19:05:25+00:00;False;30;22;3475;654ed3caf6cd6dda5bf13ab477426af80bf85e1d;12;TeamCityServer@buildserver-ro-srv.Labs.IntelliJ.Net;lunyak.kolya@mail.ru
FirMemberDeserializer.kt;MODIFY;575;0.0;Equal;True;2021-09-13 10:53:09+00:00;False;30;22;3475;4b662a42a1fe3da21600f5d478e24bc72a0a3f1c;365;teamcityserver@buildserver-app.Labs.IntelliJ.Net;dmitriy.novozhilov@jetbrains.com
FirMemberDeserializer.kt;MODIFY;577;2.0;Grew;True;2021-10-03 14:10:05+00:00;False;30;22;3489;c97587cc53ec6aba8aececd6b766cb046683944b;6;ivan.kochurkin@jetbrains.com;ivan.kochurkin@jetbrains.com
FirMemberDeserializer.kt;MODIFY;577;0.0;Equal;True;2021-10-12 14:26:32+00:00;False;30;22;3492;38877ba8424ce47dc0715b3d2e260c11eec60170;19;TeamCityServer@buildserver-ro-srv.Labs.IntelliJ.Net;dmitriy.novozhilov@jetbrains.com
FirMemberDeserializer.kt;MODIFY;583;6.0;Grew;True;2021-10-20 09:17:03+00:00;False;31;22;3531;b76e61cbc5e405c99c982f45bfe3044c2792a048;17;mikhail.glukhikh@jetbrains.com;mikhail.glukhikh@jetbrains.com
FirMemberDeserializer.kt;MODIFY;584;1.0;Grew;True;2022-03-14 10:37:50+00:00;False;31;22;3537;aa0386276dd8333d7a7c11191d3354cac2645378;13;teamcity@buildserver-linux-node-2.spc.labs.intellij.net;ilya.chernikov@jetbrains.com
FirMemberDeserializer.kt;MODIFY;622;38.0;Grew;True;2022-04-06 16:05:35+00:00;False;35;22;3779;0ba5c528d0c774ae9b89fd6f46fd1d45f1c3fda4;3;teamcity@ip-10-128-210-39.eu-west-1.compute.internal;denis.zharkov@jetbrains.com
FirMemberDeserializer.kt;MODIFY;623;1.0;Grew;True;2022-05-29 20:41:23+00:00;False;35;22;3787;0ef043b074ab08a4c5500a62d3f736ae3b903b29;11;ivan.kochurkin@jetbrains.com;ivan.kochurkin@jetbrains.com
FirMemberDeserializer.kt;MODIFY;599;-24.0;Decreased;True;2022-06-15 14:45:30+00:00;False;32;23;3682;08f18c2940417dc3a745f871288a348114e6fb05;13;alexander.udalov@jetbrains.com;alexander.udalov@jetbrains.com
FirMemberDeserializer.kt;MODIFY;599;0.0;Equal;True;2022-08-19 07:37:54+00:00;False;32;23;3658;25fc948d959719ab61fa083ee133ea4a87300ae4;89;teamcity@ip-10-128-210-208.eu-west-1.compute.internal;arseniy.terekhov@jetbrains.com
FirMemberDeserializer.kt;MODIFY;600;1.0;Grew;True;2022-08-19 07:37:54+00:00;False;32;23;3688;a80870bc8fc02f4d440c41dc7fd08640480072b0;13;teamcity@ip-10-128-210-208.eu-west-1.compute.internal;arseniy.terekhov@jetbrains.com
FirMemberDeserializer.kt;MODIFY;600;0.0;Equal;True;2022-08-19 07:37:55+00:00;False;32;23;3694;539e5f82e2c3964979150cd563874d1e6a629a15;7;teamcity@ip-10-128-210-208.eu-west-1.compute.internal;arseniy.terekhov@jetbrains.com
FirMemberDeserializer.kt;MODIFY;594;-6.0;Decreased;True;2022-11-10 22:12:34+00:00;False;32;23;3644;a968193349cfe8554ea6fa3fa709f8f62c922893;4;noreply@jetbrains.team;pyos@google.com
FirMemberDeserializer.kt;MODIFY;603;9.0;Grew;True;2022-11-17 09:50:09+00:00;False;34;25;3692;be7d282974edd492bcf3982bc2da0b1de80bc5f5;142;noreply@jetbrains.team;dmitry.gridin@jetbrains.com
FirMemberDeserializer.kt;MODIFY;603;0.0;Equal;True;2022-11-17 09:50:17+00:00;False;34;25;3692;86422d0944dac660722fbf30fdf067e86b7f4ceb;57;noreply@jetbrains.team;dmitry.gridin@jetbrains.com
FirMemberDeserializer.kt;MODIFY;608;5.0;Grew;True;2022-11-22 17:25:30+00:00;False;34;25;3710;7781ad67d4d61bd2b7c58d802451620300ee0d3a;39;ilya.kirillov@jetbrains.com;ilya.kirillov@jetbrains.com
FirMemberDeserializer.kt;MODIFY;610;2.0;Grew;True;2022-12-20 11:04:25+00:00;False;34;25;3698;582b640bec81c9efec18019442299f98a21a84df;306;noreply@jetbrains.team;Mikhail.Glukhikh@jetbrains.com
FirMemberDeserializer.kt;MODIFY;608;-2.0;Decreased;True;2023-01-04 10:06:39+00:00;False;34;25;3668;0d50f71fb8e89291b848fe5eca5d5f7e8f50b924;77;noreply@jetbrains.team;Mikhail.Glukhikh@jetbrains.com
FirMemberDeserializer.kt;MODIFY;608;0.0;Equal;True;2023-01-10 20:15:28+00:00;False;34;25;3676;c6886fc779d75b7669ae7485626d14adb25ffc14;2;noreply@jetbrains.team;alexandrina.streltsova@jetbrains.com
FirMemberDeserializer.kt;MODIFY;610;2.0;Grew;True;2023-02-13 12:09:39+00:00;False;34;25;3698;314784f4351fb61bc916cfc3ca27b16e807ec2ac;29;noreply@jetbrains.team;kirill.rakhman@jetbrains.com
FirMemberDeserializer.kt;MODIFY;610;0.0;Equal;True;2023-02-21 12:35:34+00:00;False;34;25;3694;0c9fad87c3eece8a60d8b96fefbb0c9d9d2b500b;15;noreply@jetbrains.team;denis.zharkov@jetbrains.com
FirMemberDeserializer.kt;MODIFY;610;0.0;Equal;True;2023-03-31 09:59:51+00:00;False;34;25;3696;b2e03035a9e391a6fdc3aaec9b600db8e1af0646;4;noreply@jetbrains.team;dmitriy.novozhilov@jetbrains.com
FirMemberDeserializer.kt;MODIFY;612;2.0;Grew;True;2023-04-21 17:21:17+00:00;False;34;25;3710;866e8a26c727f689a2e22a20b2a5b79ccee352c2;5;noreply@jetbrains.team;dmitry.gridin@jetbrains.com
FirMemberDeserializer.kt;MODIFY;623;11.0;Grew;True;2023-04-25 12:18:27+00:00;False;34;25;3763;f6bf7560a652c5ae1f07f8f027b7810a8c634fd5;15;noreply@jetbrains.team;Mikhail.Glukhikh@jetbrains.com
FirMemberDeserializer.kt;MODIFY;625;2.0;Grew;True;2023-05-11 10:31:52+00:00;False;34;25;3772;add47aa041da555fc67987b7e40d780fd1a4aaad;7;noreply@jetbrains.team;dmitry.gridin@jetbrains.com
FirMemberDeserializer.kt;MODIFY;637;12.0;Grew;True;2023-05-12 16:08:02+00:00;False;36;26;3836;c4255f9a9e6ed87e25124372da85de68d4918946;34;noreply@jetbrains.team;leonid.startsev@jetbrains.com
FirMemberDeserializer.kt;MODIFY;643;6.0;Grew;True;2023-06-21 07:34:29+00:00;False;36;26;3892;ee91ee9403981a2ce4a7e8d304aee54e7c168a1b;38;noreply@jetbrains.team;kirill.rakhman@jetbrains.com
FirMemberDeserializer.kt;MODIFY;644;1.0;Grew;True;2023-07-11 08:28:04+00:00;False;36;26;3898;71456c5514f10d8736bf61057d5e7263a18253b3;12;noreply@jetbrains.team;Mikhail.Glukhikh@jetbrains.com
FirMemberDeserializer.kt;MODIFY;646;2.0;Grew;True;2023-08-08 09:28:08+00:00;False;36;26;3956;09f895efe66d26ba23b45c42366a9445536ebb83;23;noreply@jetbrains.team;kirill.rakhman@jetbrains.com
FirMemberDeserializer.kt;MODIFY;647;1.0;Grew;True;2023-08-24 07:54:57+00:00;False;36;26;3970;8d7c5b375e27579880ff36fcc8e8e3e1894e32e3;76;noreply@jetbrains.team;kirill.rakhman@jetbrains.com
FirMemberDeserializer.kt;MODIFY;647;0.0;Equal;True;2023-09-21 12:40:44+00:00;False;36;26;3974;9e5ee3afa0d24712c031ef0f2746eaf835ff4497;39;noreply@jetbrains.team;dmitriy.novozhilov@jetbrains.com
FirMemberDeserializer.kt;MODIFY;647;0.0;Equal;True;2023-10-27 11:35:22+00:00;False;36;26;3992;ef78d4b95a61968182fed324a7d19ac384c07f9d;17;noreply@jetbrains.team;kirill.rakhman@jetbrains.com
FirMemberDeserializer.kt;MODIFY;648;1.0;Grew;True;2024-03-25 12:24:16+00:00;False;37;27;3964;6c2816334b91f062166fda6d6754e03f1203d7e7;11;noreply@jetbrains.team;alexander.udalov@jetbrains.com
FirMemberDeserializer.kt;MODIFY;648;0.0;Equal;True;2024-04-16 14:02:46+00:00;False;37;27;3986;e86b6e5eb4b82fb3f63512c20c6e2a765d7c6b25;10;noreply@jetbrains.team;denis.zharkov@jetbrains.com
FirMemberDeserializer.kt;MODIFY;649;1.0;Grew;True;2024-04-30 17:41:51+00:00;False;37;27;3988;c8227743dc6fd44de16d32a50ac7388f87990404;144;noreply@jetbrains.team;dmitriy.novozhilov@jetbrains.com
FirMemberDeserializer.kt;MODIFY;649;0.0;Equal;True;2024-06-07 16:54:06+00:00;False;37;27;3988;7f68d407bb34f57dd8de8303e09b0b93ead0df8d;4;noreply@jetbrains.team;nikolay.lunyak@jetbrains.com
FirMemberDeserializer.kt;MODIFY;651;2.0;Grew;True;2024-07-15 07:39:28+00:00;False;36;26;3997;b539ad2cc101429c0b0f22ee68af01ebe56ac76d;24;noreply@jetbrains.team;kirill.rakhman@jetbrains.com
FirMemberDeserializer.kt;MODIFY;652;1.0;Grew;True;2024-07-15 12:22:43+00:00;False;36;26;4017;6da3dc9997ac2d3b55d5163a60cf85db5d5d8f52;2;noreply@jetbrains.team;dmitriy.novozhilov@jetbrains.com
FirMemberDeserializer.kt;MODIFY;652;0.0;Equal;True;2024-07-16 10:13:43+00:00;False;38;27;4017;764f60d4c9961dd9d48d11bf26da687efb0ceef0;168;noreply@jetbrains.space;dmitriy.novozhilov@jetbrains.com
FirMemberDeserializer.kt;MODIFY;656;4.0;Grew;True;2024-10-02 15:22:59+00:00;False;38;27;4065;3cc22971974426b00fa1d788a4f40cc6d80bb165;11;noreply@jetbrains.team;dmitriy.novozhilov@jetbrains.com
FirMemberDeserializer.kt;MODIFY;681;25.0;Grew;True;2024-11-05 15:48:51+00:00;False;38;27;4175;1c4254b13c4afd95163bc6f0266d3f0f03c4729c;129;noreply@jetbrains.team;mikhail.glukhikh@jetbrains.com
FirMemberDeserializer.kt;MODIFY;681;0.0;Equal;True;2024-11-06 15:29:39+00:00;False;38;27;4175;c1e143f85a51a08cb4202fcafcedcb8567d5114c;49;noreply@jetbrains.space;kirill.rakhman@jetbrains.com
FirMemberDeserializer.kt;MODIFY;681;0.0;Equal;True;2024-11-07 16:11:45+00:00;False;38;27;4175;1b28b2562d94e62e6f84c9465110fc548a394bfa;41;noreply@jetbrains.space;kirill.rakhman@jetbrains.com
FirMemberDeserializer.kt;MODIFY;683;2.0;Grew;True;2024-11-19 12:11:41+00:00;False;38;27;4189;f1fe60ef7555fbfc32150a63fa677e6e6a5c064a;186;noreply@jetbrains.team;kirill.rakhman@jetbrains.com
FirMemberDeserializer.kt;MODIFY;683;0.0;Equal;True;2024-11-28 20:58:24+00:00;False;38;27;4189;75b53c23e1263083c44986bbc61c1f319b4a6867;3;noreply@jetbrains.space;kirill.rakhman@jetbrains.com
FirMemberDeserializer.kt;MODIFY;683;0.0;Equal;True;2024-11-28 20:58:24+00:00;False;38;27;4189;c23d8584f8ddbd4a06bcea934f970c485202c99d;102;noreply@jetbrains.space;kirill.rakhman@jetbrains.com
