file_name;change_type;n_loc;lines_balance;size_change;is_large;date;swapped_classification;complexity;methods;tokens;hash;files_on_commit;committer_email;author_email
ForeignAnnotationsCompiledJavaTestGenerated.java;MODIFY;1048;0.0;Equal;False;2021-04-30 11:43:27+00:00;False;189;189;4868;b9536a25d61afb1632878033a13542285b0b186b;53;victor.petukhov@jetbrains.com;victor.petukhov@jetbrains.com
ForeignAnnotationsCompiledJavaTestGenerated.java;RENAME;912;-136.0;Decreased;False;2021-04-30 11:43:27+00:00;False;165;165;4224;24685ee9d66027fd8b04d5cb9df1ad9dfa58fbcd;6;victor.petukhov@jetbrains.com;victor.petukhov@jetbrains.com
ForeignAnnotationsCompiledJavaTestGenerated.java;MODIFY;1030;118.0;Grew;False;2021-05-18 14:52:16+00:00;False;187;187;4756;8602d1fcf0d45def4b2987a955862658467010a2;66;victor.petukhov@jetbrains.com;victor.petukhov@jetbrains.com
ForeignAnnotationsCompiledJavaTestGenerated.java;MODIFY;1035;5.0;Grew;False;2021-05-18 14:52:21+00:00;False;188;188;4777;cba221c18a2821d070ea2f3d296a53b90e8e6313;4;victor.petukhov@jetbrains.com;victor.petukhov@jetbrains.com
ForeignAnnotationsCompiledJavaTestGenerated.java;MODIFY;1040;5.0;Grew;False;2021-05-18 14:52:39+00:00;False;189;189;4798;b78c645fb0135314ff993142b2ec2f07c748ab15;12;victor.petukhov@jetbrains.com;victor.petukhov@jetbrains.com
ForeignAnnotationsCompiledJavaTestGenerated.java;MODIFY;1045;5.0;Grew;False;2021-06-15 14:28:25+00:00;False;190;190;4819;85f4cec948929c971b43cb669eb85fb79bb1a91f;6;victor.petukhov@jetbrains.com;victor.petukhov@jetbrains.com
ForeignAnnotationsCompiledJavaTestGenerated.java;MODIFY;1050;5.0;Grew;True;2021-07-06 06:54:27+00:00;True;191;191;4840;6d3badb2cd3ee40f8d216fb9df4a3a231d265e22;8;victor.petukhov@jetbrains.com;victor.petukhov@jetbrains.com
ForeignAnnotationsCompiledJavaTestGenerated.java;MODIFY;1070;20.0;Grew;True;2021-07-06 06:54:28+00:00;False;195;195;4924;f46dc713d757008db141995d993a83ec3116dc85;11;victor.petukhov@jetbrains.com;victor.petukhov@jetbrains.com
ForeignAnnotationsCompiledJavaTestGenerated.java;MODIFY;1080;10.0;Grew;True;2021-07-23 07:03:57+00:00;False;197;197;4966;d00fba3718db739e7692eb26cee6e1a70fa9673f;6;3183892+petukhovv@users.noreply.github.com;pyos@google.com
ForeignAnnotationsCompiledJavaTestGenerated.java;MODIFY;1090;10.0;Grew;True;2021-07-29 11:23:52+00:00;False;199;199;5008;99491014e4d73e25600e6c7da8611f719903c399;14;teamcityserver@buildserver-ro-srv.Labs.IntelliJ.Net;victor.petukhov@jetbrains.com
ForeignAnnotationsCompiledJavaTestGenerated.java;MODIFY;1095;5.0;Grew;True;2021-07-29 11:23:53+00:00;False;200;200;5029;f9cb0d61a8fe350c6cebc583a07909624ac2ea4d;14;teamcityserver@buildserver-ro-srv.Labs.IntelliJ.Net;victor.petukhov@jetbrains.com
ForeignAnnotationsCompiledJavaTestGenerated.java;MODIFY;1100;5.0;Grew;True;2021-07-29 11:23:55+00:00;False;201;201;5050;c5d783596d2dcfbf43adf310d592135ed866bbf4;7;teamcityserver@buildserver-ro-srv.Labs.IntelliJ.Net;victor.petukhov@jetbrains.com
ForeignAnnotationsCompiledJavaTestGenerated.java;MODIFY;1105;5.0;Grew;True;2021-07-29 11:23:56+00:00;False;202;202;5071;5684b6977a4fb3b605d69d66602cb4ae0fa090b3;6;teamcityserver@buildserver-ro-srv.Labs.IntelliJ.Net;victor.petukhov@jetbrains.com
ForeignAnnotationsCompiledJavaTestGenerated.java;MODIFY;1125;20.0;Grew;True;2021-07-29 11:52:51+00:00;False;206;206;5155;c40158277081a5ee80f441c0dffc1d9d7ab4eeb3;12;3183892+petukhovv@users.noreply.github.com;pyos@google.com
ForeignAnnotationsCompiledJavaTestGenerated.java;MODIFY;1130;5.0;Grew;True;2021-08-04 14:36:51+00:00;False;207;207;5176;7567597be673155eecb240f2931abcf949c6d610;6;teamcityserver@buildserver-ro-srv.Labs.IntelliJ.Net;victor.petukhov@jetbrains.com
ForeignAnnotationsCompiledJavaTestGenerated.java;MODIFY;1130;0.0;Equal;True;2021-08-04 14:36:53+00:00;False;207;207;5176;13cb3c138ace3dc0ce3939df84dd6f4109b14870;9;teamcityserver@buildserver-ro-srv.Labs.IntelliJ.Net;victor.petukhov@jetbrains.com
ForeignAnnotationsCompiledJavaTestGenerated.java;MODIFY;950;-180.0;Decreased;False;2021-08-10 10:19:21+00:00;True;171;171;4525;e2e0358505f8be46f003d57bf8ae3fe7d906553f;69;TeamCityServer@buildserver-ro-srv.Labs.IntelliJ.Net;pyos@google.com
ForeignAnnotationsCompiledJavaTestGenerated.java;MODIFY;955;5.0;Grew;False;2021-09-07 17:05:48+00:00;False;172;172;4546;7e43000d9b5b70d39f401c9f20688a72a424a2fb;9;alexander.udalov@jetbrains.com;alexander.udalov@jetbrains.com
ForeignAnnotationsCompiledJavaTestGenerated.java;MODIFY;965;10.0;Grew;False;2021-09-08 13:54:17+00:00;False;174;174;4588;8f699248f1f6b17d4030c502d8a8f0317e25a35b;12;3183892+petukhovv@users.noreply.github.com;pyos@google.com
ForeignAnnotationsCompiledJavaTestGenerated.java;MODIFY;965;0.0;Equal;False;2021-09-28 10:01:47+00:00;False;174;174;4588;de7fb9606a3840954af2678e096441c92502d8ad;92;TeamCityServer@buildserver-ro-srv.Labs.IntelliJ.Net;dmitriy.novozhilov@jetbrains.com
ForeignAnnotationsCompiledJavaTestGenerated.java;MODIFY;975;10.0;Grew;False;2021-09-28 19:59:18+00:00;False;176;176;4630;9ac29e071434913edf823f862e498477147ee80e;13;teamcityserver@buildserver-app.Labs.IntelliJ.Net;denis.zharkov@jetbrains.com
ForeignAnnotationsCompiledJavaTestGenerated.java;MODIFY;980;5.0;Grew;False;2021-09-30 11:36:26+00:00;False;177;177;4651;f7ef551f99c4f87db39041a90a021cffa1fc345f;29;TeamCityServer@buildserver-ro-srv.Labs.IntelliJ.Net;denis.zharkov@jetbrains.com
ForeignAnnotationsCompiledJavaTestGenerated.java;MODIFY;985;5.0;Grew;False;2021-09-30 17:08:35+00:00;False;178;178;4672;70d70b904222abed83a247ba2b223999488474d7;13;victor.petukhov@jetbrains.com;victor.petukhov@jetbrains.com
ForeignAnnotationsCompiledJavaTestGenerated.java;MODIFY;990;5.0;Grew;False;2021-09-30 17:08:52+00:00;False;179;179;4693;0cb56be14f0e9f74921ed9564b63afd1f99a11c2;17;victor.petukhov@jetbrains.com;victor.petukhov@jetbrains.com
ForeignAnnotationsCompiledJavaTestGenerated.java;MODIFY;985;-5.0;Decreased;False;2021-09-30 17:08:54+00:00;False;178;178;4672;e30d467304aa206eb7b7c6be163df30a9f521b30;17;victor.petukhov@jetbrains.com;victor.petukhov@jetbrains.com
ForeignAnnotationsCompiledJavaTestGenerated.java;MODIFY;995;10.0;Grew;False;2021-10-26 16:37:55+00:00;False;180;180;4714;d015d3bc0e92d8024eb95b3d8d6bfa92eacac809;19;victor.petukhov@jetbrains.com;victor.petukhov@jetbrains.com
ForeignAnnotationsCompiledJavaTestGenerated.java;MODIFY;1000;5.0;Grew;False;2021-10-26 16:37:57+00:00;False;181;181;4735;836c6b280d8716557aa743e6751b4d861f081827;12;victor.petukhov@jetbrains.com;victor.petukhov@jetbrains.com
ForeignAnnotationsCompiledJavaTestGenerated.java;MODIFY;995;-5.0;Decreased;False;2021-10-26 16:37:58+00:00;False;180;180;4714;e0a4704c21bf53b3bdeddd2f75c062834d54c5df;12;victor.petukhov@jetbrains.com;victor.petukhov@jetbrains.com
ForeignAnnotationsCompiledJavaTestGenerated.java;MODIFY;1000;5.0;Grew;False;2022-05-17 07:38:26+00:00;False;181;181;4735;6c994787b3b5d37330e83e4e3b3cb1c8995e12f3;10;teamcity@ip-10-128-210-39.eu-west-1.compute.internal;victor.petukhov@jetbrains.com
ForeignAnnotationsCompiledJavaTestGenerated.java;MODIFY;1000;0.0;Equal;False;2022-08-05 12:12:41+00:00;False;181;181;4735;4ceb170917926385a9f925cb80e74853729ff9a3;890;dmitry.gridin@jetbrains.com;dmitry.gridin@jetbrains.com
ForeignAnnotationsCompiledJavaTestGenerated.java;MODIFY;1000;0.0;Equal;False;2022-09-09 12:51:18+00:00;False;181;181;4735;c8864369fd0065c58c2658ec363f574b11e6656c;412;;vladimir.sukharev@jetbrains.com
ForeignAnnotationsCompiledJavaTestGenerated.java;MODIFY;1010;10.0;Grew;False;2022-10-26 07:33:40+00:00;False;183;183;4777;6c6d653e85c0cbd193cd09e60c0d659308770493;26;Mikhail.Glukhikh@jetbrains.com;pyos@google.com
ForeignAnnotationsCompiledJavaTestGenerated.java;MODIFY;1338;328.0;Grew;True;2022-12-27 11:10:59+00:00;True;243;243;6317;671480ce1a568046ffd8ae6b81457f4793617b61;139;noreply@jetbrains.team;kevinb@google.com
ForeignAnnotationsCompiledJavaTestGenerated.java;MODIFY;1338;0.0;Equal;True;2023-01-02 21:52:15+00:00;False;243;243;6317;3c4b5529afffb2d2ad005f840c83b19ebbf9c8ec;955;alexander.udalov@jetbrains.com;alexander.udalov@jetbrains.com
ForeignAnnotationsCompiledJavaTestGenerated.java;MODIFY;1338;0.0;Equal;True;2023-01-16 15:20:50+00:00;False;243;243;6317;88ac5727cc07c267d8581231e1af5a3235da8d27;52;teamcity@ip-10-128-210-146.eu-west-1.compute.internal;marco.pennekamp@jetbrains.com
ForeignAnnotationsCompiledJavaTestGenerated.java;MODIFY;1343;5.0;Grew;True;2023-03-16 14:43:05+00:00;False;244;244;6338;157c260fda9687bea609973c88ca09ca15498a68;8;noreply@jetbrains.team;denis.zharkov@jetbrains.com
ForeignAnnotationsCompiledJavaTestGenerated.java;MODIFY;1348;5.0;Grew;True;2023-03-17 08:52:31+00:00;False;245;245;6359;3e2f8b834cf8e47e6ca0f9d644dda993d78715af;8;noreply@jetbrains.team;denis.zharkov@jetbrains.com
ForeignAnnotationsCompiledJavaTestGenerated.java;MODIFY;1348;0.0;Equal;True;2023-03-20 19:17:51+00:00;False;245;245;6359;b3cb47e8a16c1747e812c4c43f6fa582d3e2a9d9;21;dmitry.gridin@jetbrains.com;dmitry.gridin@jetbrains.com
ForeignAnnotationsCompiledJavaTestGenerated.java;MODIFY;1353;5.0;Grew;True;2023-10-05 11:29:18+00:00;False;246;246;6380;d4ec088afed760534b75fe852e0b03165a817330;9;noreply@jetbrains.team;mikhail.glukhikh@jetbrains.com
ForeignAnnotationsCompiledJavaTestGenerated.java;MODIFY;1353;0.0;Equal;True;2023-10-13 12:16:12+00:00;False;246;246;6382;2cac922cd06e1f5c3270b7f5bb719f4ddbe5399d;45;noreply@jetbrains.team;dmitry.gridin@jetbrains.com
ForeignAnnotationsCompiledJavaTestGenerated.java;MODIFY;1363;10.0;Grew;True;2023-11-15 08:43:55+00:00;False;248;248;6424;2005446296fa746838e7f45cb9947b07374676da;10;noreply@jetbrains.team;kirill.rakhman@jetbrains.com
ForeignAnnotationsCompiledJavaTestGenerated.java;MODIFY;1358;-5.0;Decreased;True;2023-11-15 08:43:55+00:00;False;247;247;6403;a6fdeeb7df95f3457c88f43a7d91cebf9cd7675a;158;noreply@jetbrains.team;kirill.rakhman@jetbrains.com
ForeignAnnotationsCompiledJavaTestGenerated.java;MODIFY;1373;15.0;Grew;True;2023-11-16 11:13:44+00:00;False;250;250;6466;1eacd5efc26b974fd7cdb98150929df47a0ffb95;10;noreply@jetbrains.team;mikhail.glukhikh@jetbrains.com
ForeignAnnotationsCompiledJavaTestGenerated.java;MODIFY;1378;5.0;Grew;True;2023-11-24 11:00:10+00:00;False;251;251;6487;4882ac65999f50e2e24e93f18b3455e0d9e5272e;9;noreply@jetbrains.team;kirill.rakhman@jetbrains.com
ForeignAnnotationsCompiledJavaTestGenerated.java;MODIFY;1378;0.0;Equal;True;2024-01-05 13:43:17+00:00;False;251;251;6487;b6d373d8e55155bc54252a93dfb4338000203366;1402;noreply@jetbrains.team;dmitry.gridin@jetbrains.com
ForeignAnnotationsCompiledJavaTestGenerated.java;MODIFY;1388;10.0;Grew;True;2024-01-15 12:23:26+00:00;False;253;253;6529;371b1eb3d5408aaf988a501b77e985f8dab720dc;22;noreply@jetbrains.team;kirill.rakhman@jetbrains.com
ForeignAnnotationsCompiledJavaTestGenerated.java;MODIFY;1378;-10.0;Decreased;True;2024-01-16 08:14:21+00:00;False;251;251;6487;121536d2e5ecdbe1c89249d44a044ffafab88529;22;kirill.rakhman@jetbrains.com;kirill.rakhman@jetbrains.com
ForeignAnnotationsCompiledJavaTestGenerated.java;MODIFY;1388;10.0;Grew;True;2024-01-18 08:27:10+00:00;False;253;253;6529;e91e9d8ca813ba3694acd68170ee69c670f7858d;22;noreply@jetbrains.team;kirill.rakhman@jetbrains.com
ForeignAnnotationsCompiledJavaTestGenerated.java;MODIFY;1393;5.0;Grew;True;2024-01-31 08:55:22+00:00;False;254;254;6550;9e72482f09af1d9c6ae15056b72fc80f05844465;8;noreply@jetbrains.team;kirill.rakhman@jetbrains.com
ForeignAnnotationsCompiledJavaTestGenerated.java;MODIFY;1393;0.0;Equal;True;2024-02-16 12:48:24+00:00;False;254;254;6042;acf2296590036d1190eaf8a89edc4c9fce696fb5;822;noreply@jetbrains.team;dmitriy.novozhilov@jetbrains.com
ForeignAnnotationsCompiledJavaTestGenerated.java;MODIFY;1403;10.0;Grew;True;2024-03-15 09:40:53+00:00;False;256;256;6080;5b0cb5c9db35304565eca63a4804103200aee8d7;10;noreply@jetbrains.team;mikhail.glukhikh@jetbrains.com
ForeignAnnotationsCompiledJavaTestGenerated.java;MODIFY;1408;5.0;Grew;True;2024-03-18 15:52:50+00:00;False;257;257;6099;19cc7391181731b51eae28a28859788789e5f88e;8;noreply@jetbrains.team;kirill.rakhman@jetbrains.com
ForeignAnnotationsCompiledJavaTestGenerated.java;MODIFY;1418;10.0;Grew;True;2024-03-29 08:24:13+00:00;False;259;259;6137;69b5c8ca374bdfd3e90618bc60208ba54461b91a;10;noreply@jetbrains.team;anzhela.sukhanova@jetbrains.com
ForeignAnnotationsCompiledJavaTestGenerated.java;MODIFY;1448;30.0;Grew;True;2024-04-12 13:18:43+00:00;False;265;265;6251;2901cf9218c302d242eea2eb08294bcffaf22968;9;noreply@jetbrains.team;kirill.rakhman@jetbrains.com
ForeignAnnotationsCompiledJavaTestGenerated.java;MODIFY;1428;-20.0;Decreased;True;2024-04-12 13:18:43+00:00;False;261;261;6175;d8a0613df62c4eca48b9f6c064a2eef3c7111987;10;noreply@jetbrains.team;kirill.rakhman@jetbrains.com
ForeignAnnotationsCompiledJavaTestGenerated.java;MODIFY;1438;10.0;Grew;True;2024-04-12 13:18:43+00:00;False;263;263;6213;9b025cbcf7a1488a2914b62aa560238138bb3642;10;noreply@jetbrains.team;kirill.rakhman@jetbrains.com
ForeignAnnotationsCompiledJavaTestGenerated.java;MODIFY;1668;230.0;Grew;True;2024-04-18 19:25:51+00:00;False;309;309;7087;643bd963a5b766b34b3340dccd0bf3cce5e2910d;65;noreply@jetbrains.team;stanislav.ruban@jetbrains.com
ForeignAnnotationsCompiledJavaTestGenerated.java;MODIFY;1688;20.0;Grew;True;2024-04-22 07:58:50+00:00;False;313;313;7163;3981752cb01dc050480d72d61808500dc846d95e;9;noreply@jetbrains.team;mikhail.glukhikh@jetbrains.com
ForeignAnnotationsCompiledJavaTestGenerated.java;MODIFY;1678;-10.0;Decreased;True;2024-04-22 07:58:50+00:00;False;311;311;7125;5d0f9d61f96437ebcffb2a149b3094d4b919d465;9;noreply@jetbrains.team;mikhail.glukhikh@jetbrains.com
ForeignAnnotationsCompiledJavaTestGenerated.java;MODIFY;1678;0.0;Equal;True;2024-05-12 07:54:34+00:00;False;311;311;7125;addad80173304f18075263bc23dd72711399ead8;34;stanislav.ruban@jetbrains.com;stanislav.ruban@jetbrains.com
ForeignAnnotationsCompiledJavaTestGenerated.java;MODIFY;1683;5.0;Grew;True;2024-05-31 12:09:49+00:00;False;312;312;7144;d611f541949c5712e7432620304f56f6f192221d;8;noreply@jetbrains.team;kirill.rakhman@jetbrains.com
ForeignAnnotationsCompiledJavaTestGenerated.java;MODIFY;1688;5.0;Grew;True;2024-06-07 07:07:08+00:00;False;313;313;7163;c4d1cee3a8c4924e15aea599b401953604562666;8;noreply@jetbrains.team;kirill.rakhman@jetbrains.com
ForeignAnnotationsCompiledJavaTestGenerated.java;MODIFY;1688;0.0;Equal;True;2024-07-24 06:04:34+00:00;False;313;313;7163;5965586f905223b52f9b9bec0aea988d0207f701;28;dmitriy.novozhilov@jetbrains.com;dmitriy.novozhilov@jetbrains.com
ForeignAnnotationsCompiledJavaTestGenerated.java;MODIFY;1698;10.0;Grew;True;2024-09-30 08:20:24+00:00;False;315;315;7201;c89a9f417642b9bd03ecac2ec97ac80b0c15cc1f;18;noreply@jetbrains.team;brian.norman@jetbrains.com
ForeignAnnotationsCompiledJavaTestGenerated.java;MODIFY;1708;10.0;Grew;True;2024-11-08 19:01:16+00:00;False;317;317;7239;26003c2f801c5dc3bcba8c8322219131ccd1ab21;8;noreply@jetbrains.team;denis.zharkov@jetbrains.com
ForeignAnnotationsCompiledJavaTestGenerated.java;MODIFY;1703;-5.0;Decreased;True;2024-11-08 19:01:16+00:00;False;316;316;7220;db04a6a2744906874b966b5cb883cb3f35826457;8;noreply@jetbrains.team;denis.zharkov@jetbrains.com
