file_name;change_type;n_loc;lines_balance;size_change;is_large;date;swapped_classification;complexity;methods;tokens;hash;files_on_commit;committer_email;author_email
FunctionBodySkippingTransformTests.kt;RENAME;4071;0.0;Equal;True;2023-10-10 17:58:10+00:00;True;not calculated;0;not calculated;4b9b020e7ca5c4774ee10acb9a776f8061578788;66;jsproch@google.com;jsproch@google.com
FunctionBodySkippingTransformTests.kt;MODIFY;4071;0.0;Equal;True;2023-10-11 22:26:50+00:00;False;276;165;24815;e720d99e64829751bb3ea4d12a7780ab0b8230ea;12;bentrengrove@google.com;bentrengrove@google.com
FunctionBodySkippingTransformTests.kt;MODIFY;4071;0.0;Equal;True;2023-10-13 16:59:33+00:00;False;276;165;24815;92a22b2b85f3b49d84e6d2652ba6f0acf03428fe;22;jw@squareup.com;jw@squareup.com
FunctionBodySkippingTransformTests.kt;MODIFY;1288;-2783.0;Decreased;True;2023-10-16 21:41:31+00:00;False;3;3;1380;786e336e258c1b16f5d1fae549866136596b8316;701;bentrengrove@google.com;bentrengrove@google.com
FunctionBodySkippingTransformTests.kt;MODIFY;1289;1.0;Grew;True;2023-10-30 16:15:14+00:00;False;3;3;1388;9f0cca6a0447d9a1667959915d9129d1e5537c24;59;ashikov@google.com;ashikov@google.com
FunctionBodySkippingTransformTests.kt;MODIFY;1304;15.0;Grew;True;2023-11-07 16:21:53+00:00;False;3;3;1403;9450715929b48f0be5742a1927ea713764ee5830;5;ashikov@google.com;ashikov@google.com
FunctionBodySkippingTransformTests.kt;MODIFY;1329;25.0;Grew;True;2024-01-11 20:10:49+00:00;False;3;3;1403;f305476348a3b54658265ba2022b51d4bcebe65f;14;jsproch@google.com;jsproch@google.com
FunctionBodySkippingTransformTests.kt;MODIFY;1333;4.0;Grew;True;2024-04-26 13:37:58+00:00;False;3;3;1424;73fff2d9744c83482a3ec9c2824f25069ba2b44b;13;noreply@jetbrains.space;ashikov@google.com
FunctionBodySkippingTransformTests.kt;MODIFY;1330;-3.0;Decreased;True;2024-04-30 15:11:08+00:00;False;3;3;1409;a9fa7fed451ddae345d43d07e80e5ea2100b9d8d;14;noreply@jetbrains.space;ashikov@google.com
FunctionBodySkippingTransformTests.kt;MODIFY;1352;22.0;Grew;True;2024-05-07 15:40:23+00:00;False;3;3;1432;00fd388b17793e31cba52ccad42e07ccc3bceb16;4;noreply@jetbrains.space;ashikov@google.com
FunctionBodySkippingTransformTests.kt;MODIFY;1375;23.0;Grew;True;2024-05-07 15:40:23+00:00;False;3;3;1451;28c44633b34c35f5a8cfd74376ade5b0cfa57514;6;noreply@jetbrains.space;ashikov@google.com
FunctionBodySkippingTransformTests.kt;MODIFY;1409;34.0;Grew;True;2024-06-28 17:16:50+00:00;False;3;3;1498;fc48dbdba6f0c6c82f88bf1c701414d9d90a3b68;87;noreply@jetbrains.space;chuckj@google.com
FunctionBodySkippingTransformTests.kt;MODIFY;1427;18.0;Grew;True;2024-07-12 16:21:00+00:00;False;3;3;1513;3001efc3c5ac4c2337c6d9e8b98fdfffb4a94b1e;4;noreply@jetbrains.space;chuckj@google.com
FunctionBodySkippingTransformTests.kt;MODIFY;1436;9.0;Grew;True;2024-08-02 14:46:13+00:00;False;3;3;1553;fd1b4b3fcf3746ba8f2544ec90117b49bf160bda;22;noreply@jetbrains.space;ashikov@google.com
FunctionBodySkippingTransformTests.kt;MODIFY;1452;16.0;Grew;True;2024-09-06 00:23:32+00:00;False;3;3;1568;75c8312772f98e0c30712ddaae64d66d8dd30da1;30;noreply@jetbrains.space;ashikov@google.com
FunctionBodySkippingTransformTests.kt;MODIFY;1452;0.0;Equal;True;2024-09-13 16:12:22+00:00;False;3;3;1572;8ef21dbb4c08840b8df229683ed3cee001f0e50d;98;noreply@jetbrains.space;ashikov@google.com
FunctionBodySkippingTransformTests.kt;MODIFY;1474;22.0;Grew;True;2024-09-19 15:03:43+00:00;False;3;3;1591;1f15adab4d2d4f121b9d7d89d8a1a53aaf91932d;8;noreply@jetbrains.space;ashikov@google.com
