file_name;change_type;n_loc;lines_balance;size_change;is_large;date;swapped_classification;complexity;methods;tokens;hash;files_on_commit;committer_email;author_email
IrBytecodeListingTestGenerated.java;RENAME;1852;0.0;Equal;True;2021-04-23 15:58:16+00:00;True;342;342;8530;0c3f2eefe05805e3dcf94be584b23560c57d7935;34;alexander.udalov@jetbrains.com;alexander.udalov@jetbrains.com
IrBytecodeListingTestGenerated.java;MODIFY;1852;0.0;Equal;True;2021-04-30 15:34:16+00:00;False;343;343;8551;95d95f9a9bd75853ffce342c8a24ec4c550055bc;19;mikhael.bogdanov@jetbrains.com;mikhael.bogdanov@jetbrains.com
IrBytecodeListingTestGenerated.java;MODIFY;1867;15.0;Grew;True;2021-05-04 19:10:56+00:00;False;346;346;8614;c14a890e7ebd135715e0385755bf1cc9f54bea98;12;alexander.udalov@jetbrains.com;alexander.udalov@jetbrains.com
IrBytecodeListingTestGenerated.java;MODIFY;1872;5.0;Grew;True;2021-05-06 15:25:56+00:00;False;347;347;8635;1181854bd6808191079d535b8d2818c13fcb16d0;14;TeamCityServer@buildserver-app.Labs.IntelliJ.Net;pyos@google.com
IrBytecodeListingTestGenerated.java;MODIFY;1891;19.0;Grew;True;2021-05-06 19:58:18+00:00;False;350;350;8737;6e3009b82e09cdef4a83f3f7c5ff920d103261e7;9;TeamCityServer@buildserver-app.Labs.IntelliJ.Net;alexander.udalov@jetbrains.com
IrBytecodeListingTestGenerated.java;MODIFY;1896;5.0;Grew;True;2021-06-21 16:17:54+00:00;False;351;351;8758;c19792e7c586d426f50dfe8657bbea8262fd7421;24;TeamCityServer@buildserver-app.Labs.IntelliJ.Net;dmitry.petrov@jetbrains.com
IrBytecodeListingTestGenerated.java;MODIFY;1906;10.0;Grew;True;2021-06-22 18:13:57+00:00;False;353;353;8800;f30fc4863c56fd45298abb7a0d3596a28977d33f;7;TeamCityServer@buildserver-app.Labs.IntelliJ.Net;dmitry.petrov@jetbrains.com
IrBytecodeListingTestGenerated.java;MODIFY;1916;10.0;Grew;True;2021-07-21 10:23:51+00:00;False;355;355;8842;ce0a3a57df3389d32d09d3cc4043b820bab7c427;59;;leonid.startsev@jetbrains.com
IrBytecodeListingTestGenerated.java;MODIFY;1906;-10.0;Decreased;True;2021-07-21 12:23:24+00:00;False;353;353;8800;3d0126d5ddd7c2dbc064e556d37c6f59fd74e900;59;leonid.startsev@jetbrains.com;leonid.startsev@jetbrains.com
IrBytecodeListingTestGenerated.java;MODIFY;1916;10.0;Grew;True;2021-07-21 15:24:07+00:00;False;355;355;8842;83c1a75c1e3e2c46b1b158daf72244916fee067f;60;leonid.startsev@jetbrains.com;leonid.startsev@jetbrains.com
IrBytecodeListingTestGenerated.java;MODIFY;1935;19.0;Grew;True;2021-07-30 17:53:32+00:00;False;358;358;8944;87130edfa2c9d09000effda0c6350717139f9b24;42;alexander.udalov@jetbrains.com;alexander.udalov@jetbrains.com
IrBytecodeListingTestGenerated.java;MODIFY;1960;25.0;Grew;True;2021-07-30 17:53:32+00:00;False;363;363;9049;92a73d7636fa2315f4fbf521ef937f5d6a4196ba;21;alexander.udalov@jetbrains.com;alexander.udalov@jetbrains.com
IrBytecodeListingTestGenerated.java;MODIFY;1965;5.0;Grew;True;2021-08-06 20:47:44+00:00;False;364;364;9070;bc5a79ffcc397e57d8c53ce3206357734d6a5a86;3;alexander.udalov@jetbrains.com;alexander.udalov@jetbrains.com
IrBytecodeListingTestGenerated.java;MODIFY;1970;5.0;Grew;True;2021-08-12 11:51:33+00:00;False;365;365;9091;1b98723b3ff87097427c63d44cd8fa6441106f74;11;alexander.udalov@jetbrains.com;alexander.udalov@jetbrains.com
IrBytecodeListingTestGenerated.java;MODIFY;1980;10.0;Grew;True;2021-08-23 16:25:33+00:00;False;367;367;9133;c9b0cc5b32b82012f9c69af9542034e6e4f8b885;16;udalov@users.noreply.github.com;stevenschaefer@google.com
IrBytecodeListingTestGenerated.java;MODIFY;1994;14.0;Grew;True;2021-08-31 12:07:22+00:00;False;369;369;9214;04c5bbdcf88df1e6f325d36cf63a340bad63acef;25;udalov@users.noreply.github.com;alexander.udalov@jetbrains.com
IrBytecodeListingTestGenerated.java;MODIFY;2008;14.0;Grew;True;2021-09-03 12:45:28+00:00;False;371;371;9295;9a472c418f2e1676a9063b32088ab2d60236e01a;13;alexander.udalov@jetbrains.com;alexander.udalov@jetbrains.com
IrBytecodeListingTestGenerated.java;MODIFY;2013;5.0;Grew;True;2021-10-09 14:07:35+00:00;False;372;372;9316;146f0f4904cdd52bf173959aad4889845d4d1b96;41;TeamCityServer@buildserver-ro-srv.Labs.IntelliJ.Net;dmitry.petrov@jetbrains.com
IrBytecodeListingTestGenerated.java;MODIFY;2018;5.0;Grew;True;2021-10-12 12:56:35+00:00;False;373;373;9337;b184c72e3dc021e9f31bd1f278d1653f25520166;9;teamcityserver@buildserver-app.Labs.IntelliJ.Net;dmitry.petrov@jetbrains.com
IrBytecodeListingTestGenerated.java;MODIFY;2023;5.0;Grew;True;2021-10-23 08:21:26+00:00;False;374;374;9358;6e9cbf52b14e792f26efeebdecf98d664b4db163;6;teamcityserver@buildserver-app.Labs.IntelliJ.Net;dmitry.petrov@jetbrains.com
IrBytecodeListingTestGenerated.java;MODIFY;2028;5.0;Grew;True;2021-11-17 14:44:01+00:00;False;375;375;9379;30ceb49442ec70985cc9a3c378a0c8386f6c9ba8;36;TeamCityServer@buildserver-ro-srv.Labs.IntelliJ.Net;dmitry.petrov@jetbrains.com
IrBytecodeListingTestGenerated.java;MODIFY;2033;5.0;Grew;True;2021-11-23 12:05:13+00:00;False;376;376;9400;55d1fdfbc29ac872c9ef095a70e059cd30edc7d9;12;;dmitry.petrov@jetbrains.com
IrBytecodeListingTestGenerated.java;MODIFY;2091;58.0;Grew;True;2021-12-02 17:24:26+00:00;False;386;386;9688;6cd50bc438ea3b356085c8c60e24b3f2bb62ca65;18;TeamCityServer@buildserver-ro-srv.Labs.IntelliJ.Net;anastasia.shadrina@jetbrains.com
IrBytecodeListingTestGenerated.java;MODIFY;2096;5.0;Grew;True;2021-12-29 13:29:19+00:00;False;387;387;9709;5946242d7593f09b3d17a158d7b021a6b116395a;34;;dmitry.petrov@jetbrains.com
IrBytecodeListingTestGenerated.java;MODIFY;2101;5.0;Grew;True;2022-04-21 15:06:16+00:00;False;388;388;9730;6734f542b3d65f07b0460648489ad4fd5868bf4d;12;alexander.udalov@jetbrains.com;alexander.udalov@jetbrains.com
IrBytecodeListingTestGenerated.java;MODIFY;2101;0.0;Equal;True;2022-08-05 12:12:41+00:00;False;388;388;9730;4ceb170917926385a9f925cb80e74853729ff9a3;890;dmitry.gridin@jetbrains.com;dmitry.gridin@jetbrains.com
IrBytecodeListingTestGenerated.java;MODIFY;2106;5.0;Grew;True;2022-08-12 09:35:20+00:00;False;389;389;9751;e708809e55a7e776a26b6783a9404da604f75b43;13;;qwwdfsad@gmail.com
IrBytecodeListingTestGenerated.java;MODIFY;2106;0.0;Equal;True;2022-09-09 12:51:18+00:00;False;389;389;9751;c8864369fd0065c58c2658ec363f574b11e6656c;412;;vladimir.sukharev@jetbrains.com
IrBytecodeListingTestGenerated.java;MODIFY;2111;5.0;Grew;True;2022-11-01 11:34:33+00:00;False;390;390;9772;3d00c173f30ff332c436bb1cbbe5c90477c422a4;7;alexander.udalov@jetbrains.com;alexander.udalov@jetbrains.com
IrBytecodeListingTestGenerated.java;MODIFY;2116;5.0;Grew;True;2022-11-09 22:15:31+00:00;False;391;391;9793;636024f67696641a3438d507c42ff859b9eeec9d;6;udalov@users.noreply.github.com;ager@google.com
IrBytecodeListingTestGenerated.java;MODIFY;2131;15.0;Grew;True;2022-11-30 18:55:40+00:00;False;393;393;9893;38c80192f9d15b57501ecb4554779f7f214bfc25;15;noreply@jetbrains.team;Evgeniy.Zhelenskiy@jetbrains.com
IrBytecodeListingTestGenerated.java;MODIFY;2130;-1.0;Decreased;True;2022-11-30 18:55:42+00:00;False;393;393;9874;fa4a4e56f350e7b179b413e45393d1f175ed4140;67;noreply@jetbrains.team;Evgeniy.Zhelenskiy@jetbrains.com
IrBytecodeListingTestGenerated.java;MODIFY;2130;0.0;Equal;True;2023-01-02 21:52:15+00:00;False;393;393;9874;3c4b5529afffb2d2ad005f840c83b19ebbf9c8ec;955;alexander.udalov@jetbrains.com;alexander.udalov@jetbrains.com
IrBytecodeListingTestGenerated.java;MODIFY;2135;5.0;Grew;True;2023-01-13 01:07:10+00:00;False;394;394;9895;38a56ba8e8b28d1524f8bbddedf741318427bf37;14;noreply@jetbrains.team;pavel.mikhailovskii@jetbrains.com
IrBytecodeListingTestGenerated.java;MODIFY;2140;5.0;Grew;True;2023-03-14 20:57:26+00:00;False;395;395;9916;f0fba7be6483754fc5f84fed78d8bf2f54c77ea2;59;alexander.udalov@jetbrains.com;alexander.udalov@jetbrains.com
IrBytecodeListingTestGenerated.java;MODIFY;2168;28.0;Grew;True;2023-03-27 10:32:17+00:00;False;399;399;10078;14c2030595be0ff324510bb5bd5abdabc8af97e4;11;noreply@jetbrains.team;alexander.udalov@jetbrains.com
IrBytecodeListingTestGenerated.java;MODIFY;2173;5.0;Grew;True;2023-04-17 12:10:14+00:00;False;400;400;10099;8c748bfea462790c19ded09cc371f35e34e65ad5;52;noreply@jetbrains.team;Evgeniy.Zhelenskiy@jetbrains.com
IrBytecodeListingTestGenerated.java;MODIFY;2159;-14.0;Decreased;True;2023-04-25 14:33:00+00:00;False;398;398;10018;3120a35a8847d1cf15975a21d2aef2215c82bbea;210;noreply@jetbrains.team;alexander.udalov@jetbrains.com
IrBytecodeListingTestGenerated.java;MODIFY;2154;-5.0;Decreased;True;2023-05-22 20:12:29+00:00;False;397;397;9997;9c995755f0a4e6934a13563890b7d3561496f441;5;noreply@jetbrains.team;alexander.udalov@jetbrains.com
IrBytecodeListingTestGenerated.java;MODIFY;2159;5.0;Grew;True;2023-12-15 16:25:46+00:00;False;398;398;10018;984493fe8baff0894d3a6c79c678594f0fb844b1;5;noreply@jetbrains.team;kirill.rakhman@jetbrains.com
IrBytecodeListingTestGenerated.java;MODIFY;2159;0.0;Equal;True;2024-01-05 13:43:17+00:00;False;398;398;10018;b6d373d8e55155bc54252a93dfb4338000203366;1402;noreply@jetbrains.team;dmitry.gridin@jetbrains.com
IrBytecodeListingTestGenerated.java;MODIFY;2159;0.0;Equal;True;2024-02-16 12:48:24+00:00;False;398;398;9222;acf2296590036d1190eaf8a89edc4c9fce696fb5;822;noreply@jetbrains.team;dmitriy.novozhilov@jetbrains.com
IrBytecodeListingTestGenerated.java;MODIFY;2164;5.0;Grew;True;2024-02-23 09:02:03+00:00;False;399;399;9241;555b35d894ef0ed76ca440c4618ae23fa1ff1040;6;noreply@jetbrains.team;alexander.udalov@jetbrains.com
IrBytecodeListingTestGenerated.java;MODIFY;2169;5.0;Grew;True;2024-04-08 14:39:25+00:00;False;400;400;9260;24ac39457813d99536a13ea094a071307eba6360;13;noreply@jetbrains.team;dmitriy.novozhilov@jetbrains.com
IrBytecodeListingTestGenerated.java;MODIFY;2174;5.0;Grew;True;2024-04-25 15:32:46+00:00;False;401;401;9279;32f48ceabc9637e7ba0acfff406b8a43bf813f87;6;noreply@jetbrains.team;vladislav.grechko@jetbrains.com
IrBytecodeListingTestGenerated.java;MODIFY;2179;5.0;Grew;True;2024-06-14 21:31:35+00:00;False;402;402;9298;b0a364f7d1c0a5176fd1f1d8847c8b44b2ead26d;7;noreply@jetbrains.team;mikhail.glukhikh@jetbrains.com
IrBytecodeListingTestGenerated.java;MODIFY;2164;-15.0;Decreased;True;2024-09-24 11:38:59+00:00;False;399;399;9241;00083f8aaa67e5cf6c834337dbd8132839d9ab98;442;noreply@jetbrains.team;brian.norman@jetbrains.com
IrBytecodeListingTestGenerated.java;MODIFY;2174;10.0;Grew;True;2024-10-29 17:29:13+00:00;False;401;401;9279;379f907559b00833c1e5aeee642a3cd7f39e9bb9;39;noreply@jetbrains.team;stevenschaefer@google.com
IrBytecodeListingTestGenerated.java;MODIFY;2193;19.0;Grew;True;2024-11-12 12:44:44+00:00;False;404;404;9375;4b584928055c43627e49718146c91a4a710b5040;48;noreply@jetbrains.team;alexander.udalov@jetbrains.com
IrBytecodeListingTestGenerated.java;MODIFY;2203;10.0;Grew;True;2024-12-10 12:59:34+00:00;False;406;406;9413;64f4c19fb451e085144a5350a89c5c33b2d48dcb;8;noreply@jetbrains.team;mikhail.glukhikh@jetbrains.com
