file_name;change_type;n_loc;lines_balance;size_change;is_large;date;swapped_classification;complexity;methods;tokens;hash;files_on_commit;committer_email;author_email
JvmMultiFieldValueClassLowering.kt;RENAME;50;0.0;Equal;False;2022-03-24 11:38:43+00:00;False;13;13;354;28bf83ceac2d0295dd5ad5dcbb965e68e0f0c4f9;69;teamcity@ip-10-128-210-208.eu-west-1.compute.internal;Evgeniy.Zhelenskiy@jetbrains.com
JvmMultiFieldValueClassLowering.kt;MODIFY;1137;1087.0;Grew;True;2022-10-06 20:45:45+00:00;True;168;83;8712;b7f5c039a6bab59d5d8d369c436e858fc8722797;64;noreply@jetbrains.team;Evgeniy.Zhelenskiy@jetbrains.com
JvmMultiFieldValueClassLowering.kt;MODIFY;50;-1087.0;Decreased;False;2022-10-07 12:42:05+00:00;True;13;13;354;93ffd9f233e55568070bbbb3e980404eca82c784;64;teamcity@ip-10-128-210-208.eu-west-1.compute.internal;Evgeniy.Zhelenskiy@jetbrains.com
JvmMultiFieldValueClassLowering.kt;MODIFY;656;606.0;Grew;True;2022-10-07 12:42:06+00:00;True;94;46;5372;2896f5613ddf3db445277ae35e7dce7a0b50a08a;24;teamcity@ip-10-128-210-208.eu-west-1.compute.internal;Evgeniy.Zhelenskiy@jetbrains.com
JvmMultiFieldValueClassLowering.kt;MODIFY;697;41.0;Grew;True;2022-10-07 12:42:06+00:00;False;94;47;5708;ee2d3272436743e7117352ea956b3fa2dddfec9d;11;teamcity@ip-10-128-210-208.eu-west-1.compute.internal;Evgeniy.Zhelenskiy@jetbrains.com
JvmMultiFieldValueClassLowering.kt;MODIFY;745;48.0;Grew;True;2022-10-07 12:42:07+00:00;False;89;47;6132;73b0fac657c6987a719c373e0b88fa1682a6ec32;4;teamcity@ip-10-128-210-208.eu-west-1.compute.internal;Evgeniy.Zhelenskiy@jetbrains.com
JvmMultiFieldValueClassLowering.kt;MODIFY;924;179.0;Grew;True;2022-10-07 12:42:07+00:00;False;112;61;7324;a788433aac39b1afead8bd4a511fc1f8f37423bc;23;teamcity@ip-10-128-210-208.eu-west-1.compute.internal;Evgeniy.Zhelenskiy@jetbrains.com
JvmMultiFieldValueClassLowering.kt;MODIFY;913;-11.0;Decreased;True;2022-10-07 12:42:08+00:00;False;112;61;7262;406bc4e4976dbd100abfa20b86377a9f4e0dc01a;3;teamcity@ip-10-128-210-208.eu-west-1.compute.internal;Evgeniy.Zhelenskiy@jetbrains.com
JvmMultiFieldValueClassLowering.kt;MODIFY;941;28.0;Grew;True;2022-10-07 12:42:08+00:00;False;115;63;7449;b1dced6cda1f0cdf3b93d028ca68da667b10af3c;18;teamcity@ip-10-128-210-208.eu-west-1.compute.internal;Evgeniy.Zhelenskiy@jetbrains.com
JvmMultiFieldValueClassLowering.kt;MODIFY;984;43.0;Grew;True;2022-10-07 12:42:10+00:00;False;127;67;7720;5ea1edf6d1df132aaee02865313d23f7da7856d1;15;teamcity@ip-10-128-210-208.eu-west-1.compute.internal;Evgeniy.Zhelenskiy@jetbrains.com
JvmMultiFieldValueClassLowering.kt;MODIFY;982;-2.0;Decreased;True;2022-10-07 12:42:10+00:00;False;125;65;7673;d0590e4e837b6cd91f228bffec079fe9232942df;8;teamcity@ip-10-128-210-208.eu-west-1.compute.internal;Evgeniy.Zhelenskiy@jetbrains.com
JvmMultiFieldValueClassLowering.kt;MODIFY;1048;66.0;Grew;True;2022-10-07 12:42:11+00:00;False;146;79;8255;0bff8a21a1d34f38488706ffcf27c7bfb69e785b;2;teamcity@ip-10-128-210-208.eu-west-1.compute.internal;Evgeniy.Zhelenskiy@jetbrains.com
JvmMultiFieldValueClassLowering.kt;MODIFY;1048;0.0;Equal;True;2022-10-07 12:42:11+00:00;False;146;79;8255;c2284d15a50ae6544c449e3c94ce73947b12b75e;36;teamcity@ip-10-128-210-208.eu-west-1.compute.internal;Evgeniy.Zhelenskiy@jetbrains.com
JvmMultiFieldValueClassLowering.kt;MODIFY;1051;3.0;Grew;True;2022-10-07 12:42:12+00:00;False;148;79;8295;e76041bb3bb485143b3c20a5510c11ff622c9549;13;teamcity@ip-10-128-210-208.eu-west-1.compute.internal;Evgeniy.Zhelenskiy@jetbrains.com
JvmMultiFieldValueClassLowering.kt;MODIFY;1108;57.0;Grew;True;2022-10-07 12:42:13+00:00;False;161;81;8603;ca789607babcc5ecefb5e1fe174f4b62d805a25f;11;teamcity@ip-10-128-210-208.eu-west-1.compute.internal;Evgeniy.Zhelenskiy@jetbrains.com
JvmMultiFieldValueClassLowering.kt;MODIFY;1124;16.0;Grew;True;2022-10-07 12:42:14+00:00;False;163;83;8763;afe67f9bc113d0aaf0f076e7283b1ac5b8f87d6f;8;teamcity@ip-10-128-210-208.eu-west-1.compute.internal;Evgeniy.Zhelenskiy@jetbrains.com
JvmMultiFieldValueClassLowering.kt;MODIFY;1137;13.0;Grew;True;2022-10-07 12:42:14+00:00;False;163;82;8677;5c0784fef5c9e697277880055779734031870b49;27;teamcity@ip-10-128-210-208.eu-west-1.compute.internal;Evgeniy.Zhelenskiy@jetbrains.com
JvmMultiFieldValueClassLowering.kt;MODIFY;1137;0.0;Equal;True;2022-10-07 12:42:15+00:00;False;168;83;8712;dff949344d78904e53fbf1f5ab44a89212d31497;23;teamcity@ip-10-128-210-208.eu-west-1.compute.internal;Evgeniy.Zhelenskiy@jetbrains.com
JvmMultiFieldValueClassLowering.kt;MODIFY;50;-1087.0;Decreased;False;2022-10-07 12:43:36+00:00;True;13;13;354;d4969e9b977fcb84791ef9288661fa61a26f64fe;64;teamcity@ip-10-128-210-208.eu-west-1.compute.internal;Evgeniy.Zhelenskiy@jetbrains.com
JvmMultiFieldValueClassLowering.kt;MODIFY;656;606.0;Grew;True;2022-10-07 12:43:36+00:00;True;94;46;5372;0c1c25e477b947805b88052e7c16fcc855971250;24;teamcity@ip-10-128-210-208.eu-west-1.compute.internal;Evgeniy.Zhelenskiy@jetbrains.com
JvmMultiFieldValueClassLowering.kt;MODIFY;745;89.0;Grew;True;2022-10-07 12:43:37+00:00;False;89;47;6132;894cdc23070f9f74398134741c90935a749f086a;4;teamcity@ip-10-128-210-208.eu-west-1.compute.internal;Evgeniy.Zhelenskiy@jetbrains.com
JvmMultiFieldValueClassLowering.kt;MODIFY;697;-48.0;Decreased;True;2022-10-07 12:43:37+00:00;False;94;47;5708;0d350f94f29c1f7ee72d1f032c948685fc8f4062;11;teamcity@ip-10-128-210-208.eu-west-1.compute.internal;Evgeniy.Zhelenskiy@jetbrains.com
JvmMultiFieldValueClassLowering.kt;MODIFY;913;216.0;Grew;True;2022-10-07 12:43:38+00:00;False;112;61;7262;79ae0a1bd61ea60f7038aaa2546129b9a5d9a022;3;teamcity@ip-10-128-210-208.eu-west-1.compute.internal;Evgeniy.Zhelenskiy@jetbrains.com
JvmMultiFieldValueClassLowering.kt;MODIFY;924;11.0;Grew;True;2022-10-07 12:43:38+00:00;False;112;61;7324;765c212327d0eeeb62ad9bcd9ec7a05508427f56;23;teamcity@ip-10-128-210-208.eu-west-1.compute.internal;Evgeniy.Zhelenskiy@jetbrains.com
JvmMultiFieldValueClassLowering.kt;MODIFY;941;17.0;Grew;True;2022-10-07 12:43:39+00:00;False;115;63;7449;14b8e41967ab0a00bddf0791fce3b8717406efdd;18;teamcity@ip-10-128-210-208.eu-west-1.compute.internal;Evgeniy.Zhelenskiy@jetbrains.com
JvmMultiFieldValueClassLowering.kt;MODIFY;982;41.0;Grew;True;2022-10-07 12:43:40+00:00;False;125;65;7673;eb0aa555710a4c919fbbbaf5a6c6ea3b14fe4fc0;8;teamcity@ip-10-128-210-208.eu-west-1.compute.internal;Evgeniy.Zhelenskiy@jetbrains.com
JvmMultiFieldValueClassLowering.kt;MODIFY;984;2.0;Grew;True;2022-10-07 12:43:41+00:00;False;127;67;7720;8ba20bee5ba85103c5e330c4c47eef1c0f5706d4;15;teamcity@ip-10-128-210-208.eu-west-1.compute.internal;Evgeniy.Zhelenskiy@jetbrains.com
JvmMultiFieldValueClassLowering.kt;MODIFY;1048;64.0;Grew;True;2022-10-07 12:43:42+00:00;False;146;79;8255;cfc17849d885cc47d2466b85f01bfe1178b61d0b;2;teamcity@ip-10-128-210-208.eu-west-1.compute.internal;Evgeniy.Zhelenskiy@jetbrains.com
JvmMultiFieldValueClassLowering.kt;MODIFY;1048;0.0;Equal;True;2022-10-07 12:43:42+00:00;False;146;79;8255;6f94af80abcaaa4177b14bd1fb5a281cd83a3b98;36;teamcity@ip-10-128-210-208.eu-west-1.compute.internal;Evgeniy.Zhelenskiy@jetbrains.com
JvmMultiFieldValueClassLowering.kt;MODIFY;1051;3.0;Grew;True;2022-10-07 12:43:43+00:00;False;148;79;8295;70293fab602134c7ad6ebe79498bf1dec12bdd25;13;teamcity@ip-10-128-210-208.eu-west-1.compute.internal;Evgeniy.Zhelenskiy@jetbrains.com
JvmMultiFieldValueClassLowering.kt;MODIFY;1108;57.0;Grew;True;2022-10-07 12:43:44+00:00;False;161;81;8603;f8aa3612f82e2cb757d4f36ef47a39c6cfb6d48e;11;teamcity@ip-10-128-210-208.eu-west-1.compute.internal;Evgeniy.Zhelenskiy@jetbrains.com
JvmMultiFieldValueClassLowering.kt;MODIFY;1124;16.0;Grew;True;2022-10-07 12:43:45+00:00;False;163;83;8763;e1f886936cd7d1e056f08eb99f5203dc0bd66597;8;teamcity@ip-10-128-210-208.eu-west-1.compute.internal;Evgeniy.Zhelenskiy@jetbrains.com
JvmMultiFieldValueClassLowering.kt;MODIFY;1137;13.0;Grew;True;2022-10-07 12:43:46+00:00;False;168;83;8712;6117cdc0c35e93d6bace6d6dabde52a18e2e56b5;23;teamcity@ip-10-128-210-208.eu-west-1.compute.internal;Evgeniy.Zhelenskiy@jetbrains.com
JvmMultiFieldValueClassLowering.kt;MODIFY;1137;0.0;Equal;True;2022-10-07 12:43:46+00:00;False;163;82;8677;9dd308dc0133552dac11cb33965e8789da9ccc5a;27;teamcity@ip-10-128-210-208.eu-west-1.compute.internal;Evgeniy.Zhelenskiy@jetbrains.com
JvmMultiFieldValueClassLowering.kt;MODIFY;1134;-3.0;Decreased;True;2022-11-17 14:35:14+00:00;False;168;83;8671;36b8ba8df37aceffd3f6404db1e6bcd2d70811ff;38;vladislav.grechko@gmail.com;vladislav.grechko@gmail.com
JvmMultiFieldValueClassLowering.kt;MODIFY;1170;36.0;Grew;True;2022-11-30 18:55:33+00:00;False;176;87;8938;51e76aa19a30d99348e80b9fca1e41ba12c97218;7;noreply@jetbrains.team;Evgeniy.Zhelenskiy@jetbrains.com
JvmMultiFieldValueClassLowering.kt;MODIFY;1207;37.0;Grew;True;2022-11-30 18:55:34+00:00;False;182;87;9216;89d5592622b7837dbc5d6373ae554bb4ef1e0cfd;5;noreply@jetbrains.team;Evgeniy.Zhelenskiy@jetbrains.com
JvmMultiFieldValueClassLowering.kt;MODIFY;1173;-34.0;Decreased;True;2022-11-30 18:55:34+00:00;False;176;87;9029;b45f2baff547b385de1743f7fa0d1bc12bdc199d;1;noreply@jetbrains.team;Evgeniy.Zhelenskiy@jetbrains.com
JvmMultiFieldValueClassLowering.kt;MODIFY;1207;34.0;Grew;True;2022-11-30 18:55:35+00:00;False;182;87;9206;962265531e39f99264b86d9d80f0594d775ed863;5;noreply@jetbrains.team;Evgeniy.Zhelenskiy@jetbrains.com
JvmMultiFieldValueClassLowering.kt;MODIFY;1224;17.0;Grew;True;2022-11-30 18:55:35+00:00;False;185;88;9278;8c3fa6f09f892adf255e7342abbf620114b2ccf1;2;noreply@jetbrains.team;Evgeniy.Zhelenskiy@jetbrains.com
JvmMultiFieldValueClassLowering.kt;MODIFY;1211;-13.0;Decreased;True;2022-11-30 18:55:36+00:00;False;201;87;9157;9f01ccc304420560fde10cec43df9fd62a6b2a81;75;noreply@jetbrains.team;Evgeniy.Zhelenskiy@jetbrains.com
JvmMultiFieldValueClassLowering.kt;MODIFY;1216;5.0;Grew;True;2022-11-30 18:55:36+00:00;False;203;87;9218;51f9f31a0accf196dfeb697c47cb88d2f2769261;18;noreply@jetbrains.team;Evgeniy.Zhelenskiy@jetbrains.com
JvmMultiFieldValueClassLowering.kt;MODIFY;1241;25.0;Grew;True;2022-11-30 18:55:37+00:00;False;201;87;9422;c6e54e6433d5b5f81170f1c9dd018201c5d5c34d;6;noreply@jetbrains.team;Evgeniy.Zhelenskiy@jetbrains.com
JvmMultiFieldValueClassLowering.kt;MODIFY;1215;-26.0;Decreased;True;2022-11-30 18:55:37+00:00;False;201;87;9170;1660dc21b91c093322ce66412d28a1c7561fade2;6;noreply@jetbrains.team;Evgeniy.Zhelenskiy@jetbrains.com
JvmMultiFieldValueClassLowering.kt;MODIFY;1262;47.0;Grew;True;2022-11-30 18:55:40+00:00;False;203;87;9556;38c80192f9d15b57501ecb4554779f7f214bfc25;15;noreply@jetbrains.team;Evgeniy.Zhelenskiy@jetbrains.com
JvmMultiFieldValueClassLowering.kt;MODIFY;1259;-3.0;Decreased;True;2022-11-30 18:55:40+00:00;False;201;87;9520;b692748938f7fd30e0453c4ee1eebc90acb3434e;42;noreply@jetbrains.team;Evgeniy.Zhelenskiy@jetbrains.com
JvmMultiFieldValueClassLowering.kt;MODIFY;1267;8.0;Grew;True;2022-11-30 18:55:41+00:00;False;205;89;9545;86809e898a229e78130ff86d0f48c18d56accfff;9;noreply@jetbrains.team;Evgeniy.Zhelenskiy@jetbrains.com
JvmMultiFieldValueClassLowering.kt;MODIFY;1307;40.0;Grew;True;2022-11-30 18:55:41+00:00;False;209;91;9917;b7f249cdb693ec6fd204fa73f3e17926350796ef;20;noreply@jetbrains.team;Evgeniy.Zhelenskiy@jetbrains.com
JvmMultiFieldValueClassLowering.kt;MODIFY;1361;54.0;Grew;True;2022-12-08 15:12:28+00:00;False;219;98;10361;40f38c8adb55787de1acfe2d1be87ebe496511c6;25;noreply@jetbrains.team;Evgeniy.Zhelenskiy@jetbrains.com
JvmMultiFieldValueClassLowering.kt;MODIFY;1381;20.0;Grew;True;2022-12-16 16:20:51+00:00;False;220;98;10490;f6c63c6e4f56e0cdb18973b504e60d8792149d76;9;Evgeniy.Zhelenskiy@jetbrains.com;Evgeniy.Zhelenskiy@jetbrains.com
JvmMultiFieldValueClassLowering.kt;MODIFY;1375;-6.0;Decreased;True;2022-12-18 22:11:23+00:00;False;217;98;10465;53b98503eddc34f9dac82ff14983d9b0d0d85e6a;6;noreply@jetbrains.team;Evgeniy.Zhelenskiy@jetbrains.com
JvmMultiFieldValueClassLowering.kt;MODIFY;1381;6.0;Grew;True;2023-03-07 21:44:43+00:00;False;219;96;10505;88f293d4a9c8a8a1f5800344622dac5029c7c5cc;52;noreply@jetbrains.team;Evgeniy.Zhelenskiy@jetbrains.com
JvmMultiFieldValueClassLowering.kt;MODIFY;1386;5.0;Grew;True;2023-03-13 13:09:55+00:00;False;219;96;10527;19424702e018c9c744ad8a7c95790b252c843a16;8;noreply@jetbrains.team;Evgeniy.Zhelenskiy@jetbrains.com
JvmMultiFieldValueClassLowering.kt;MODIFY;1457;71.0;Grew;True;2023-03-13 13:09:56+00:00;False;222;100;11022;3b5ad0681fe359d129aaed3edf46c087150f22cd;40;noreply@jetbrains.team;Evgeniy.Zhelenskiy@jetbrains.com
JvmMultiFieldValueClassLowering.kt;MODIFY;1458;1.0;Grew;True;2023-03-13 18:49:10+00:00;False;222;100;11009;948714e7e5708663808856bf6c6733248fae4470;6;Evgeniy.Zhelenskiy@jetbrains.com;Evgeniy.Zhelenskiy@jetbrains.com
JvmMultiFieldValueClassLowering.kt;MODIFY;1393;-65.0;Decreased;True;2023-05-04 16:44:18+00:00;False;210;94;10638;bf5fa61ffbd1ac1a642fe882e31e6dc809f8e433;28;noreply@jetbrains.team;Evgeniy.Zhelenskiy@jetbrains.com
JvmMultiFieldValueClassLowering.kt;MODIFY;1392;-1.0;Decreased;True;2023-05-12 18:36:49+00:00;False;215;95;10682;2535a87f85d13938dfbdd7ddfb2ba50d06061293;15;noreply@jetbrains.team;Evgeniy.Zhelenskiy@jetbrains.com
JvmMultiFieldValueClassLowering.kt;MODIFY;1394;2.0;Grew;True;2023-05-12 18:36:49+00:00;False;215;95;10696;c1ac58003141252baadb97133a0033f2538c1730;6;noreply@jetbrains.team;Evgeniy.Zhelenskiy@jetbrains.com
JvmMultiFieldValueClassLowering.kt;MODIFY;1400;6.0;Grew;True;2023-06-14 17:34:14+00:00;False;216;95;10701;4f1d181c885bf5d44f00b2d8832345b67a83468d;3;noreply@jetbrains.team;vladislav.grechko@jetbrains.com
JvmMultiFieldValueClassLowering.kt;MODIFY;1403;3.0;Grew;True;2023-06-14 17:34:14+00:00;False;217;95;10716;b8b8b7fd3af832766d16ddf4ee16984be0b020ae;2;noreply@jetbrains.team;vladislav.grechko@jetbrains.com
JvmMultiFieldValueClassLowering.kt;MODIFY;1412;9.0;Grew;True;2023-08-30 15:35:43+00:00;False;217;95;10767;12bbdebed2c36561ef409bb4de86fed90d35db3b;13;noreply@jetbrains.team;alexander.udalov@jetbrains.com
JvmMultiFieldValueClassLowering.kt;MODIFY;1414;2.0;Grew;True;2023-11-13 17:56:09+00:00;False;217;95;10772;a3b55cf758f3a7ceb596f65507c2f61ada5266af;67;noreply@jetbrains.team;iaroslav.postovalov@jetbrains.com
JvmMultiFieldValueClassLowering.kt;MODIFY;1415;1.0;Grew;True;2024-04-02 13:25:58+00:00;False;219;96;10792;b50f04f36735d7ef7fefe5fee80edc2b59bdb02e;13;noreply@jetbrains.team;alexander.udalov@jetbrains.com
JvmMultiFieldValueClassLowering.kt;MODIFY;1414;-1.0;Decreased;True;2024-04-16 12:32:05+00:00;False;219;96;10787;f0fbced0723534f56105d6759e7783f116fb7cce;79;noreply@jetbrains.team;alexander.udalov@jetbrains.com
JvmMultiFieldValueClassLowering.kt;MODIFY;1414;0.0;Equal;True;2024-06-19 18:08:29+00:00;False;219;96;10771;81dbcb97490e481cd4d0f3d49297cfb43c2cac57;10;noreply@jetbrains.team;wojciech.litewka@jetbrains.com
JvmMultiFieldValueClassLowering.kt;MODIFY;1415;1.0;Grew;True;2024-07-09 09:27:05+00:00;False;219;96;10785;124759564a8e957be8099c2321315c88f817dfd6;62;noreply@jetbrains.space;wojciech.litewka@jetbrains.com
JvmMultiFieldValueClassLowering.kt;MODIFY;1414;-1.0;Decreased;True;2024-08-16 09:06:54+00:00;False;219;96;10770;5ce396444c575685ee2bb31cd7118477ab794c34;22;noreply@jetbrains.space;wojciech.litewka@jetbrains.com
JvmMultiFieldValueClassLowering.kt;MODIFY;1412;-2.0;Decreased;True;2024-09-16 17:02:01+00:00;False;219;96;10776;4f5bb6bade5b58899fef79db79cca81cbbbb3fec;3;noreply@jetbrains.team;ivan.kylchik@jetbrains.com
JvmMultiFieldValueClassLowering.kt;MODIFY;1411;-1.0;Decreased;True;2024-09-17 10:18:59+00:00;False;219;96;10761;147bc81df1b6085e8808c8856512c8feb36f42fe;23;noreply@jetbrains.space;wojciech.litewka@jetbrains.com
JvmMultiFieldValueClassLowering.kt;MODIFY;1412;1.0;Grew;True;2024-09-17 10:18:59+00:00;False;219;96;10773;6492230e32ee2ea3e4ad51122c80ed87e729303e;7;noreply@jetbrains.space;wojciech.litewka@jetbrains.com
JvmMultiFieldValueClassLowering.kt;MODIFY;1411;-1.0;Decreased;True;2024-09-26 10:25:11+00:00;False;219;96;10739;234eaa4f3e0ba9ffb82426a760108303288d1c69;7;noreply@jetbrains.team;wojciech.litewka@jetbrains.com
JvmMultiFieldValueClassLowering.kt;MODIFY;1408;-3.0;Decreased;True;2024-10-09 09:15:03+00:00;False;219;96;10734;41b5d994f75d024e157c224d421468ac124182a2;101;noreply@jetbrains.team;alexander.udalov@jetbrains.com
JvmMultiFieldValueClassLowering.kt;MODIFY;1408;0.0;Equal;True;2024-10-09 09:15:04+00:00;False;219;96;10734;3cebafef14a554eb76a2b5a24598c9d16aaa3af6;12;noreply@jetbrains.team;alexander.udalov@jetbrains.com
JvmMultiFieldValueClassLowering.kt;MODIFY;1406;-2.0;Decreased;True;2024-10-16 15:38:45+00:00;False;218;96;10717;721161a76c6d30b029f0a2aa24531131aacda98b;16;noreply@jetbrains.team;Evgeniy.Zhelenskiy@jetbrains.com
JvmMultiFieldValueClassLowering.kt;MODIFY;1407;1.0;Grew;True;2024-10-22 08:03:51+00:00;False;218;96;10729;ba407741964d59925fcd0fdb6697653277c10975;55;noreply@jetbrains.space;francesco.protopapa@jetbrains.com
JvmMultiFieldValueClassLowering.kt;MODIFY;1407;0.0;Equal;True;2024-12-04 18:25:41+00:00;False;218;96;10731;931cba23112128d3641f96a466bc79dbcf4c9235;29;wojciech.litewka@jetbrains.com;wojciech.litewka@jetbrains.com
JvmMultiFieldValueClassLowering.kt;MODIFY;1407;0.0;Equal;True;2024-12-09 17:56:17+00:00;False;218;96;10739;039605ee58223e4f89128e7d106ac4466064c39b;145;noreply@jetbrains.space;wojciech.litewka@jetbrains.com
