file_name;change_type;n_loc;lines_balance;size_change;is_large;date;swapped_classification;complexity;methods;tokens;hash;files_on_commit;committer_email;author_email
KaptStubConverter.kt;RENAME;1261;0.0;Equal;True;2024-08-05 07:39:03+00:00;True;344;57;10186;13fd189de47171dcd74f31e5e89fc05cafde10e8;10;noreply@jetbrains.team;alexander.udalov@jetbrains.com
KaptStubConverter.kt;MODIFY;1258;-3.0;Decreased;True;2024-08-05 12:26:40+00:00;False;343;57;10160;2ca968e8fe04c7e78bea91574b008647580bd2c8;5;noreply@jetbrains.team;alexander.udalov@jetbrains.com
KaptStubConverter.kt;MODIFY;1258;0.0;Equal;True;2024-08-09 15:07:27+00:00;False;343;57;10156;40e8647f22eabd8979538b3a6aee70e3556f5f17;3;noreply@jetbrains.team;alexander.udalov@jetbrains.com
KaptStubConverter.kt;MODIFY;1501;243.0;Grew;True;2024-08-21 11:42:27+00:00;False;410;70;12164;8bbacd2b56997cf0948efd01a71ac93565d51e3a;11;noreply@jetbrains.team;alexander.udalov@jetbrains.com
KaptStubConverter.kt;MODIFY;1534;33.0;Grew;True;2024-08-21 11:42:27+00:00;False;414;73;12375;5788fb3fe4b19674f5c254570d7edcfd48b43728;9;noreply@jetbrains.team;alexander.udalov@jetbrains.com
KaptStubConverter.kt;MODIFY;1457;-77.0;Decreased;True;2024-08-21 11:42:27+00:00;False;400;67;11808;e6bc9e1d4b7dd8ba6e7f8d7db270c2de90f93297;5;noreply@jetbrains.team;alexander.udalov@jetbrains.com
KaptStubConverter.kt;MODIFY;1398;-59.0;Decreased;True;2024-08-21 11:42:27+00:00;False;377;65;11275;906fe93bcf40fc7dfe0c9ba77defd78a180a3063;3;noreply@jetbrains.team;ilmir.usmanov@jetbrains.com
KaptStubConverter.kt;MODIFY;1399;1.0;Grew;True;2024-08-21 11:42:27+00:00;False;378;65;11287;cf08418824940cf46bc7a8d04573d47471b04e92;2;noreply@jetbrains.team;ilmir.usmanov@jetbrains.com
KaptStubConverter.kt;MODIFY;1399;0.0;Equal;True;2024-08-21 11:42:27+00:00;False;377;65;11289;4756f7072f62533ca44b40e4b04931e3f70c3a6a;3;noreply@jetbrains.team;ilmir.usmanov@jetbrains.com
KaptStubConverter.kt;MODIFY;1320;-79.0;Decreased;True;2024-08-21 11:42:27+00:00;False;360;61;10707;c246aa749ad8da1b4f567009160916b0a7ba3b5f;14;noreply@jetbrains.team;ilmir.usmanov@jetbrains.com
KaptStubConverter.kt;MODIFY;1522;202.0;Grew;True;2024-08-21 11:42:27+00:00;False;414;73;12298;3a7da42bcdfadb92fe808d3a6e14c794c86e3b32;8;noreply@jetbrains.team;alexander.udalov@jetbrains.com
KaptStubConverter.kt;MODIFY;1402;-120.0;Decreased;True;2024-08-21 11:42:27+00:00;False;378;65;11317;8c076349b9d4f935eaedfecdba05678185d39639;5;noreply@jetbrains.team;alexander.udalov@jetbrains.com
KaptStubConverter.kt;MODIFY;1421;19.0;Grew;True;2024-08-21 11:42:27+00:00;False;384;66;11475;2fdd53072ab711355fef4953f8148285ab3f41e2;2;noreply@jetbrains.team;alexander.udalov@jetbrains.com
KaptStubConverter.kt;MODIFY;1388;-33.0;Decreased;True;2024-08-21 11:42:27+00:00;False;376;65;11236;30c63212e944fd235e60ede8827cfb6fe641fb3c;4;noreply@jetbrains.team;alexander.udalov@jetbrains.com
KaptStubConverter.kt;MODIFY;1534;146.0;Grew;True;2024-08-28 10:13:15+00:00;False;414;73;12375;88c5c885a1f588eb95aaad9fab70f9571d7689fa;71;noreply@jetbrains.space;kirill.rakhman@jetbrains.com
KaptStubConverter.kt;MODIFY;1533;-1.0;Decreased;True;2024-09-02 13:41:26+00:00;False;414;73;12363;1a677885f3076002c2d5e8b04416536fdc15b138;62;noreply@jetbrains.team;mikhail.glukhikh@jetbrains.com
KaptStubConverter.kt;MODIFY;1533;0.0;Equal;True;2024-09-23 10:09:48+00:00;False;414;73;12363;2987786748ca6e930fcceb2f4b2e5a027d8dd33b;70;noreply@jetbrains.space;kirill.rakhman@jetbrains.com
KaptStubConverter.kt;MODIFY;1533;0.0;Equal;True;2024-12-05 14:07:45+00:00;False;414;73;12365;dbb50f240fc955d4207aec7f62000b77be289acd;26;noreply@jetbrains.space;alexander.udalov@jetbrains.com
