file_name;change_type;n_loc;lines_balance;size_change;is_large;date;swapped_classification;complexity;methods;tokens;hash;files_on_commit;committer_email;author_email
KtPsiFactory.kt;RENAME;632;0.0;Equal;True;2018-03-16 10:32:14+00:00;True;170;114;4514;c0b0f6d1ca0b501e972503a127254da850cdcac9;332;Simon.Ogorodnik@jetbrains.com;Simon.Ogorodnik@jetbrains.com
KtPsiFactory.kt;MODIFY;622;-10.0;Decreased;True;2018-07-20 08:27:08+00:00;False;168;113;4464;79e776e9d7e5d9c015cab98a07a7e113bce78766;4;denis.zharkov@jetbrains.com;denis.zharkov@jetbrains.com
KtPsiFactory.kt;MODIFY;633;11.0;Grew;True;2018-07-23 07:36:31+00:00;False;170;114;4519;01503a84d9ec248db1cc859cff22e27af2318813;2;denis.zharkov@jetbrains.com;denis.zharkov@jetbrains.com
KtPsiFactory.kt;MODIFY;639;6.0;Grew;True;2018-08-07 08:30:31+00:00;False;170;114;4529;06d339639fe659d3076642c14ba0f98826faccdd;2;mikhail.glukhikh@jetbrains.com;mikhail.glukhikh@jetbrains.com
KtPsiFactory.kt;MODIFY;643;4.0;Grew;True;2018-11-08 07:33:50+00:00;False;171;115;4558;9c18e24de5acd833c2a8c0a0825ae0c7766e9718;13;mikhail.glukhikh@jetbrains.com;kmymtsak@gmail.com
KtPsiFactory.kt;MODIFY;643;0.0;Equal;True;2018-11-12 10:38:28+00:00;False;171;115;4548;2284028bbebc92dfc8d893d60786089572066b9a;19;nikolay.krasko@jetbrains.com;nikolay.krasko@jetbrains.com
KtPsiFactory.kt;MODIFY;646;3.0;Grew;True;2019-04-04 04:10:39+00:00;False;172;115;4559;f861b107988a9f228cb7dac5edf40f0e048724a2;17;dmitry.gridin@jetbrains.com;kmymtsak@gmail.com
KtPsiFactory.kt;MODIFY;651;5.0;Grew;True;2019-04-17 17:26:15+00:00;False;171;116;4609;1f29b42cd32f6ad3f82162b6af7417eee5afbe17;16;igor.yakovlev@jetbrains.com;igor.yakovlev@jetbrains.com
KtPsiFactory.kt;MODIFY;651;0.0;Equal;True;2019-04-23 17:09:22+00:00;False;171;116;4609;65244b4bea81f737466618927d4f3afe339cad0d;3628;nikita.movshin@jetbrains.com;nikita.movshin@jetbrains.com
KtPsiFactory.kt;MODIFY;652;1.0;Grew;True;2019-04-25 12:47:39+00:00;False;171;116;4614;37c856290f8e9edac24cefbd1b68bfc6b1d97a79;226;dmitry.gridin@jetbrains.com;dmitry.gridin@jetbrains.com
KtPsiFactory.kt;MODIFY;655;3.0;Grew;True;2019-05-20 09:24:52+00:00;False;172;117;4636;3451c60f9383756df33b6985f5c5a7a2435c1d90;17;mikhail.glukhikh@jetbrains.com;kilian.callebaut@gmail.com
KtPsiFactory.kt;MODIFY;662;7.0;Grew;True;2019-06-16 22:10:19+00:00;False;173;118;4674;fbd992f8c735b22bcdd9bc72edc3d14a4c8b96de;55;mikhail.glukhikh@jetbrains.com;kmymtsak@gmail.com
KtPsiFactory.kt;MODIFY;663;1.0;Grew;True;2019-10-02 12:42:30+00:00;False;173;118;4691;d86e87d35ee698086dd6d5827e0b240412271ba2;9;dmitry.gridin@jetbrains.com;kmymtsak@gmail.com
KtPsiFactory.kt;MODIFY;670;7.0;Grew;True;2019-10-21 15:18:23+00:00;False;175;119;4746;30229da95ab76697b6620270fba0776bbc240f53;8;vladimir.dolzhenko@jetbrains.com;vladimir.dolzhenko@jetbrains.com
KtPsiFactory.kt;MODIFY;671;1.0;Grew;True;2020-03-16 11:40:47+00:00;False;175;119;4762;37e1333fe17a2ada89cb29371e821926a7f75f77;5;dmitry.gridin@jetbrains.com;anstreth@gmail.com
KtPsiFactory.kt;MODIFY;671;0.0;Equal;True;2020-03-16 11:40:47+00:00;False;175;119;4764;e1cb5613984347c08f874180ca289c87906ab361;18;dmitry.gridin@jetbrains.com;anstreth@gmail.com
KtPsiFactory.kt;MODIFY;681;10.0;Grew;True;2020-03-16 11:40:48+00:00;False;175;119;4939;2b8373447aea316c54e857e3301e4bb30374f382;1;dmitry.gridin@jetbrains.com;dmitry.gridin@jetbrains.com
KtPsiFactory.kt;MODIFY;687;6.0;Grew;True;2020-09-29 14:58:28+00:00;False;176;119;4976;b56272dc6426480bfc2ea236c7b5b7df8525253f;10;yan.zhulanow@jetbrains.com;kmymtsak@gmail.com
KtPsiFactory.kt;MODIFY;691;4.0;Grew;True;2022-07-06 21:03:20+00:00;False;177;119;4989;a6b6c79dc2d20f4dd7561e3a63b79a4d13adcceb;1;ilya.kirillov@jetbrains.com;ilya.kirillov@jetbrains.com
KtPsiFactory.kt;MODIFY;691;0.0;Equal;True;2022-09-07 18:03:51+00:00;False;177;119;4989;26d4e02b7c5e92a0bae8bbb37ab2bf4553be22a3;2;teamcity@ip-10-128-210-208.eu-west-1.compute.internal;kmymtsak@gmail.com
KtPsiFactory.kt;MODIFY;691;0.0;Equal;True;2022-11-03 17:27:11+00:00;False;177;119;4987;5dc244287267a1dbb60e4971608cf697e5729e1a;16;teamcity@ip-10-128-210-208.eu-west-1.compute.internal;vladimir.dolzhenko@jetbrains.com
KtPsiFactory.kt;MODIFY;716;25.0;Grew;True;2022-11-11 11:28:34+00:00;False;179;120;5171;ea3f550b589fcb613b7a25ba0a0ec4f065a89ecf;37;teamcity@ip-10-128-210-208.eu-west-1.compute.internal;yan.zhulanow@jetbrains.com
KtPsiFactory.kt;MODIFY;724;8.0;Grew;True;2022-11-15 14:58:39+00:00;False;179;120;5185;89c9646e2f38c6afd21896332dbe67f4e7c3a325;1;teamcity@ip-10-128-209-172.eu-west-1.compute.internal;yan.zhulanow@jetbrains.com
KtPsiFactory.kt;MODIFY;728;4.0;Grew;True;2023-04-19 16:08:59+00:00;False;179;120;5239;2beb4c0017ced08f025892716f0e21a5ab0a1cd4;1;noreply@jetbrains.team;ilya.kirillov@jetbrains.com
KtPsiFactory.kt;MODIFY;728;0.0;Equal;True;2023-05-17 13:09:45+00:00;False;179;120;5235;04cb217791cb944d8fa169198f65c1dc01e3a3d3;1;noreply@jetbrains.team;ilya.kirillov@jetbrains.com
KtPsiFactory.kt;MODIFY;729;1.0;Grew;True;2023-07-18 11:49:20+00:00;False;179;120;5245;52c065b08a3938e840accf29bbe72165f2240e50;3;noreply@jetbrains.team;ilya.kirillov@jetbrains.com
KtPsiFactory.kt;MODIFY;729;0.0;Equal;True;2024-01-05 16:04:14+00:00;False;179;120;5249;f0a21654f887d0f918a75e51233b043927f50005;1;noreply@jetbrains.team;yan.zhulanow@jetbrains.com
KtPsiFactory.kt;MODIFY;753;24.0;Grew;True;2024-09-06 07:24:55+00:00;False;185;124;5418;790a3f93af89ab1439a201d1faf2d2610f37057f;1;noreply@jetbrains.team;pavel.kirpichenkov@jetbrains.com
KtPsiFactory.kt;MODIFY;757;4.0;Grew;True;2024-10-29 09:02:59+00:00;False;186;125;5442;667d623fde01a7e136a70ce8cf94aa2d660ef739;2;noreply@jetbrains.team;pavel.kirpichenkov@jetbrains.com
