file_name;change_type;n_loc;lines_balance;size_change;is_large;date;swapped_classification;complexity;methods;tokens;hash;files_on_commit;committer_email;author_email
LightTreePositioningStrategies.kt;RENAME;1225;0.0;Equal;True;2021-10-27 20:17:40+00:00;True;220;74;8848;d3f3aa4b29f471b654ce5e6171afcb76dc463464;21;ilya.chernikov@jetbrains.com;ilya.chernikov@jetbrains.com
LightTreePositioningStrategies.kt;MODIFY;1225;0.0;Equal;True;2021-11-01 10:03:37+00:00;False;220;74;8940;b29aeaa596f28ddeedea458741c144981a980637;3;victor.petukhov@jetbrains.com;victor.petukhov@jetbrains.com
LightTreePositioningStrategies.kt;MODIFY;1244;19.0;Grew;True;2021-11-23 12:01:31+00:00;False;224;75;9096;8cdddbfd9d53fda90e116fcbe2298ff4d7da4b66;37;teamcityserver@buildserver-app.Labs.IntelliJ.Net;dmitriy.novozhilov@jetbrains.com
LightTreePositioningStrategies.kt;MODIFY;1275;31.0;Grew;True;2021-11-24 20:13:40+00:00;False;231;77;9295;51b73bb6ae30700569a56be947997c82c2c68741;37;TeamCityServer@buildserver-ro-srv.Labs.IntelliJ.Net;ivan.kochurkin@jetbrains.com
LightTreePositioningStrategies.kt;MODIFY;1318;43.0;Grew;True;2021-11-28 08:31:51+00:00;False;244;81;9609;2f1d415e4db1f5aae000ba5c7140f244a89b4a02;10;mikhail.glukhikh@jetbrains.com;mikhail.glukhikh@jetbrains.com
LightTreePositioningStrategies.kt;MODIFY;1327;9.0;Grew;True;2022-03-11 12:36:05+00:00;False;245;81;9648;6f64aedaf039bc790991f3424c109a03170734af;3;teamcity@buildserver-linux-node-2.spc.labs.intellij.net;dmitriy.novozhilov@jetbrains.com
LightTreePositioningStrategies.kt;MODIFY;1347;20.0;Grew;True;2022-03-28 12:37:25+00:00;False;248;82;9778;078acb1bfe33c0ae8b46125684931c8135d0ef96;16;teamcity@ip-10-128-210-208.eu-west-1.compute.internal;dmitriy.novozhilov@jetbrains.com
LightTreePositioningStrategies.kt;MODIFY;1374;27.0;Grew;True;2022-07-25 21:30:10+00:00;False;255;83;9933;0af43757e322d471b2822ae2ef583b46042cc232;8;ivan.kochurkin@jetbrains.com;ivan.kochurkin@jetbrains.com
LightTreePositioningStrategies.kt;MODIFY;1375;1.0;Grew;True;2022-09-15 10:35:04+00:00;False;255;83;9947;584eb9dfa9e3501adbd91c87273af7c00f0dbbe9;12;;vladimir.dolzhenko@jetbrains.com
LightTreePositioningStrategies.kt;MODIFY;1392;17.0;Grew;True;2022-09-30 18:39:20+00:00;False;263;84;10084;fcd3e4f4c520b9b58d91e14f0a27f8df6bb6a2e2;101;nikolay.lunyak@jetbrains.com;nikolay.lunyak@jetbrains.com
LightTreePositioningStrategies.kt;MODIFY;1394;2.0;Grew;True;2022-11-11 11:28:35+00:00;False;264;84;10108;61ce9fe52445ffec9989b25ec60da1920f61466b;14;teamcity@ip-10-128-210-208.eu-west-1.compute.internal;yan.zhulanow@jetbrains.com
LightTreePositioningStrategies.kt;MODIFY;1395;1.0;Grew;True;2022-11-22 20:25:38+00:00;False;264;84;10031;4b3dc008f05652170e186fc7eba1bca6a1d0c307;7;teamcity@ip-10-128-210-208.eu-west-1.compute.internal;nikolay.lunyak@jetbrains.com
LightTreePositioningStrategies.kt;MODIFY;1400;5.0;Grew;True;2023-01-25 07:14:19+00:00;False;265;84;10077;9be819087a072db03ecb7cad92c0282437f316aa;22;noreply@jetbrains.team;nikolay.lunyak@jetbrains.com
LightTreePositioningStrategies.kt;MODIFY;1374;-26.0;Decreased;True;2023-01-31 08:39:42+00:00;False;263;83;9894;ace47c06a5b2939b79d3d5ea12d20fd1a5f4f409;128;noreply@jetbrains.team;kirill.rakhman@jetbrains.com
LightTreePositioningStrategies.kt;MODIFY;1379;5.0;Grew;True;2023-03-02 10:19:53+00:00;False;264;83;9934;5ecf9cce2569a437395fb69ced742dad00001110;11;noreply@jetbrains.team;kirill.rakhman@jetbrains.com
LightTreePositioningStrategies.kt;MODIFY;1377;-2.0;Decreased;True;2023-03-21 16:33:01+00:00;False;264;83;9906;2302e14dd602cbef381b32b47f37a6ae710c0180;14;noreply@jetbrains.team;ivan.kylchik@jetbrains.com
LightTreePositioningStrategies.kt;MODIFY;1379;2.0;Grew;True;2023-05-23 12:43:51+00:00;False;264;83;9917;439cc8852549a0066d13eaf2bc6a12f4008fb5ce;26;noreply@jetbrains.team;roman.efremov@jetbrains.com
LightTreePositioningStrategies.kt;MODIFY;1381;2.0;Grew;True;2023-05-25 09:46:56+00:00;False;264;83;9932;16ed06d4e9e9adedb438511ccfad66513008c99b;3;noreply@jetbrains.team;ivan.kochurkin@jetbrains.com
LightTreePositioningStrategies.kt;MODIFY;1384;3.0;Grew;True;2023-06-20 16:11:31+00:00;False;265;84;9971;b147b7e929077f97918ffa1c93ebe5ee15f94563;32;noreply@jetbrains.team;egor.kulikov@jetbrains.com
LightTreePositioningStrategies.kt;MODIFY;1403;19.0;Grew;True;2023-06-22 14:59:19+00:00;False;267;85;10066;c95a9ff55e33d29116eb95a9ab604f0921764b67;31;noreply@jetbrains.team;kirill.rakhman@jetbrains.com
LightTreePositioningStrategies.kt;MODIFY;1404;1.0;Grew;True;2023-07-04 16:00:45+00:00;False;267;85;10079;5abab2197bc45f5fe489aef4494c7dee74bd049a;42;noreply@jetbrains.team;kirill.rakhman@jetbrains.com
LightTreePositioningStrategies.kt;MODIFY;1420;16.0;Grew;True;2023-07-04 16:00:45+00:00;False;271;87;10146;e7c213e06eab4a572c87658ea0d59129b2c43027;19;noreply@jetbrains.team;kirill.rakhman@jetbrains.com
LightTreePositioningStrategies.kt;MODIFY;1431;11.0;Grew;True;2023-07-13 16:12:59+00:00;False;273;88;10216;a79282cec15dc4cc9b9f5b8169fd03082747312c;21;noreply@jetbrains.team;roman.efremov@jetbrains.com
LightTreePositioningStrategies.kt;MODIFY;1452;21.0;Grew;True;2023-08-10 15:46:46+00:00;False;278;90;10446;d39755b578c9ad60ec9922e79df169319d2620af;41;teamcity@ip-10-128-209-140.eu-west-1.compute.internal;nikita.bobko@jetbrains.com
LightTreePositioningStrategies.kt;MODIFY;1451;-1.0;Decreased;True;2023-10-12 10:41:00+00:00;False;278;90;10439;f11cb277cdb9e14886d765231f2d884110ca73ef;10;noreply@jetbrains.team;ilya.kirillov@jetbrains.com
LightTreePositioningStrategies.kt;MODIFY;1479;28.0;Grew;True;2023-10-12 13:01:40+00:00;False;283;91;10612;a05b37c6521873fe29e9addadf4fe54e257f0899;13;noreply@jetbrains.team;roman.efremov@jetbrains.com
LightTreePositioningStrategies.kt;MODIFY;1481;2.0;Grew;True;2023-10-26 20:07:50+00:00;False;283;91;10623;a77349edb477aeca3c9869596635493226cafe2c;13;noreply@jetbrains.team;Evgeniy.Zhelenskiy@jetbrains.com
LightTreePositioningStrategies.kt;MODIFY;1482;1.0;Grew;True;2023-11-01 13:58:44+00:00;False;284;91;10631;3673dff9596c536d7a7dc5e2441bae2650feecda;13;noreply@jetbrains.team;ilya.goncharov@jetbrains.com
LightTreePositioningStrategies.kt;MODIFY;1482;0.0;Equal;True;2024-01-29 14:09:59+00:00;False;285;91;10639;3c8855c152fd8d7091f0a757e40ec28f8cd8bff7;3;noreply@jetbrains.team;roman.efremov@jetbrains.com
LightTreePositioningStrategies.kt;MODIFY;1494;12.0;Grew;True;2024-02-15 08:37:02+00:00;False;287;92;10722;3994e3f63ae3760ef2164daec99490201fa072a7;19;noreply@jetbrains.team;roman.efremov@jetbrains.com
LightTreePositioningStrategies.kt;MODIFY;1494;0.0;Equal;True;2024-03-28 13:43:37+00:00;False;288;92;10730;126aadd8f2b160773cff9a7bbd38af246687aa6a;20;noreply@jetbrains.team;kirill.rakhman@jetbrains.com
LightTreePositioningStrategies.kt;MODIFY;1505;11.0;Grew;True;2024-04-17 11:24:54+00:00;False;290;93;10801;1acbf071af7941050fc1aaa15876e56d3a5361b3;10;noreply@jetbrains.team;kirill.rakhman@jetbrains.com
LightTreePositioningStrategies.kt;MODIFY;1515;10.0;Grew;True;2024-05-02 12:55:53+00:00;False;292;94;10865;c3c869058eac106fbb313cb689b4efe7ddf77e4f;78;noreply@jetbrains.team;brian.norman@jetbrains.com
LightTreePositioningStrategies.kt;MODIFY;1529;14.0;Grew;True;2024-05-02 16:48:30+00:00;False;295;95;10964;a0b92e3ae2be5b3c9f8a47f1eabc5b2a02cd93d5;15;noreply@jetbrains.team;roman.efremov@jetbrains.com
LightTreePositioningStrategies.kt;MODIFY;1539;10.0;Grew;True;2024-06-19 11:14:46+00:00;False;297;96;11056;af91a814eda12160005464276fbbc7e0e2d873fd;13;teamcity@ip-10-128-210-146.eu-west-1.compute.internal;nikita.bobko@jetbrains.com
LightTreePositioningStrategies.kt;MODIFY;1549;10.0;Grew;True;2024-06-26 14:17:16+00:00;False;279;96;11150;c7f7013dd328a47ea43284f00cdf90054d05f528;22;noreply@jetbrains.team;mikhail.glukhikh@jetbrains.com
LightTreePositioningStrategies.kt;MODIFY;1549;0.0;Equal;True;2024-06-26 14:17:16+00:00;False;304;98;11136;c5073f5829ec22722961ccaedfa5247a18f2cb96;2;noreply@jetbrains.team;mikhail.glukhikh@jetbrains.com
LightTreePositioningStrategies.kt;MODIFY;1549;0.0;Equal;True;2024-07-01 08:43:02+00:00;False;304;98;11136;33018eeffc2a1596ed55139e29bf8becabb62740;1;noreply@jetbrains.team;nikita.bobko@jetbrains.com
LightTreePositioningStrategies.kt;MODIFY;1546;-3.0;Decreased;True;2024-08-07 10:28:12+00:00;False;303;98;11125;c224ce50b81fc072b155151b82f87e3106c7dfc5;8;noreply@jetbrains.space;nikolay.lunyak@jetbrains.com
LightTreePositioningStrategies.kt;MODIFY;1591;45.0;Grew;True;2024-08-20 17:37:09+00:00;False;318;100;11437;dd55bcb7f49e55b0d304772449d6d9916a29449d;133;noreply@jetbrains.space;kirill.rakhman@jetbrains.com
LightTreePositioningStrategies.kt;MODIFY;1591;0.0;Equal;True;2024-08-26 16:30:28+00:00;False;318;100;11439;5624594c8ca79e4608a3fc0ebdae49a003cdc1e7;3;noreply@jetbrains.team;mikhail.glukhikh@jetbrains.com
LightTreePositioningStrategies.kt;MODIFY;1606;15.0;Grew;True;2024-09-04 14:39:33+00:00;False;321;102;11550;2183de80aa71518ebc187b216e08f604a669d733;64;noreply@jetbrains.team;kirill.rakhman@jetbrains.com
LightTreePositioningStrategies.kt;MODIFY;1606;0.0;Equal;True;2024-09-21 10:56:42+00:00;False;322;102;11557;18ef908e499c419daca665a7c87108353b79a17b;45;noreply@jetbrains.team;mikhail.glukhikh@jetbrains.com
LightTreePositioningStrategies.kt;MODIFY;1606;0.0;Equal;True;2024-10-02 09:10:42+00:00;False;322;102;11557;1abdea1e41a0de00f093540eb33d13720fd06b17;60;noreply@jetbrains.team;jsjeon@google.com
LightTreePositioningStrategies.kt;MODIFY;1618;12.0;Grew;True;2024-10-04 21:29:20+00:00;False;324;103;11651;c87e457bf8124adbd2b1d1c74780f81d8ba7bcf9;37;noreply@jetbrains.team;nikolay.lunyak@jetbrains.com
LightTreePositioningStrategies.kt;MODIFY;1629;11.0;Grew;True;2024-10-08 14:45:28+00:00;False;326;104;11729;a117a5bccbc2761b00adf4e123e48094ceb528cf;12;noreply@jetbrains.team;kirill.rakhman@jetbrains.com
LightTreePositioningStrategies.kt;MODIFY;1608;-21.0;Decreased;True;2024-10-11 08:27:10+00:00;False;315;100;11555;8a4932ddc9ec279d510d994750348e6c04879941;12;noreply@jetbrains.team;kirill.rakhman@jetbrains.com
