file_name;change_type;n_loc;lines_balance;size_change;is_large;date;swapped_classification;complexity;methods;tokens;hash;files_on_commit;committer_email;author_email
LightTreeRawFirExpressionBuilder.kt;RENAME;1263;0.0;Equal;True;2023-06-30 12:05:43+00:00;True;249;47;7018;2cc588d6d8ec94bcf36ed6ac8b4f8caa185d747c;20;noreply@jetbrains.team;kirill.rakhman@jetbrains.com
LightTreeRawFirExpressionBuilder.kt;MODIFY;1256;-7.0;Decreased;True;2023-07-12 13:11:25+00:00;False;249;48;7012;4d24a8b40c5cf2047eed2f917069219177e7041e;2;noreply@jetbrains.team;ivan.kochurkin@jetbrains.com
LightTreeRawFirExpressionBuilder.kt;MODIFY;1262;6.0;Grew;True;2023-07-20 07:29:18+00:00;False;249;48;7040;a55f3c55837404014eff25ea283d2dffd00f1853;1;noreply@jetbrains.team;kirill.rakhman@jetbrains.com
LightTreeRawFirExpressionBuilder.kt;MODIFY;1263;1.0;Equal;True;2023-07-20 07:29:18+00:00;False;250;48;7058;070b6942473f42bf985b03c32dbd060cccafff0d;12;noreply@jetbrains.team;kirill.rakhman@jetbrains.com
LightTreeRawFirExpressionBuilder.kt;MODIFY;1260;-3.0;Grew;True;2023-07-20 07:29:18+00:00;False;249;48;7026;ccab42cd2a70294dd6715ff02c6b2f9532382373;1;noreply@jetbrains.team;kirill.rakhman@jetbrains.com
LightTreeRawFirExpressionBuilder.kt;MODIFY;1263;3.0;Grew;True;2023-07-20 07:29:18+00:00;False;250;48;7058;9288a96f6da8c4639257a05b459a77ca2b6b05ff;10;noreply@jetbrains.team;kirill.rakhman@jetbrains.com
LightTreeRawFirExpressionBuilder.kt;MODIFY;1263;0.0;Equal;True;2023-07-26 06:09:15+00:00;False;250;48;7062;f20e2dec3183d8a98d1c14267c7a3aa99bf13547;33;noreply@jetbrains.team;mikhail.glukhikh@jetbrains.com
LightTreeRawFirExpressionBuilder.kt;MODIFY;1264;1.0;Grew;True;2023-07-27 10:28:52+00:00;False;250;48;7063;713c2136cc0df06c86214ac9a950cc0d054613cb;18;noreply@jetbrains.team;nikolay.lunyak@jetbrains.com
LightTreeRawFirExpressionBuilder.kt;MODIFY;1264;0.0;Equal;True;2023-07-27 17:53:44+00:00;False;250;48;7063;2eba7da5eb205a35cf684bb34ee30f2875d73e52;49;noreply@jetbrains.team;ivan.kochurkin@jetbrains.com
LightTreeRawFirExpressionBuilder.kt;MODIFY;1265;1.0;Grew;True;2023-08-16 08:09:14+00:00;False;250;48;7068;97bbf69bdca44e3cc92e2de2d30d0c3d4d54e06e;8;noreply@jetbrains.team;nikolay.lunyak@jetbrains.com
LightTreeRawFirExpressionBuilder.kt;MODIFY;1267;2.0;Grew;True;2023-08-18 13:31:04+00:00;False;250;48;7071;f9c6af4d2a6f4591a563f6b940a3503edd458952;107;noreply@jetbrains.team;nikolay.lunyak@jetbrains.com
LightTreeRawFirExpressionBuilder.kt;MODIFY;1276;9.0;Grew;True;2023-08-24 11:07:45+00:00;False;251;48;7108;8de36c416e0ed39727753629d30f1408efa513f4;19;noreply@jetbrains.team;kirill.rakhman@jetbrains.com
LightTreeRawFirExpressionBuilder.kt;MODIFY;1278;2.0;Grew;True;2023-08-24 11:07:46+00:00;False;251;48;7122;12b3fbd39a05c3f6735d8884cbd0901e071d34be;9;noreply@jetbrains.team;kirill.rakhman@jetbrains.com
LightTreeRawFirExpressionBuilder.kt;MODIFY;1279;1.0;Grew;True;2023-08-31 10:19:33+00:00;False;254;48;7132;411210b520aec416b87233c533833cd605c1d0e0;8;noreply@jetbrains.team;kirill.rakhman@jetbrains.com
LightTreeRawFirExpressionBuilder.kt;MODIFY;1310;31.0;Grew;True;2023-09-01 06:30:28+00:00;False;259;49;7280;b25a67a50ecf7836c68d2c5e5dc0c4d8f5746e80;19;nikolay.lunyak@jetbrains.com;nikolay.lunyak@jetbrains.com
LightTreeRawFirExpressionBuilder.kt;MODIFY;1310;0.0;Equal;True;2023-10-24 17:08:40+00:00;False;259;49;7278;47fec1a113ec40df3b4d1a7b29c253c8f7da4522;2;noreply@jetbrains.team;mikhail.glukhikh@jetbrains.com
LightTreeRawFirExpressionBuilder.kt;MODIFY;1311;1.0;Grew;True;2023-11-14 15:19:32+00:00;False;259;49;7284;63f461a6cd192838f45ee6a830e90f19f83e4668;5;noreply@jetbrains.team;nikolay.lunyak@jetbrains.com
LightTreeRawFirExpressionBuilder.kt;MODIFY;1311;0.0;Equal;True;2023-11-22 17:15:24+00:00;False;257;49;7280;43fc4ccf401cf59c03867fdb57da6fae343382d1;11;noreply@jetbrains.team;egor.kulikov@jetbrains.com
LightTreeRawFirExpressionBuilder.kt;MODIFY;1311;0.0;Equal;True;2023-11-23 15:55:07+00:00;False;257;49;7279;9d72c1c370eeec6cc09cd935dd57e9680bdf430c;6;noreply@jetbrains.team;dmitry.gridin@jetbrains.com
LightTreeRawFirExpressionBuilder.kt;MODIFY;1311;0.0;Equal;True;2024-01-24 12:49:55+00:00;False;259;49;7297;3a36a786d4ef87751d86b1a50e98c188df18be1c;9;noreply@jetbrains.team;nikolay.lunyak@jetbrains.com
LightTreeRawFirExpressionBuilder.kt;MODIFY;1311;0.0;Equal;True;2024-01-25 15:55:19+00:00;False;259;49;7307;36958d585f6ced2cd2be9f42bc3b3931f0e551b9;5;noreply@jetbrains.team;dmitriy.novozhilov@jetbrains.com
LightTreeRawFirExpressionBuilder.kt;MODIFY;1310;-1.0;Equal;True;2024-01-30 19:58:53+00:00;False;259;49;7320;d27adf667791a0988932c840547620c62e2da547;29;noreply@jetbrains.team;vladislav.grechko@jetbrains.com
LightTreeRawFirExpressionBuilder.kt;MODIFY;1310;0.0;Equal;True;2024-02-08 11:54:00+00:00;False;259;49;7320;926c0a91366b21df76d2fb7031a634f7fd857c66;3;noreply@jetbrains.team;egor.kulikov@jetbrains.com
LightTreeRawFirExpressionBuilder.kt;MODIFY;1313;3.0;Grew;True;2024-02-20 13:30:47+00:00;False;259;49;7335;55159694df642b897acdde879a84eed9b5baa5f8;7;noreply@jetbrains.team;ivan.kochurkin@jetbrains.com
LightTreeRawFirExpressionBuilder.kt;MODIFY;1313;0.0;Equal;True;2024-02-20 20:09:08+00:00;False;259;49;7339;9a86b83a0cc71809c469828bbb0f42a0817beb82;9;noreply@jetbrains.team;ivan.kochurkin@jetbrains.com
LightTreeRawFirExpressionBuilder.kt;MODIFY;1319;6.0;Grew;True;2024-02-21 15:04:03+00:00;False;260;49;7376;931f2eab58c7b3e3b391ee42cfbbad798f0bc2f1;16;noreply@jetbrains.team;Evgeniy.Zhelenskiy@jetbrains.com
LightTreeRawFirExpressionBuilder.kt;MODIFY;1305;-14.0;Decreased;True;2024-03-05 17:38:59+00:00;False;257;49;7315;b4413776abaae0b3fb15617d75d656094fb0e541;12;noreply@jetbrains.team;kirill.rakhman@jetbrains.com
LightTreeRawFirExpressionBuilder.kt;MODIFY;1305;0.0;Equal;True;2024-03-13 17:05:48+00:00;False;257;49;7317;03fc0fd381af347aa35c4adcf66dc67d9a11801c;66;noreply@jetbrains.team;kirill.rakhman@jetbrains.com
LightTreeRawFirExpressionBuilder.kt;MODIFY;1306;1.0;Grew;True;2024-03-13 17:05:48+00:00;False;257;49;7324;b74dcb77e3cbee0b3ac82e1e3c9f0b4deba11b20;11;noreply@jetbrains.team;kirill.rakhman@jetbrains.com
LightTreeRawFirExpressionBuilder.kt;MODIFY;1306;0.0;Equal;True;2024-03-21 07:18:14+00:00;False;257;49;7325;841a78ac8257d979a5369c80ad7bce12589a62aa;22;noreply@jetbrains.team;ilya.chernikov@jetbrains.com
LightTreeRawFirExpressionBuilder.kt;MODIFY;1308;2.0;Grew;True;2024-04-03 12:04:30+00:00;False;257;49;7327;5942c2fe7d1808d442b610498d6b3ccf3cc2ca9e;8;noreply@jetbrains.team;dmitriy.novozhilov@jetbrains.com
LightTreeRawFirExpressionBuilder.kt;MODIFY;1310;2.0;Grew;True;2024-05-02 12:55:53+00:00;False;259;49;7394;c3c869058eac106fbb313cb689b4efe7ddf77e4f;78;noreply@jetbrains.team;brian.norman@jetbrains.com
LightTreeRawFirExpressionBuilder.kt;MODIFY;1310;0.0;Equal;True;2024-05-07 14:00:49+00:00;False;259;49;7395;1303119982459f9fea588bb261b9027fd3e78239;7;noreply@jetbrains.team;roman.efremov@jetbrains.com
LightTreeRawFirExpressionBuilder.kt;MODIFY;1310;0.0;Equal;True;2024-05-10 14:06:26+00:00;False;259;49;7395;04150fc791770556374783c089855ef6066dc170;3;noreply@jetbrains.team;denis.zharkov@jetbrains.com
LightTreeRawFirExpressionBuilder.kt;MODIFY;1315;5.0;Grew;True;2024-05-16 18:45:02+00:00;False;260;49;7422;8c875e668612726ec1a7ccc24f3c33719267fc2b;38;noreply@jetbrains.team;alejandro.serrano.mena@jetbrains.com
LightTreeRawFirExpressionBuilder.kt;MODIFY;1327;12.0;Grew;True;2024-06-06 11:56:25+00:00;False;260;49;7429;cf8aa76be2e4f7a8dca495cf836b33304e8cf0a2;1;noreply@jetbrains.team;dmitriy.novozhilov@jetbrains.com
LightTreeRawFirExpressionBuilder.kt;MODIFY;1321;-6.0;Decreased;True;2024-06-06 11:56:25+00:00;False;259;49;7389;a186274aba26e0f542506d71cdcbd50cf6b749e4;6;noreply@jetbrains.team;dmitriy.novozhilov@jetbrains.com
LightTreeRawFirExpressionBuilder.kt;MODIFY;1319;-2.0;Equal;True;2024-08-12 17:13:35+00:00;False;259;49;7376;f937bde6162f8f89b2d57784f600e3376487f816;5;noreply@jetbrains.team;denis.zharkov@jetbrains.com
LightTreeRawFirExpressionBuilder.kt;MODIFY;1319;0.0;Decreased;True;2024-08-12 17:13:35+00:00;False;259;49;7372;bb15c3dc3948ce6a01254366be68355c6a052302;3;noreply@jetbrains.team;denis.zharkov@jetbrains.com
LightTreeRawFirExpressionBuilder.kt;MODIFY;1319;0.0;Equal;True;2024-08-22 13:32:57+00:00;False;259;49;7380;504e7fd54ea9d623b536cee96d36fcb3565a4903;19;teamcity@ip-10-128-210-238.eu-west-1.compute.internal;65320245+isuckatcs@users.noreply.github.com
LightTreeRawFirExpressionBuilder.kt;MODIFY;1321;2.0;Grew;True;2024-10-04 21:29:20+00:00;False;259;49;7398;c190a3128d0ea5727124a33acc2da908e1f0724f;65;noreply@jetbrains.team;nikolay.lunyak@jetbrains.com
LightTreeRawFirExpressionBuilder.kt;MODIFY;1321;0.0;Equal;True;2024-11-05 15:48:51+00:00;False;259;49;7401;1c4254b13c4afd95163bc6f0266d3f0f03c4729c;129;noreply@jetbrains.team;mikhail.glukhikh@jetbrains.com
LightTreeRawFirExpressionBuilder.kt;MODIFY;1321;0.0;Equal;True;2024-11-06 15:29:39+00:00;False;259;49;7401;c1e143f85a51a08cb4202fcafcedcb8567d5114c;49;noreply@jetbrains.space;kirill.rakhman@jetbrains.com
LightTreeRawFirExpressionBuilder.kt;MODIFY;1321;0.0;Equal;True;2024-11-20 14:26:23+00:00;False;259;49;7401;656c0de7fc3c9e981a9071e9d938496b9f407b4d;3;noreply@jetbrains.team;alexey.belkov@jetbrains.com
LightTreeRawFirExpressionBuilder.kt;MODIFY;1329;8.0;Grew;True;2024-11-25 08:06:28+00:00;False;259;49;7456;8fca585a1de75672003161c00c94167a1ec7948a;3;noreply@jetbrains.team;kirill.rakhman@jetbrains.com
LightTreeRawFirExpressionBuilder.kt;MODIFY;1378;49.0;Grew;True;2024-12-09 15:25:26+00:00;False;268;53;7775;29827f7bb0159d8bcf9c713776c0ef8482f4fbc5;50;noreply@jetbrains.team;tomas.husak@jetbrains.com
