file_name;change_type;n_loc;lines_balance;size_change;is_large;date;swapped_classification;complexity;methods;tokens;hash;files_on_commit;committer_email;author_email
PositioningStrategies.kt;RENAME;779;0.0;Equal;True;2021-09-09 14:20:17+00:00;True;239;70;5438;850ca1916faaf9425c61d36787f9361176f8f3b1;8;TeamCityServer@buildserver-ro-srv.Labs.IntelliJ.Net;dmitriy.novozhilov@jetbrains.com
PositioningStrategies.kt;MODIFY;785;6.0;Grew;True;2021-09-11 19:05:26+00:00;False;240;71;5480;37f832bc2f609798235cd9e712050f1bc550dd92;13;TeamCityServer@buildserver-ro-srv.Labs.IntelliJ.Net;lunyak.kolya@mail.ru
PositioningStrategies.kt;MODIFY;787;2.0;Grew;True;2021-09-28 19:30:09+00:00;False;240;71;5496;5252effb108ed7e7fffac22908b42cd68f1e3cdf;26;teamcityserver@buildserver-app.Labs.IntelliJ.Net;tgeng@google.com
PositioningStrategies.kt;MODIFY;790;3.0;Grew;True;2021-09-29 16:39:17+00:00;False;242;71;5524;42abc4a3af6aff50392611ac535dde10117e8a5b;12;TeamCityServer@buildserver-ro-srv.Labs.IntelliJ.Net;markpun@google.com
PositioningStrategies.kt;MODIFY;801;11.0;Grew;True;2021-10-20 13:49:48+00:00;False;244;72;5587;f97e6666088ddc6420ebb1d04933ce0b5ae91cb0;4;TeamCityServer@buildserver-ro-srv.Labs.IntelliJ.Net;lunyak.kolya@mail.ru
PositioningStrategies.kt;MODIFY;802;1.0;Grew;True;2021-11-12 12:20:44+00:00;False;245;72;5596;2b5524b18f32d11a39b0fa7598c7832a9380a71a;42;TeamCityServer@buildserver-ro-srv.Labs.IntelliJ.Net;ivan.kochurkin@jetbrains.com
PositioningStrategies.kt;MODIFY;814;12.0;Grew;True;2021-11-23 12:01:31+00:00;False;250;74;5702;8cdddbfd9d53fda90e116fcbe2298ff4d7da4b66;37;teamcityserver@buildserver-app.Labs.IntelliJ.Net;dmitriy.novozhilov@jetbrains.com
PositioningStrategies.kt;MODIFY;836;22.0;Grew;True;2021-11-24 20:13:40+00:00;False;255;75;5831;51b73bb6ae30700569a56be947997c82c2c68741;37;TeamCityServer@buildserver-ro-srv.Labs.IntelliJ.Net;ivan.kochurkin@jetbrains.com
PositioningStrategies.kt;MODIFY;849;13.0;Grew;True;2021-11-28 08:31:51+00:00;False;260;77;5935;2f1d415e4db1f5aae000ba5c7140f244a89b4a02;10;mikhail.glukhikh@jetbrains.com;mikhail.glukhikh@jetbrains.com
PositioningStrategies.kt;MODIFY;865;16.0;Grew;True;2022-03-28 12:37:25+00:00;False;263;78;6046;078acb1bfe33c0ae8b46125684931c8135d0ef96;16;teamcity@ip-10-128-210-208.eu-west-1.compute.internal;dmitriy.novozhilov@jetbrains.com
PositioningStrategies.kt;MODIFY;870;5.0;Grew;True;2022-07-25 21:30:10+00:00;False;265;78;6076;0af43757e322d471b2822ae2ef583b46042cc232;8;ivan.kochurkin@jetbrains.com;ivan.kochurkin@jetbrains.com
PositioningStrategies.kt;MODIFY;887;17.0;Grew;True;2022-09-30 18:39:20+00:00;False;272;78;6162;fcd3e4f4c520b9b58d91e14f0a27f8df6bb6a2e2;101;nikolay.lunyak@jetbrains.com;nikolay.lunyak@jetbrains.com
PositioningStrategies.kt;MODIFY;896;9.0;Grew;True;2022-11-22 20:25:38+00:00;False;271;77;6113;4b3dc008f05652170e186fc7eba1bca6a1d0c307;7;teamcity@ip-10-128-210-208.eu-west-1.compute.internal;nikolay.lunyak@jetbrains.com
PositioningStrategies.kt;MODIFY;896;0.0;Equal;True;2023-01-03 15:36:53+00:00;False;271;77;6113;4542b3947b9ef40877cf72906f81986a60368e98;65;vladimir.dolzhenko@jetbrains.com;vladimir.dolzhenko@jetbrains.com
PositioningStrategies.kt;MODIFY;900;4.0;Grew;True;2023-01-25 07:14:19+00:00;False;272;77;6147;9be819087a072db03ecb7cad92c0282437f316aa;22;noreply@jetbrains.team;nikolay.lunyak@jetbrains.com
PositioningStrategies.kt;MODIFY;889;-11.0;Decreased;True;2023-01-31 08:39:42+00:00;False;265;74;6027;ace47c06a5b2939b79d3d5ea12d20fd1a5f4f409;128;noreply@jetbrains.team;kirill.rakhman@jetbrains.com
PositioningStrategies.kt;MODIFY;892;3.0;Grew;True;2023-05-23 12:43:51+00:00;False;265;74;6043;439cc8852549a0066d13eaf2bc6a12f4008fb5ce;26;noreply@jetbrains.team;roman.efremov@jetbrains.com
PositioningStrategies.kt;MODIFY;895;3.0;Grew;True;2023-05-25 09:46:56+00:00;False;265;74;6063;16ed06d4e9e9adedb438511ccfad66513008c99b;3;noreply@jetbrains.team;ivan.kochurkin@jetbrains.com
PositioningStrategies.kt;MODIFY;899;4.0;Grew;True;2023-06-08 09:40:09+00:00;False;268;74;6083;f2f979134d77b6b7633fe4d750ca2264fa885ebc;12;noreply@jetbrains.team;egor.kulikov@jetbrains.com
PositioningStrategies.kt;MODIFY;900;1.0;Grew;True;2023-06-20 16:11:31+00:00;False;269;75;6095;b147b7e929077f97918ffa1c93ebe5ee15f94563;32;noreply@jetbrains.team;egor.kulikov@jetbrains.com
PositioningStrategies.kt;MODIFY;913;13.0;Grew;True;2023-06-22 14:59:19+00:00;False;272;76;6171;c95a9ff55e33d29116eb95a9ab604f0921764b67;31;noreply@jetbrains.team;kirill.rakhman@jetbrains.com
PositioningStrategies.kt;MODIFY;915;2.0;Grew;True;2023-07-03 10:11:36+00:00;False;273;76;6175;028921ade1f0cdd5c97ef9defcd2365b0bd05978;19;noreply@jetbrains.team;kirill.rakhman@jetbrains.com
PositioningStrategies.kt;MODIFY;916;1.0;Grew;True;2023-07-04 16:00:45+00:00;False;274;76;6183;5abab2197bc45f5fe489aef4494c7dee74bd049a;42;noreply@jetbrains.team;kirill.rakhman@jetbrains.com
PositioningStrategies.kt;MODIFY;922;6.0;Grew;True;2023-07-04 16:00:45+00:00;False;276;77;6232;e7c213e06eab4a572c87658ea0d59129b2c43027;19;noreply@jetbrains.team;kirill.rakhman@jetbrains.com
PositioningStrategies.kt;MODIFY;928;6.0;Grew;True;2023-07-13 16:12:59+00:00;False;278;78;6273;a79282cec15dc4cc9b9f5b8169fd03082747312c;21;noreply@jetbrains.team;roman.efremov@jetbrains.com
PositioningStrategies.kt;MODIFY;936;8.0;Grew;True;2023-08-10 15:46:46+00:00;False;282;79;6373;d39755b578c9ad60ec9922e79df169319d2620af;41;teamcity@ip-10-128-209-140.eu-west-1.compute.internal;nikita.bobko@jetbrains.com
PositioningStrategies.kt;MODIFY;936;0.0;Equal;True;2023-08-17 21:45:42+00:00;False;282;79;6373;f674529558eacb13874c007ff6afe6da7ea585bf;33;noreply@jetbrains.team;nikolay.lunyak@jetbrains.com
PositioningStrategies.kt;MODIFY;935;-1.0;Decreased;True;2023-10-12 10:41:00+00:00;False;282;79;6366;f11cb277cdb9e14886d765231f2d884110ca73ef;10;noreply@jetbrains.team;ilya.kirillov@jetbrains.com
PositioningStrategies.kt;MODIFY;949;14.0;Grew;True;2023-10-12 13:01:40+00:00;False;287;80;6446;a05b37c6521873fe29e9addadf4fe54e257f0899;13;noreply@jetbrains.team;roman.efremov@jetbrains.com
PositioningStrategies.kt;MODIFY;952;3.0;Grew;True;2023-10-26 20:07:50+00:00;False;287;80;6462;a77349edb477aeca3c9869596635493226cafe2c;13;noreply@jetbrains.team;Evgeniy.Zhelenskiy@jetbrains.com
PositioningStrategies.kt;MODIFY;966;14.0;Grew;True;2024-02-15 08:37:02+00:00;False;288;81;6568;3994e3f63ae3760ef2164daec99490201fa072a7;19;noreply@jetbrains.team;roman.efremov@jetbrains.com
PositioningStrategies.kt;MODIFY;966;0.0;Equal;True;2024-02-21 20:24:13+00:00;False;288;81;6568;da6006b7d005d60011bd3249a214dbc1a3de2c03;17;noreply@jetbrains.team;nikolay.lunyak@jetbrains.com
PositioningStrategies.kt;MODIFY;966;0.0;Equal;True;2024-02-21 20:24:13+00:00;False;288;81;6568;76ed5453b37099f0755fad110a5b6b36f45c1bba;27;noreply@jetbrains.team;nikolay.lunyak@jetbrains.com
PositioningStrategies.kt;MODIFY;966;0.0;Equal;True;2024-03-27 21:46:21+00:00;False;288;81;6571;088572deba73a82fe5de76896c30b82f9b286dd3;71;teamcity@ip-10-128-210-238.eu-west-1.compute.internal;nikita.bobko@jetbrains.com
PositioningStrategies.kt;MODIFY;972;6.0;Grew;True;2024-04-17 11:24:54+00:00;False;289;82;6624;1acbf071af7941050fc1aaa15876e56d3a5361b3;10;noreply@jetbrains.team;kirill.rakhman@jetbrains.com
PositioningStrategies.kt;MODIFY;978;6.0;Grew;True;2024-05-02 12:55:53+00:00;False;291;83;6668;c3c869058eac106fbb313cb689b4efe7ddf77e4f;78;noreply@jetbrains.team;brian.norman@jetbrains.com
PositioningStrategies.kt;MODIFY;984;6.0;Grew;True;2024-05-02 16:48:30+00:00;False;293;84;6721;a0b92e3ae2be5b3c9f8a47f1eabc5b2a02cd93d5;15;noreply@jetbrains.team;roman.efremov@jetbrains.com
PositioningStrategies.kt;MODIFY;992;8.0;Grew;True;2024-06-19 11:14:46+00:00;False;295;85;6807;af91a814eda12160005464276fbbc7e0e2d873fd;13;teamcity@ip-10-128-210-146.eu-west-1.compute.internal;nikita.bobko@jetbrains.com
PositioningStrategies.kt;MODIFY;1002;10.0;Grew;True;2024-06-26 14:17:16+00:00;False;299;85;6882;c7f7013dd328a47ea43284f00cdf90054d05f528;22;noreply@jetbrains.team;mikhail.glukhikh@jetbrains.com
PositioningStrategies.kt;MODIFY;1003;1.0;Grew;True;2024-06-26 14:17:16+00:00;False;295;85;6874;c5073f5829ec22722961ccaedfa5247a18f2cb96;2;noreply@jetbrains.team;mikhail.glukhikh@jetbrains.com
PositioningStrategies.kt;MODIFY;1002;-1.0;Decreased;True;2024-08-07 10:28:12+00:00;False;294;85;6867;c224ce50b81fc072b155151b82f87e3106c7dfc5;8;noreply@jetbrains.space;nikolay.lunyak@jetbrains.com
PositioningStrategies.kt;MODIFY;1044;42.0;Grew;True;2024-08-20 17:37:09+00:00;False;310;87;7097;dd55bcb7f49e55b0d304772449d6d9916a29449d;133;noreply@jetbrains.space;kirill.rakhman@jetbrains.com
PositioningStrategies.kt;MODIFY;1043;-1.0;Decreased;True;2024-09-02 11:15:27+00:00;False;310;87;7094;e0fbe18ab4097120c9192f625e9e875b4f7fc596;122;noreply@jetbrains.team;kirill.rakhman@jetbrains.com
PositioningStrategies.kt;MODIFY;1047;4.0;Grew;True;2024-09-02 11:15:27+00:00;False;311;87;7111;362026a849e456a6da92a673888d7391ee2db54e;9;noreply@jetbrains.team;kirill.rakhman@jetbrains.com
PositioningStrategies.kt;MODIFY;1052;5.0;Grew;True;2024-09-04 14:39:33+00:00;False;313;88;7162;2183de80aa71518ebc187b216e08f604a669d733;64;noreply@jetbrains.team;kirill.rakhman@jetbrains.com
PositioningStrategies.kt;MODIFY;1054;2.0;Grew;True;2024-09-21 10:56:42+00:00;False;314;88;7173;18ef908e499c419daca665a7c87108353b79a17b;45;noreply@jetbrains.team;mikhail.glukhikh@jetbrains.com
PositioningStrategies.kt;MODIFY;1054;0.0;Equal;True;2024-10-02 09:10:42+00:00;False;314;88;7173;1abdea1e41a0de00f093540eb33d13720fd06b17;60;noreply@jetbrains.team;jsjeon@google.com
PositioningStrategies.kt;MODIFY;1060;6.0;Grew;True;2024-10-04 21:29:20+00:00;False;316;89;7229;c87e457bf8124adbd2b1d1c74780f81d8ba7bcf9;37;noreply@jetbrains.team;nikolay.lunyak@jetbrains.com
PositioningStrategies.kt;MODIFY;1067;7.0;Grew;True;2024-10-08 14:45:28+00:00;False;319;90;7300;a117a5bccbc2761b00adf4e123e48094ceb528cf;12;noreply@jetbrains.team;kirill.rakhman@jetbrains.com
PositioningStrategies.kt;MODIFY;1077;10.0;Grew;True;2024-10-11 08:27:10+00:00;False;318;89;7377;8a4932ddc9ec279d510d994750348e6c04879941;12;noreply@jetbrains.team;kirill.rakhman@jetbrains.com
