file_name;change_type;n_loc;lines_balance;size_change;is_large;date;swapped_classification;complexity;methods;tokens;hash;files_on_commit;committer_email;author_email
ReplCompletionAndErrorsAnalysisTest.kt;ADD;327;0.0;Equal;False;2020-04-16 19:16:08+00:00;False;28;20;1660;d2fec96f38483368e5a5a2a17868112722a699cc;51;ilya.chernikov@jetbrains.com;ilya.muradyan@jetbrains.com
ReplCompletionAndErrorsAnalysisTest.kt;MODIFY;342;15.0;Grew;False;2020-04-17 07:37:35+00:00;False;30;21;1723;400ea13f074e905d5fa7a298576b6051c17a40ca;2;ilya.chernikov@jetbrains.com;ilya.muradyan@jetbrains.com
ReplCompletionAndErrorsAnalysisTest.kt;MODIFY;352;10.0;Grew;False;2020-04-20 06:55:29+00:00;False;30;21;1761;af147017b40bde0725e296097db7751d499217ff;2;ilya.chernikov@jetbrains.com;ilya.muradyan@jetbrains.com
ReplCompletionAndErrorsAnalysisTest.kt;MODIFY;385;33.0;Grew;False;2020-05-11 08:45:49+00:00;False;30;22;1971;7cde9b435518e65813e7744029ce398924e19221;1;ilya.chernikov@jetbrains.com;ilya.muradyan@jetbrains.com
ReplCompletionAndErrorsAnalysisTest.kt;MODIFY;384;-1.0;Decreased;False;2020-05-15 19:15:48+00:00;False;30;22;1938;fb6ef38370a51b3b7bbd645b89aefcc837b142a1;9;ilya.chernikov@jetbrains.com;ilya.chernikov@jetbrains.com
ReplCompletionAndErrorsAnalysisTest.kt;MODIFY;458;74.0;Grew;False;2020-05-31 15:05:24+00:00;False;33;23;2211;bbe00b2fdc7f3f335732ece2422826f5366b2149;4;ilya.chernikov@jetbrains.com;ilya.muradyan@jetbrains.com
ReplCompletionAndErrorsAnalysisTest.kt;MODIFY;459;1.0;Grew;False;2020-06-05 19:58:28+00:00;False;33;23;2244;489290263f00647eb737df0e9c3baaee1be0a870;9;ilya.chernikov@jetbrains.com;ilya.muradyan@jetbrains.com
ReplCompletionAndErrorsAnalysisTest.kt;MODIFY;571;112.0;Grew;True;2020-06-11 14:16:13+00:00;True;35;25;2692;c2ede13d5a6706747144b4437201ff64c6db884f;2;ilya.chernikov@jetbrains.com;ilya.muradyan@jetbrains.com
ReplCompletionAndErrorsAnalysisTest.kt;MODIFY;392;-179.0;Decreased;False;2020-06-19 11:03:24+00:00;True;11;7;1617;53b31a20ca8f94946d66c33fde48f802ab2844c0;3;ilya.chernikov@jetbrains.com;ilya.muradyan@jetbrains.com
ReplCompletionAndErrorsAnalysisTest.kt;MODIFY;407;15.0;Grew;False;2020-06-19 11:03:25+00:00;False;11;7;1680;743abea69012223aa9d9c2b53a30c586ef8cef05;7;ilya.chernikov@jetbrains.com;ilya.muradyan@jetbrains.com
ReplCompletionAndErrorsAnalysisTest.kt;MODIFY;420;13.0;Grew;False;2020-07-09 10:19:04+00:00;False;11;7;1725;2487f9369cf07b1412de995047af4617a92a40f2;2;ilya.muradyan@jetbrains.com;ilya.muradyan@jetbrains.com
ReplCompletionAndErrorsAnalysisTest.kt;MODIFY;431;11.0;Grew;False;2021-03-29 15:36:49+00:00;False;11;7;1772;d40ada5d072fd8be05e1d6bed00a7d373d744255;5;ilya.muradyan@jetbrains.com;ilya.muradyan@jetbrains.com
ReplCompletionAndErrorsAnalysisTest.kt;MODIFY;448;17.0;Grew;False;2021-05-04 01:40:00+00:00;False;11;7;1840;b771f9eea44a37dd7a68c08dc8053f0bb1556cde;2;ilya.muradyan@jetbrains.com;ilya.muradyan@jetbrains.com
ReplCompletionAndErrorsAnalysisTest.kt;MODIFY;480;32.0;Grew;False;2021-05-07 16:56:21+00:00;False;11;7;1948;e9af2849efda45ef462be4f45f14e78fbeaca2e6;4;TeamCityServer@buildserver-app.Labs.IntelliJ.Net;ilya.muradyan@jetbrains.com
ReplCompletionAndErrorsAnalysisTest.kt;MODIFY;514;34.0;Grew;True;2021-06-06 06:00:52+00:00;True;11;7;2066;8be5f009f1f52b5594ffd0c303ab3b368d1c2106;2;ilya.muradyan@jetbrains.com;ilya.muradyan@jetbrains.com
ReplCompletionAndErrorsAnalysisTest.kt;MODIFY;520;6.0;Grew;True;2021-07-09 01:06:53+00:00;False;12;8;2087;55ec6729b0b1eb376bab500ef44e7f97763daff7;3;teamcityserver@buildserver-ro-srv.Labs.IntelliJ.Net;ilya.muradyan@jetbrains.com
ReplCompletionAndErrorsAnalysisTest.kt;MODIFY;545;25.0;Grew;True;2021-08-22 00:28:36+00:00;False;11;8;2143;d9c0b9ad5a353a9b31844f1a08e61a38f1fe0fdb;1;ilya.muradyan@jetbrains.com;ilya.muradyan@jetbrains.com
ReplCompletionAndErrorsAnalysisTest.kt;MODIFY;520;-25.0;Decreased;True;2021-08-23 08:11:52+00:00;False;12;8;2087;41e2deb751890dedff89e429f37ba2172da3dd99;1;ilya.muradyan@jetbrains.com;ilya.muradyan@jetbrains.com
ReplCompletionAndErrorsAnalysisTest.kt;MODIFY;550;30.0;Grew;True;2021-12-24 05:34:40+00:00;False;12;8;2172;bb34a74abb2b9a86a3c3475be55d94c1c0e456b4;3;ilya.muradyan@jetbrains.com;ilya.muradyan@jetbrains.com
ReplCompletionAndErrorsAnalysisTest.kt;MODIFY;552;2.0;Grew;True;2023-06-20 16:38:32+00:00;False;14;9;2180;7db9f9c3aec83243677c65ad9cd0f71b71df6e51;2;noreply@jetbrains.team;ilya.chernikov@jetbrains.com
ReplCompletionAndErrorsAnalysisTest.kt;MODIFY;552;0.0;Equal;True;2024-08-21 15:52:31+00:00;False;14;9;2180;173baaceed887f17e5a3aa905d3a4c2fa78e3eac;12;noreply@jetbrains.team;dmitriy.novozhilov@jetbrains.com
