file_name;change_type;n_loc;lines_balance;size_change;is_large;date;swapped_classification;complexity;methods;tokens;hash;files_on_commit;committer_email;author_email
SpecialBackendChecksTraversal.kt;RENAME;629;0.0;Equal;True;2020-10-27 18:00:28+00:00;True;not calculated;0;not calculated;f624800b843ce540e5c6b949ec398e855d4c97ea;2830;Stanislav.Erokhin@jetbrains.com;Stanislav.Erokhin@jetbrains.com
SpecialBackendChecksTraversal.kt;MODIFY;629;0.0;Equal;True;2020-11-28 19:51:57+00:00;False;133;30;4516;2ce2565e8f9da1c92b0369cfc75387d77a5c1cd6;1;Stanislav.Erokhin@jetbrains.com;svyatoslav.scherbina@jetbrains.com
SpecialBackendChecksTraversal.kt;MODIFY;637;8.0;Grew;True;2020-11-28 19:52:24+00:00;False;138;31;4580;d218b88106830f4ab0683bcc49e543b1d49f6114;2;Stanislav.Erokhin@jetbrains.com;svyatoslav.scherbina@jetbrains.com
SpecialBackendChecksTraversal.kt;MODIFY;686;49.0;Grew;True;2020-12-21 15:18:37+00:00;False;146;36;4962;43fe8c493143d3c44894c98b2fcebe4b3538f732;1;Stanislav.Erokhin@jetbrains.com;igor.chevdar@jetbrains.com
SpecialBackendChecksTraversal.kt;MODIFY;687;1.0;Grew;True;2021-01-19 10:37:36+00:00;False;147;36;4969;1222b72dcdaf20080c416f145495a93748ce5875;4;nikolay.krasko@jetbrains.com;igor.chevdar@jetbrains.com
SpecialBackendChecksTraversal.kt;MODIFY;688;1.0;Grew;True;2021-04-29 18:43:26+00:00;False;148;36;4977;887032667df3f50a6b58bfa69f08f116d514c037;62;alexander.gorshenev@jetbrains.com;alexander.gorshenev@jetbrains.com
SpecialBackendChecksTraversal.kt;MODIFY;718;30.0;Grew;True;2021-05-19 13:09:38+00:00;False;154;38;5129;896929cb21ad6d6d5a4e489f00eb40921861d11b;4;Dmitriy.Dolovov@jetbrains.com;Dmitriy.Dolovov@jetbrains.com
SpecialBackendChecksTraversal.kt;MODIFY;691;-27.0;Decreased;True;2021-05-19 13:09:47+00:00;False;148;37;4989;ae1590d3cf8f7dc564fc74435c33117655b157b9;1;Dmitriy.Dolovov@jetbrains.com;Dmitriy.Dolovov@jetbrains.com
SpecialBackendChecksTraversal.kt;MODIFY;690;-1.0;Decreased;True;2021-06-18 08:02:21+00:00;False;148;37;4975;0952a959495687c6bc981826780c10d96610932d;4;;pavel.kunyavskiy@jetbrains.com
SpecialBackendChecksTraversal.kt;MODIFY;690;0.0;Equal;True;2022-03-30 06:27:59+00:00;False;148;37;4977;7ba4d9e1f06632ab2469ce5de8868e9a3fa22d98;108;;pavel.kunyavskiy@jetbrains.com
SpecialBackendChecksTraversal.kt;MODIFY;689;-1.0;Decreased;True;2022-05-18 18:20:03+00:00;False;148;37;4963;f3252334b2ef679aa40e94002d9e65b1b76e95b6;173;ivan.kylchik@jetbrains.com;ivan.kylchik@jetbrains.com
SpecialBackendChecksTraversal.kt;MODIFY;689;0.0;Equal;True;2022-06-24 13:49:21+00:00;False;148;37;4963;8632103fc87f1060b0193eccdb90aaaa114046c2;1;;sergey.bogolepov@jetbrains.com
SpecialBackendChecksTraversal.kt;MODIFY;689;0.0;Equal;True;2022-06-24 13:49:22+00:00;False;152;37;4970;204cde357bd80371e4d284864fd277750c89829e;1;;sergey.bogolepov@jetbrains.com
SpecialBackendChecksTraversal.kt;MODIFY;699;10.0;Grew;True;2022-11-30 11:24:41+00:00;False;152;37;5008;39656209f0e85a3643b9e5901c9feb5464a4ca63;4;noreply@jetbrains.team;sergey.bogolepov@jetbrains.com
SpecialBackendChecksTraversal.kt;MODIFY;697;-2.0;Decreased;True;2023-04-03 14:05:43+00:00;False;152;37;5004;176325eaa7e95a7547f7102c291ee6b5327a7500;19;noreply@jetbrains.team;vladimir.sukharev@jetbrains.com
SpecialBackendChecksTraversal.kt;MODIFY;694;-3.0;Decreased;True;2023-04-18 03:37:47+00:00;False;152;37;4964;ca740a4baf555a038f870d520548f75d2326c591;6;noreply@jetbrains.team;vladimir.sukharev@jetbrains.com
SpecialBackendChecksTraversal.kt;MODIFY;714;20.0;Grew;True;2023-04-26 09:36:10+00:00;False;158;37;5098;fce878d63afbef4f8b852fa05dadcad74251fcae;10;noreply@jetbrains.team;sergey.bogolepov@jetbrains.com
SpecialBackendChecksTraversal.kt;MODIFY;694;-20.0;Decreased;True;2023-05-19 11:33:17+00:00;False;152;37;4964;c57c34525fab8e246c8847a9a3317f400426d47b;14;noreply@jetbrains.team;sergey.bogolepov@jetbrains.com
SpecialBackendChecksTraversal.kt;MODIFY;694;0.0;Equal;True;2023-06-28 13:18:09+00:00;False;152;37;4950;cd3237295b92ac9940a84b0451554b727523706d;43;noreply@jetbrains.team;pavel.kunyavskiy@jetbrains.com
SpecialBackendChecksTraversal.kt;MODIFY;694;0.0;Equal;True;2023-07-10 16:15:49+00:00;False;153;37;4955;710381e489aac68dd4092ece8ac191cdace15d9e;1;noreply@jetbrains.team;svyatoslav.scherbina@jetbrains.com
SpecialBackendChecksTraversal.kt;MODIFY;695;1.0;Grew;True;2023-09-13 14:25:09+00:00;False;153;37;4967;d1127f1a316d1d59d901737b164586d60f972e50;37;teamcity@ip-10-128-210-238.eu-west-1.compute.internal;sergej.jaskiewicz@jetbrains.com
SpecialBackendChecksTraversal.kt;MODIFY;696;1.0;Grew;True;2023-11-13 11:41:02+00:00;False;153;37;4973;513738b5fea2711eabf8f7c7e54eb0200e8214a6;4;noreply@jetbrains.team;vladimir.sukharev@jetbrains.com
SpecialBackendChecksTraversal.kt;MODIFY;697;1.0;Grew;True;2023-12-19 09:15:39+00:00;False;154;38;4975;023cce1fabd8bcc1a6a41d07b9693a1423780a02;2;noreply@jetbrains.team;vladimir.sukharev@jetbrains.com
SpecialBackendChecksTraversal.kt;MODIFY;696;-1.0;Decreased;True;2023-12-20 18:44:42+00:00;False;154;38;4961;14c38aba14d605ab898d4d9a073c0f46ceb568c8;23;noreply@jetbrains.team;sergey.bogolepov@jetbrains.com
SpecialBackendChecksTraversal.kt;MODIFY;697;1.0;Grew;True;2024-01-09 14:17:47+00:00;False;154;38;4975;7eb239c282c6babdb5bf01a496764cc7b108719f;6;noreply@jetbrains.team;vladimir.sukharev@jetbrains.com
SpecialBackendChecksTraversal.kt;MODIFY;697;0.0;Equal;True;2024-01-30 14:49:34+00:00;False;154;38;4975;f220074d8a02a906d11fe38dbd4ac3e31aaeed41;1;noreply@jetbrains.team;igor.chevdar@jetbrains.com
SpecialBackendChecksTraversal.kt;MODIFY;699;2.0;Grew;True;2024-05-15 18:07:54+00:00;False;154;38;4997;37cfd2026156620d6e29a19501717da944b5d871;7;noreply@jetbrains.team;sergej.jaskiewicz@jetbrains.com
SpecialBackendChecksTraversal.kt;MODIFY;699;0.0;Equal;True;2024-08-12 20:34:43+00:00;False;154;38;4994;590746692194b5f498ad756d3a494bdfcf046ede;118;noreply@jetbrains.space;ivan.kylchik@jetbrains.com
SpecialBackendChecksTraversal.kt;MODIFY;702;3.0;Grew;True;2024-09-02 21:09:16+00:00;False;154;38;5010;fdc1f79bcc3814770471b1ec4b5ae0ff695d5f20;57;noreply@jetbrains.team;alexander.shabalin@jetbrains.com
SpecialBackendChecksTraversal.kt;MODIFY;703;1.0;Grew;True;2024-10-22 08:03:51+00:00;False;154;38;5022;ba407741964d59925fcd0fdb6697653277c10975;55;noreply@jetbrains.space;francesco.protopapa@jetbrains.com
SpecialBackendChecksTraversal.kt;MODIFY;703;0.0;Equal;True;2024-11-07 15:32:00+00:00;False;154;38;5022;5b1507fad8407b10f30c0679a4455555e539f97e;60;noreply@jetbrains.space;wojciech.litewka@jetbrains.com
SpecialBackendChecksTraversal.kt;MODIFY;703;0.0;Equal;True;2024-12-09 17:56:17+00:00;False;154;38;5019;039605ee58223e4f89128e7d106ac4466064c39b;145;noreply@jetbrains.space;wojciech.litewka@jetbrains.com
