file_name;change_type;n_loc;lines_balance;size_change;is_large;date;swapped_classification;complexity;methods;tokens;hash;files_on_commit;committer_email;author_email
StringNumberConversionTest.kt;RENAME;198;0.0;Equal;False;2016-12-06 18:30:35+00:00;False;21;21;1561;2fa98323f18c1a082ec4ff6223c07244a3462799;2;ilya.gorbunov@jetbrains.com;ilya.gorbunov@jetbrains.com
StringNumberConversionTest.kt;MODIFY;198;0.0;Equal;False;2016-12-14 14:20:44+00:00;False;21;21;1713;bc944961f1d56506b69c22c79ede0ac1311c30f5;4;ilya.gorbunov@jetbrains.com;ilya.gorbunov@jetbrains.com
StringNumberConversionTest.kt;MODIFY;217;19.0;Grew;False;2017-01-24 04:20:57+00:00;False;23;23;1881;4e5e14c9a03c5d150f641616e93aac6433816cb2;6;ilya.gorbunov@jetbrains.com;ilya.gorbunov@jetbrains.com
StringNumberConversionTest.kt;MODIFY;237;20.0;Grew;False;2017-01-24 04:22:58+00:00;False;23;23;1977;a603de8bd79a06f6c04a7406e54b9a4b6aa68a25;2;ilya.gorbunov@jetbrains.com;ilya.gorbunov@jetbrains.com
StringNumberConversionTest.kt;MODIFY;287;50.0;Grew;False;2017-10-11 16:20:24+00:00;False;26;26;2435;b89e5b2708ebfa03c763585df782f2dd5a44a901;5;ilya.gorbunov@jetbrains.com;ilya.gorbunov@jetbrains.com
StringNumberConversionTest.kt;MODIFY;286;-1.0;Decreased;False;2017-10-15 14:40:53+00:00;False;26;26;2429;20b122c1dd093e1089a43b5e0447470947e96862;67;ilya.gorbunov@jetbrains.com;ilya.gorbunov@jetbrains.com
StringNumberConversionTest.kt;MODIFY;280;-6.0;Decreased;False;2017-12-26 01:55:40+00:00;False;26;26;2364;ecd42f14b3408bcfe8677fae72b5503e56da1122;7;ilya.gorbunov@jetbrains.com;ilya.gorbunov@jetbrains.com
StringNumberConversionTest.kt;MODIFY;279;-1.0;Decreased;False;2018-01-10 12:32:49+00:00;False;26;26;2358;11696ac4c085bb4d20cbbcf7cc99d0291b40c745;3;ilya.gorbunov@jetbrains.com;jakew@google.com
StringNumberConversionTest.kt;MODIFY;165;-114.0;Decreased;False;2018-03-22 14:08:43+00:00;False;15;15;1297;7a40b4c5f18438073ae27096a46faf665b1c77f2;12;ilya.gorbunov@jetbrains.com;ilya.gorbunov@jetbrains.com
StringNumberConversionTest.kt;MODIFY;166;1.0;Grew;False;2018-04-12 14:53:00+00:00;False;16;16;1319;f7546c809d64d361af26222d7facaf30d52b9de8;4;ilya.gorbunov@jetbrains.com;ilya.gorbunov@jetbrains.com
StringNumberConversionTest.kt;MODIFY;166;0.0;Equal;False;2018-04-26 18:57:50+00:00;False;16;16;1319;e21c235bbb839d273fd6b419d0b3527e573f5e4e;308;ilya.gorbunov@jetbrains.com;ilya.gorbunov@jetbrains.com
StringNumberConversionTest.kt;MODIFY;174;8.0;Grew;False;2018-04-27 02:28:57+00:00;False;16;16;1319;ecf0d7ec0d9a43c9ec3bdffb1b00d07cd21e53b6;39;ilya.gorbunov@jetbrains.com;ilya.gorbunov@jetbrains.com
StringNumberConversionTest.kt;MODIFY;203;29.0;Grew;False;2018-05-11 12:42:11+00:00;False;20;20;1707;8453ed1803131b0bcef65c9f971076af854b82c4;2;ilya.gorbunov@jetbrains.com;florian@fsteitz.com
StringNumberConversionTest.kt;MODIFY;238;35.0;Grew;False;2018-08-30 11:58:33+00:00;False;24;24;2191;c1d1a7108f14bc1b52370b662a52eb4e1f7617ca;4;ilya.gorbunov@jetbrains.com;ilya.gorbunov@jetbrains.com
StringNumberConversionTest.kt;MODIFY;333;95.0;Grew;False;2018-08-30 11:58:35+00:00;False;28;28;2853;2530a8e98c42736ea608b96c923215f61cf8cc2d;5;ilya.gorbunov@jetbrains.com;ilya.gorbunov@jetbrains.com
StringNumberConversionTest.kt;MODIFY;339;6.0;Grew;False;2018-08-30 11:58:37+00:00;False;28;28;2909;d99f97ad9695e8e34736842fd1a838e02e7941c4;2;ilya.gorbunov@jetbrains.com;ilya.gorbunov@jetbrains.com
StringNumberConversionTest.kt;MODIFY;340;1.0;Grew;False;2018-09-04 14:39:51+00:00;False;28;28;2914;64996618b30c539f513aff7087fc1d4fd36478d4;3;ilya.gorbunov@jetbrains.com;ilya.gorbunov@jetbrains.com
StringNumberConversionTest.kt;MODIFY;340;0.0;Equal;False;2019-04-23 17:09:22+00:00;False;28;28;2914;65244b4bea81f737466618927d4f3afe339cad0d;3628;nikita.movshin@jetbrains.com;nikita.movshin@jetbrains.com
StringNumberConversionTest.kt;MODIFY;341;1.0;Grew;False;2020-03-05 14:53:29+00:00;False;28;28;2928;d5c851980c4c33dba6f2961edfa3f4ccc05bbfa7;8;abduqodiri.qurbonzoda@jetbrains.com;abduqodiri.qurbonzoda@jetbrains.com
StringNumberConversionTest.kt;MODIFY;341;0.0;Equal;False;2020-12-30 07:08:25+00:00;False;28;28;2928;1314adb6f7bc0de1831928cbd7d183fef99abf46;25;abduqodiri.qurbonzoda@jetbrains.com;abduqodiri.qurbonzoda@jetbrains.com
StringNumberConversionTest.kt;MODIFY;383;42.0;Grew;False;2022-03-30 06:13:51+00:00;False;30;28;3523;000165b12be14743e7c08f7fcf061aa41b0d5b3a;3;teamcity@ip-10-128-210-208.eu-west-1.compute.internal;ilya.gorbunov@jetbrains.com
StringNumberConversionTest.kt;MODIFY;382;-1.0;Decreased;False;2022-08-17 19:55:43+00:00;False;30;28;3511;6c4777dcddf7618cdbff2a4824321e246f44da6b;14;abduqodiri.qurbonzoda@jetbrains.com;abduqodiri.qurbonzoda@jetbrains.com
StringNumberConversionTest.kt;MODIFY;401;19.0;Grew;False;2022-12-29 11:57:47+00:00;False;31;29;3656;35340f2f041b65b188d1c3351db0c030067687d0;2;teamcity@ip-10-128-210-238.eu-west-1.compute.internal;igor.yakovlev@jetbrains.com
StringNumberConversionTest.kt;MODIFY;400;-1.0;Decreased;False;2023-03-08 09:38:47+00:00;False;31;29;3651;8a8b204e110aab93116a76be68cbe181b04e966e;3;noreply@jetbrains.team;ilya.chernikov@jetbrains.com
StringNumberConversionTest.kt;MODIFY;406;6.0;Grew;False;2023-04-04 18:39:18+00:00;False;31;29;3699;5a46cb1c40405d4fe502d87c13fd33a6c2672b04;2;noreply@jetbrains.team;igor.yakovlev@jetbrains.com
StringNumberConversionTest.kt;MODIFY;432;26.0;Grew;False;2024-04-11 08:10:53+00:00;False;33;31;3931;489c2a24ead106d9a6d06fcdc7b559384cad9d19;2;noreply@jetbrains.team;igor.yakovlev@jetbrains.com
StringNumberConversionTest.kt;MODIFY;468;36.0;Grew;False;2024-09-26 08:46:58+00:00;False;33;31;4195;2190e31f3474a8201b821c498aca8a4580160338;2;noreply@jetbrains.team;igor.yakovlev@jetbrains.com
StringNumberConversionTest.kt;MODIFY;638;170.0;Grew;True;2024-11-21 17:36:44+00:00;True;38;33;5146;36754735b40177d2e1d1c1c2d7ef1bef687b1eab;2;noreply@jetbrains.team;romainguy@curious-creature.com
