file_name;change_type;n_loc;lines_balance;size_change;is_large;date;swapped_classification;complexity;methods;tokens;hash;files_on_commit;committer_email;author_email
sequenceDiagram.spec.js;RENAME;not calculated;0.0;Equal;False;2022-09-21 09:03:33+00:00;False;not calculated;0;not calculated;8dd82839cb8ef660fbe3295c820b57e2a7f9e763;292;knsv@sveido.com;knsv@sveido.com
sequenceDiagram.spec.js;MODIFY;1600.0;0.0;Grew;True;2022-09-26 06:02:12+00:00;True;109;107;11632;98ddc95648c438775053786eb9b9e3bb1b83c91e;3;knsv@sveido.com;knsv@sveido.com
sequenceDiagram.spec.js;MODIFY;1601.0;1.0;Equal;True;2022-09-26 06:47:41+00:00;False;109;107;11639;ebdec77c8880977b92dc37bf8cdee896554a82b8;10;knsv@sveido.com;knsv@sveido.com
sequenceDiagram.spec.js;MODIFY;1618.0;17.0;Equal;True;2022-10-16 09:23:23+00:00;False;110;108;11780;989d716c36261a7faccaf599ade894c850d1bda6;5;alois@aloisklink.com;alois@aloisklink.com
sequenceDiagram.spec.js;MODIFY;1656.0;38.0;Grew;True;2022-11-17 20:24:16+00:00;False;117;115;11925;1fc02940ae9fbb8c3f6ad892bd7202eed20638e8;2;ashley.engelund@gmail.com;ashley.engelund@gmail.com
sequenceDiagram.spec.js;MODIFY;1693.0;37.0;Grew;True;2023-01-05 14:40:40+00:00;False;119;117;12133;e659601e03baac0a6d676f248db3e742495d5de9;8;oleveau@gmail.com;oleveau@gmail.com
sequenceDiagram.spec.js;MODIFY;1735.0;42.0;Grew;True;2023-01-06 12:38:03+00:00;False;121;119;12298;117f0ab6da930706f12516530f205fd4bb91b7f8;2;oleveau@gmail.com;oleveau@gmail.com
sequenceDiagram.spec.js;MODIFY;1665.0;-70.0;Grew;True;2023-01-13 00:27:48+00:00;False;117;115;11961;164b9bc2cb19976218ee976ee27499cc6942b172;1;alois@aloisklink.com;alois@aloisklink.com
sequenceDiagram.spec.js;MODIFY;1673.0;8.0;Grew;True;2023-02-06 21:28:40+00:00;False;117;115;11993;84d563584f7ba841db2acf5e20228b7d34490110;4;natasha@ngrok.com;natasha@ngrok.com
sequenceDiagram.spec.js;MODIFY;1752.0;79.0;Equal;True;2023-02-19 07:39:31+00:00;False;121;119;12532;d2927435ab18ee172a544ad648fc49812ad84289;6;sidharthv96@gmail.com;sidharthv96@gmail.com
sequenceDiagram.spec.js;MODIFY;1755.0;3.0;Grew;True;2023-02-19 18:44:39+00:00;False;122;120;12548;c9c4320f896ca6fb45086ed7bc6a70da6cf64893;8;sidharthv96@gmail.com;sidharthv96@gmail.com
sequenceDiagram.spec.js;MODIFY;1755.0;0.0;Equal;True;2023-03-11 13:54:21+00:00;False;122;120;12548;b7d31adda44d92dde06efeebb5218933c44b7e62;207;remcohaszing@gmail.com;remcohaszing@gmail.com
sequenceDiagram.spec.js;MODIFY;1774.0;19.0;Grew;True;2023-05-04 05:15:59+00:00;False;123;121;12695;06fdb95389b7e767bda7918c77b6888050ba94cd;8;jgreywolf@users.noreply.github.com;jgreywolf@users.noreply.github.com
sequenceDiagram.spec.js;MODIFY;1774.0;0.0;Grew;True;2023-05-31 08:27:42+00:00;False;123;121;12695;0605b85d999788849e47e61a079b1a8478d32da4;88;nnewman316@gmail.com;nnewman316@gmail.com
sequenceDiagram.spec.js;MODIFY;1831.0;57.0;Grew;True;2023-06-08 16:17:31+00:00;False;126;124;12993;d06bb05c5fe7544ec2b34cfa71c788e15f27499d;6;laura.tscharner@tecnico.ulisboa.pt;laura.tscharner@tecnico.ulisboa.pt
sequenceDiagram.spec.js;MODIFY;1774.0;-57.0;Equal;True;2023-06-23 08:27:37+00:00;False;123;121;12720;fe8474f6c07e8d241ee00f0388791fbf462856e7;3;nnewman316@gmail.com;nnewman316@gmail.com
sequenceDiagram.spec.js;MODIFY;1831.0;57.0;Grew;True;2023-07-08 01:45:36+00:00;False;126;124;13018;f15e8c9edb976005930a128ed57f6a8b36eea103;125;nnewman316@gmail.com;nnewman316@gmail.com
sequenceDiagram.spec.js;MODIFY;1824.0;-7.0;Decreased;True;2023-08-03 17:51:49+00:00;False;126;124;12941;95efc1786f6776c89f18a4d8ec776ba07c44d09f;3;sidharthv96@gmail.com;sidharthv96@gmail.com
sequenceDiagram.spec.js;MODIFY;1824.0;0.0;Decreased;True;2023-08-07 09:42:37+00:00;False;126;124;12941;646f7662d0d30a5505a3b8ec2cf21d90f10818b8;2;sidharthv96@gmail.com;sidharthv96@gmail.com
sequenceDiagram.spec.js;MODIFY;1818.0;-6.0;Decreased;True;2023-08-25 07:25:35+00:00;False;126;124;12905;f0883be0e3e481afbb9d21abf8f81c420b99227b;20;sidharthv96@gmail.com;sidharthv96@gmail.com
sequenceDiagram.spec.js;MODIFY;1830.0;12.0;Grew;True;2023-09-02 21:03:06+00:00;False;126;124;12941;02a0596e3ca152fa32535612a251d1cc4369f0f1;1;sidharthv96@gmail.com;sidharthv96@gmail.com
sequenceDiagram.spec.js;MODIFY;1831.0;1.0;Grew;True;2023-09-02 21:04:46+00:00;False;126;124;12955;784e235ff90f6e37f5b316d1ea1992a02e354b9b;1;sidharthv96@gmail.com;sidharthv96@gmail.com
sequenceDiagram.spec.js;MODIFY;1753.0;-78.0;Decreased;True;2023-09-07 04:45:58+00:00;False;120;118;12443;667b17bf66ad13fe822a92f43d62265ba4f9fccb;1;sidharthv96@gmail.com;sidharthv96@gmail.com
sequenceDiagram.spec.js;MODIFY;1753.0;0.0;Equal;True;2023-10-08 12:17:45+00:00;False;120;118;12439;846fb3f8f86bc516c41e08920720e3c7c697ad75;47;dev.blankenhaus@gmail.com;dev.blankenhaus@gmail.com
sequenceDiagram.spec.js;MODIFY;1753.0;0.0;Equal;True;2024-01-24 08:11:51+00:00;False;120;118;12452;52fdea04195ab6b714e7bd5dcc9106757146b2a2;5;sidharthv96@gmail.com;sidharthv96@gmail.com
sequenceDiagram.spec.js;MODIFY;1753.0;0.0;Equal;True;2024-04-16 20:52:25+00:00;False;120;118;12776;07de0907238db20abb50d905a71331d8394480cd;53;saiansh2525@gmail.com;saiansh2525@gmail.com
sequenceDiagram.spec.js;MODIFY;1758.0;5.0;Grew;True;2024-04-17 00:52:26+00:00;False;121;119;12804;087a5748c87b7e12e047a74d571ad4f370990eb7;3;saiansh2525@gmail.com;saiansh2525@gmail.com
sequenceDiagram.spec.js;MODIFY;1760.0;2.0;Grew;True;2024-04-17 03:47:47+00:00;False;121;119;12813;9b411fa8d4f5558a1734c337a96aaed4c4f77343;3;saiansh2525@gmail.com;saiansh2525@gmail.com
sequenceDiagram.spec.js;MODIFY;1753.0;-7.0;Equal;True;2024-04-18 15:11:44+00:00;False;120;118;12457;196d88559c552037463e3466fe3807491322c695;5;aakansha1216@gmail.com;aakansha1216@gmail.com
sequenceDiagram.spec.js;MODIFY;1777.0;24.0;Grew;True;2024-04-24 03:36:58+00:00;False;122;120;12689;e852156b9fc5ba06c59dcbd0caa1e3ca6a8bc3c4;9;ronidiwan@gmail.com;ronidiwan@gmail.com
sequenceDiagram.spec.js;MODIFY;1760.0;-17.0;Equal;True;2024-05-15 01:33:47+00:00;False;121;119;12789;dd92aecdcab953b1a3ebf89f5d7e857019a59056;4;saiansh2525@gmail.com;saiansh2525@gmail.com
sequenceDiagram.spec.js;MODIFY;1784.0;24.0;Equal;True;2024-06-04 22:23:57+00:00;False;123;121;13017;83ca6897bd0623707b9b3897d56a69873b583ec5;1;ronidiwan@gmail.com;ronidiwan@gmail.com
sequenceDiagram.spec.js;MODIFY;1784.0;0.0;Decreased;True;2024-06-27 11:25:05+00:00;False;123;121;13017;4b5e73102cfa43ba63bfdcd2b0eb90a566caf788;31;sidharthv96@gmail.com;sidharthv96@gmail.com
sequenceDiagram.spec.js;MODIFY;1784.0;0.0;Equal;True;2024-06-29 19:28:02+00:00;False;123;121;13004;6b87fb34189fa0e4ce39dde505339701912f77b0;50;sidharthv96@gmail.com;sidharthv96@gmail.com
sequenceDiagram.spec.js;MODIFY;1784.0;0.0;Equal;True;2024-06-29 19:49:11+00:00;False;123;121;12998;1fad9e6eefd1e9ab6fe6aa708c8e2fa4df7cb3ce;23;sidharthv96@gmail.com;sidharthv96@gmail.com
sequenceDiagram.spec.js;MODIFY;1784.0;0.0;Equal;True;2024-09-17 12:13:55+00:00;False;123;121;13000;18922772738f82c0134f80833485d5d2a8f5db27;2;alois@aloisklink.com;alois@aloisklink.com
