file_name;change_type;n_loc;lines_balance;size_change;is_large;date;swapped_classification;complexity;methods;tokens;hash;files_on_commit;committer_email;author_email
TooltipView.ts;RENAME;not calculated;0.0;Equal;False;2020-02-03 04:18:13+00:00;False;not calculated;0;not calculated;6dc77e1468e6dc6df376d0b6a27d0c43be1e0416;432;sushuang0322@gmail.com;sushuang0322@gmail.com
TooltipView.ts;MODIFY;592.0;0.0;Equal;False;2020-02-15 03:40:25+00:00;False;120;35;3909;6b991bee10b420d3ad32d5a254713cde07e8b86a;333;sushuang0322@gmail.com;sushuang0322@gmail.com
TooltipView.ts;MODIFY;752.0;160.0;Grew;False;2020-02-24 13:16:47+00:00;False;86;26;4503;a24c333c7edccb0dbe24ef6768f72e1a7165b4db;24;bm2736892@gmail.com;bm2736892@gmail.com
TooltipView.ts;MODIFY;752.0;0.0;Equal;False;2020-02-26 07:39:05+00:00;False;86;26;4519;bed19debd1fdb5d50a993e600bfe9bb628d6d55e;27;bm2736892@gmail.com;bm2736892@gmail.com
TooltipView.ts;MODIFY;748.0;-4.0;Decreased;False;2020-02-28 15:59:11+00:00;False;86;26;4500;286efe81d787cbfce73edf8573223e8c49b71a26;29;bm2736892@gmail.com;bm2736892@gmail.com
TooltipView.ts;MODIFY;748.0;0.0;Equal;False;2020-03-08 08:38:43+00:00;False;86;26;4506;432ec61f0dbedf2ed4f38ac8ee7c655b972c1ccc;43;bm2736892@gmail.com;bm2736892@gmail.com
TooltipView.ts;MODIFY;749.0;1.0;Grew;False;2020-03-11 14:06:12+00:00;False;86;26;4521;b64c6438b2738322ff9ccc9e7c83b2cb180b3071;14;bm2736892@gmail.com;bm2736892@gmail.com
TooltipView.ts;MODIFY;749.0;0.0;Equal;False;2020-03-20 23:01:44+00:00;False;86;26;4538;1c8262fbd9d954bec2e3e7241d3603b779dc520e;217;sushuang0322@gmail.com;sushuang0322@gmail.com
TooltipView.ts;MODIFY;749.0;0.0;Equal;False;2020-03-20 23:47:27+00:00;False;86;26;4538;0b5b67f4f17c2f3abc48c466bff0923e36e72892;335;sushuang0322@gmail.com;sushuang0322@gmail.com
TooltipView.ts;MODIFY;749.0;0.0;Equal;False;2020-03-26 19:43:14+00:00;False;86;26;4538;c7055cebf7f75f038702af5a312132698b071581;324;sushuang0322@gmail.com;sushuang0322@gmail.com
TooltipView.ts;MODIFY;750.0;1.0;Grew;False;2020-03-28 13:34:23+00:00;False;86;26;4540;444f6c79cd9aef1cab692722f2054a76eedfda41;44;bm2736892@gmail.com;bm2736892@gmail.com
TooltipView.ts;MODIFY;759.0;9.0;Grew;False;2020-04-15 05:26:32+00:00;False;86;26;4591;898c6b4f8f6ca11d821f926c267a186310f92595;20;bm2736892@gmail.com;bm2736892@gmail.com
TooltipView.ts;MODIFY;758.0;-1.0;Decreased;False;2020-07-10 07:02:07+00:00;False;86;26;4590;0bc34e42645bb082268036ab0ae2b8aa4dc7ba0f;4;susiwen8@gmail.com;susiwen8@gmail.com
TooltipView.ts;MODIFY;801.0;43.0;Grew;False;2020-07-12 13:25:28+00:00;False;91;29;4883;bcf3258295dc02acd1c04c640df4a82743493597;4;susiwen8@gmail.com;susiwen8@gmail.com
TooltipView.ts;MODIFY;801.0;0.0;Equal;False;2020-07-12 16:12:00+00:00;False;91;29;4887;5232cada21e496739b005632426c0377e5624e57;3;susiwen8@gmail.com;susiwen8@gmail.com
TooltipView.ts;MODIFY;808.0;7.0;Grew;False;2020-07-13 10:39:33+00:00;False;91;29;4944;3ab22744f68c60b44e7925b9dd075f4cf84405f4;4;susiwen8@gmail.com;susiwen8@gmail.com
TooltipView.ts;MODIFY;814.0;6.0;Grew;False;2020-07-14 12:03:33+00:00;False;91;29;4991;48dc408c14268dab7fb80aede80a17aae8143073;1;susiwen8@gmail.com;susiwen8@gmail.com
TooltipView.ts;MODIFY;814.0;0.0;Equal;False;2020-07-16 06:01:55+00:00;False;91;29;4958;5f65d977fd93a972eb73ffe204d61753b7cf4b6e;9;susiwen8@gmail.com;susiwen8@gmail.com
TooltipView.ts;MODIFY;814.0;0.0;Equal;False;2020-07-16 15:02:13+00:00;False;91;29;4964;050ad8cad377f69c21e5e7e18e013de0a3989c21;3;susiwen8@gmail.com;susiwen8@gmail.com
TooltipView.ts;MODIFY;814.0;0.0;Equal;False;2020-07-17 05:52:15+00:00;False;91;29;4958;29cad06f4ed65acee7c6014dfabd92d0e36f6dfb;2;susiwen8@gmail.com;susiwen8@gmail.com
TooltipView.ts;MODIFY;832.0;18.0;Grew;False;2020-07-17 14:22:35+00:00;False;91;29;5042;88093208d1288c1b941fcfcb5a57c1ec98ffd22f;1;susiwen8@gmail.com;susiwen8@gmail.com
TooltipView.ts;MODIFY;833.0;1.0;Grew;False;2020-07-17 15:45:02+00:00;False;92;29;5045;c5ae3071405c450c8c3832cb0f489c2d6db4616c;1;susiwen8@gmail.com;susiwen8@gmail.com
TooltipView.ts;MODIFY;833.0;0.0;Equal;False;2020-07-17 16:17:40+00:00;False;92;29;5067;078f89f8c82276b50830193a884c155831e8c50d;1;susiwen8@gmail.com;susiwen8@gmail.com
TooltipView.ts;MODIFY;834.0;1.0;Grew;False;2020-07-18 03:39:58+00:00;False;92;29;5057;664386d5c8e08390319cff1626184565911da051;2;susiwen8@gmail.com;susiwen8@gmail.com
TooltipView.ts;MODIFY;850.0;16.0;Grew;False;2020-07-20 07:05:39+00:00;False;95;30;5169;ecd7aac653b83b14679ad37bc23603c84d2bf2cc;2;susiwen8@gmail.com;susiwen8@gmail.com
TooltipView.ts;MODIFY;845.0;-5.0;Decreased;False;2020-07-20 09:15:56+00:00;False;95;30;5161;b53ca68080be6576aca9699058773378885deb30;3;susiwen8@gmail.com;susiwen8@gmail.com
TooltipView.ts;MODIFY;844.0;-1.0;Decreased;False;2020-07-20 11:05:39+00:00;False;95;30;5148;a0b2039afb1873fecb1444128b092d7e2dd88238;1;susiwen8@gmail.com;susiwen8@gmail.com
TooltipView.ts;MODIFY;844.0;0.0;Equal;False;2020-07-21 04:20:38+00:00;False;95;30;5148;bb80c7a5b855b4fba40ee7a36439ce8038057f1e;2;susiwen8@gmail.com;susiwen8@gmail.com
TooltipView.ts;MODIFY;845.0;1.0;Grew;False;2020-07-21 05:58:54+00:00;False;95;30;5160;93dc85fd58feaa982b71d25adc453468b7288bdf;6;susiwen8@gmail.com;susiwen8@gmail.com
TooltipView.ts;MODIFY;847.0;2.0;Grew;False;2020-07-21 12:35:17+00:00;False;95;30;5173;732f0f299986164d64825e8ad2dbb44040061855;1;susiwen8@gmail.com;susiwen8@gmail.com
TooltipView.ts;MODIFY;840.0;-7.0;Decreased;False;2020-07-22 02:57:22+00:00;False;95;30;5112;b8a19a449230d38547805ea251c51bc19b32b89c;9;susiwen8@gmail.com;susiwen8@gmail.com
TooltipView.ts;MODIFY;844.0;4.0;Grew;False;2020-07-22 06:19:50+00:00;False;95;30;5124;8e1f58119ca8b84ce45452bc47d96c8e06e596f1;1;susiwen8@gmail.com;susiwen8@gmail.com
TooltipView.ts;MODIFY;844.0;0.0;Equal;False;2020-07-22 06:28:01+00:00;False;95;30;5126;f1737439f661b93aaff7be2d0729d49539858223;1;susiwen8@gmail.com;susiwen8@gmail.com
TooltipView.ts;MODIFY;844.0;0.0;Equal;False;2020-07-22 08:16:25+00:00;False;98;31;5125;0132df7e11046174b4e688d4dde0526b95ffff8e;1;susiwen8@gmail.com;susiwen8@gmail.com
TooltipView.ts;MODIFY;844.0;0.0;Equal;False;2020-07-22 11:15:16+00:00;False;98;31;5137;666e7757fa9be9fac12ce504599c4ef142c51d60;2;susiwen8@gmail.com;susiwen8@gmail.com
TooltipView.ts;MODIFY;844.0;0.0;Equal;False;2020-07-23 09:01:32+00:00;False;98;31;5139;2888c742b332480117b6527009bd2d195bce412a;1;susiwen8@gmail.com;susiwen8@gmail.com
TooltipView.ts;MODIFY;844.0;0.0;Equal;False;2020-07-23 10:19:23+00:00;False;98;31;5151;c202e85602e1fa1a8b966044747846c03d564d1b;2;susiwen8@gmail.com;susiwen8@gmail.com
TooltipView.ts;MODIFY;844.0;0.0;Equal;False;2020-07-24 15:05:39+00:00;False;98;31;5151;23d44a8db62e9676f2d92621151999fef94bf1cf;1;susiwen8@gmail.com;susiwen8@gmail.com
TooltipView.ts;MODIFY;760.0;-84.0;Decreased;False;2020-07-27 13:47:45+00:00;False;86;26;4595;f7fc1cb54b3e97f459a30f4f7c9653b0cba1398f;29;bm2736892@gmail.com;bm2736892@gmail.com
TooltipView.ts;MODIFY;844.0;84.0;Grew;False;2020-07-28 09:39:20+00:00;False;98;31;5157;0a9d0bd9c93b25c9440ff76935b47a700550c699;2;susiwen8@gmail.com;susiwen8@gmail.com
TooltipView.ts;MODIFY;851.0;7.0;Grew;False;2020-07-28 15:42:57+00:00;False;98;31;5201;05909e737b7b6bd4192186827d520b5d322228fe;6;susiwen8@gmail.com;susiwen8@gmail.com
TooltipView.ts;MODIFY;860.0;9.0;Grew;False;2020-07-29 05:29:04+00:00;False;98;31;5195;aee0b1a0b8d8f57915abf9227d9ec340f2e53b42;16;susiwen8@gmail.com;susiwen8@gmail.com
TooltipView.ts;MODIFY;860.0;0.0;Equal;False;2020-07-29 13:13:36+00:00;False;98;31;5195;8662a791736eeb2ea7278a5156ccaf50a3c885e8;4;susiwen8@gmail.com;susiwen8@gmail.com
TooltipView.ts;MODIFY;819.0;-41.0;Decreased;False;2020-07-30 03:45:27+00:00;False;92;29;4903;fb97d9161343bea3c20a44485e4c075f72009fde;1;susiwen8@gmail.com;susiwen8@gmail.com
TooltipView.ts;MODIFY;819.0;0.0;Equal;False;2020-07-30 04:14:01+00:00;False;92;29;4909;11e6626ca621617d1a2e3b4c471a2e9c18e32b83;7;bm2736892@gmail.com;bm2736892@gmail.com
TooltipView.ts;MODIFY;819.0;0.0;Equal;False;2020-07-30 04:33:19+00:00;False;92;29;4917;d9d27e26a3f4965de13cbbd076ce538461affbf4;3;bm2736892@gmail.com;bm2736892@gmail.com
TooltipView.ts;MODIFY;819.0;0.0;Equal;False;2020-08-25 14:06:27+00:00;False;92;29;4921;b367718728d5f98ce64123ba2f35e12b38df5ccb;1;daniel.ritz.ext@siemens.com;daniel.ritz.ext@siemens.com
TooltipView.ts;MODIFY;774.0;-45.0;Decreased;False;2020-09-07 05:24:43+00:00;False;83;26;4744;bb4559fe4c6be0cc6cd16d445ec34f99d8503143;29;sushuang0322@gmail.com;sushuang0322@gmail.com
TooltipView.ts;MODIFY;774.0;0.0;Equal;False;2020-09-23 03:48:03+00:00;False;83;26;4744;c887bcae711ab331e63fd83adda2f4582268cb80;30;bm2736892@gmail.com;bm2736892@gmail.com
TooltipView.ts;MODIFY;776.0;2.0;Grew;False;2020-09-30 04:40:15+00:00;False;84;27;4781;3f616bb0b431f73cd920a2d61c073ad594300368;3;bm2736892@gmail.com;bm2736892@gmail.com
TooltipView.ts;MODIFY;777.0;1.0;Grew;False;2020-10-02 08:05:13+00:00;False;84;27;4792;579b537e98544d2bd4de93e08ea138247588b2bc;3;yhen@all-my-life.cn;yhen@all-my-life.cn
TooltipView.ts;MODIFY;776.0;-1.0;Decreased;False;2020-10-02 09:09:13+00:00;False;84;27;4782;61c07bb27a9c1c2de0a9353d712af50fcb1a1208;4;yhen@all-my-life.cn;yhen@all-my-life.cn
TooltipView.ts;MODIFY;775.0;-1.0;Decreased;False;2020-10-10 03:18:42+00:00;False;84;27;4780;75d2d92ea9ce9c953cb5375b4ebcfabcece6d7c3;7;bm2736892@gmail.com;bm2736892@gmail.com
TooltipView.ts;MODIFY;775.0;0.0;Equal;False;2020-10-22 07:36:12+00:00;False;84;27;4790;fd52c2808527e4ee8b9f31904c77ae63f97a45f2;5;gijsbert.terhorst@intar.nl;Ghostbird@users.noreply.github.com
TooltipView.ts;MODIFY;776.0;1.0;Grew;False;2020-11-08 19:09:25+00:00;False;84;27;4804;a3e658c6e6c437607bbd964ee625b51f7c0b843f;6;sushuang0322@gmail.com;sushuang0322@gmail.com
TooltipView.ts;MODIFY;784.0;8.0;Grew;False;2020-11-09 09:48:14+00:00;False;84;27;4885;085c7dcc0b73408a3ac2681b9595fd1cd56bad4c;3;sushuang0322@gmail.com;sushuang0322@gmail.com
TooltipView.ts;MODIFY;784.0;0.0;Equal;False;2020-12-01 14:10:42+00:00;False;84;27;4882;eca59fa189426bc8e362b0169c04f06a11636c9d;235;bm2736892@gmail.com;bm2736892@gmail.com
TooltipView.ts;MODIFY;786.0;2.0;Grew;False;2020-12-07 04:21:21+00:00;False;84;27;4900;51499a7c86287f06dda8538bf5b0fe2ae5b9c26a;3;susiwen8@gmail.com;susiwen8@gmail.com
TooltipView.ts;MODIFY;786.0;0.0;Equal;False;2020-12-15 12:05:40+00:00;False;84;27;4902;d0ba772915feaeac35cc3f80d28ae448c1714f69;1;sushuang0322@gmail.com;sushuang0322@gmail.com
TooltipView.ts;MODIFY;788.0;2.0;Grew;False;2020-12-20 09:17:53+00:00;False;84;27;4916;3452fa2a399350e848542c10e1e20955cd80a5a8;3;susiwen8@gmail.com;susiwen8@gmail.com
TooltipView.ts;MODIFY;786.0;-2.0;Decreased;False;2020-12-30 06:13:18+00:00;False;84;27;4899;450f49348a9f71136b8a6079ec1f1d48f507e102;134;bm2736892@gmail.com;bm2736892@gmail.com
TooltipView.ts;MODIFY;788.0;2.0;Grew;False;2021-01-03 05:26:59+00:00;False;84;27;4909;1d09ccde319f1096c84afff2d9e93a6de555dadc;2;bm2736892@gmail.com;bm2736892@gmail.com
TooltipView.ts;MODIFY;790.0;2.0;Grew;False;2021-01-08 08:51:45+00:00;False;84;27;4925;49f471b62c857a05104889f1c70c7ebd4d3c9280;1;susiwen8@gmail.com;susiwen8@gmail.com
TooltipView.ts;MODIFY;790.0;0.0;Equal;False;2021-01-09 03:20:39+00:00;False;84;27;4927;c2ab332636282907befcab8c2f8d46ef28f8ac92;1;susiwen8@gmail.com;susiwen8@gmail.com
TooltipView.ts;MODIFY;790.0;0.0;Equal;False;2021-01-09 17:04:38+00:00;False;84;27;4927;fc536d28e7d0591a0eaf98a811c3d52abd1dc6b8;1;noreply@github.com;wenbin.im@gmail.com
TooltipView.ts;MODIFY;791.0;1.0;Grew;False;2021-02-08 08:45:06+00:00;False;84;27;4928;a04213d58785e9e60f63bc8b3090fa33439b177f;3;yhen@all-my-life.cn;yhen@all-my-life.cn
TooltipView.ts;MODIFY;871.0;80.0;Grew;False;2021-03-15 08:16:36+00:00;False;92;29;5338;b9c7e9e50d7584a14ccc2b8d0829fd56499806b8;9;sushuang0322@gmail.com;sushuang0322@gmail.com
TooltipView.ts;MODIFY;871.0;0.0;Equal;False;2021-03-15 08:31:26+00:00;False;93;29;5342;35d9f60beaaa8ce5e84f96d040a37e0be46bda07;1;sushuang0322@gmail.com;sushuang0322@gmail.com
TooltipView.ts;MODIFY;872.0;1.0;Grew;False;2021-03-15 12:27:44+00:00;False;93;29;5352;438f403704d39daa1725dccfe92280dd0587ce58;4;sushuang0322@gmail.com;sushuang0322@gmail.com
TooltipView.ts;MODIFY;898.0;26.0;Grew;False;2021-03-22 19:56:33+00:00;False;100;30;5497;c35a522a6e009cff4c95e290f5bdef571f76c969;3;sushuang0322@gmail.com;sushuang0322@gmail.com
TooltipView.ts;MODIFY;897.0;-1.0;Decreased;False;2021-03-29 11:40:35+00:00;False;100;30;5494;b0d4a358f317c0d99ee3e45fce52e1b03b6d18e4;16;sushuang0322@gmail.com;sushuang0322@gmail.com
TooltipView.ts;MODIFY;903.0;6.0;Grew;False;2021-04-25 07:26:39+00:00;False;101;30;5543;eb6af35fbea5dab497da3a0ac3d380c47b0f6b16;3;yhen@all-my-life.cn;yhen@all-my-life.cn
TooltipView.ts;MODIFY;898.0;-5.0;Decreased;False;2021-05-17 17:26:26+00:00;False;100;30;5510;50a91c444876cd160196a89bec12e62ae6eeeaa1;5;sushuang0322@gmail.com;sushuang0322@gmail.com
TooltipView.ts;MODIFY;898.0;0.0;Equal;False;2021-05-19 14:55:27+00:00;False;100;30;5522;2b39cb408712ce3710801dd5219d0a14aad5b3ce;2;mailtogouravsaini@gmail.com;mailtogouravsaini@gmail.com
TooltipView.ts;MODIFY;897.0;-1.0;Decreased;False;2021-06-12 10:03:20+00:00;False;100;30;5518;2f7eb1e20fcad3169a98add66ed59686eb703b23;2;mailtogouravsaini@gmail.com;mailtogouravsaini@gmail.com
TooltipView.ts;MODIFY;898.0;1.0;Grew;False;2021-06-17 07:07:05+00:00;False;100;30;5512;8afcb67cb28ff80ffb684e4c1279955105d3eacd;5;zehua.wang@nio.com;zehua.wang@nio.com
TooltipView.ts;MODIFY;910.0;12.0;Grew;False;2021-06-19 13:35:56+00:00;False;103;31;5610;82495ae8c7352b7d630f7a924f76011a1a7938aa;1;timshen@tencent.com;timshen@tencent.com
TooltipView.ts;MODIFY;903.0;-7.0;Decreased;False;2021-07-08 10:23:55+00:00;False;100;30;5527;edc4367c8da2c8e2189971c470912ffdd62cb0ca;5;yhen@all-my-life.cn;yhen@all-my-life.cn
TooltipView.ts;MODIFY;908.0;5.0;Grew;False;2021-07-16 08:20:26+00:00;False;103;31;5587;15f318b7351f34022f4c2fb6af7d05cac2e889c4;1;timshen@tencent.com;timshen@tencent.com
TooltipView.ts;MODIFY;911.0;3.0;Grew;False;2021-07-16 09:38:05+00:00;False;104;31;5596;8bfa7cca2cd580ffe99869ce925f7cdc1f6edb97;1;timshen@tencent.com;timshen@tencent.com
TooltipView.ts;MODIFY;908.0;-3.0;Decreased;False;2021-07-16 12:29:34+00:00;False;104;31;5589;6321470854143c2ae82f574869a68f5651106072;1;timshen@tencent.com;timshen@tencent.com
TooltipView.ts;MODIFY;918.0;10.0;Grew;True;2021-07-20 07:33:48+00:00;True;105;31;5642;5e8fd8ef7e4069a288ccf13888fe0a855b7f48c2;2;bm2736892@gmail.com;bm2736892@gmail.com
TooltipView.ts;MODIFY;920.0;2.0;Grew;True;2021-07-22 05:46:55+00:00;False;106;31;5652;b63e899507d118ba899a59f8b15b29ea654b3e97;1;noreply@github.com;bm2736892@gmail.com
TooltipView.ts;MODIFY;920.0;0.0;Equal;True;2021-08-24 02:58:24+00:00;False;106;31;5645;28f7c332e7bfc3034586d62880a050201a06b8da;3;yhen@all-my-life.cn;yhen@all-my-life.cn
TooltipView.ts;MODIFY;926.0;6.0;Grew;True;2021-10-04 09:07:21+00:00;False;108;31;5722;f8a0090e2f1d082fea9c1925ecc8ac217a8d5e0c;1;bm2736892@gmail.com;bm2736892@gmail.com
TooltipView.ts;MODIFY;932.0;6.0;Grew;True;2021-12-11 23:40:14+00:00;False;110;32;5749;e546f193dc4f0c47883a6d290c5d4b3d21c25dbc;3;yhen@all-my-life.cn;yhen@all-my-life.cn
TooltipView.ts;MODIFY;924.0;-8.0;Decreased;True;2021-12-12 14:19:26+00:00;False;109;31;5673;de2cdea512d406d1e644911e9f9d8f0628e8c810;1;yhen@all-my-life.cn;yhen@all-my-life.cn
TooltipView.ts;MODIFY;930.0;6.0;Grew;True;2022-01-05 09:54:03+00:00;False;110;31;5735;4c7d9a4ab57e6da1a7ce89d494ab73a1a7cc1883;5;bm2736892@gmail.com;bm2736892@gmail.com
TooltipView.ts;MODIFY;931.0;1.0;Grew;True;2022-02-07 07:21:22+00:00;False;110;31;5747;ee2d85a9da8fa06dd82cfbf6c09945d091278567;2;fuchuhu7@gmail.com;fuchuhu7@gmail.com
TooltipView.ts;MODIFY;932.0;1.0;Grew;True;2022-04-24 09:27:42+00:00;False;111;31;5756;62ab37959615e6902ce50a60744aaa5868a66e50;1;jiawulin@vip.qq.com;jiawulin@vip.qq.com
TooltipView.ts;MODIFY;933.0;1.0;Grew;True;2022-04-27 07:30:34+00:00;False;111;31;5756;1258fa715ce15e1316027de9d97b464498fb9a98;1;jiawulin@vip.qq.com;jiawulin@vip.qq.com
TooltipView.ts;MODIFY;933.0;0.0;Equal;True;2022-12-14 00:21:49+00:00;False;111;31;5756;a29290ad7748d9e3e864445ab81629c3279187b5;16;striezel-dev@web.de;striezel-dev@web.de
TooltipView.ts;MODIFY;931.0;-2.0;Decreased;True;2023-02-02 09:23:42+00:00;False;110;31;5735;ac64e3f1c0a009c404e0f33454a9e38964426537;3;jianghaoran01@baidu.com;jianghaoran01@baidu.com
TooltipView.ts;MODIFY;931.0;0.0;Equal;True;2023-02-21 02:43:46+00:00;False;110;31;5735;19c3c9d453eb900ed2ae4e7d7933e27466b1b72f;1;jianghaoran01@baidu.com;jianghaoran01@baidu.com
TooltipView.ts;MODIFY;931.0;0.0;Equal;True;2023-07-23 06:40:25+00:00;False;110;31;5739;5d1aacdd03c29269bc8890931cde11cb8bab5691;9;slh001@live.cn;slh001@live.cn
TooltipView.ts;MODIFY;931.0;0.0;Equal;True;2023-09-02 09:01:12+00:00;False;110;31;5740;428e2ad11b1f2b730ed06bcde628a0bfff28df94;4;noreply@github.com;70554554+viking7982@users.noreply.github.com
TooltipView.ts;MODIFY;935.0;4.0;Grew;True;2024-01-25 08:08:05+00:00;False;111;31;5764;e14cc9a04bf01bd53047fe112993d5afd1053752;2;zwl.sjtu@gmail.com;zwl.sjtu@gmail.com
TooltipView.ts;MODIFY;931.0;-4.0;Decreased;True;2024-01-29 02:28:18+00:00;False;110;31;5740;1b1284fff6e0282a195b9c154a3d6cd123cfc925;9;noreply@github.com;slh001@live.cn
TooltipView.ts;MODIFY;942.0;11.0;Grew;True;2024-06-19 03:20:59+00:00;False;111;31;5812;c1727a65fcef3ab6ac72e34856f918386970c19a;3;yhen@all-my-life.cn;yhen@all-my-life.cn
