file_name;change_type;n_loc;lines_balance;size_change;is_large;date;swapped_classification;complexity;methods;tokens;hash;files_on_commit;committer_email;author_email
Charts.swift;RENAME;297;0.0;Equal;False;2021-06-04 17:37:29+00:00;False;25;13;2818;13707090eb39f29024a93f525c2cd7822329368b;90;mitrovtsiy@ukr.net;mitrovtsiy@ukr.net
Charts.swift;MODIFY;297;0.0;Equal;False;2021-07-07 17:15:47+00:00;False;25;13;2816;178b71335334ea48a9a18b1142f0ed80e4e0d54b;12;mitrovtsiy@ukr.net;mitrovtsiy@ukr.net
Charts.swift;MODIFY;302;5.0;Grew;False;2021-09-28 19:03:06+00:00;False;27;14;2842;487e68438e108026b13741723f8644b7ebeb4dd9;2;mitrovtsiy@ukr.net;mitrovtsiy@ukr.net
Charts.swift;MODIFY;356;54.0;Grew;False;2021-10-12 15:30:52+00:00;False;38;20;3269;9163b35ecf0c4e5ee60e07a59741614f679127b8;5;mitrovtsiy@ukr.net;mitrovtsiy@ukr.net
Charts.swift;MODIFY;356;0.0;Equal;False;2021-10-14 16:29:50+00:00;False;38;20;3269;585014cba1098cad41b64fc48d66f4e652bc9d09;4;mitrovtsiy@ukr.net;mitrovtsiy@ukr.net
Charts.swift;MODIFY;356;0.0;Equal;False;2021-10-28 15:13:15+00:00;False;38;20;3262;83cea2bcd96ac7bb290224edb05b4aa06e4cf76c;2;mitrovtsiy@ukr.net;mitrovtsiy@ukr.net
Charts.swift;MODIFY;356;0.0;Equal;False;2021-11-02 18:59:12+00:00;False;38;20;3267;e1bac3ffa015cea3d970905feae61837ee582b87;2;mitrovtsiy@ukr.net;mitrovtsiy@ukr.net
Charts.swift;MODIFY;367;11.0;Grew;False;2021-12-01 19:49:35+00:00;False;41;21;3414;c9bb4b46092c198e57c065b4f80293daba7ab0dd;1;mitrovtsiy@ukr.net;mitrovtsiy@ukr.net
Charts.swift;MODIFY;374;7.0;Grew;False;2021-12-06 16:19:54+00:00;False;43;22;3513;e392a86aa48c0ad0b85686b135572f75516e867d;1;mitrovtsiy@ukr.net;mitrovtsiy@ukr.net
Charts.swift;MODIFY;369;-5.0;Decreased;False;2022-01-07 14:06:12+00:00;False;41;21;3487;caac12170890e6a7bafd87797a939d20152e6966;3;mitrovtsiy@ukr.net;mitrovtsiy@ukr.net
Charts.swift;MODIFY;369;0.0;Equal;False;2022-03-11 18:02:40+00:00;False;42;21;3495;fa266ffc323c95191d8ce001aa8a20033467c5dc;2;mitrovtsiy@ukr.net;mitrovtsiy@ukr.net
Charts.swift;MODIFY;369;0.0;Equal;False;2022-03-14 17:34:58+00:00;False;41;21;3487;e39f4f731e83c67be1200b5adb77cc38dd4fddf3;2;mitrovtsiy@ukr.net;mitrovtsiy@ukr.net
Charts.swift;MODIFY;369;0.0;Equal;False;2022-03-14 17:46:27+00:00;False;41;21;3487;c5e6214fb21ee1eafde671322e8127ad81752c9c;1;mitrovtsiy@ukr.net;mitrovtsiy@ukr.net
Charts.swift;MODIFY;369;0.0;Equal;False;2022-03-18 11:51:36+00:00;False;41;21;3483;548caace0e0673b8e14fdc640b7d10c990a063d5;1;mitrovtsiy@ukr.net;mitrovtsiy@ukr.net
Charts.swift;MODIFY;369;0.0;Equal;False;2022-04-02 10:45:41+00:00;False;41;21;3483;6fb2c9b11bfc04baa7efc9815efc0b2f2b15b07b;7;mitrovtsiy@ukr.net;mitrovtsiy@ukr.net
Charts.swift;MODIFY;465;96.0;Grew;False;2022-05-06 15:11:08+00:00;False;47;28;4344;c664d7c1a6d1dc74cfcc6798b87c4cb169d57ef9;1;mitrovtsiy@ukr.net;mitrovtsiy@ukr.net
Charts.swift;MODIFY;468;3.0;Grew;False;2022-05-09 19:39:02+00:00;False;46;28;4363;f16595524739194ec80115e2048177cda15c5454;1;mitrovtsiy@ukr.net;mitrovtsiy@ukr.net
Charts.swift;MODIFY;468;0.0;Equal;False;2022-05-23 16:01:33+00:00;False;46;28;4363;12c219caf00ae2020fbfd08a781d2b719e9dbea3;1;mitrovtsiy@ukr.net;mitrovtsiy@ukr.net
Charts.swift;MODIFY;469;1.0;Grew;False;2022-05-24 21:26:14+00:00;False;46;28;4370;d474521f78d873e869a69672b7c8d68f1c985ed6;2;mitrovtsiy@ukr.net;mitrovtsiy@ukr.net
Charts.swift;MODIFY;468;-1.0;Decreased;False;2022-05-24 21:26:53+00:00;False;46;28;4345;49164388cac6d0c05f05381a2b75613de16d2905;3;mitrovtsiy@ukr.net;mitrovtsiy@ukr.net
Charts.swift;MODIFY;523;55.0;Grew;False;2022-08-02 09:05:28+00:00;False;63;31;4617;4635820530eeae4f0ec6a49a58306d85740c46f0;2;mitrovtsiy@ukr.net;mitrovtsiy@ukr.net
Charts.swift;MODIFY;526;3.0;Grew;False;2022-08-07 18:38:07+00:00;False;66;31;4636;64d7e4e8bf7049e5347b35f30e1c3df729955072;2;mitrovtsiy@ukr.net;mitrovtsiy@ukr.net
Charts.swift;MODIFY;535;9.0;Grew;False;2022-08-30 16:18:18+00:00;False;66;31;4675;22c84ff305abca8633ebaf1a4a7513d9094011f4;2;mitrovtsiy@ukr.net;mitrovtsiy@ukr.net
Charts.swift;MODIFY;534;-1.0;Decreased;False;2022-09-03 11:31:49+00:00;False;66;31;4665;4dbf23b48bb9c4f9b9a4e1f2b22f75b1ef89bb90;1;mitrovtsiy@ukr.net;mitrovtsiy@ukr.net
Charts.swift;MODIFY;542;8.0;Grew;False;2022-10-05 18:55:10+00:00;False;69;32;4715;43b80fe75114e094298d66e072d97f51969383ee;4;mitrovtsiy@ukr.net;mitrovtsiy@ukr.net
Charts.swift;MODIFY;559;17.0;Grew;False;2022-10-07 14:00:44+00:00;False;74;33;4805;ebc548996c1c476b01f6b2f59ea4ce8888da020e;4;mitrovtsiy@ukr.net;mitrovtsiy@ukr.net
Charts.swift;MODIFY;600;41.0;Grew;False;2023-02-04 15:45:46+00:00;False;81;36;5205;732fb5829ced4d5be88ab71a3aa0d459b5ed700a;2;mitrovtsiy@ukr.net;mitrovtsiy@ukr.net
Charts.swift;MODIFY;601;1.0;Grew;False;2023-02-12 22:40:42+00:00;False;81;36;5208;3ab0a71bf577bc453745768d006b3a77dae558f7;1;mitrovtsiy@ukr.net;mitrovtsiy@ukr.net
Charts.swift;MODIFY;601;0.0;Equal;False;2023-02-16 18:44:10+00:00;False;81;36;5211;03e37cfc4a1fe55877d77807665912db773379e2;13;mitrovtsiy@ukr.net;mitrovtsiy@ukr.net
Charts.swift;MODIFY;644;43.0;Grew;False;2023-04-11 18:47:17+00:00;False;89;40;5628;b6bba2d2ccbd6e12b4b49766e99eb6bb44bb003a;1;mitrovtsiy@ukr.net;mitrovtsiy@ukr.net
Charts.swift;MODIFY;644;0.0;Equal;False;2023-09-28 15:33:55+00:00;False;89;40;5698;48322fc7e8d06672b6aa3afa714681b91eb4f3e4;8;mitrovtsiy@ukr.net;mitrovtsiy@ukr.net
Charts.swift;MODIFY;644;0.0;Equal;False;2023-10-12 18:51:32+00:00;False;89;40;5710;66641a18174d8e88052a7446644f5048ffed1737;2;mitrovtsiy@ukr.net;mitrovtsiy@ukr.net
Charts.swift;MODIFY;644;0.0;Equal;False;2023-10-22 11:34:01+00:00;False;89;40;5704;51bf0b40910aad5ef258717dd6b873a070940fb1;1;mitrovtsiy@ukr.net;mitrovtsiy@ukr.net
Charts.swift;MODIFY;655;11.0;Grew;False;2023-12-19 22:05:33+00:00;False;91;41;5832;4754b6144a5aa2b42ea2f2ffeb055115b416ece7;4;mitrovtsiy@ukr.net;mitrovtsiy@ukr.net
Charts.swift;MODIFY;752;97.0;Grew;True;2024-01-16 20:38:38+00:00;True;99;48;6795;dacbdc6f98b398b099e4807ebcd8a071b1a7808a;1;mitrovtsiy@ukr.net;mitrovtsiy@ukr.net
Charts.swift;MODIFY;763;11.0;Grew;True;2024-01-20 18:05:12+00:00;False;101;48;6889;3b9a9f4bd69a9d6d2a7b2f0aab794eabcde46413;6;mitrovtsiy@ukr.net;mitrovtsiy@ukr.net
Charts.swift;MODIFY;763;0.0;Equal;True;2024-01-22 17:03:39+00:00;False;101;48;6889;7ed9b9f4d39397c7ccf04ebe6f188eb007ee19f0;1;mitrovtsiy@ukr.net;mitrovtsiy@ukr.net
Charts.swift;MODIFY;771;8.0;Grew;True;2024-01-27 20:22:59+00:00;False;107;48;6953;d6a88e5d78efcc68de1a196239f6b927bd28a5d0;7;mitrovtsiy@ukr.net;mitrovtsiy@ukr.net
Charts.swift;MODIFY;789;18.0;Grew;True;2024-02-29 17:30:45+00:00;False;108;49;7186;052845d480dd5e5e195edd4ba849b97449aecc46;3;mitrovtsiy@ukr.net;mitrovtsiy@ukr.net
Charts.swift;MODIFY;812;23.0;Grew;True;2024-03-02 13:43:42+00:00;False;108;49;7400;eb13efce0361a70fb76b5a8543589e13a3729c27;2;mitrovtsiy@ukr.net;mitrovtsiy@ukr.net
Charts.swift;MODIFY;845;33.0;Grew;True;2024-03-04 19:24:55+00:00;False;115;53;7722;14e14d6be53b338ce5858853315d5efad2b5367d;1;mitrovtsiy@ukr.net;mitrovtsiy@ukr.net
Charts.swift;MODIFY;857;12.0;Grew;True;2024-04-04 18:06:11+00:00;False;117;53;7827;8a27539df1a781bc6fbe4649e039abc3212c052c;2;mitrovtsiy@ukr.net;mitrovtsiy@ukr.net
Charts.swift;MODIFY;857;0.0;Equal;True;2024-04-06 14:00:50+00:00;False;117;53;7829;27891b0d5af66b6d72636cf98227f5ae38b9ef95;5;mitrovtsiy@ukr.net;mitrovtsiy@ukr.net
Charts.swift;MODIFY;835;-22.0;Decreased;True;2024-04-08 14:44:26+00:00;False;132;55;7473;f2d9a491faded6243aef50162c3167246c04f2b4;7;mitrovtsiy@ukr.net;mitrovtsiy@ukr.net
Charts.swift;MODIFY;699;-136.0;Decreased;True;2024-04-09 16:42:28+00:00;False;103;47;6182;2ec21de043e9dc3f164ae5c82871ec3de3f6fa0d;7;mitrovtsiy@ukr.net;mitrovtsiy@ukr.net
Charts.swift;MODIFY;699;0.0;Equal;True;2024-04-15 17:14:10+00:00;False;103;47;6188;b016113447e23e440509ed1751190635c57eda24;2;mitrovtsiy@ukr.net;mitrovtsiy@ukr.net
Charts.swift;MODIFY;699;0.0;Equal;True;2024-04-19 21:45:35+00:00;False;103;47;6188;445b842087bc52b3760de25962970c78eac03a45;1;mitrovtsiy@ukr.net;mitrovtsiy@ukr.net
Charts.swift;MODIFY;693;-6.0;Decreased;True;2024-04-25 16:04:19+00:00;False;103;47;6148;bfadf4eb9b4e14afbfcacb69767b4c43b0d5d672;14;mitrovtsiy@ukr.net;mitrovtsiy@ukr.net
Charts.swift;MODIFY;691;-2.0;Decreased;True;2024-05-08 15:21:58+00:00;False;103;47;6126;eb882774bbc1f7cc41c3edc5e71aa211f30a89b7;37;mitrovtsiy@ukr.net;mitrovtsiy@ukr.net
Charts.swift;MODIFY;693;2.0;Grew;True;2024-07-12 16:51:06+00:00;False;104;47;6155;b4ce41c3cef23cf3602f6ac3d6597994b82fdbc8;1;mitrovtsiy@ukr.net;mitrovtsiy@ukr.net
Charts.swift;MODIFY;694;1.0;Grew;True;2024-09-01 15:00:54+00:00;False;104;47;6161;d90f7a020825abf3df636440618521fe33b83608;1;noreply@github.com;cornelius.roemer@gmail.com
Charts.swift;MODIFY;705;11.0;Grew;True;2024-09-06 15:50:41+00:00;False;111;48;6245;16678796abc8da4fea8c5dc34ed99c9f63900011;2;mitrovtsiy@ukr.net;mitrovtsiy@ukr.net
