file_name;change_type;n_loc;lines_balance;size_change;is_large;date;swapped_classification;complexity;methods;tokens;hash;files_on_commit;committer_email;author_email
readers.swift;ADD;164;0.0;Grew;False;2020-06-07 10:22:32+00:00;False;45;10;1214;4d6f759d3b052f6301eeb120b7119b4a1f48234c;152;noreply@github.com;mitrovtsiy@ukr.net
readers.swift;MODIFY;162;-2.0;Decreased;False;2020-06-21 14:44:31+00:00;False;45;10;1204;de64f943ebba439ae0af45276fc6b967abeedb4d;4;mitrovtsiy@ukr.net;mitrovtsiy@ukr.net
readers.swift;MODIFY;163;1.0;Equal;False;2020-06-28 21:58:37+00:00;False;45;10;1211;3f8ee3bd65f2848530ae54b6dab852a0de49ca0d;17;mitrovtsiy@ukr.net;mitrovtsiy@ukr.net
readers.swift;MODIFY;163;0.0;Equal;False;2020-06-29 15:39:34+00:00;False;45;10;1211;0f8e9ea739bb5c7af02234b9ef5c03a03f04e0e8;6;mitrovtsiy@ukr.net;mitrovtsiy@ukr.net
readers.swift;MODIFY;179;16.0;Grew;False;2020-07-06 13:47:19+00:00;False;48;13;1259;4e29364d39ab452639ded4301d51cf930b8f5ad5;2;mitrovtsiy@ukr.net;mitrovtsiy@ukr.net
readers.swift;MODIFY;147;-32.0;Decreased;False;2020-07-06 17:25:41+00:00;False;35;9;1010;5e51770cbceffa813187c6dbea8152921d0243e5;13;mitrovtsiy@ukr.net;mitrovtsiy@ukr.net
readers.swift;MODIFY;232;85.0;Grew;False;2020-07-29 19:37:02+00:00;False;51;11;1610;2c8a464d2d3c66d30c5c9843caea8c825288d3ca;10;mitrovtsiy@ukr.net;mitrovtsiy@ukr.net
readers.swift;MODIFY;233;1.0;Grew;False;2020-08-01 18:50:41+00:00;False;51;11;1623;946ecdd71e46910628962458d4f699270c9a0482;12;mitrovtsiy@ukr.net;mitrovtsiy@ukr.net
readers.swift;MODIFY;239;6.0;Grew;False;2020-08-10 16:19:10+00:00;False;53;11;1641;9edb29a78b59806d3d2e93d0b009f4561de35665;4;mitrovtsiy@ukr.net;mitrovtsiy@ukr.net
readers.swift;MODIFY;243;4.0;Grew;False;2020-09-05 11:03:39+00:00;False;55;11;1653;6a2bb066730ccff56233aee2066e20b02608deee;4;mitrovtsiy@ukr.net;mitrovtsiy@ukr.net
readers.swift;MODIFY;255;12.0;Grew;False;2020-10-27 19:12:01+00:00;False;57;13;1726;08374eb04ad67d501a40c80e910d28ef744c4a9c;5;mitrovtsiy@ukr.net;mitrovtsiy@ukr.net
readers.swift;MODIFY;257;2.0;Grew;False;2020-11-13 12:57:33+00:00;False;57;13;1748;b843ff4cbf5cbbf25f98eb79a384dfcf8ded45b7;8;mitrovtsiy@ukr.net;mitrovtsiy@ukr.net
readers.swift;MODIFY;259;2.0;Grew;False;2020-11-15 12:01:01+00:00;False;57;13;1750;33b739c915bc06d918d1555fcfc684e4c2b609e4;1;noreply@github.com;ahmed.osama.abbas@gmail.com
readers.swift;MODIFY;262;3.0;Grew;False;2020-11-18 19:48:55+00:00;False;59;13;1791;399d699f0fa04c30cbe315d6abcd778e6d7bd22d;1;mitrovtsiy@ukr.net;mitrovtsiy@ukr.net
readers.swift;MODIFY;307;45.0;Grew;False;2020-11-26 15:02:04+00:00;False;64;15;2059;6b5830208960d413c03fbe0c61d2457b18eb2b98;1;noreply@github.com;ahmed.osama.abbas@gmail.com
readers.swift;MODIFY;311;4.0;Grew;False;2020-11-27 17:11:14+00:00;False;68;17;2149;19e20ea063a0f2a481876134b13f42b7276b84df;20;mitrovtsiy@ukr.net;mitrovtsiy@ukr.net
readers.swift;MODIFY;311;0.0;Equal;False;2021-01-03 12:52:38+00:00;False;68;17;2149;399082a8af93e85ba9767bacabdbb78deb0cba9c;2;mitrovtsiy@ukr.net;mitrovtsiy@ukr.net
readers.swift;MODIFY;304;-7.0;Decreased;False;2021-01-06 11:48:02+00:00;False;67;17;2091;75b75379e2102bb5af8c14c91c6a5f62ea59a1be;1;mitrovtsiy@ukr.net;mitrovtsiy@ukr.net
readers.swift;MODIFY;316;12.0;Grew;False;2021-03-03 17:38:22+00:00;False;71;17;2162;7e08fb901a15620e2663f63e7961ca4e301ca5d1;4;mitrovtsiy@ukr.net;mitrovtsiy@ukr.net
readers.swift;MODIFY;327;11.0;Grew;False;2021-03-05 14:41:55+00:00;False;73;18;2231;03380fcccf17d70c3934868efe14b223e91d1c42;3;mitrovtsiy@ukr.net;mitrovtsiy@ukr.net
readers.swift;MODIFY;332;5.0;Grew;False;2021-05-21 19:27:52+00:00;False;73;18;2233;e768a42e12d5c31812d5afd2dfbfd874f3f61861;27;mitrovtsiy@ukr.net;mitrovtsiy@ukr.net
readers.swift;MODIFY;334;2.0;Grew;False;2021-07-23 17:06:24+00:00;False;78;19;2284;01bfe1b79cb2edcbf9457f74118589e81760d507;1;mitrovtsiy@ukr.net;mitrovtsiy@ukr.net
readers.swift;MODIFY;335;1.0;Grew;False;2021-10-11 16:40:38+00:00;False;78;19;2299;ecd2209d4c4f4582566947247bffb98fefc79a98;3;mitrovtsiy@ukr.net;mitrovtsiy@ukr.net
readers.swift;MODIFY;331;-4.0;Decreased;False;2021-10-15 17:31:14+00:00;False;78;20;2275;77d1b5d2747a23acd6a94877689afbabb14e4d3c;5;mitrovtsiy@ukr.net;mitrovtsiy@ukr.net
readers.swift;MODIFY;336;5.0;Grew;False;2021-11-26 16:58:00+00:00;False;79;20;2309;da58efda8762ec629d32d89aef22e03e1f705cf9;1;mitrovtsiy@ukr.net;mitrovtsiy@ukr.net
readers.swift;MODIFY;339;3.0;Grew;False;2021-12-18 14:09:13+00:00;False;80;20;2324;9443885d4070c411c386e22280ac3a28560fd9ba;2;mitrovtsiy@ukr.net;mitrovtsiy@ukr.net
readers.swift;MODIFY;354;15.0;Grew;False;2021-12-24 11:07:24+00:00;False;89;21;2482;0ae9429426cc181de47ecfadeab365e15283b9b5;3;mitrovtsiy@ukr.net;mitrovtsiy@ukr.net
readers.swift;MODIFY;355;1.0;Grew;False;2022-01-06 10:40:52+00:00;False;90;21;2499;ec472d9a2a96bcf419c43abf120ee838f594295b;7;mitrovtsiy@ukr.net;mitrovtsiy@ukr.net
readers.swift;MODIFY;355;0.0;Decreased;False;2022-04-02 10:45:41+00:00;False;90;21;2499;6fb2c9b11bfc04baa7efc9815efc0b2f2b15b07b;7;mitrovtsiy@ukr.net;mitrovtsiy@ukr.net
readers.swift;MODIFY;441;86.0;Grew;False;2022-05-26 16:56:55+00:00;False;91;21;3005;e50d6aaf947b8b165c4d7a695b80d46579fbf839;3;mitrovtsiy@ukr.net;mitrovtsiy@ukr.net
readers.swift;MODIFY;442;1.0;Grew;False;2022-07-10 10:45:38+00:00;False;91;21;3011;07b29a41cb9bc42e856bc766614e0bbe19e8381e;3;mitrovtsiy@ukr.net;mitrovtsiy@ukr.net
readers.swift;MODIFY;436;-6.0;Decreased;False;2022-08-15 14:59:24+00:00;False;86;21;2983;682b7e1250c7fa508548bd66706b6d63b5149bf5;1;mitrovtsiy@ukr.net;mitrovtsiy@ukr.net
readers.swift;MODIFY;445;9.0;Grew;False;2022-09-16 14:50:41+00:00;False;88;23;3028;a7294802c78d9618c836e103d7ad1293d76d062f;1;mitrovtsiy@ukr.net;mitrovtsiy@ukr.net
readers.swift;MODIFY;649;204.0;Grew;False;2022-09-17 17:33:18+00:00;False;138;42;4764;4f190e9168de7070882db9326a92bb9415c6d91e;2;mitrovtsiy@ukr.net;mitrovtsiy@ukr.net
readers.swift;MODIFY;657;8.0;Equal;False;2022-10-01 17:20:08+00:00;False;140;42;4822;a07f5078bb0bd755f9fa3fbd2624e21ec00e90a4;4;mitrovtsiy@ukr.net;mitrovtsiy@ukr.net
readers.swift;MODIFY;665;8.0;Grew;False;2022-10-09 20:54:54+00:00;False;141;42;4898;f8c585058644f2fdb9041b89f2261e1e10218256;1;mitrovtsiy@ukr.net;mitrovtsiy@ukr.net
readers.swift;MODIFY;664;-1.0;Decreased;False;2022-10-11 14:58:28+00:00;False;141;42;4898;65c15a7b6fa36f9e80c879723aea99c903680dbe;1;mitrovtsiy@ukr.net;mitrovtsiy@ukr.net
readers.swift;MODIFY;664;0.0;Equal;False;2022-10-28 20:47:58+00:00;False;141;42;4902;2e7f00380cba8fd6391e3826775f0cf0442b95c1;2;mitrovtsiy@ukr.net;mitrovtsiy@ukr.net
readers.swift;MODIFY;666;2.0;Grew;False;2022-11-05 10:51:29+00:00;False;141;42;4914;c8acb8877c365ace0387c1d9aafce00da4d86b58;1;mitrovtsiy@ukr.net;mitrovtsiy@ukr.net
readers.swift;MODIFY;664;-2.0;Decreased;False;2022-11-08 19:08:48+00:00;False;141;42;4900;9f38e0ba63534df71eaf4dab0e3528b5ccfefff3;2;mitrovtsiy@ukr.net;mitrovtsiy@ukr.net
readers.swift;MODIFY;664;0.0;Equal;False;2022-11-23 18:34:17+00:00;False;141;42;4900;aa9abf355544fb39beb79aa1f89159994982c523;3;mitrovtsiy@ukr.net;mitrovtsiy@ukr.net
readers.swift;MODIFY;664;0.0;Equal;False;2023-02-26 15:08:11+00:00;False;141;42;4900;4012529c161a08abbbefc4f09d04c0d5c60451f5;1;mitrovtsiy@ukr.net;14951550+kostirez1@users.noreply.github.com
readers.swift;MODIFY;665;1.0;Grew;False;2023-04-01 14:58:05+00:00;False;141;42;4906;3c9a3722bf7633fb326053251b712ef145445f7d;20;mitrovtsiy@ukr.net;mitrovtsiy@ukr.net
readers.swift;MODIFY;674;9.0;Grew;True;2023-06-12 16:00:47+00:00;True;144;43;4944;bc34a39b86247694f088a398fa8fc447fd3b0bd5;1;mitrovtsiy@ukr.net;mitrovtsiy@ukr.net
readers.swift;MODIFY;697;23.0;Grew;True;2023-12-08 16:58:13+00:00;False;148;45;5055;97d884c860a3c84842af0755adb80d3ea28bdc6c;3;mitrovtsiy@ukr.net;mitrovtsiy@ukr.net
readers.swift;MODIFY;708;11.0;Grew;True;2023-12-18 15:44:06+00:00;False;153;45;5139;dca3c03acd4050d4ee354b81741fab275c3083dc;2;mitrovtsiy@ukr.net;mitrovtsiy@ukr.net
readers.swift;MODIFY;722;14.0;Grew;True;2024-03-24 11:36:05+00:00;False;153;45;5201;5b51ef1b6af105859c55821f3434f182e5defaa3;1;noreply@github.com;7737673+caobug@users.noreply.github.com
readers.swift;MODIFY;722;0.0;Equal;True;2024-03-24 11:49:10+00:00;False;153;45;5199;05c35c6d1e1a75e0216211962f3577692c14334d;5;mitrovtsiy@ukr.net;mitrovtsiy@ukr.net
readers.swift;MODIFY;709;-13.0;Decreased;True;2024-06-11 19:54:59+00:00;False;153;45;5186;f2858f80b8fd6833238d9202ef1dd85ad9536396;1;mitrovtsiy@ukr.net;mitrovtsiy@ukr.net
readers.swift;MODIFY;714;5.0;Grew;True;2024-09-07 15:41:10+00:00;False;154;45;5217;5e342553b211485f8c342a90d5569ba669058a20;4;mitrovtsiy@ukr.net;mitrovtsiy@ukr.net
readers.swift;MODIFY;736;22.0;Grew;True;2024-09-19 16:09:03+00:00;False;159;45;5425;66bd4c9563f9a8b3e801baa382d76dc935c81a38;1;mitrovtsiy@ukr.net;mitrovtsiy@ukr.net
readers.swift;MODIFY;736;0.0;Equal;True;2024-09-20 16:04:52+00:00;False;159;45;5435;0e90175ce62b68c34d572de8e29bd74958f5a9fa;2;mitrovtsiy@ukr.net;mitrovtsiy@ukr.net
readers.swift;MODIFY;738;2.0;Grew;True;2024-09-24 18:36:40+00:00;False;159;45;5448;7ec0c5c3fbf6ff4934404a7924fb7bb005402031;3;mitrovtsiy@ukr.net;mitrovtsiy@ukr.net
readers.swift;MODIFY;749;11.0;Grew;True;2024-09-25 11:02:19+00:00;False;165;46;5511;109bc416b9e0e5a29f3925dab2f75ce9bd3143f2;4;mitrovtsiy@ukr.net;mitrovtsiy@ukr.net
