file_name;change_type;n_loc;lines_balance;size_change;is_large;date;swapped_classification;complexity;methods;tokens;hash;files_on_commit;committer_email;author_email
cisco_spec.rb;ADD;564;0.0;Grew;False;2016-07-29 14:55:08+00:00;False;34;34;3094;9fa1c597b1d83f6dcb3f949671dc92e4ae9bfa88;1;lance.sanchez@gmail.com;lance.sanchez@gmail.com
cisco_spec.rb;MODIFY;570;6.0;Grew;False;2016-07-29 14:58:15+00:00;False;35;35;3097;40240662dbe2b456016c0e76e11a661e55023dbf;2;lance.sanchez@gmail.com;lance.sanchez@gmail.com
cisco_spec.rb;MODIFY;613;43.0;Grew;False;2016-07-29 14:58:15+00:00;False;38;38;3376;219f9d5d57ac78db9403058cc0ee84d0e85cfcb5;2;lance.sanchez@gmail.com;lance.sanchez@gmail.com
cisco_spec.rb;MODIFY;625;12.0;Grew;False;2016-07-29 14:58:16+00:00;False;39;39;3443;d807a83bb17962eb616d7ad332ca0ba66f52f9f5;1;lance.sanchez@gmail.com;lance.sanchez@gmail.com
cisco_spec.rb;MODIFY;607;-18.0;Grew;False;2016-07-29 14:58:16+00:00;False;39;39;3378;b66621af0d96b0c2263b39d7820d6184c369904c;2;lance.sanchez@gmail.com;lance.sanchez@gmail.com
cisco_spec.rb;MODIFY;688;81.0;Grew;True;2016-07-29 14:58:16+00:00;True;39;39;3715;73b362cade30715a2046b97f80ffe98e49679f41;2;lance.sanchez@gmail.com;lance.sanchez@gmail.com
cisco_spec.rb;MODIFY;731;43.0;Grew;True;2016-07-29 14:58:17+00:00;False;39;39;3906;1d33c9aa8863693b3dd625cc89ea734548a1b063;2;lance.sanchez@gmail.com;lance.sanchez@gmail.com
cisco_spec.rb;MODIFY;771;40.0;Grew;True;2016-07-29 14:58:17+00:00;False;39;39;4080;5a1cd2435000f137638bacb6fb36c45510884a79;2;lance.sanchez@gmail.com;lance.sanchez@gmail.com
cisco_spec.rb;MODIFY;751;-20.0;Grew;True;2016-07-29 14:58:17+00:00;False;39;39;3993;0972005b245853b4e0000cc5b20d133932422297;2;lance.sanchez@gmail.com;lance.sanchez@gmail.com
cisco_spec.rb;MODIFY;771;20.0;Equal;True;2018-01-19 21:16:19+00:00;False;39;39;4085;d5978803eba98119b44f476fd8102f67f6709f3c;13;christopher_lee@rapid7.com;christopher_lee@rapid7.com
cisco_spec.rb;MODIFY;771;0.0;Equal;True;2018-03-21 22:21:37+00:00;False;39;39;4080;7d873ea7ab47367be0fc363ff0b7fa5a5c7244dd;20;firefart@gmail.com;firefart@gmail.com
cisco_spec.rb;MODIFY;802;31.0;Grew;True;2019-01-28 02:10:01+00:00;False;39;39;4798;25d36958645dbbc2ba1cf9c368fc9d92b1559f39;1;michaeltcyr@gmail.com;michaeltcyr@gmail.com
cisco_spec.rb;MODIFY;809;7.0;Grew;True;2019-02-07 19:54:33+00:00;False;39;39;4819;d3e7396c3284657d9c52a7ded5bdb9214ed44831;1;michaeltcyr@gmail.com;michaeltcyr@gmail.com
cisco_spec.rb;MODIFY;809;0.0;Grew;True;2019-02-25 14:45:08+00:00;False;39;39;4819;eb9a063c68ac38e4e9b994bb80f2c96932a5f2f9;246;benjamin.grap@redteam-pentesting.de;benjamin.grap@redteam-pentesting.de
cisco_spec.rb;MODIFY;818;9.0;Grew;True;2019-07-22 01:59:04+00:00;False;39;39;4846;0c510ca428ff72e78b9b239d4d8003d611a35bf3;1;michaeltcyr@gmail.com;michaeltcyr@gmail.com
cisco_spec.rb;MODIFY;818;0.0;Equal;True;2019-09-25 08:46:11+00:00;False;39;39;4846;27f5720055ce43d7053ed8d82d9b050bf8b74ad9;3;busterb@gmail.com;busterb@gmail.com
cisco_spec.rb;MODIFY;741;-77.0;Decreased;True;2020-04-10 13:45:18+00:00;False;39;39;4271;6a2561d2d13812799a2ed1dcd267e65d1b4b3a63;2;michaeltcyr@gmail.com;michaeltcyr@gmail.com
cisco_spec.rb;MODIFY;740;-1.0;Decreased;True;2020-12-07 10:31:45+00:00;False;39;39;4269;1617b3ec9b336f38c071cc35de03191bd5cccc11;1299;dean_welch@rapid7.com;dean_welch@rapid7.com
