file_name;change_type;n_loc;lines_balance;size_change;is_large;date;swapped_classification;complexity;methods;tokens;hash;files_on_commit;committer_email;author_email
debug_spec.rb;ADD;576;0.0;Equal;False;2020-06-29 14:38:56+00:00;False;31;19;3078;babaee8c8ed893910f0407b5fba6042ee53038d3;16;adam_galway@rapid7.com;adam_galway@rapid7.com
debug_spec.rb;MODIFY;615;39.0;Grew;False;2020-07-01 13:18:51+00:00;False;31;19;3261;3737c6810ce5cd0afdf6670608f1a36b3e413e06;3;alandavid_foster@rapid7.com;alandavid_foster@rapid7.com
debug_spec.rb;MODIFY;615;0.0;Equal;False;2020-07-31 16:56:49+00:00;False;31;19;3260;07cbe426e2f80f523422487c83641ac9ee7b7971;50;Jeffrey_Martin@rapid7.com;Jeffrey_Martin@rapid7.com
debug_spec.rb;MODIFY;1181;566.0;Grew;True;2020-09-25 13:45:33+00:00;True;33;21;8938;bccc17e4aef2eae4bc0e736db51184fef761c7ce;9;adam_galway@rapid7.com;adam_galway@rapid7.com
debug_spec.rb;MODIFY;1179;-2.0;Decreased;True;2020-10-27 12:54:27+00:00;False;33;21;8924;2b306abfee5cb0b7b886150e96bfb375c220ba13;2;alandavid_foster@rapid7.com;alandavid_foster@rapid7.com
debug_spec.rb;MODIFY;1178;-1.0;Decreased;True;2021-01-05 14:59:46+00:00;False;33;21;8922;bad5ccbc4979fa1d826a1ac2b925d1b519888c0a;384;dean_welch@rapid7.com;dean_welch@rapid7.com
debug_spec.rb;MODIFY;1176;-2.0;Decreased;True;2021-01-18 14:21:54+00:00;False;33;21;8918;b816373b9434a3bdb2125207850dd022a8e1a9ae;37;dean_welch@rapid7.com;dean_welch@rapid7.com
debug_spec.rb;MODIFY;1176;0.0;Equal;True;2021-04-02 04:30:34+00:00;False;33;21;8906;12c5dd6f44029dcc02d2c25e1bcb6a2b87fa5ad8;16;alandavid_foster@rapid7.com;alandavid_foster@rapid7.com
debug_spec.rb;MODIFY;1438;262.0;Grew;True;2021-11-23 17:48:10+00:00;False;39;27;10316;33feba4a7d548ace63949ade350dd17b1f9d62ad;1;simon_janusz@rapid7.com;simon_janusz@rapid7.com
debug_spec.rb;MODIFY;1397;-41.0;Decreased;True;2021-12-06 11:35:18+00:00;False;39;26;10269;1ba8aa8dcdbfb01df883e683beb0cd1b45a2fc1a;2;simon_janusz@rapid7.com;simon_janusz@rapid7.com
debug_spec.rb;MODIFY;1397;0.0;Equal;True;2021-12-06 12:19:33+00:00;False;39;26;10269;f9c9df4463ea9ebb2c29764b47f7c8bbbf2b3019;1;simon_janusz@rapid7.com;simon_janusz@rapid7.com
debug_spec.rb;MODIFY;1401;4.0;Grew;True;2021-12-06 15:04:05+00:00;False;39;26;10349;f60611c0706f4da57887fd64819c06cd1f1daebf;1;simon_janusz@rapid7.com;simon_janusz@rapid7.com
debug_spec.rb;MODIFY;1408;7.0;Grew;True;2022-07-19 14:26:05+00:00;False;39;26;10356;f02012a8ee94f32829b94d2c8471a4e96cb399f5;2;alandavid_foster@rapid7.com;alandavid_foster@rapid7.com
debug_spec.rb;MODIFY;1408;0.0;Equal;True;2023-01-23 15:57:09+00:00;False;39;26;10356;d9716ebecf6137cc5f2f9ede647cb36124d056ea;6;Jeffrey_Martin@rapid7.com;Jeffrey_Martin@rapid7.com
debug_spec.rb;MODIFY;1426;18.0;Grew;True;2023-03-21 14:02:30+00:00;False;39;26;10419;dd576dd860a7d0b21671ee49b100744fea30788f;3;alandavid_foster@rapid7.com;alandavid_foster@rapid7.com
debug_spec.rb;MODIFY;1463;37.0;Grew;True;2024-05-13 10:19:37+00:00;False;40;27;10552;7ee36ebc29ec770146ab10d742579600283b5a74;1;Christopher_Granleese@rapid7.com;Christopher_Granleese@rapid7.com
debug_spec.rb;MODIFY;1463;0.0;Equal;True;2024-09-04 15:39:41+00:00;False;40;27;10552;10dee226c609894eb693f0d109c331f398a52460;25;Simon_Janusz@rapid7.com;Simon_Janusz@rapid7.com
debug_spec.rb;MODIFY;1463;0.0;Equal;True;2024-10-02 12:15:12+00:00;False;40;27;10552;a31261ecf27de0e53e05227fed627756574e9562;25;noreply@github.com;85949464+sjanusz-r7@users.noreply.github.com
