file_name;change_type;n_loc;lines_balance;size_change;is_large;date;swapped_classification;complexity;methods;tokens;hash;files_on_commit;committer_email;author_email
nessus.rb;ADD;135;0.0;Equal;False;2010-09-15 08:41:49+00:00;False;35;11;628;b8863ce7602f33bc30041a43e27eba87debf25ed;1;hd_moore@rapid7.com;hd_moore@rapid7.com
nessus.rb;MODIFY;290;155.0;Grew;False;2010-09-19 22:18:56+00:00;False;60;18;1261;7c540583b5ca5cfeba06106e99077670f2afc51c;2;hd_moore@rapid7.com;hd_moore@rapid7.com
nessus.rb;MODIFY;356;66.0;Grew;False;2010-09-20 02:18:25+00:00;False;69;21;1526;541c192f12f91d889ab6739b23d385dab66fb189;2;hd_moore@rapid7.com;hd_moore@rapid7.com
nessus.rb;MODIFY;356;0.0;Equal;False;2010-09-20 14:27:34+00:00;False;69;21;1526;2cd8b7d5e2e262e2422cda4854b04f7a4898cc7e;1;hd_moore@rapid7.com;hd_moore@rapid7.com
nessus.rb;MODIFY;636;280.0;Grew;False;2010-09-23 23:17:13+00:00;False;105;33;2605;ae48757fd5b82d9e5d19628c95261aef2bee76fc;3;James_Lee@rapid7.com;James_Lee@rapid7.com
nessus.rb;MODIFY;1212;576.0;Grew;True;2010-09-27 00:39:15+00:00;True;160;42;5235;f7602751d0b6c00f960c28a426773e450bf061bc;1;carlos_perez@darkoperator.com;carlos_perez@darkoperator.com
nessus.rb;MODIFY;1222;10.0;Grew;True;2010-09-28 23:19:59+00:00;False;161;42;5269;e0404acd09ccf8c35bc87f00d730f70a787b7625;1;James_Lee@rapid7.com;James_Lee@rapid7.com
nessus.rb;MODIFY;1309;87.0;Grew;True;2010-10-14 18:54:35+00:00;False;164;45;5482;238242ecb93c760b257846a386771492986fd1ae;4;James_Lee@rapid7.com;James_Lee@rapid7.com
nessus.rb;MODIFY;1508;199.0;Grew;True;2010-11-07 01:57:17+00:00;False;181;49;6466;8f4cb4fbf6e184acf9775471c5f97e15020fe1e1;2;hd_moore@rapid7.com;hd_moore@rapid7.com
nessus.rb;MODIFY;1508;0.0;Equal;True;2010-11-09 17:21:30+00:00;False;181;49;6466;e03272a97f3c98219603d55e5cc13cc2b7f6dd1d;1;James_Lee@rapid7.com;James_Lee@rapid7.com
nessus.rb;MODIFY;1559;51.0;Grew;True;2010-11-13 03:35:08+00:00;False;195;50;6702;cae748efa5cf94a2b43605255374929bf7d58211;1;hd_moore@rapid7.com;hd_moore@rapid7.com
nessus.rb;MODIFY;1548;-11.0;Decreased;True;2011-10-23 11:56:13+00:00;False;195;50;6681;62c8c6ea9fa27a1a36f8cb36282e5f81654eb494;160;github.jdrake@qoop.org;github.jdrake@qoop.org
nessus.rb;MODIFY;1387;-161.0;Decreased;True;2011-11-01 01:42:40+00:00;False;186;49;5872;a41b2f9654d08ae0189b01b911bab0fdd9bf73e5;1;carlos_perez@darkoperator.com;carlos_perez@darkoperator.com
nessus.rb;MODIFY;1377;-10.0;Decreased;True;2012-02-07 01:48:05+00:00;False;186;49;5797;74c20464402c5b78e2e8afcee3d06d47be86b6be;1;carlos_perez@darkoperator.com;carlos_perez@darkoperator.com
nessus.rb;MODIFY;1379;2.0;Grew;True;2012-04-07 08:20:55+00:00;False;186;49;5817;9201840d655699ab45cdde9636d0d05ed174fd2c;1;andurin@process-zero.de;andurin@process-zero.de
nessus.rb;MODIFY;1434;55.0;Grew;True;2012-11-22 11:16:27+00:00;False;190;50;6046;0a772749d001f0f53ec9c237e7c95724b7fd483d;1;kost@linux.hr;kost@linux.hr
nessus.rb;MODIFY;1435;1.0;Grew;True;2012-11-22 11:26:56+00:00;False;190;50;6054;288002211ef35c265dd739d0056b8842b78f4a23;1;kost@linux.hr;kost@linux.hr
nessus.rb;MODIFY;1435;0.0;Equal;True;2012-11-23 23:05:35+00:00;False;190;50;6054;11a44bb9f5e36bb84d54abddb217373fe831c609;1;kost@linux.hr;kost@linux.hr
nessus.rb;MODIFY;1435;0.0;Equal;True;2012-11-27 06:31:31+00:00;False;190;50;6053;0589b65afb779c24248a6530d9bcb4d43cfa6b4a;1;msfsinn3r@gmail.com;msfsinn3r@gmail.com
nessus.rb;MODIFY;1436;1.0;Grew;True;2013-08-16 19:10:38+00:00;False;190;50;6058;5da714f748b091e87621686e9aa4cf128fae8c1c;1;nicholas_davis@rapid7.com;nicholas_davis@rapid7.com
nessus.rb;MODIFY;1436;0.0;Equal;True;2013-09-30 18:47:53+00:00;False;190;50;6058;2e8d19edcf1dfd3ec71e69a63e1107e4e2b7d883;293;tabassassin@metasploit.com;tabassassin@metasploit.com
nessus.rb;MODIFY;1492;56.0;Grew;True;2015-02-01 08:54:35+00:00;False;210;53;6402;23af5f8c82fbddcd73ffb638c6862fb013cb79ba;2;root@localhost.localdomain;root@localhost.localdomain
nessus.rb;MODIFY;1606;114.0;Grew;True;2015-02-05 17:18:22+00:00;False;228;57;6895;2744db4d1180c08baaf1e6796bfaf913947fbf8a;2;root@localhost.localdomain;root@localhost.localdomain
nessus.rb;MODIFY;1613;7.0;Grew;True;2015-02-07 01:07:43+00:00;False;228;57;6881;e8ba0b7c31ed57f7364840d55e616794fe8bf843;2;wei_chen@rapid7.com;wei_chen@rapid7.com
nessus.rb;MODIFY;1510;-103.0;Decreased;True;2015-02-10 07:40:20+00:00;False;209;53;6575;e5fd9e70eb8c4d315a29f53d9f51b8ae390b47de;2;void-in@users.noreply.github.com;void-in@users.noreply.github.com
nessus.rb;MODIFY;1534;24.0;Grew;True;2015-02-11 09:11:10+00:00;False;211;54;6714;64b69d597abe3fd04aef621995a1e032666273a3;2;void-in@users.noreply.github.com;void-in@users.noreply.github.com
nessus.rb;MODIFY;1600;66.0;Grew;True;2015-02-12 08:32:49+00:00;False;220;56;6985;199dca75a6b904c476b60593e8a679abe64082a9;2;void-in@users.noreply.github.com;void-in@users.noreply.github.com
nessus.rb;MODIFY;1605;5.0;Grew;True;2015-02-13 17:38:36+00:00;False;221;57;6995;2f5fad4806faf2010978a1639f0aad2e3d1afb6f;1;wei_chen@rapid7.com;wei_chen@rapid7.com
nessus.rb;MODIFY;1605;0.0;Equal;True;2015-02-13 17:40:49+00:00;False;221;57;6995;9a56e5c4f9b210e4d3ea06578b20fe7999264025;1;wei_chen@rapid7.com;wei_chen@rapid7.com
nessus.rb;MODIFY;1605;0.0;Equal;True;2015-02-13 17:51:32+00:00;False;221;57;6995;b55fd0572d8a361f957dae70f8ce13f14a812350;1;wei_chen@rapid7.com;wei_chen@rapid7.com
nessus.rb;MODIFY;1605;0.0;Equal;True;2015-02-13 17:55:46+00:00;False;221;57;6995;56454674f2269ed1939540c65a58f6cf23dd95c4;1;wei_chen@rapid7.com;wei_chen@rapid7.com
nessus.rb;MODIFY;1604;-1.0;Decreased;True;2015-02-13 18:00:54+00:00;False;221;57;6987;c78c40df78cad8ca84582c5ec677738dd06969a3;1;wei_chen@rapid7.com;wei_chen@rapid7.com
nessus.rb;MODIFY;1604;0.0;Equal;True;2015-02-13 18:06:56+00:00;False;221;57;6987;bbf5fa881de05c637c191b72a2f25739e1d7f29c;1;wei_chen@rapid7.com;wei_chen@rapid7.com
nessus.rb;MODIFY;1604;0.0;Equal;True;2015-03-07 23:56:12+00:00;False;221;57;6995;c3e91c263f9e6d699fcf853dbfad9238779be69c;1;William_Vu@rapid7.com;William_Vu@rapid7.com
nessus.rb;MODIFY;1604;0.0;Equal;True;2015-03-24 21:26:00+00:00;False;221;57;6997;c26dfa263d939145d7f44ea22d6a4b474da900a4;26;Matthew_Buck@rapid7.com;Matthew_Buck@rapid7.com
nessus.rb;MODIFY;1604;0.0;Equal;True;2015-03-27 18:32:01+00:00;False;222;57;6997;bb929d416d31dfd71d5a1cb2c27a3635b6ce66c7;1;joseph.hesse@gmail.com;joseph.hesse@gmail.com
nessus.rb;MODIFY;1604;0.0;Equal;True;2015-03-27 23:44:11+00:00;False;222;57;7004;d1c6db5e4e43dad6ef987ce95c960e60d6eb1f56;1;joseph.hesse@gmail.com;joseph.hesse@gmail.com
nessus.rb;MODIFY;1605;1.0;Grew;True;2015-04-22 06:04:46+00:00;False;223;58;7002;40107577a0a24ecdbc73b32d9446ddc088aefefb;3;void-in@users.noreply.github.com;void-in@users.noreply.github.com
nessus.rb;MODIFY;1605;0.0;Equal;True;2015-04-22 06:06:59+00:00;False;223;58;7002;93dc809e747e00810654db072257f1c3eea45302;1;void-in@users.noreply.github.com;void-in@users.noreply.github.com
nessus.rb;MODIFY;1622;17.0;Grew;True;2015-04-23 07:04:02+00:00;False;226;59;7088;19beafe009a90337ed33e039392c3265a87f40de;2;void-in@users.noreply.github.com;void-in@users.noreply.github.com
nessus.rb;MODIFY;1622;0.0;Equal;True;2015-04-23 07:07:59+00:00;False;226;59;7088;624adbaaca3cf863672362f007a82840e45e081b;1;void-in@users.noreply.github.com;void-in@users.noreply.github.com
nessus.rb;MODIFY;1604;-18.0;Decreased;True;2015-04-24 07:06:04+00:00;False;222;57;7004;62cb0c87493a848b8ff1ab8ed9b1ac01806fcb65;1;void-in@users.noreply.github.com;void-in@users.noreply.github.com
nessus.rb;MODIFY;1605;1.0;Grew;True;2015-04-24 16:03:31+00:00;False;223;58;7002;655e8198386e574db8f9185276ddbffa2ffcf1cf;1;William_Vu@rapid7.com;William_Vu@rapid7.com
nessus.rb;MODIFY;1604;-1.0;Decreased;True;2015-04-27 15:48:13+00:00;False;222;57;7004;6a4d63ca4f76f88babfd517f0b929d91acb84ced;32;Matthew_Buck@rapid7.com;Matthew_Buck@rapid7.com
nessus.rb;MODIFY;1607;3.0;Grew;True;2015-12-22 12:42:49+00:00;False;223;58;7008;1782e988d44414b4a62d22b27d938ef60d1dbc82;1;lluismh@gmail.com;lluismh@gmail.com
nessus.rb;MODIFY;1724;117.0;Grew;True;2016-02-01 03:13:54+00:00;False;226;58;7415;4992c5c3c5c42167a5d94d3e3b095fd4562ffc0e;1;rageltman [at] sempervictus;rageltman [at] sempervictus
nessus.rb;MODIFY;1724;0.0;Equal;True;2016-02-01 06:49:58+00:00;False;226;58;7415;2a71d32eec7437425e80c2ccf938aa596833cbbb;1;rageltman [at] sempervictus;rageltman [at] sempervictus
nessus.rb;MODIFY;1699;-25.0;Decreased;True;2016-02-04 07:36:19+00:00;False;226;58;7340;ae38403bc29ec20c32f2cefeea8d3bd6f2990c4e;1;rageltman [at] sempervictus;rageltman [at] sempervictus
nessus.rb;MODIFY;1697;-2.0;Decreased;True;2016-02-13 19:45:25+00:00;False;226;58;7332;95da0314294cbb5aa6d4f671501f0a2e43d5ef40;1;rageltman [at] sempervictus;rageltman [at] sempervictus
nessus.rb;MODIFY;1697;0.0;Equal;True;2016-02-13 20:36:04+00:00;False;226;58;7335;2b24e8363e9858422c02531127297de802436b03;1;rageltman [at] sempervictus;rageltman [at] sempervictus
nessus.rb;MODIFY;1697;0.0;Equal;True;2016-03-16 03:08:04+00:00;False;226;58;7335;c8ad1b6017ed464f63aa3e60fe5c09b8568363da;1;bcook@rapid7.com;bcook@rapid7.com
nessus.rb;MODIFY;1697;0.0;Equal;True;2016-03-16 03:08:25+00:00;False;226;58;7335;0edc7fb2c58120251deff0ee6221c7a79fcd0d69;1;bcook@rapid7.com;bcook@rapid7.com
nessus.rb;MODIFY;1750;53.0;Grew;True;2016-07-12 01:20:12+00:00;False;231;59;7593;79f220d5cfe3928a2ec85b0895046ec0ddb402b6;1;shane.caldwell12@ncf.edu;shane.caldwell12@ncf.edu
nessus.rb;MODIFY;1750;0.0;Equal;True;2016-07-12 02:03:35+00:00;False;231;59;7593;e060eaca4a12f65a2f0cb5fb9ff5a9ce4b9ab9f5;1;shane.caldwell12@ncf.edu;shane.caldwell12@ncf.edu
nessus.rb;MODIFY;1697;-53.0;Decreased;True;2016-08-10 18:30:09+00:00;False;226;58;7313;eb73a6914dd11677dc35a3b01f827def848d2545;140;DMaloney@rapid7.com;DMaloney@rapid7.com
nessus.rb;MODIFY;1713;16.0;Grew;True;2016-08-14 15:57:33+00:00;False;227;58;7392;46e4ee4c5b68216ae9c50e79eb9d3f53c2de2aec;6;kost@linux.hr;kost@linux.hr
nessus.rb;MODIFY;1751;38.0;Grew;True;2016-09-26 09:26:43+00:00;False;231;59;7597;7144d2c96a86b1f0f1cb4cb398688b881ebd9cd5;1;shane.caldwell12@ncf.edu;shane.caldwell12@ncf.edu
nessus.rb;MODIFY;1788;37.0;Grew;True;2016-10-03 23:03:38+00:00;False;234;59;7762;a75e5480a1c009fe4efa87c0acbd9eff326dbfd9;1;noreply@github.com;henshin@users.noreply.github.com
nessus.rb;MODIFY;1795;7.0;Grew;True;2016-12-10 10:38:30+00:00;False;234;59;7799;ce202cb9b2bbd089f794f4f5c806813f0ce9414d;1;dhn@4bit.ws;dhn@4bit.ws
nessus.rb;MODIFY;1798;3.0;Grew;True;2016-12-13 21:36:03+00:00;False;234;59;7757;8c99a1a00d153cd601beeb146c33db6328177861;1;dhn@4bit.ws;dhn@4bit.ws
nessus.rb;MODIFY;1788;-10.0;Decreased;True;2017-06-09 22:24:10+00:00;False;234;59;7722;d5a7b292c1ac3ebd5b1ef063121a7d2b685d472e;1;isbear@isbear.org.ua;isbear@isbear.org.ua
nessus.rb;MODIFY;1788;0.0;Equal;True;2018-05-14 21:38:49+00:00;False;234;59;7715;b3a1f2531bced1e3da423eb807bb879e2f233b64;2;matthew_kienow@rapid7.com;matthew_kienow@rapid7.com
nessus.rb;MODIFY;1788;0.0;Equal;True;2018-05-21 03:36:00+00:00;False;234;59;7722;d0941e847b900f9a816efcca75c5b94e6b29a2e4;1;noreply@github.com;raghavsphadke@gmail.com
nessus.rb;MODIFY;1788;0.0;Equal;True;2018-05-21 03:38:17+00:00;False;234;59;7722;95ad075d9794c00d4d4d32452def5de2dd7bd9b1;1;noreply@github.com;raghavsphadke@gmail.com
nessus.rb;MODIFY;1787;-1.0;Decreased;True;2021-02-08 12:24:12+00:00;False;234;59;7713;b95be3ed103c8abd8770a13e59ec249fbffa7d5f;529;dean_welch@rapid7.com;dean_welch@rapid7.com
nessus.rb;MODIFY;1787;0.0;Equal;True;2022-05-11 22:33:33+00:00;False;234;59;7713;33cfc7ce7194de08b1d2539c7055b6d86da91c72;1;noreply@github.com;43283813+Ronni3X@users.noreply.github.com
nessus.rb;MODIFY;1787;0.0;Equal;True;2022-05-11 23:56:32+00:00;False;234;59;7713;83bfc73e091f5b0070821236682d803c4d6f4ff0;1;noreply@github.com;43283813+Ronni3X@users.noreply.github.com
nessus.rb;MODIFY;1787;0.0;Equal;True;2022-07-25 20:27:21+00:00;False;234;59;7713;f779f0f482666583a379b4dcdcfcc4f9e995f9bf;14;Jeffrey_Martin@rapid7.com;Jeffrey_Martin@rapid7.com
nessus.rb;MODIFY;1809;22.0;Grew;True;2023-01-30 01:25:46+00:00;False;234;59;7703;dd20bcac77039be00d11faff130f9e70eb20e0a9;31;bcoles@gmail.com;bcoles@gmail.com
nessus.rb;MODIFY;1808;-1.0;Decreased;True;2023-01-30 02:05:34+00:00;False;232;59;7677;7cf37f5fb7546cb18be682dc2c17eda6ba979ad8;25;bcoles@gmail.com;bcoles@gmail.com
nessus.rb;MODIFY;1807;-1.0;Decreased;True;2023-01-30 02:07:16+00:00;False;232;59;7674;4ff475f18093601135ae8f98050cb6dfc9e72c2b;25;bcoles@gmail.com;bcoles@gmail.com
nessus.rb;MODIFY;1810;3.0;Grew;True;2023-05-07 13:27:50+00:00;False;232;59;7683;d8beb8cfefe1802e9c68144c52fce76751877a8c;1;1147042405@qq.com;1147042405@qq.com
nessus.rb;MODIFY;1810;0.0;Equal;True;2023-09-11 14:20:18+00:00;False;232;59;7686;d91a9638fc3da764c1299da0cf8381a959d02b33;1;sjanusz@bfs-mbp-9844.lan;sjanusz@bfs-mbp-9844.lan
nessus.rb;MODIFY;1810;0.0;Equal;True;2024-01-07 18:24:11+00:00;False;232;59;7686;89d6c8c8ef09c372c4d139c40f43c41663aab6b8;9;michaeltcyr@gmail.com;michaeltcyr@gmail.com
nessus.rb;MODIFY;1810;0.0;Equal;True;2024-01-15 14:56:46+00:00;False;232;59;7684;2cf045d3c423a50e5a9431028d544684fcf6b032;25;dean_welch@rapid7.com;dean_welch@rapid7.com
nessus.rb;MODIFY;1810;0.0;Equal;True;2024-04-08 14:53:17+00:00;False;232;59;7684;2d819cb029b9c7089a4278752869300b51a156ac;2;noreply@github.com;jav.alv.par@gmail.com
