file_name;change_type;n_loc;lines_balance;size_change;is_large;date;swapped_classification;complexity;methods;tokens;hash;files_on_commit;committer_email;author_email
ssllabs_scan.rb;ADD;642;0.0;Grew;False;2015-03-27 11:34:11+00:00;False;74;41;2609;3515a0a71ff8c5de47e8737b41bf4e48b6b59db9;1;dnkolegov@gmail.com;dnkolegov@gmail.com
ssllabs_scan.rb;MODIFY;642;0.0;Equal;False;2015-03-27 11:53:59+00:00;False;74;41;2609;45f8738cfe4d296733fd26802372b8a0d2806841;1;dnkolegov@gmail.com;dnkolegov@gmail.com
ssllabs_scan.rb;MODIFY;650;8.0;Grew;False;2015-03-30 06:42:09+00:00;False;73;40;2612;9d78aa96d9b5288cb55b93a9b4f73cc58ff2fb9d;1;dnkolegov@gmail.com;dnkolegov@gmail.com
ssllabs_scan.rb;MODIFY;662;12.0;Grew;True;2015-04-21 02:13:43+00:00;True;77;44;2644;752c3243f6ac98d62e45da93308a96c6371f1f43;1;bcook@rapid7.com;bcook@rapid7.com
ssllabs_scan.rb;MODIFY;662;0.0;Equal;True;2015-04-30 22:58:26+00:00;False;77;44;2644;83288ff3917421695157027436d198635c77223f;1;William_Vu@rapid7.com;William_Vu@rapid7.com
ssllabs_scan.rb;MODIFY;663;1.0;Grew;True;2015-05-06 16:39:15+00:00;False;77;44;2644;f423306b6fdfa06325aa0b5caa03f5e607be8716;10;tod_beardsley@rapid7.com;tod_beardsley@rapid7.com
ssllabs_scan.rb;MODIFY;692;29.0;Grew;True;2015-06-16 06:59:12+00:00;False;77;44;2726;2778274e478821df2ffe8daa8a37ebfd4bbe9a79;1;dnkolegov@gmail.com;dnkolegov@gmail.com
ssllabs_scan.rb;MODIFY;687;-5.0;Decreased;True;2015-06-16 08:22:22+00:00;False;77;44;2716;c3d2797f100269b29bfc44856cdb843fad59abee;1;dnkolegov@gmail.com;dnkolegov@gmail.com
ssllabs_scan.rb;MODIFY;687;0.0;Equal;True;2015-06-19 16:38:22+00:00;False;77;44;2714;5a277389f2eb86f4ce8b40b74b0cc0de57eb393e;1;bcook@rapid7.com;bcook@rapid7.com
ssllabs_scan.rb;MODIFY;687;0.0;Equal;True;2015-06-19 16:38:36+00:00;False;77;44;2726;bf170a195dd130210ab255bbd8d30fc80ab86529;1;bcook@rapid7.com;bcook@rapid7.com
ssllabs_scan.rb;MODIFY;687;0.0;Equal;True;2016-03-06 05:11:39+00:00;False;77;44;2726;c7c0e12bb39eec615c67130f950a264dae6ab18d;55;bcook@rapid7.com;bcook@rapid7.com
ssllabs_scan.rb;MODIFY;686;-1.0;Decreased;True;2016-03-07 04:06:27+00:00;False;77;44;2723;eea8fa86dc0b84c12cca90c8fefb82137b5362fc;18;bcook@rapid7.com;bcook@rapid7.com
ssllabs_scan.rb;MODIFY;687;1.0;Equal;True;2016-03-07 08:56:58+00:00;False;77;44;2726;666ae14259085ff71cf1b5966d65c84cd0996c5d;2539;firefart@gmail.com;firefart@gmail.com
ssllabs_scan.rb;MODIFY;687;0.0;Equal;True;2016-03-07 19:19:55+00:00;False;77;44;2726;f703fa21d6974ba998d0d6cf3295cef25bb782b9;2539;bcook@rapid7.com;bcook@rapid7.com
ssllabs_scan.rb;MODIFY;687;0.0;Equal;True;2016-03-08 13:02:44+00:00;False;77;44;2726;3123175ac75c38bec5165e01cda05e3b38287003;3038;firefart@gmail.com;firefart@gmail.com
ssllabs_scan.rb;MODIFY;685;-2.0;Decreased;True;2017-05-03 20:44:51+00:00;False;77;44;2717;64452de06d0890e43d314cb3713d4d4a84fc0436;3186;William_Vu@rapid7.com;William_Vu@rapid7.com
ssllabs_scan.rb;MODIFY;685;0.0;Equal;True;2017-07-24 13:26:21+00:00;False;77;44;2717;6300758c46464ff5488bc49bc326ebbb1df46321;3417;bcook@rapid7.com;bcook@rapid7.com
ssllabs_scan.rb;MODIFY;732;47.0;Grew;True;2018-01-22 22:32:16+00:00;False;78;45;2843;04d305feb38a92378624f97d39ea59be48e103e1;1;busterb@gmail.com;busterb@gmail.com
ssllabs_scan.rb;MODIFY;732;0.0;Equal;True;2024-01-07 20:02:53+00:00;False;78;45;2843;8beb6255cb5785961da541301f62bdfcf7acbb01;153;michaeltcyr@gmail.com;michaeltcyr@gmail.com
