file_name;change_type;n_loc;lines_balance;size_change;is_large;date;swapped_classification;complexity;methods;tokens;hash;files_on_commit;committer_email;author_email
machine_test.rb;ADD;24;0.0;Equal;False;2012-07-16 17:28:42+00:00;False;4;4;131;353610021c54728a8877a8abd464bb67a1b74277;3;mitchell.hashimoto@gmail.com;mitchell.hashimoto@gmail.com
machine_test.rb;MODIFY;51;27.0;Grew;False;2012-07-16 17:57:17+00:00;False;6;6;270;8fc5591b8ec3cb234fa55af127bd5f0df4949034;2;mitchell.hashimoto@gmail.com;mitchell.hashimoto@gmail.com
machine_test.rb;MODIFY;76;25.0;Grew;False;2012-07-16 21:12:58+00:00;False;9;9;424;8f0375d7f3e94bcfb3ea97c457afb97113f73586;4;mitchell.hashimoto@gmail.com;mitchell.hashimoto@gmail.com
machine_test.rb;MODIFY;95;19.0;Grew;False;2012-07-25 04:32:38+00:00;False;13;13;480;44b4b9dfefa5374933014b9dd2653b1af5908b6e;14;mitchell.hashimoto@gmail.com;mitchell.hashimoto@gmail.com
machine_test.rb;MODIFY;124;29.0;Grew;False;2012-08-03 21:22:17+00:00;False;20;19;558;d8cb02d55dbc1fb3d63a9723e8d3ffc878fbf9d1;2;mitchell.hashimoto@gmail.com;mitchell.hashimoto@gmail.com
machine_test.rb;MODIFY;132;8.0;Grew;False;2012-08-04 18:16:31+00:00;False;22;21;587;9db982f7a4073854fe7398d6e7f80441bc318f93;6;mitchell.hashimoto@gmail.com;mitchell.hashimoto@gmail.com
machine_test.rb;MODIFY;182;50.0;Grew;False;2012-08-05 19:41:05+00:00;False;30;29;873;1a2a8b49c0d9bce90acf71fa22db823568956387;4;mitchell.hashimoto@gmail.com;mitchell.hashimoto@gmail.com
machine_test.rb;MODIFY;190;8.0;Grew;False;2012-08-05 20:16:08+00:00;False;31;30;928;a1145615d04fa75e7b34ac560aa208d7dda9bb06;2;mitchell.hashimoto@gmail.com;mitchell.hashimoto@gmail.com
machine_test.rb;MODIFY;199;9.0;Grew;False;2012-08-09 04:57:08+00:00;False;33;32;966;64afd578b3e0baace6243e587c0f2117bcb973d0;3;mitchell.hashimoto@gmail.com;mitchell.hashimoto@gmail.com
machine_test.rb;MODIFY;206;7.0;Grew;False;2012-08-12 03:33:09+00:00;False;34;33;1019;de0865b9e248c26440fc64c4dd94d036ef0e3a82;1;mitchell.hashimoto@gmail.com;mitchell.hashimoto@gmail.com
machine_test.rb;MODIFY;221;15.0;Grew;False;2012-08-12 23:46:00+00:00;False;35;34;1094;28f341ec75318394c9d779b2897ba728cf25b04e;4;mitchell.hashimoto@gmail.com;mitchell.hashimoto@gmail.com
machine_test.rb;MODIFY;249;28.0;Grew;False;2012-08-13 01:35:19+00:00;False;39;38;1253;f9752d78d8113bfdb410f9ee12745126149e2eb0;5;mitchell.hashimoto@gmail.com;mitchell.hashimoto@gmail.com
machine_test.rb;MODIFY;261;12.0;Grew;False;2012-08-13 02:03:22+00:00;False;41;40;1309;296878cff5639888c6cda76b5f5debdcd117046b;2;mitchell.hashimoto@gmail.com;mitchell.hashimoto@gmail.com
machine_test.rb;MODIFY;269;8.0;Grew;False;2012-08-15 03:27:28+00:00;False;42;41;1342;85a499ffb814594bf075bdfd7ec19b3682326bbe;2;mitchell.hashimoto@gmail.com;mitchell.hashimoto@gmail.com
machine_test.rb;MODIFY;277;8.0;Grew;False;2012-08-15 05:38:41+00:00;False;43;42;1377;b659191a023e1e29442cf696193db4239f9ca36f;12;mitchell.hashimoto@gmail.com;mitchell.hashimoto@gmail.com
machine_test.rb;MODIFY;277;0.0;Equal;False;2012-11-07 05:19:27+00:00;False;43;42;1377;02e499da478618c03e7c195238583586109ded3a;2;mitchell.hashimoto@gmail.com;mitchell.hashimoto@gmail.com
machine_test.rb;MODIFY;277;0.0;Equal;False;2012-12-24 00:29:23+00:00;False;43;42;1375;e2dd0b0cf2d9e91e089c0c782bed40a2c12d064b;1;mitchell.hashimoto@gmail.com;mitchell.hashimoto@gmail.com
machine_test.rb;MODIFY;278;1.0;Grew;False;2012-12-24 00:29:25+00:00;False;43;42;1388;6478139cee01a63c1e09dcfa619ed05284523a94;8;mitchell.hashimoto@gmail.com;mitchell.hashimoto@gmail.com
machine_test.rb;MODIFY;282;4.0;Grew;False;2012-12-27 05:45:23+00:00;False;43;42;1410;3baa31460f6743693544aec872db18fde3533c6d;3;mitchell.hashimoto@gmail.com;mitchell.hashimoto@gmail.com
machine_test.rb;MODIFY;287;5.0;Grew;False;2013-01-21 17:31:20+00:00;False;44;43;1452;8ad8f738460a8437767f6ae628fc4a06ef0e0620;4;mitchell.hashimoto@gmail.com;mitchell.hashimoto@gmail.com
machine_test.rb;MODIFY;288;1.0;Grew;False;2013-01-30 18:24:47+00:00;False;44;43;1463;64042a5d350584044d79964b9982a0daa1f0f97e;4;mitchell.hashimoto@gmail.com;mitchell.hashimoto@gmail.com
machine_test.rb;MODIFY;301;13.0;Grew;False;2013-02-05 05:13:29+00:00;False;46;45;1536;434cc79a83327510eb5f75919141c1fc235b22f1;2;mitchell.hashimoto@gmail.com;mitchell.hashimoto@gmail.com
machine_test.rb;MODIFY;301;0.0;Equal;False;2013-02-06 05:27:26+00:00;False;46;45;1536;84ded8d67e23ae493f6058347763ae77f26e25d8;1;mitchell.hashimoto@gmail.com;mitchell.hashimoto@gmail.com
machine_test.rb;MODIFY;295;-6.0;Decreased;False;2013-04-03 15:31:42+00:00;False;41;40;1566;2e50a238fc1fa0cbc95fa33f2311b03970e361c8;8;mitchell.hashimoto@gmail.com;mitchell.hashimoto@gmail.com
machine_test.rb;MODIFY;268;-27.0;Decreased;False;2013-04-04 04:47:57+00:00;False;37;36;1417;52f3847b0af83f42cfb9eb3f0ba0c510c0923c06;31;mitchell.hashimoto@gmail.com;mitchell.hashimoto@gmail.com
machine_test.rb;MODIFY;270;2.0;Grew;False;2013-04-04 05:40:30+00:00;False;37;36;1437;c5c15fdaa647f1e07636417e12afd31d17cc71d5;7;mitchell.hashimoto@gmail.com;mitchell.hashimoto@gmail.com
machine_test.rb;MODIFY;282;12.0;Grew;False;2013-04-09 03:50:15+00:00;False;39;38;1545;d03938e3c1c3e0e7a83273144bb79176ac407368;6;mitchell.hashimoto@gmail.com;mitchell.hashimoto@gmail.com
machine_test.rb;MODIFY;289;7.0;Grew;False;2013-11-25 23:45:39+00:00;False;40;39;1592;45e09eb6778fd22d7d6cabae65f476d9f8035873;7;mitchell.hashimoto@gmail.com;mitchell.hashimoto@gmail.com
machine_test.rb;MODIFY;296;7.0;Grew;False;2014-01-03 17:48:35+00:00;False;41;40;1647;e115322e78d3da464657b8cdb69ed691245581ae;3;mitchell.hashimoto@gmail.com;mitchell.hashimoto@gmail.com
machine_test.rb;MODIFY;307;11.0;Grew;False;2014-01-03 19:13:21+00:00;False;42;41;1740;b3a9e6a08836576b4039bdd1e790f7b66825109d;6;mitchell.hashimoto@gmail.com;mitchell.hashimoto@gmail.com
machine_test.rb;MODIFY;307;0.0;Equal;False;2014-01-08 00:29:05+00:00;False;42;41;1746;c1d56da1ca9e55bb12755d3c1f2e6607aedc6f6d;2;mitchell.hashimoto@gmail.com;mitchell.hashimoto@gmail.com
machine_test.rb;MODIFY;308;1.0;Grew;False;2014-01-15 18:48:19+00:00;False;42;41;1749;37e9553bf530b46a11de5d4446fca1e1e7cf3003;6;mitchell.hashimoto@gmail.com;mitchell.hashimoto@gmail.com
machine_test.rb;MODIFY;310;2.0;Grew;False;2014-01-15 19:01:38+00:00;False;42;41;1786;e85e355ddbc27b6f8252bbb31046ed41f937c091;1;mitchell.hashimoto@gmail.com;mitchell.hashimoto@gmail.com
machine_test.rb;MODIFY;324;14.0;Grew;False;2014-01-26 22:15:06+00:00;False;44;42;1864;a924a7b48c4cdd5f7c2ffbca2e54765ff3a47bc1;8;mitchell.hashimoto@gmail.com;mitchell.hashimoto@gmail.com
machine_test.rb;MODIFY;328;4.0;Grew;False;2014-01-26 22:33:22+00:00;False;44;42;1882;78e7e2746f41de421c8d6dce092dd9cef21e993d;1;mitchell.hashimoto@gmail.com;mitchell.hashimoto@gmail.com
machine_test.rb;MODIFY;328;0.0;Equal;False;2014-02-07 04:22:15+00:00;False;44;42;1884;cdf1d7f3182b76e2a36e60234b09a24977179b83;5;mitchell.hashimoto@gmail.com;mitchell.hashimoto@gmail.com
machine_test.rb;MODIFY;335;7.0;Grew;False;2014-02-07 17:24:09+00:00;False;45;43;1916;40cbfb95e31449f59886e73b8a0b3b2c12b4cb88;1;mitchell.hashimoto@gmail.com;mitchell.hashimoto@gmail.com
machine_test.rb;MODIFY;346;11.0;Grew;False;2014-02-08 22:03:31+00:00;False;46;44;1967;efc1bf50dd9a8439f9dafae43ee340891c131792;2;mitchell.hashimoto@gmail.com;mitchell.hashimoto@gmail.com
machine_test.rb;MODIFY;347;1.0;Grew;False;2014-02-25 15:27:13+00:00;False;46;44;1976;1ed3be138e66dc22a2813ad9ddfc8707876c67e0;1;mitchell.hashimoto@gmail.com;mitchell.hashimoto@gmail.com
machine_test.rb;MODIFY;371;24.0;Grew;False;2014-03-14 15:02:07+00:00;False;53;51;2253;54656151cfec4cf49f13e758d34e5685f1f29a0b;100;fgrehm@gmail.com;fgrehm@gmail.com
machine_test.rb;MODIFY;383;12.0;Grew;False;2014-03-14 21:04:00+00:00;False;54;52;2335;846f942ff0ad0c913ceedc4ec410669f827e2173;2;mitchell.hashimoto@gmail.com;mitchell.hashimoto@gmail.com
machine_test.rb;MODIFY;394;11.0;Grew;False;2014-04-21 20:51:02+00:00;False;56;54;2391;f07ee5754a528ff18443ba7b26f2d47cb8a1d175;4;mitchell.hashimoto@gmail.com;mitchell.hashimoto@gmail.com
machine_test.rb;MODIFY;415;21.0;Grew;False;2014-04-21 20:51:19+00:00;False;59;57;2499;44e379e961f6588f56ddf8734e91a0c0ff0135b2;2;mitchell.hashimoto@gmail.com;mitchell.hashimoto@gmail.com
machine_test.rb;MODIFY;426;11.0;Grew;False;2014-04-21 20:51:20+00:00;False;60;58;2588;13a4db391a61fc77a69587e8606db0b4ed734597;2;mitchell.hashimoto@gmail.com;mitchell.hashimoto@gmail.com
machine_test.rb;MODIFY;441;15.0;Grew;False;2014-04-21 20:51:51+00:00;False;62;60;2677;c4a4b998dfccbf1cdbc2c797f63829aed2334848;2;mitchell.hashimoto@gmail.com;mitchell.hashimoto@gmail.com
machine_test.rb;MODIFY;467;26.0;Grew;False;2014-04-21 20:55:17+00:00;False;65;63;2847;0153e0ccbb6cd7f4f02b023dbaa00bed1ff4390c;2;mitchell.hashimoto@gmail.com;mitchell.hashimoto@gmail.com
machine_test.rb;MODIFY;467;0.0;Equal;False;2014-04-21 20:56:09+00:00;False;65;63;2847;862414af1275cf859276c0033e4c3fccc235c0a0;4;mitchell.hashimoto@gmail.com;mitchell.hashimoto@gmail.com
machine_test.rb;MODIFY;476;9.0;Grew;False;2014-04-22 22:26:56+00:00;False;65;63;2965;519c8af9717798da6b5500af6bd17c76960ce2d4;3;mitchell.hashimoto@gmail.com;mitchell.hashimoto@gmail.com
machine_test.rb;MODIFY;484;8.0;Grew;False;2014-04-22 23:46:11+00:00;False;65;63;3003;2660252ede9b2c67307a2b29c1de5dfaf24341b9;2;mitchell.hashimoto@gmail.com;mitchell.hashimoto@gmail.com
machine_test.rb;MODIFY;490;6.0;Grew;False;2014-04-23 13:22:58+00:00;False;65;63;3032;da69bd60a4b5661708b9b1efa96da039590a6ac8;1;mitchell.hashimoto@gmail.com;mitchell.hashimoto@gmail.com
machine_test.rb;MODIFY;499;9.0;Grew;False;2014-05-06 04:44:34+00:00;False;66;64;3108;5d94ab9e6092ff170748f44aae725d8988bd7e32;3;mitchell.hashimoto@gmail.com;mitchell.hashimoto@gmail.com
machine_test.rb;MODIFY;499;0.0;Equal;False;2014-05-22 16:35:12+00:00;False;66;64;3104;bb052366f7f9616666299a97edcceadae007394a;173;kalmanh@gmail.com;kalmanh@gmail.com
machine_test.rb;MODIFY;514;15.0;Grew;False;2014-08-06 23:46:31+00:00;False;68;66;3169;7f5f720e0a3bf7b67fabc46021e187009a708686;2;mitchell.hashimoto@gmail.com;mitchell.hashimoto@gmail.com
machine_test.rb;MODIFY;519;5.0;Grew;False;2014-08-08 18:58:53+00:00;False;69;67;3197;62561f28448bc848fe4572a1849adea4488b0a17;3;mitchell.hashimoto@gmail.com;mitchell.hashimoto@gmail.com
machine_test.rb;MODIFY;519;0.0;Equal;False;2014-08-25 19:12:25+00:00;False;69;67;3197;4ef996dca9d2b0955e2e0608e546acf0b393b962;8;vlajos@gmail.com;vlajos@gmail.com
machine_test.rb;MODIFY;514;-5.0;Decreased;False;2014-08-31 05:55:13+00:00;False;68;66;3169;083dce5c6129954995e8afa13b04857986b2b0da;3;mitchell.hashimoto@gmail.com;mitchell.hashimoto@gmail.com
machine_test.rb;MODIFY;533;19.0;Grew;False;2014-10-20 15:33:06+00:00;False;71;69;3325;4e81be879c04f6f6c3dbd87b0f78a4a7206dd957;6;git@gilles.cornu.name;git@gilles.cornu.name
machine_test.rb;MODIFY;540;7.0;Grew;False;2014-10-20 15:45:02+00:00;False;72;70;3378;89a4a29d65cace4d970d0f220ad01815883ab8aa;2;git@gilles.cornu.name;git@gilles.cornu.name
machine_test.rb;MODIFY;516;-24.0;Decreased;False;2014-10-22 19:07:49+00:00;False;68;66;3189;cff57c8d01e1be63681b8f558bf57393725f4789;4;mitchell.hashimoto@gmail.com;mitchell.hashimoto@gmail.com
machine_test.rb;MODIFY;535;19.0;Grew;False;2014-10-23 16:15:47+00:00;False;71;69;3345;5036d16461cfafde5274836d51b97740c23bd4eb;3;mitchell.hashimoto@gmail.com;mitchell.hashimoto@gmail.com
machine_test.rb;MODIFY;547;12.0;Grew;False;2014-10-23 19:20:16+00:00;False;72;70;3429;f0a73c7c0578605b5cd71ae0d10d41ce4012fd02;3;mitchell.hashimoto@gmail.com;mitchell.hashimoto@gmail.com
machine_test.rb;MODIFY;535;-12.0;Decreased;False;2014-11-06 16:51:47+00:00;False;71;69;3345;dc628cd722ae6c5c1e5a3b5da1026d85f16ca703;4;matt@mattwrock.com;matt@mattwrock.com
machine_test.rb;MODIFY;539;4.0;Grew;False;2014-11-11 00:29:19+00:00;False;72;70;3383;f8a232245992affc76aef6326f9529c36ff72dfb;5;mitchell.hashimoto@gmail.com;mitchell.hashimoto@gmail.com
machine_test.rb;MODIFY;539;0.0;Equal;False;2015-01-05 15:57:06+00:00;False;72;70;3383;2377247ba03520d3a61973c9ed441c27da552bc0;1;sethvargo@gmail.com;sethvargo@gmail.com
machine_test.rb;MODIFY;547;8.0;Grew;False;2015-01-05 20:37:58+00:00;False;73;71;3447;6aeae2788918d7888e4979c28dfa2ab6a6dd4b6b;2;mitchell.hashimoto@gmail.com;mitchell.hashimoto@gmail.com
machine_test.rb;MODIFY;555;8.0;Grew;False;2015-07-06 22:17:54+00:00;False;74;72;3507;341534299d7b8f43fff433e8d813885981f9ac69;3;mitchell.hashimoto@gmail.com;mitchell.hashimoto@gmail.com
machine_test.rb;MODIFY;566;11.0;Grew;False;2015-07-07 00:04:16+00:00;False;76;74;3561;1330244fef0593858cb0c7bd28fbcb16afbec1d8;2;mitchell.hashimoto@gmail.com;mitchell.hashimoto@gmail.com
machine_test.rb;MODIFY;573;7.0;Grew;False;2015-11-19 00:25:07+00:00;False;77;75;3592;1a7937ed50d767f328463978584f07ad546e456f;2;mitchell.hashimoto@gmail.com;mitchell.hashimoto@gmail.com
machine_test.rb;MODIFY;576;3.0;Grew;False;2015-11-20 22:54:38+00:00;False;78;75;3607;27412e6ee97c88a928d9c9e33c3258e34f9bb2b7;1;xmitchx@gmail.com;xmitchx@gmail.com
machine_test.rb;MODIFY;579;3.0;Grew;False;2016-05-29 03:22:34+00:00;False;78;75;3616;fb60d3423666371a3486d2b0eead25fcbb92d972;21;sethvargo@gmail.com;sethvargo@gmail.com
machine_test.rb;MODIFY;579;0.0;Equal;False;2016-05-29 03:44:11+00:00;False;78;75;3618;ca337122dc4d9baac522e736a3f2c97248d6b6cf;4;sethvargo@gmail.com;sethvargo@gmail.com
machine_test.rb;MODIFY;595;16.0;Grew;False;2016-08-11 18:48:10+00:00;False;82;79;3704;cb70749bd843197890069581a8649688f35a4297;12;code@chrisroberts.org;ztrain@uber.com
machine_test.rb;MODIFY;610;15.0;Grew;False;2017-06-05 20:25:30+00:00;False;83;80;3834;48b0e00368adaaeba771112c2236dfd7d7c1f2a8;2;bcain@hashicorp.com;ferdy89@gmail.com
machine_test.rb;MODIFY;623;13.0;Grew;False;2017-06-06 15:38:03+00:00;False;84;81;3947;79c7799fd9bca4517e4083d8b3c241c502039594;2;bcain@hashicorp.com;bcain@hashicorp.com
machine_test.rb;MODIFY;638;15.0;Grew;False;2017-06-19 20:05:26+00:00;False;85;82;4069;1b4d7848bc81a082e8affdff2eb80538df4bc7b1;2;bcain@hashicorp.com;bcain@hashicorp.com
machine_test.rb;MODIFY;638;0.0;Equal;False;2017-08-04 00:54:07+00:00;False;85;82;4093;1a62743bc555e41071bdb407746e718a881b59f8;62;bcain@hashicorp.com;code@chrisroberts.org
machine_test.rb;MODIFY;638;0.0;Equal;False;2017-08-04 22:02:59+00:00;False;85;82;4165;8b1043c1999100973fecad79c833467867c19cef;67;bcain@hashicorp.com;bcain@hashicorp.com
machine_test.rb;MODIFY;649;11.0;Grew;False;2017-08-17 16:02:20+00:00;False;88;85;4248;ffec0ff8d979dd01b67ffb765333f583acf2ca48;6;bcain@hashicorp.com;bcain@hashicorp.com
machine_test.rb;MODIFY;649;0.0;Equal;False;2018-01-05 18:02:45+00:00;False;88;85;4248;c9e5a22bff3d20733eb8fa60d7673a68c0ba8dac;15;bcain@hashicorp.com;bcain@hashicorp.com
machine_test.rb;MODIFY;666;17.0;Grew;True;2018-05-04 21:32:57+00:00;True;89;86;4333;092e73d87fdd80fb873c521527cb648cca9e93a1;2;bcain@hashicorp.com;bcain@hashicorp.com
machine_test.rb;MODIFY;689;23.0;Grew;True;2018-05-07 18:33:55+00:00;False;91;88;4520;a177bcf4b7a8d2a2234efbc7ab8b63a05d68a246;2;bcain@hashicorp.com;bcain@hashicorp.com
machine_test.rb;MODIFY;691;2.0;Grew;True;2018-07-17 21:49:41+00:00;False;91;88;4541;84c0aafe7182f77ab538b10a599913416c4dd2a9;12;croberts@hashicorp.com;croberts@hashicorp.com
machine_test.rb;MODIFY;691;0.0;Equal;True;2018-07-27 23:51:58+00:00;False;91;88;4541;0e0f660f626ac34cdac88505eaeee0c73ef73342;1;croberts@hashicorp.com;croberts@hashicorp.com
machine_test.rb;MODIFY;691;0.0;Equal;True;2018-08-02 18:01:36+00:00;False;91;88;4541;6c1a9dc58eb3b0e75e0a7e86cccd1eda1bab11a6;6;croberts@hashicorp.com;croberts@hashicorp.com
machine_test.rb;MODIFY;703;12.0;Grew;True;2018-09-18 21:15:34+00:00;False;92;89;4648;dac78eb6260a5160feab2514258752903dd41b3a;1;bcain@hashicorp.com;bcain@hashicorp.com
machine_test.rb;MODIFY;711;8.0;Grew;True;2018-12-11 16:09:43+00:00;False;94;91;4704;90a5854684f5e496f08c1ce99eaddc6fe6560315;11;croberts@hashicorp.com;croberts@hashicorp.com
machine_test.rb;MODIFY;689;-22.0;Decreased;True;2019-02-01 21:34:15+00:00;False;92;89;4520;fefb702359c56c64272e47d990cb73557bc1ee95;15;bcain@hashicorp.com;bcain@hashicorp.com
machine_test.rb;MODIFY;737;48.0;Grew;True;2019-03-12 00:08:13+00:00;False;98;95;4739;1c650a7fb89436fd070f28648c925caa8c71a7b9;2;croberts@hashicorp.com;croberts@hashicorp.com
machine_test.rb;MODIFY;745;8.0;Grew;True;2020-04-20 21:23:21+00:00;False;100;97;4790;4546d804b145008a2224def2a5c49882cb012555;8;croberts@hashicorp.com;croberts@hashicorp.com
machine_test.rb;MODIFY;765;20.0;Grew;True;2020-06-09 22:22:55+00:00;False;102;99;4933;132720e3b49f2267343bf2505c585cadd1592581;5;scastellarin95@gmail.com;scastellarin95@gmail.com
machine_test.rb;MODIFY;775;10.0;Grew;True;2020-08-19 20:00:40+00:00;False;103;100;5010;faad9f27174a07afa40b1affc5313a16de91b092;9;scastellarin95@gmail.com;scastellarin95@gmail.com
machine_test.rb;MODIFY;765;-10.0;Decreased;True;2020-08-19 20:00:40+00:00;False;102;99;4933;bc898e385da2852739b5e6c30e909537ad16fc7b;10;scastellarin95@gmail.com;scastellarin95@gmail.com
machine_test.rb;MODIFY;764;-1.0;Decreased;True;2021-06-23 21:04:48+00:00;False;102;99;4926;3d0d0148e947fa8366cd6f12015ead42f93014a5;55;croberts@hashicorp.com;croberts@hashicorp.com
machine_test.rb;MODIFY;772;8.0;Grew;True;2022-09-10 06:16:51+00:00;False;103;100;4977;15df2c69b40ad60aea922459f6d41413d2425afa;2;wclark@redhat.com;wclark@redhat.com
machine_test.rb;MODIFY;774;2.0;Grew;True;2023-06-26 22:47:32+00:00;False;103;100;4977;602d42bbc883bc8d7d9bb3f40b082e27cded4abc;3;croberts@hashicorp.com;croberts@hashicorp.com
machine_test.rb;MODIFY;774;0.0;Equal;True;2023-08-10 20:53:25+00:00;False;103;100;4977;36a312ee26b1e00b196fd6b82f64dc9efcef690f;1962;noreply@github.com;110428419+hashicorp-copywrite[bot]@users.noreply.github.com
machine_test.rb;MODIFY;777;3.0;Grew;True;2023-09-14 23:15:03+00:00;False;103;100;5001;6e13612111e026b87f141f91d67508b2c4a77063;19;croberts@hashicorp.com;croberts@hashicorp.com
