file_name;change_type;n_loc;lines_balance;size_change;is_large;date;swapped_classification;complexity;methods;tokens;hash;files_on_commit;committer_email;author_email
server.pb.go;ADD;13079;0.0;Grew;True;2022-04-25 17:23:57+00:00;True;3153;1559;117490;c3ee750db14e06f327517908346b44f7d65cfec4;427;phinze@phinze.com;scastellarin95@gmail.com
server.pb.go;MODIFY;13008;-71.0;Decreased;True;2022-04-25 17:23:59+00:00;False;3136;1551;116747;b6018722873cc6f56d525f1a16e07249dcd48245;12;phinze@phinze.com;croberts@hashicorp.com
server.pb.go;MODIFY;13016;8.0;Grew;True;2022-04-25 17:24:02+00:00;False;3138;1552;116851;3107da72af08b19e37c440627d815c4838d03a1f;16;phinze@phinze.com;scastellarin95@gmail.com
server.pb.go;MODIFY;12998;-18.0;Grew;True;2022-04-25 17:24:09+00:00;False;3116;1542;117965;3c52682226e182c566ce460a9c8950032d1ad9d3;7;phinze@phinze.com;scastellarin95@gmail.com
server.pb.go;MODIFY;12973;-25.0;Decreased;True;2022-04-25 17:24:09+00:00;False;3114;1541;117353;37d42bc8ef5c316c5ab57d34888138605a9e2757;10;phinze@phinze.com;croberts@hashicorp.com
server.pb.go;MODIFY;12982;9.0;Grew;True;2022-04-25 17:24:10+00:00;False;3116;1542;117453;8f222b36de2b6c59973368bdf5a9c4504127e396;9;phinze@phinze.com;croberts@hashicorp.com
server.pb.go;MODIFY;12981;-1.0;Decreased;True;2022-04-25 17:24:10+00:00;False;3116;1542;117453;6805d81301a875caaa9303e85a7fa5ed4b91df93;9;phinze@phinze.com;scastellarin95@gmail.com
server.pb.go;MODIFY;12991;10.0;Grew;True;2022-04-25 17:24:11+00:00;False;3118;1543;117545;ca20181019ed098c953f7031632cbb8fa24451cf;3;phinze@phinze.com;croberts@hashicorp.com
server.pb.go;MODIFY;15853;2862.0;Grew;True;2022-04-25 17:24:16+00:00;False;3142;1556;174818;71f3b99819fae5704aa55b78cea624809b0033b6;5;phinze@phinze.com;scastellarin95@gmail.com
server.pb.go;MODIFY;13128;-2725.0;Grew;True;2022-04-25 17:24:19+00:00;False;3154;1560;118687;53c822d76a79a97c7906be2df49780baa1f50b84;5;phinze@phinze.com;scastellarin95@gmail.com
server.pb.go;MODIFY;13114;-14.0;Decreased;True;2022-04-25 17:24:19+00:00;False;3152;1559;118469;eeb7028a485360166dd365dc689fc3b51cbb8373;11;phinze@phinze.com;scastellarin95@gmail.com
server.pb.go;MODIFY;13133;19.0;Grew;True;2022-04-25 17:24:19+00:00;False;3154;1560;118843;f316afdd38eae328d64c19b78c3a03deeda0efcb;3;phinze@phinze.com;scastellarin95@gmail.com
server.pb.go;MODIFY;13138;5.0;Grew;True;2022-04-25 17:24:20+00:00;False;3154;1560;118981;5128f604ca679d9e76ff94c325284e604657bc99;3;phinze@phinze.com;scastellarin95@gmail.com
server.pb.go;MODIFY;13136;-2.0;Grew;True;2022-04-25 17:24:20+00:00;False;3154;1560;118923;0e40c2eb97a1aebc1aa37786c7f00cd59c8356de;11;phinze@phinze.com;scastellarin95@gmail.com
server.pb.go;MODIFY;13134;-2.0;Grew;True;2022-04-25 17:24:20+00:00;False;3154;1560;118857;ada96f13a31cf5bf97f3f7c3db0a3140c8f7b0f2;7;phinze@phinze.com;scastellarin95@gmail.com
server.pb.go;MODIFY;13163;29.0;Grew;True;2022-04-25 17:24:25+00:00;False;3154;1560;119237;378019f0141c5980af95d298381b4dc751ca01ef;9;phinze@phinze.com;croberts@hashicorp.com
server.pb.go;MODIFY;13066;-97.0;Decreased;True;2022-04-25 17:24:25+00:00;False;3135;1551;118354;040f02e60d9ee608b8a516c0da9e62db4fc2c6c4;8;phinze@phinze.com;scastellarin95@gmail.com
server.pb.go;MODIFY;13214;148.0;Grew;True;2022-04-25 17:24:26+00:00;False;3171;1568;119790;a5445b708e8204e4131461e52f26b9ae0cdecc0e;4;phinze@phinze.com;scastellarin95@gmail.com
server.pb.go;MODIFY;13238;24.0;Grew;True;2022-04-25 17:24:27+00:00;False;3171;1568;120046;f103797592abb41559683bdef6bf5332d65a3845;9;phinze@phinze.com;scastellarin95@gmail.com
server.pb.go;MODIFY;13226;-12.0;Decreased;True;2022-04-25 17:24:31+00:00;False;3169;1567;119844;aaf0ae8504ac5836e78886f3a3e249de5f08aecd;10;phinze@phinze.com;croberts@hashicorp.com
server.pb.go;MODIFY;13235;9.0;Grew;True;2022-04-25 17:24:35+00:00;False;3171;1568;119962;c1bbc7284b778d23a2f290583ab67bef2bed6c84;3;phinze@phinze.com;croberts@hashicorp.com
server.pb.go;MODIFY;13209;-26.0;Decreased;True;2022-04-25 17:24:39+00:00;False;3165;1565;119728;bb336592eabecf79832c2ad2ee748076f14bda1e;6;phinze@phinze.com;scastellarin95@gmail.com
server.pb.go;MODIFY;13215;6.0;Grew;True;2022-04-25 17:24:40+00:00;False;3165;1565;119860;b2cce38f485c7af10e82f8033ace82e61a92ae2e;4;phinze@phinze.com;scastellarin95@gmail.com
server.pb.go;MODIFY;13216;1.0;Grew;True;2022-04-25 17:24:46+00:00;False;3165;1565;119860;be4bbe902fb632ba473c07c2f24667e3a4916541;6;phinze@phinze.com;croberts@hashicorp.com
server.pb.go;MODIFY;13215;-1.0;Decreased;True;2022-04-25 17:24:48+00:00;False;3165;1565;119860;92d7c7b2916ac5e707edba1ee61aa88ab53f5cce;6;phinze@phinze.com;scastellarin95@gmail.com
server.pb.go;MODIFY;13330;115.0;Grew;True;2022-04-25 17:25:51+00:00;False;3192;1578;121003;1c27a57213bd32976ffbffab76a4f93c2879b1d9;3;phinze@phinze.com;scastellarin95@gmail.com
server.pb.go;MODIFY;13320;-10.0;Grew;True;2022-04-25 17:25:51+00:00;False;3190;1577;120901;ed76183470c3a481a607289d100b3c401fbfa80d;5;phinze@phinze.com;scastellarin95@gmail.com
server.pb.go;MODIFY;13338;18.0;Grew;True;2022-04-25 17:25:52+00:00;False;3194;1579;121069;d7737effbf3f117d3e4ac6bf4417e7059e896885;3;phinze@phinze.com;scastellarin95@gmail.com
server.pb.go;MODIFY;13703;365.0;Grew;True;2022-04-25 17:25:52+00:00;False;3284;1621;124391;93e94186baaacff5a19a14826868e4b3f3e50424;7;phinze@phinze.com;scastellarin95@gmail.com
server.pb.go;MODIFY;13822;119.0;Grew;True;2022-04-25 17:25:54+00:00;False;3314;1635;125439;9d01b2c60e801af57d6c898194aca03a7d56e684;6;phinze@phinze.com;scastellarin95@gmail.com
server.pb.go;MODIFY;13823;1.0;Grew;True;2022-04-25 17:26:01+00:00;False;3314;1635;125439;9f3241a5b53ff4ca3388599193778381c753bd4c;6;phinze@phinze.com;croberts@hashicorp.com
server.pb.go;MODIFY;13215;-608.0;Decreased;True;2022-04-25 17:26:03+00:00;False;3165;1565;119860;900213128175b1e48cc089f991e1b0f84655ac26;6;phinze@phinze.com;scastellarin95@gmail.com
server.pb.go;MODIFY;13822;607.0;Grew;True;2022-04-25 17:26:03+00:00;False;3314;1635;125439;183ceb85eb8329a01f99bcd2de54f1c2931f5bdb;3;phinze@phinze.com;scastellarin95@gmail.com
server.pb.go;MODIFY;13823;1.0;Grew;True;2022-04-25 17:26:05+00:00;False;3314;1635;125439;ac8978eee35dbf443633602045637b8434f8d27f;6;phinze@phinze.com;croberts@hashicorp.com
server.pb.go;MODIFY;13822;-1.0;Decreased;True;2022-04-25 17:26:09+00:00;False;3314;1635;125439;514b4e3d89806ed1fa0bc78b29a753e30321f1d2;6;phinze@phinze.com;scastellarin95@gmail.com
server.pb.go;MODIFY;13823;1.0;Grew;True;2022-04-25 17:26:15+00:00;False;3314;1635;125439;72b8547ccea4d37c699435c9f33c53eb6abaf3e0;6;phinze@phinze.com;croberts@hashicorp.com
server.pb.go;MODIFY;13822;-1.0;Decreased;True;2022-04-25 17:26:20+00:00;False;3314;1635;125439;45e64b9890088318566d722ede352a97892ba67d;5;phinze@phinze.com;scastellarin95@gmail.com
server.pb.go;MODIFY;13825;3.0;Equal;True;2022-04-25 17:26:21+00:00;False;3314;1635;125463;0fef7cc4165ef652dc2e85fcbff89ca8475d28b2;25;phinze@phinze.com;phinze@phinze.com
server.pb.go;MODIFY;13826;1.0;Grew;True;2022-04-25 17:26:23+00:00;False;3314;1635;125471;5fda271283f4a3729027fb99e978d4c44a17f27d;6;phinze@phinze.com;scastellarin95@gmail.com
server.pb.go;MODIFY;13827;1.0;Grew;True;2022-04-25 17:26:30+00:00;False;3314;1635;125471;2acd0fa3b832ff823afacd426ca168b4b0a20e1a;6;phinze@phinze.com;croberts@hashicorp.com
server.pb.go;MODIFY;13606;-221.0;Decreased;True;2022-04-25 17:26:32+00:00;False;3262;1607;123558;fc8b01f0ac65f45d150750e81ac97e0ebb49b666;2;phinze@phinze.com;croberts@hashicorp.com
server.pb.go;MODIFY;13826;220.0;Grew;True;2022-04-25 17:26:32+00:00;False;3314;1635;125471;1217189616c51298f16761ff7811824c5b55ad5b;6;phinze@phinze.com;scastellarin95@gmail.com
server.pb.go;MODIFY;13603;-223.0;Decreased;True;2022-04-25 17:26:33+00:00;False;3262;1607;123550;1f632d076c18799aed6ce9e6fa72b617653c4a8a;6;phinze@phinze.com;scastellarin95@gmail.com
server.pb.go;MODIFY;13604;1.0;Grew;True;2022-04-25 17:26:37+00:00;False;3262;1607;123550;ff86d86ac861c94d8eccb6bdb317d939ad6d4f0e;18;phinze@phinze.com;phinze@phinze.com
server.pb.go;MODIFY;13598;-6.0;Decreased;True;2022-04-25 17:26:44+00:00;False;3262;1607;123402;5d348e66a1cdc4867ffd5e8509795fb693884240;4;phinze@phinze.com;scastellarin95@gmail.com
server.pb.go;MODIFY;13606;8.0;Grew;True;2022-04-25 17:26:47+00:00;False;3262;1607;123484;b62bdd8efb0abbc7e9dff778cabe09c17024e49c;3;phinze@phinze.com;scastellarin95@gmail.com
server.pb.go;MODIFY;13607;1.0;Grew;True;2022-04-25 23:12:38+00:00;False;3262;1607;123484;bbf7e0fb12e7035231aa812341d66f4b63b1e6a3;4;croberts@hashicorp.com;croberts@hashicorp.com
server.pb.go;MODIFY;13606;-1.0;Decreased;True;2022-05-17 20:03:24+00:00;False;3262;1607;123484;dc1687e1abb1155086f23cf2fa2ed3aeadd152d5;3;scastellarin95@gmail.com;scastellarin95@gmail.com
server.pb.go;MODIFY;13607;1.0;Grew;True;2022-06-03 19:40:00+00:00;False;3262;1607;123484;c60f82d22f362765966c1fd5c58c8146b8282819;3;phinze@phinze.com;phinze@phinze.com
server.pb.go;MODIFY;13674;67.0;Grew;True;2022-06-20 20:13:06+00:00;False;3272;1615;124095;e0d8fa6689dafeac3acc54685b3bf8218fe7881b;8;croberts@hashicorp.com;croberts@hashicorp.com
server.pb.go;MODIFY;13673;-1.0;Decreased;True;2022-07-07 17:30:24+00:00;False;3272;1615;124095;e8c0587c858840c6c2321ad0cdc5e9a9bdd78881;4;scastellarin95@gmail.com;scastellarin95@gmail.com
server.pb.go;MODIFY;13682;9.0;Grew;True;2022-09-14 15:41:30+00:00;False;3274;1616;124173;e96738bf438a560e6c355ed1abb39da62d98fc9c;5;scastellarin95@gmail.com;scastellarin95@gmail.com
server.pb.go;MODIFY;12740;-942.0;Decreased;True;2023-06-05 21:18:06+00:00;False;3052;1511;114964;dd184936dba7d5fe58f8bdb968aaf2ee7a2c461d;2;croberts@hashicorp.com;croberts@hashicorp.com
server.pb.go;MODIFY;13001;261.0;Grew;True;2023-09-08 00:26:10+00:00;False;3118;1543;117286;e958c6183ae4b75f1732ec6aef6844e963f210b2;66;croberts@hashicorp.com;croberts@hashicorp.com
