file_name;change_type;n_loc;lines_balance;size_change;is_large;date;swapped_classification;complexity;methods;tokens;hash;files_on_commit;committer_email;author_email
version_5_0.rb;ADD;459;0.0;Equal;False;2015-04-28 15:53:48+00:00;False;121;42;2706;4d3e0cac6261e4bbb57879de160c1e85afacad37;3;staneck@gmail.com;staneck@gmail.com
version_5_0.rb;MODIFY;463;4.0;Grew;False;2015-05-09 00:03:33+00:00;False;122;42;2728;7a94eba0b4d6de02e94832943e0fdee8d86066bd;1;staneck@gmail.com;staneck@gmail.com
version_5_0.rb;MODIFY;465;2.0;Grew;False;2015-07-13 15:38:41+00:00;False;122;42;2730;b118ab10c8e0f8e62a547249805f05240e6e4ee9;2;mitchell.hashimoto@gmail.com;mitchell.hashimoto@gmail.com
version_5_0.rb;MODIFY;475;10.0;Grew;False;2015-07-16 11:27:24+00:00;False;125;45;2836;772f276ee3a1cb6ea62b851bb41f45b49a168587;1;manuel@manuel-poeter.at;manuel@manuel-poeter.at
version_5_0.rb;MODIFY;469;-6.0;Decreased;False;2015-10-01 00:23:25+00:00;False;124;42;2756;ec0b0fb7f9e12bcff1c246668268084ebd308bb6;6;mitchell.hashimoto@gmail.com;mitchell.hashimoto@gmail.com
version_5_0.rb;MODIFY;476;7.0;Grew;False;2015-10-01 00:29:23+00:00;False;126;42;2804;0d50f454ea17ee05aeabe7dd33ff3bd85d75c000;2;mitchell.hashimoto@gmail.com;mitchell.hashimoto@gmail.com
version_5_0.rb;MODIFY;480;4.0;Grew;False;2015-10-01 01:19:37+00:00;False;127;43;2828;061a91d09b5c7ad3401c4c48a48d071512cfd0e7;6;mitchell.hashimoto@gmail.com;mitchell.hashimoto@gmail.com
version_5_0.rb;MODIFY;482;2.0;Grew;False;2015-10-01 21:01:27+00:00;False;127;43;2837;2299715b4135d199e2335cca43db69f33f1e2532;2;mitchell.hashimoto@gmail.com;mitchell.hashimoto@gmail.com
version_5_0.rb;MODIFY;494;12.0;Grew;False;2015-10-06 20:22:48+00:00;False;130;46;2945;0586412f9dc0bcfa2b4a6b996a386be29e6a30d4;3;mitchell.hashimoto@gmail.com;mitchell.hashimoto@gmail.com
version_5_0.rb;MODIFY;500;6.0;Grew;False;2015-10-07 20:16:53+00:00;False;132;48;2981;d0e8ecfc73e9604d60c3d15aa1aae4bf34f79cdb;6;mitchell.hashimoto@gmail.com;mitchell.hashimoto@gmail.com
version_5_0.rb;MODIFY;528;28.0;Grew;False;2015-10-07 20:41:58+00:00;False;139;49;3109;c635352b898b42c4ff7ede683dc527a3dfa5d395;6;mitchell.hashimoto@gmail.com;mitchell.hashimoto@gmail.com
version_5_0.rb;MODIFY;544;16.0;Grew;False;2015-10-07 20:48:29+00:00;False;144;49;3183;8c0e38b3978acdc18ac2dc3223d219c242db33b1;4;mitchell.hashimoto@gmail.com;mitchell.hashimoto@gmail.com
version_5_0.rb;MODIFY;547;3.0;Grew;False;2015-10-08 02:22:55+00:00;False;146;49;3206;c36b682e40e46f0e1e48f7d1cc2a24c2eed616a1;4;mitchell.hashimoto@gmail.com;mitchell.hashimoto@gmail.com
version_5_0.rb;MODIFY;550;3.0;Grew;False;2015-10-08 16:03:58+00:00;False;147;49;3196;9f05d22eb063d3bedf0648a0447eaa690be63c34;4;mitchell.hashimoto@gmail.com;mitchell.hashimoto@gmail.com
version_5_0.rb;MODIFY;548;-2.0;Decreased;False;2015-11-05 16:56:24+00:00;False;147;49;3194;4a7aa83e58fb8269740e4783ea30a862af5c7124;1;indrek@ardel.eu;indrek@ardel.eu
version_5_0.rb;MODIFY;549;1.0;Grew;False;2016-02-14 11:16:24+00:00;False;149;49;3230;af9d0df6353ea63d0c664fad524622f5f16ec7c4;4;pravinchandar@gmail.com;pravinchandar@gmail.com
version_5_0.rb;MODIFY;549;0.0;Equal;False;2016-03-17 14:52:10+00:00;False;148;49;3207;d565c2f07eb5b520ddf5f5ccd2b9882e62f9eedb;4;sethvargo@gmail.com;sethvargo@gmail.com
version_5_0.rb;MODIFY;549;0.0;Equal;False;2016-05-31 12:23:56+00:00;False;148;49;3206;163e1997a67d102b060565983ab5fe515e62f3f5;4;nico.vanelslande@red-gate.com;nico.vanelslande@red-gate.com
version_5_0.rb;MODIFY;549;0.0;Equal;False;2016-06-11 18:00:16+00:00;False;148;49;3206;cb1749b375f772408d608282210373a3e2bba840;3;sethvargo@gmail.com;sethvargo@gmail.com
version_5_0.rb;MODIFY;547;-2.0;Decreased;False;2017-05-12 20:11:53+00:00;False;149;49;3231;3c44ce97428fe97f7155136ae82975a8da3078f1;7;code@chrisroberts.org;code@chrisroberts.org
version_5_0.rb;MODIFY;552;5.0;Grew;False;2017-06-15 22:15:39+00:00;False;150;49;3249;056f837fedf76837c02ce4f562d40523e2b3c8eb;2;code@chrisroberts.org;richard.gareau@bell.ca
version_5_0.rb;MODIFY;556;4.0;Grew;False;2017-06-19 21:04:57+00:00;False;151;49;3253;c5b3751a83f81927ec688dfa77e178864fb96a2c;2;code@chrisroberts.org;code@chrisroberts.org
version_5_0.rb;MODIFY;560;4.0;Grew;False;2017-09-06 18:13:14+00:00;False;153;49;3276;56c8b9269a9bd9c7bb4fbfdd85088ae11c2f1a04;5;bcain@hashicorp.com;nico.vanelslande@red-gate.com
version_5_0.rb;MODIFY;564;4.0;Grew;False;2017-09-06 18:13:14+00:00;False;155;49;3299;9aecd5e1a4c7f12ca3a50edc771daa8aff518eda;5;bcain@hashicorp.com;nico.vanelslande@red-gate.com
version_5_0.rb;MODIFY;590;26.0;Grew;False;2017-09-06 18:14:11+00:00;False;159;49;3525;9b872c9e7e9827d7d40eebb7c5cf4ad96d8c69b6;1;bcain@hashicorp.com;bcain@hashicorp.com
version_5_0.rb;MODIFY;602;12.0;Grew;False;2017-09-06 18:14:11+00:00;False;162;49;3577;2e775e81018be99ac5b3ba79d32c7a9422252af1;1;bcain@hashicorp.com;sclark@oblong.com
version_5_0.rb;MODIFY;592;-10.0;Decreased;False;2018-01-09 22:33:24+00:00;False;160;49;3531;b16ca2e384a4d548d5b907e00662693ce05cca4b;9;bcain@hashicorp.com;bcain@hashicorp.com
version_5_0.rb;MODIFY;593;1.0;Grew;False;2018-10-01 18:05:28+00:00;False;161;49;3537;85dc0ebec9ebc8bf048163c006e1480249443076;5;croberts@hashicorp.com;croberts@hashicorp.com
version_5_0.rb;MODIFY;594;1.0;Grew;False;2018-10-22 22:45:32+00:00;False;163;49;3553;6d0dfb2690ab70edb420ca18c9535b01220a300a;5;bcain@hashicorp.com;bcain@hashicorp.com
version_5_0.rb;MODIFY;600;6.0;Grew;False;2018-11-13 23:04:12+00:00;False;167;49;3613;c7721f619b0c583adece274262810060eba59def;2;croberts@hashicorp.com;croberts@hashicorp.com
version_5_0.rb;MODIFY;640;40.0;Grew;False;2020-02-10 20:58:11+00:00;False;176;56;3888;17b75db35b95d614346c1208f14fd1973c623032;3;bcain@hashicorp.com;bcain@hashicorp.com
version_5_0.rb;MODIFY;643;3.0;Grew;False;2020-02-10 20:58:11+00:00;False;176;56;3895;9a5ce8381b69ba1a9836e9133922f7cb86d02825;1;bcain@hashicorp.com;bcain@hashicorp.com
version_5_0.rb;MODIFY;653;10.0;Grew;False;2020-02-10 20:58:11+00:00;False;178;57;3961;773a3aeb7e6b1fcee88147619bd29efb365f6fde;1;bcain@hashicorp.com;bcain@hashicorp.com
version_5_0.rb;MODIFY;653;0.0;Equal;False;2020-02-10 20:58:11+00:00;False;178;57;3961;b2a89f87116981870a865cb6e4faa8b4f6efa3a2;1;bcain@hashicorp.com;bcain@hashicorp.com
version_5_0.rb;MODIFY;653;0.0;Equal;False;2020-02-10 20:58:11+00:00;False;178;57;3949;b9a72ce8ffd82effec57bfaa653cdeca4fb8fab1;4;bcain@hashicorp.com;bcain@hashicorp.com
version_5_0.rb;MODIFY;665;12.0;Grew;True;2020-02-10 23:17:23+00:00;True;180;59;4045;4866709c6747cd3839e012dd9c9c513ac6cec2a5;3;bcain@hashicorp.com;bcain@hashicorp.com
version_5_0.rb;MODIFY;669;4.0;Grew;True;2020-04-20 17:28:37+00:00;False;182;59;4072;f593bb54d2fad54f2d79607679bc08b8859dc91f;2;noreply@github.com;jbonhag@hashicorp.com
version_5_0.rb;MODIFY;684;15.0;Grew;True;2020-06-08 17:21:29+00:00;False;186;59;4156;36a086a4d1172dd7e8e0fe57c7aed792427ed6e6;5;scastellarin95@gmail.com;scastellarin95@gmail.com
version_5_0.rb;MODIFY;669;-15.0;Decreased;True;2020-06-15 22:06:07+00:00;False;182;59;4072;e3e573c133cb21e40f3b020b08e076c4a9b045ef;7;scastellarin95@gmail.com;scastellarin95@gmail.com
version_5_0.rb;MODIFY;680;11.0;Grew;True;2020-07-09 19:07:27+00:00;False;183;59;4082;c52eb1b44c27655394c466734bdc5a7960fc9433;10;jbonhag@hashicorp.com;jbonhag@hashicorp.com
version_5_0.rb;MODIFY;701;21.0;Grew;True;2020-07-09 19:07:46+00:00;False;185;60;4203;8407d79100af36a1fdd2f567b6de4b1434eded26;5;jbonhag@hashicorp.com;jbonhag@hashicorp.com
version_5_0.rb;MODIFY;696;-5.0;Decreased;True;2020-07-09 19:07:47+00:00;False;185;60;4203;61f59de69b9c24f4a17a8ce7c51c7e06a2c25b35;8;jbonhag@hashicorp.com;jbonhag@hashicorp.com
version_5_0.rb;MODIFY;703;7.0;Grew;True;2020-07-09 19:07:48+00:00;False;187;61;4238;4736fbc88fc83fdf3b135769a64855a9a638fc27;6;jbonhag@hashicorp.com;jbonhag@hashicorp.com
version_5_0.rb;MODIFY;703;0.0;Equal;True;2020-07-09 19:07:48+00:00;False;187;61;4238;958023dbb9cf458afbfc2d6619f9e6aa27b8aa4b;6;jbonhag@hashicorp.com;jbonhag@hashicorp.com
version_5_0.rb;MODIFY;703;0.0;Equal;True;2020-07-09 19:07:48+00:00;False;187;61;4244;61f43fb59f2eb28c8f1a09b2cb6d21e541834006;6;jbonhag@hashicorp.com;jbonhag@hashicorp.com
version_5_0.rb;MODIFY;698;-5.0;Decreased;True;2020-07-09 19:07:49+00:00;False;186;61;4224;e01b51fa43022cc5de037d786ad6dc88b130524e;4;jbonhag@hashicorp.com;jbonhag@hashicorp.com
version_5_0.rb;MODIFY;699;1.0;Grew;True;2020-07-09 19:09:07+00:00;False;186;61;4227;dfd3bc915cc709e9ab79dfa42d683c3a6d721a22;7;jbonhag@hashicorp.com;jbonhag@hashicorp.com
version_5_0.rb;MODIFY;691;-8.0;Decreased;True;2020-07-09 19:09:09+00:00;False;184;60;4189;a4a082e70efa848bd737076b47e4d11ec7ec9aab;5;jbonhag@hashicorp.com;jbonhag@hashicorp.com
version_5_0.rb;MODIFY;699;8.0;Grew;True;2020-07-09 19:09:09+00:00;False;186;61;4227;f72ae72aaa73edba20491abd9af9645385766632;6;jbonhag@hashicorp.com;jbonhag@hashicorp.com
version_5_0.rb;MODIFY;695;-4.0;Decreased;True;2020-07-09 19:09:10+00:00;False;184;60;4196;3c0021aac3e57d9ba8dc942820a5a7e4f5524f46;1;jbonhag@hashicorp.com;jbonhag@hashicorp.com
version_5_0.rb;MODIFY;708;13.0;Grew;True;2020-07-09 19:09:10+00:00;False;186;61;4270;423e212f5876d681a883bf3c9c934b1a5ee78faa;10;jbonhag@hashicorp.com;jbonhag@hashicorp.com
version_5_0.rb;MODIFY;706;-2.0;Decreased;True;2020-07-09 19:09:10+00:00;False;186;61;4260;84d2c38cc275de57852c0315f1b6320c7702cd2a;6;jbonhag@hashicorp.com;jbonhag@hashicorp.com
version_5_0.rb;MODIFY;702;-4.0;Decreased;True;2020-07-09 19:09:10+00:00;False;186;61;4230;724687a6012cd210fbe5c038031c14f1886c536b;6;jbonhag@hashicorp.com;jbonhag@hashicorp.com
version_5_0.rb;MODIFY;701;-1.0;Decreased;True;2020-07-09 19:10:50+00:00;False;184;60;4236;8c58e3f6f647082344f1830483877e7dc981011f;8;jbonhag@hashicorp.com;jbonhag@hashicorp.com
version_5_0.rb;MODIFY;715;14.0;Grew;True;2020-07-13 23:00:40+00:00;False;186;61;4331;a6e8c21af8d3c6bb1d8e6c26a15bc39978931c4d;5;bcain@hashicorp.com;bcain@hashicorp.com
version_5_0.rb;MODIFY;723;8.0;Grew;True;2020-07-14 00:06:23+00:00;False;186;61;4367;f33d5139691f5108d28b2bc5001d4cf3430a0a0f;2;bcain@hashicorp.com;bcain@hashicorp.com
version_5_0.rb;MODIFY;723;0.0;Equal;True;2020-07-24 22:50:23+00:00;False;186;61;4368;851422ee55ad067c1a929a937a3437b3b95ff486;1;bcain@hashicorp.com;bcain@hashicorp.com
version_5_0.rb;MODIFY;723;0.0;Equal;True;2022-11-03 18:55:50+00:00;False;186;61;4368;60ec1943ea9735d787cc0148e4b92719a0a98adc;1;croberts@hashicorp.com;croberts@hashicorp.com
version_5_0.rb;MODIFY;726;3.0;Grew;True;2022-11-14 18:45:10+00:00;False;187;61;4397;cbddfbd028f4e949c1c76d4556d80803420091e5;4;croberts@hashicorp.com;croberts@hashicorp.com
version_5_0.rb;MODIFY;726;0.0;Equal;True;2023-08-10 20:53:25+00:00;False;187;61;4397;36a312ee26b1e00b196fd6b82f64dc9efcef690f;1962;noreply@github.com;110428419+hashicorp-copywrite[bot]@users.noreply.github.com
