file_name;change_type;n_loc;lines_balance;size_change;is_large;date;swapped_classification;complexity;methods;tokens;hash;files_on_commit;committer_email;author_email
CodeGenAwaitForeachTests.cs;RENAME;3634;0.0;Equal;True;2018-10-18 00:50:47+00:00;True;82;82;8266;4726029a4fb07f8f9a921652431f1b167467d68b;54;noreply@github.com;jcouv@users.noreply.github.com
CodeGenAwaitForeachTests.cs;MODIFY;3628;-6.0;Decreased;True;2018-10-26 19:28:26+00:00;False;82;82;8266;3af9d1e4309d6b500e2ff36a1c6d3cf2a95fd4f0;11;neal@gafter.com;neal@gafter.com
CodeGenAwaitForeachTests.cs;MODIFY;3631;3.0;Grew;True;2018-11-09 18:48:02+00:00;False;83;83;8322;d90b55e96393a21e45c81f08c04668fe1922779b;26;noreply@github.com;jcouv@users.noreply.github.com
CodeGenAwaitForeachTests.cs;MODIFY;3631;0.0;Equal;True;2018-12-09 23:12:01+00:00;False;83;83;8322;b45c767f68267055d0db0c4080718caf3f859712;232;Sam.Harwell@microsoft.com;dotnet-bot@microsoft.com
CodeGenAwaitForeachTests.cs;MODIFY;3629;-2.0;Decreased;True;2018-12-13 19:38:19+00:00;False;83;83;8307;cbab3cdb3fc1a25aec6c388af01f3457103a3c79;32;noreply@github.com;jcouv@users.noreply.github.com
CodeGenAwaitForeachTests.cs;MODIFY;3695;66.0;Grew;True;2018-12-18 00:55:04+00:00;False;85;85;8436;4ba78fb6e86cc6f5d8514a96fa8dbdf9f905e204;26;noreply@github.com;jcouv@users.noreply.github.com
CodeGenAwaitForeachTests.cs;MODIFY;3687;-8.0;Decreased;True;2018-12-22 00:53:21+00:00;False;85;85;8436;389fa0d68bb33fcd23fdf273396981a7953cdeb9;3;neal@gafter.com;neal@gafter.com
CodeGenAwaitForeachTests.cs;MODIFY;3687;0.0;Equal;True;2019-01-04 19:21:28+00:00;False;85;85;8436;966dcfccd7bc7eac60bc89a6f4d65fdbad3812d5;11;noreply@github.com;jcouv@users.noreply.github.com
CodeGenAwaitForeachTests.cs;MODIFY;4039;352.0;Grew;True;2019-01-10 00:05:21+00:00;False;89;89;8779;e70424c1fbcd75e20702144488e33f000729c7b0;9;noreply@github.com;jcouv@users.noreply.github.com
CodeGenAwaitForeachTests.cs;MODIFY;4126;87.0;Grew;True;2019-01-10 07:33:14+00:00;False;91;91;9085;64c6078af0ab508f32f658acc302dbd4670fc204;2;jcouv@microsoft.com;jcouv@microsoft.com
CodeGenAwaitForeachTests.cs;MODIFY;4115;-11.0;Decreased;True;2019-01-10 07:34:12+00:00;False;91;91;8929;5a6e9166636f04785d809939961b3721deaffbdb;1;jcouv@microsoft.com;jcouv@microsoft.com
CodeGenAwaitForeachTests.cs;MODIFY;4116;1.0;Grew;True;2019-01-10 07:34:52+00:00;False;91;91;8927;e958642c227bc14052e42197f29804e0b97ed2c5;4;jcouv@microsoft.com;jcouv@microsoft.com
CodeGenAwaitForeachTests.cs;MODIFY;4264;148.0;Grew;True;2019-01-10 07:35:33+00:00;False;96;96;9350;ebe837a863cb92536b2c5ae80958d14b79ee715d;2;jcouv@microsoft.com;jcouv@microsoft.com
CodeGenAwaitForeachTests.cs;MODIFY;4263;-1.0;Decreased;True;2019-01-10 07:58:13+00:00;False;96;96;9350;70fc31bb2d99b0760a250f22c811009105ef25ac;2;jcouv@microsoft.com;jcouv@microsoft.com
CodeGenAwaitForeachTests.cs;MODIFY;4263;0.0;Equal;True;2019-01-22 23:32:55+00:00;False;96;96;9350;031458b77d1b5e5c5345d1296566714c70a6e6fb;9;chsienki@microsoft.com;chsienki@microsoft.com
CodeGenAwaitForeachTests.cs;MODIFY;4575;312.0;Grew;True;2019-01-25 17:40:12+00:00;False;108;108;10152;91a119b204b1a89497905789837cecce1e735083;30;noreply@github.com;jcouv@users.noreply.github.com
CodeGenAwaitForeachTests.cs;MODIFY;4575;0.0;Equal;True;2019-01-28 04:07:14+00:00;False;108;108;10152;c6d6c046da4136c92839766141a7f036ae140ab8;30;noreply@github.com;joseph.robichaud@microsoft.com
CodeGenAwaitForeachTests.cs;MODIFY;4615;40.0;Grew;True;2019-02-04 09:42:09+00:00;False;110;110;10260;28e249ecf0532b27ae6ee5d7918848603a80132a;44;angocke@microsoft.com;angocke@microsoft.com
CodeGenAwaitForeachTests.cs;MODIFY;4581;-34.0;Decreased;True;2019-02-05 08:26:23+00:00;False;108;108;10213;828d7fe4acbb8c028f0e7c4d37a0ba6426c1a8a7;39;angocke@microsoft.com;angocke@microsoft.com
CodeGenAwaitForeachTests.cs;MODIFY;4581;0.0;Equal;True;2019-03-08 21:55:47+00:00;False;108;108;9919;67cd7db8592572ed4eb3838b3859f04435162acc;3;noreply@github.com;jcouv@users.noreply.github.com
CodeGenAwaitForeachTests.cs;MODIFY;4586;5.0;Grew;True;2019-04-08 15:15:37+00:00;False;108;108;9919;eea11615898173fd398d0e43b7b57ab9c2c16eb1;15;noreply@github.com;chucks@microsoft.com
CodeGenAwaitForeachTests.cs;MODIFY;4586;0.0;Equal;True;2019-05-03 01:06:12+00:00;False;108;108;9919;fac9233f2f0dff014440ae8d0fc8b945e47ed661;7;noreply@github.com;jcouv@users.noreply.github.com
CodeGenAwaitForeachTests.cs;MODIFY;4584;-2.0;Decreased;True;2019-07-12 20:26:59+00:00;False;108;108;9894;448b9d1d4cc8bd6f6d6460349030dc45b020fc46;58;noreply@github.com;angocke@microsoft.com
CodeGenAwaitForeachTests.cs;MODIFY;4584;0.0;Equal;True;2019-08-22 21:54:31+00:00;False;108;108;9894;9d759a9a7abdcfd2d4450522df735889c4912ed0;7;noreply@github.com;jcouv@users.noreply.github.com
CodeGenAwaitForeachTests.cs;MODIFY;4585;1.0;Grew;True;2019-08-23 21:32:22+00:00;False;108;108;9903;036d931af74248540a51c491e7ed0709168e7c92;25;noreply@github.com;jcouv@users.noreply.github.com
CodeGenAwaitForeachTests.cs;MODIFY;4638;53.0;Grew;True;2019-10-08 00:15:22+00:00;False;109;109;9957;a150ad4f2136f3cfee913ebc2a4bddac4713c974;33;noreply@github.com;chucks@microsoft.com
CodeGenAwaitForeachTests.cs;MODIFY;4638;0.0;Equal;True;2019-10-21 22:24:01+00:00;False;109;109;9957;fef3d37a9ce382b89f3cb812fd57df73a9f48640;8;noreply@github.com;jcouv@users.noreply.github.com
CodeGenAwaitForeachTests.cs;MODIFY;4644;6.0;Grew;True;2019-11-09 14:10:47+00:00;False;109;109;9961;925804dc7e00090dff37fc315a5bcc834672af05;8;n@balakin.me;n@balakin.me
CodeGenAwaitForeachTests.cs;MODIFY;4644;0.0;Equal;True;2020-01-23 01:01:51+00:00;False;109;109;9961;91571a3bb038e05e7bf2ab87510273a1017faed0;12706;jmarolf@microsoft.com;jmarolf@microsoft.com
CodeGenAwaitForeachTests.cs;MODIFY;5138;494.0;Grew;True;2020-04-03 12:18:31+00:00;False;124;124;10861;475ef5352e907f18a47ce84ee07ce8e3d0105beb;22;yairhalberstadt@gmail.com;yairhalberstadt@gmail.com
CodeGenAwaitForeachTests.cs;MODIFY;5219;81.0;Grew;True;2020-04-05 16:03:27+00:00;False;127;127;11033;fa178388dc04f6ad364716459b5360978afbf716;6;yairhalberstadt@gmail.com;yairhalberstadt@gmail.com
CodeGenAwaitForeachTests.cs;MODIFY;5942;723.0;Grew;True;2020-04-10 09:16:03+00:00;False;149;149;12186;b66b8f6ea891504106ef267544144be6c4eb4106;22;yairhalberstadt@gmail.com;yairhalberstadt@gmail.com
CodeGenAwaitForeachTests.cs;MODIFY;5942;0.0;Equal;True;2020-04-23 18:05:19+00:00;False;149;149;12186;0a12b11f4a2685b25b52f4bb0391329696a6782f;26;yairhalberstadt@gmail.com;yairhalberstadt@gmail.com
CodeGenAwaitForeachTests.cs;MODIFY;5942;0.0;Equal;True;2020-04-24 06:46:35+00:00;False;149;149;12186;73a38452e710dc6f4bbf0c4bb7f55eb4bcb578fc;22;yairhalberstadt@gmail.com;yairhalberstadt@gmail.com
CodeGenAwaitForeachTests.cs;MODIFY;5948;6.0;Grew;True;2020-04-29 13:11:06+00:00;False;149;149;12342;b48c89d54b1d64db1c9b0c24c422f6c93e02677c;18;yairhalberstadt@gmail.com;yairhalberstadt@gmail.com
CodeGenAwaitForeachTests.cs;MODIFY;5948;0.0;Equal;True;2020-05-01 12:01:08+00:00;False;149;149;12342;c8368d5cac7f0f02b75880edf4aad83836b682d7;1;noreply@github.com;yairhalberstadt@gmail.com
CodeGenAwaitForeachTests.cs;MODIFY;5993;45.0;Grew;True;2020-05-04 08:15:16+00:00;False;151;151;12473;3c6fce578e61cd247b27664d0bbd56c5d92afd2a;5;yairhalberstadt@gmail.com;yairhalberstadt@gmail.com
CodeGenAwaitForeachTests.cs;MODIFY;5993;0.0;Equal;True;2020-05-04 17:55:30+00:00;False;151;151;12473;7ae0da70c25e6c30f122c6bec8f95c573bdcd16a;23;yairhalberstadt@gmail.com;yairhalberstadt@gmail.com
CodeGenAwaitForeachTests.cs;MODIFY;5991;-2.0;Decreased;True;2020-05-12 18:05:29+00:00;False;151;151;12441;eb82dabc44aa41ff9a489465f9a0f3756b64fc94;3;yairhalberstadt@gmail.com;yairhalberstadt@gmail.com
CodeGenAwaitForeachTests.cs;MODIFY;4645;-1346.0;Decreased;True;2020-05-15 17:55:59+00:00;False;109;109;9970;f98dfe5697e59d146ea1a463d6a9e990a99bf8f0;198;noreply@github.com;n@balakin.me
CodeGenAwaitForeachTests.cs;MODIFY;6910;2265.0;Grew;True;2020-06-18 10:20:51+00:00;False;181;181;14190;42e6bd7135b7a1e5bb4451660b4def21d5cfd24a;5;yairhalberstadt@gmail.com;yairhalberstadt@gmail.com
CodeGenAwaitForeachTests.cs;MODIFY;6910;0.0;Equal;True;2020-06-18 10:45:05+00:00;False;181;181;14190;a83113142c8d17e07199f9d2e487a14eb2d1028e;2;yairhalberstadt@gmail.com;yairhalberstadt@gmail.com
CodeGenAwaitForeachTests.cs;MODIFY;6917;7.0;Grew;True;2020-06-18 16:54:20+00:00;False;181;181;14371;e36ba9498fd8be663e2cc6f797b241fce964928d;3;yairhalberstadt@gmail.com;yairhalberstadt@gmail.com
CodeGenAwaitForeachTests.cs;MODIFY;6928;11.0;Grew;True;2020-06-22 09:02:52+00:00;False;181;181;14532;269aecab97867734ca412d764a7883c77a17b6de;2;yairhalberstadt@gmail.com;yairhalberstadt@gmail.com
CodeGenAwaitForeachTests.cs;MODIFY;7032;104.0;Grew;True;2020-06-23 06:34:57+00:00;False;183;183;14659;90f5efc9f6105932478946dd46afc55ee0bc1f92;3;yairhalberstadt@gmail.com;yairhalberstadt@gmail.com
CodeGenAwaitForeachTests.cs;MODIFY;7061;29.0;Grew;True;2020-06-24 05:47:06+00:00;False;184;184;14710;8a6807d08bb6ffe3343019667ad47353533d22ba;2;yairhalberstadt@gmail.com;yairhalberstadt@gmail.com
CodeGenAwaitForeachTests.cs;MODIFY;7092;31.0;Grew;True;2020-07-03 06:05:07+00:00;False;185;185;14807;619b33cb39f2c7ea8d2bba530ab83d0a35aff83a;3;yairhalberstadt@gmail.com;yairhalberstadt@gmail.com
CodeGenAwaitForeachTests.cs;MODIFY;7123;31.0;Grew;True;2020-07-24 07:13:49+00:00;False;186;186;14911;dd4a793860f2978183dc2966cf2a1bff7ffb3fc3;2;yairhalberstadt@gmail.com;yairhalberstadt@gmail.com
CodeGenAwaitForeachTests.cs;MODIFY;7123;0.0;Equal;True;2020-07-24 07:25:14+00:00;False;186;186;14911;c7bc0daa9f5541d72955c5b1dfc61240ef263640;2;yairhalberstadt@gmail.com;yairhalberstadt@gmail.com
CodeGenAwaitForeachTests.cs;MODIFY;7123;0.0;Equal;True;2020-08-15 00:26:02+00:00;False;186;186;14913;1ed3ef5f8a7f4e4264430ab3787c9dd7a7a817c6;107;noreply@github.com;jcouv@users.noreply.github.com
CodeGenAwaitForeachTests.cs;MODIFY;7123;0.0;Equal;True;2020-09-28 16:36:46+00:00;False;186;186;14913;1cca63b5d8ea170f8d8e88e1574aa3ebe354c23b;9683;jaredpparsons@gmail.com;jaredpparsons@gmail.com
CodeGenAwaitForeachTests.cs;MODIFY;7122;-1.0;Decreased;True;2020-12-18 22:41:08+00:00;False;186;186;14904;7aeb78f800e9144f3485d4e9201c455e7afb6f45;209;noreply@github.com;tmat@users.noreply.github.com
CodeGenAwaitForeachTests.cs;MODIFY;7165;43.0;Grew;True;2020-12-28 23:23:26+00:00;False;187;187;14962;3f190b2f3badc22a54bd63dd72f9d5f9acb31a6d;8;frsilb@microsoft.com;frsilb@microsoft.com
CodeGenAwaitForeachTests.cs;MODIFY;7248;83.0;Grew;True;2020-12-29 22:10:10+00:00;False;189;189;15066;7f728f4e1be245e84af8abf481a6df76f6b44da5;3;frsilb@microsoft.com;frsilb@microsoft.com
CodeGenAwaitForeachTests.cs;MODIFY;7458;210.0;Grew;True;2020-12-31 02:32:32+00:00;False;194;194;15379;f1e43f5c008128953607802b35555a86c3d75958;9;frsilb@microsoft.com;frsilb@microsoft.com
CodeGenAwaitForeachTests.cs;MODIFY;7458;0.0;Equal;True;2020-12-31 02:37:46+00:00;False;194;194;15379;70bb5b7332f2622ada8d188b05215c7c2d1b3197;1;frsilb@microsoft.com;frsilb@microsoft.com
CodeGenAwaitForeachTests.cs;MODIFY;7460;2.0;Grew;True;2021-01-19 19:39:27+00:00;False;194;194;15423;aeb9ca9871056253f920048d24ceb7082e027ae8;3;noreply@github.com;frsilb@microsoft.com
CodeGenAwaitForeachTests.cs;MODIFY;7460;0.0;Equal;True;2022-02-11 05:32:48+00:00;False;194;194;15429;262a650c10bf1b40bf8a3d62ce854363294020a9;103;noreply@github.com;jcouv@users.noreply.github.com
CodeGenAwaitForeachTests.cs;MODIFY;7822;362.0;Grew;True;2022-03-15 18:10:53+00:00;False;208;200;16733;8192820f44833540022e0b1a5866e16b1696f7ec;26;noreply@github.com;jcouv@users.noreply.github.com
CodeGenAwaitForeachTests.cs;MODIFY;7822;0.0;Equal;True;2022-09-12 17:15:28+00:00;False;208;200;16733;41f15bb050125255a64823f0b366c5f0aee9d02e;63;noreply@github.com;rigibson@microsoft.com
CodeGenAwaitForeachTests.cs;MODIFY;7858;36.0;Grew;True;2022-11-14 17:26:32+00:00;False;211;201;16868;3250b54455e4dae495e1efc77e0478c12e3b9976;2;noreply@github.com;jcouv@users.noreply.github.com
CodeGenAwaitForeachTests.cs;MODIFY;7858;0.0;Equal;True;2023-03-07 01:24:27+00:00;False;211;201;16816;8503a37d33cbed29571fdd94b29d205aec1b6780;97;cyrusn@microsoft.com;cyrusn@microsoft.com
CodeGenAwaitForeachTests.cs;MODIFY;7858;0.0;Equal;True;2023-03-07 08:00:50+00:00;False;211;201;16868;b3771f7dfb3e14e3a7ba7ae929182f83a38348eb;738;cyrus.najmabadi@gmail.com;cyrus.najmabadi@gmail.com
CodeGenAwaitForeachTests.cs;MODIFY;7862;4.0;Grew;True;2023-08-14 10:24:50+00:00;False;211;201;16938;874979ea7aa41f1d0e78bcb8e7d064e9d3143a13;38;noreply@github.com;janjones@microsoft.com
CodeGenAwaitForeachTests.cs;MODIFY;7873;11.0;Grew;True;2023-09-26 21:01:03+00:00;False;211;201;16938;482645e429505f19d29afdf1ed02ed1c5bb2bc2e;32;noreply@github.com;tmat@users.noreply.github.com
CodeGenAwaitForeachTests.cs;MODIFY;7874;1.0;Grew;True;2024-01-04 19:25:59+00:00;False;211;201;16938;c5cfbec7a3235cd731effcb233e841f1f1c690dc;22;noreply@github.com;jared@paranoidcoding.org
CodeGenAwaitForeachTests.cs;MODIFY;7874;0.0;Equal;True;2024-01-13 01:26:26+00:00;False;211;201;16932;e59fce8ec2bef59afebeabc1630f826a0ad86396;32;noreply@github.com;jcouv@users.noreply.github.com
CodeGenAwaitForeachTests.cs;MODIFY;8061;187.0;Grew;True;2024-04-16 10:38:27+00:00;False;215;205;17492;8ff156fadd851f26b056ec7385d3ea0837a07a20;43;noreply@github.com;janjones@microsoft.com
CodeGenAwaitForeachTests.cs;MODIFY;8595;534.0;Grew;True;2024-05-15 10:16:52+00:00;False;227;217;18622;b5829098dcfc58653ed2bf0ec61d84282f1edf56;8;noreply@github.com;janjones@microsoft.com
CodeGenAwaitForeachTests.cs;MODIFY;8673;78.0;Grew;True;2024-06-11 21:42:27+00:00;False;230;218;18699;e88d57317793c85fa8567389d3bc83649efded95;8;noreply@github.com;jcouv@users.noreply.github.com
CodeGenAwaitForeachTests.cs;MODIFY;8673;0.0;Equal;True;2024-07-02 01:14:07+00:00;False;230;218;18719;70be0c74961f9d667ad90f68155d88087bacf3d0;54;noreply@github.com;jcouv@users.noreply.github.com
CodeGenAwaitForeachTests.cs;MODIFY;8694;21.0;Grew;True;2024-09-02 10:55:22+00:00;False;230;218;18845;935befe3518e902e58508e591a497c1ed7cbae4b;20;noreply@github.com;janjones@microsoft.com
CodeGenAwaitForeachTests.cs;MODIFY;8761;67.0;Grew;True;2024-10-16 16:55:01+00:00;False;232;220;19055;f89ffba615524de5b8692056b45bbe2977b079f3;6;noreply@github.com;jcouv@users.noreply.github.com
