file_name;change_type;n_loc;lines_balance;size_change;is_large;date;swapped_classification;complexity;methods;tokens;hash;files_on_commit;committer_email;author_email
CodeGenAwaitUsingTests.cs;RENAME;1378;0.0;Equal;False;2018-10-18 00:50:47+00:00;False;37;37;3197;4726029a4fb07f8f9a921652431f1b167467d68b;54;noreply@github.com;jcouv@users.noreply.github.com
CodeGenAwaitUsingTests.cs;MODIFY;1378;0.0;Equal;False;2018-10-26 19:28:26+00:00;False;37;37;3197;3af9d1e4309d6b500e2ff36a1c6d3cf2a95fd4f0;11;neal@gafter.com;neal@gafter.com
CodeGenAwaitUsingTests.cs;MODIFY;1466;88.0;Grew;False;2018-11-09 18:48:02+00:00;False;41;41;3431;d90b55e96393a21e45c81f08c04668fe1922779b;26;noreply@github.com;jcouv@users.noreply.github.com
CodeGenAwaitUsingTests.cs;MODIFY;1501;35.0;Grew;False;2018-12-13 19:38:19+00:00;False;42;42;3499;cbab3cdb3fc1a25aec6c388af01f3457103a3c79;32;noreply@github.com;jcouv@users.noreply.github.com
CodeGenAwaitUsingTests.cs;MODIFY;1501;0.0;Equal;False;2019-01-04 19:21:28+00:00;False;42;42;3499;966dcfccd7bc7eac60bc89a6f4d65fdbad3812d5;11;noreply@github.com;jcouv@users.noreply.github.com
CodeGenAwaitUsingTests.cs;MODIFY;1974;473.0;Grew;True;2019-01-25 17:40:12+00:00;True;59;59;4760;91a119b204b1a89497905789837cecce1e735083;30;noreply@github.com;jcouv@users.noreply.github.com
CodeGenAwaitUsingTests.cs;MODIFY;1974;0.0;Grew;True;2019-01-28 04:07:14+00:00;False;59;59;4760;c6d6c046da4136c92839766141a7f036ae140ab8;30;noreply@github.com;joseph.robichaud@microsoft.com
CodeGenAwaitUsingTests.cs;MODIFY;1974;0.0;Equal;True;2019-02-05 08:26:23+00:00;False;59;59;4758;828d7fe4acbb8c028f0e7c4d37a0ba6426c1a8a7;39;angocke@microsoft.com;angocke@microsoft.com
CodeGenAwaitUsingTests.cs;MODIFY;1974;0.0;Equal;True;2019-03-08 21:55:47+00:00;False;59;59;4548;67cd7db8592572ed4eb3838b3859f04435162acc;3;noreply@github.com;jcouv@users.noreply.github.com
CodeGenAwaitUsingTests.cs;MODIFY;1974;0.0;Equal;True;2019-04-08 15:15:37+00:00;False;59;59;4548;eea11615898173fd398d0e43b7b57ab9c2c16eb1;15;noreply@github.com;chucks@microsoft.com
CodeGenAwaitUsingTests.cs;MODIFY;1974;0.0;Equal;True;2019-07-12 20:26:59+00:00;False;59;59;4550;448b9d1d4cc8bd6f6d6460349030dc45b020fc46;58;noreply@github.com;angocke@microsoft.com
CodeGenAwaitUsingTests.cs;MODIFY;2142;168.0;Grew;True;2019-08-22 21:54:31+00:00;False;59;59;4668;9d759a9a7abdcfd2d4450522df735889c4912ed0;7;noreply@github.com;jcouv@users.noreply.github.com
CodeGenAwaitUsingTests.cs;MODIFY;2221;79.0;Grew;True;2019-10-08 00:15:22+00:00;False;61;61;4820;a150ad4f2136f3cfee913ebc2a4bddac4713c974;33;noreply@github.com;chucks@microsoft.com
CodeGenAwaitUsingTests.cs;MODIFY;2212;-9.0;Decreased;True;2019-10-18 21:50:10+00:00;False;61;61;4956;6550f51656524ab1108fabd1807d29d4c1430a51;24;noreply@github.com;chsienki@microsoft.com
CodeGenAwaitUsingTests.cs;MODIFY;2212;0.0;Equal;True;2019-11-01 20:46:31+00:00;False;61;61;5060;0b3b6d5a28c7b5e10dd312d339b210b1b5c9cef0;415;noreply@github.com;AlekseyTs@users.noreply.github.com
CodeGenAwaitUsingTests.cs;MODIFY;2212;0.0;Equal;True;2019-12-13 18:55:57+00:00;False;61;61;5060;4ab85dd6298f752b9c0092a7aed492ae276c1f12;19;chsienki@microsoft.com;bgrainger@gmail.com
CodeGenAwaitUsingTests.cs;MODIFY;2212;0.0;Grew;True;2020-01-23 01:01:51+00:00;False;61;61;5060;91571a3bb038e05e7bf2ab87510273a1017faed0;12706;jmarolf@microsoft.com;jmarolf@microsoft.com
CodeGenAwaitUsingTests.cs;MODIFY;2212;0.0;Grew;True;2020-09-28 16:36:46+00:00;False;61;61;5060;1cca63b5d8ea170f8d8e88e1574aa3ebe354c23b;9683;jaredpparsons@gmail.com;jaredpparsons@gmail.com
CodeGenAwaitUsingTests.cs;MODIFY;2212;0.0;Equal;True;2021-08-09 19:38:16+00:00;False;61;61;5060;f7b5160ede404403de8151d4dcb1c8c09d1b22e0;49;noreply@github.com;chucks@microsoft.com
CodeGenAwaitUsingTests.cs;MODIFY;2212;0.0;Grew;True;2022-03-15 18:10:53+00:00;False;61;61;5060;8192820f44833540022e0b1a5866e16b1696f7ec;26;noreply@github.com;jcouv@users.noreply.github.com
CodeGenAwaitUsingTests.cs;MODIFY;2266;54.0;Grew;True;2022-03-19 19:43:15+00:00;False;64;64;5125;d343e67ab200c1d8e945285d177b4aa4896e1afd;5;noreply@github.com;jcouv@users.noreply.github.com
CodeGenAwaitUsingTests.cs;MODIFY;2267;1.0;Grew;True;2022-10-27 16:09:54+00:00;False;64;64;5146;d2f6077c1af6081ea0a26fe69521ec10f7be1ffa;5;noreply@github.com;AlekseyTs@users.noreply.github.com
CodeGenAwaitUsingTests.cs;MODIFY;2267;0.0;Equal;True;2023-03-07 01:24:27+00:00;False;64;64;5106;8503a37d33cbed29571fdd94b29d205aec1b6780;97;cyrusn@microsoft.com;cyrusn@microsoft.com
CodeGenAwaitUsingTests.cs;MODIFY;2267;0.0;Equal;True;2023-03-07 08:00:50+00:00;False;64;64;5146;b3771f7dfb3e14e3a7ba7ae929182f83a38348eb;738;cyrus.najmabadi@gmail.com;cyrus.najmabadi@gmail.com
CodeGenAwaitUsingTests.cs;MODIFY;2892;625.0;Grew;True;2024-03-21 18:30:59+00:00;False;71;71;5875;2f72b4d947a31d0fa871f887a31eae51dc49f820;6;noreply@github.com;jcouv@users.noreply.github.com
CodeGenAwaitUsingTests.cs;MODIFY;3262;370.0;Grew;True;2024-05-15 10:16:52+00:00;False;82;82;7031;b5829098dcfc58653ed2bf0ec61d84282f1edf56;8;noreply@github.com;janjones@microsoft.com
CodeGenAwaitUsingTests.cs;MODIFY;3463;201.0;Grew;True;2024-06-11 21:42:27+00:00;False;91;87;7583;e88d57317793c85fa8567389d3bc83649efded95;8;noreply@github.com;jcouv@users.noreply.github.com
CodeGenAwaitUsingTests.cs;MODIFY;3463;0.0;Equal;True;2024-07-02 01:14:07+00:00;False;91;87;7599;70be0c74961f9d667ad90f68155d88087bacf3d0;54;noreply@github.com;jcouv@users.noreply.github.com
CodeGenAwaitUsingTests.cs;MODIFY;3463;0.0;Equal;True;2024-07-12 11:38:18+00:00;False;91;87;7599;e231014175c62d0e3d0460a16409ed69b630bcbd;33;noreply@github.com;AlekseyTs@users.noreply.github.com
