file_name;change_type;n_loc;lines_balance;size_change;is_large;date;swapped_classification;complexity;methods;tokens;hash;files_on_commit;committer_email;author_email
CovariantReturnTests.cs;ADD;202;0.0;Equal;False;2020-04-22 22:21:48+00:00;False;10;10;658;ea2dddfc7f63748b878dce49367ec2790d1a5772;6;ngafter@microsoft.com;ngafter@microsoft.com
CovariantReturnTests.cs;MODIFY;225;23.0;Grew;False;2020-04-23 23:58:19+00:00;False;11;11;812;e60bf05b0e47baf5fbc88bce6388fd4050bea036;2;ngafter@microsoft.com;ngafter@microsoft.com
CovariantReturnTests.cs;MODIFY;225;0.0;Equal;False;2020-04-24 00:35:58+00:00;False;11;11;812;6b2624d251ac4b2434affc704cee15c4fda7d79e;1;ngafter@microsoft.com;ngafter@microsoft.com
CovariantReturnTests.cs;MODIFY;354;129.0;Grew;False;2020-04-27 19:12:34+00:00;False;17;17;1375;5210155566f6c7b5d57b741a9cce2b552b00619a;2;ngafter@microsoft.com;ngafter@microsoft.com
CovariantReturnTests.cs;MODIFY;557;203.0;Grew;False;2020-04-27 19:12:34+00:00;False;24;24;2436;51e69fb6d186cb9910ef2163e1fc4696eee17ceb;1;ngafter@microsoft.com;ngafter@microsoft.com
CovariantReturnTests.cs;MODIFY;653;96.0;Grew;False;2020-04-27 22:25:55+00:00;False;26;26;3361;72ea185cb187cb8ac1ea89c753bf3c2fc2eb15c9;1;ngafter@microsoft.com;ngafter@microsoft.com
CovariantReturnTests.cs;MODIFY;652;-1.0;Decreased;False;2020-04-28 02:37:10+00:00;False;26;26;3348;4b4104bca502d95d8b3d326655d38c738c3914aa;2;ngafter@microsoft.com;ngafter@microsoft.com
CovariantReturnTests.cs;MODIFY;775;123.0;Grew;False;2020-04-28 03:06:27+00:00;False;30;30;4005;3693059ca8567f1679d1bd4de67f4816e69d833e;1;ngafter@microsoft.com;ngafter@microsoft.com
CovariantReturnTests.cs;MODIFY;859;84.0;Grew;False;2020-04-29 01:06:38+00:00;False;30;30;4156;96aca5f8fb68225653a53cdd6e26541f8b86968e;1;ngafter@microsoft.com;ngafter@microsoft.com
CovariantReturnTests.cs;MODIFY;1333;474.0;Grew;False;2020-05-04 22:06:49+00:00;False;47;35;5438;f4ceeee6bc61dd344a0b63c232d5532310929487;1;ngafter@microsoft.com;ngafter@microsoft.com
CovariantReturnTests.cs;MODIFY;883;-450.0;Decreased;False;2020-05-04 22:06:49+00:00;False;31;31;4350;7439390686603543590d25c7555b3f6ead3b2cf7;1;ngafter@microsoft.com;ngafter@microsoft.com
CovariantReturnTests.cs;MODIFY;977;94.0;Grew;False;2020-05-04 22:06:49+00:00;False;36;34;4811;1ae37dc45d60c5a7b956a347578d1b6e545f4093;3;ngafter@microsoft.com;ngafter@microsoft.com
CovariantReturnTests.cs;MODIFY;1401;424.0;Grew;False;2020-05-04 22:06:50+00:00;False;48;36;5644;045c671ef867334d47a92da6d1456c173ed81619;1;ngafter@microsoft.com;ngafter@microsoft.com
CovariantReturnTests.cs;MODIFY;1417;16.0;Grew;False;2020-05-04 22:06:50+00:00;False;54;38;5444;2052dcaa0f048ac58af327f849706d5860f7257c;1;ngafter@microsoft.com;ngafter@microsoft.com
CovariantReturnTests.cs;MODIFY;1456;39.0;Grew;False;2020-05-05 19:55:44+00:00;False;56;39;5801;3ffbe679fd9830cc0e07f198ce77dac1bc5ef1ec;4;ngafter@microsoft.com;ngafter@microsoft.com
CovariantReturnTests.cs;MODIFY;3763;2307.0;Grew;True;2020-07-07 01:11:56+00:00;True;174;60;16153;c319376d60e2886df1bd90b6b305dcf11f4c6256;49;noreply@github.com;neal.gafter@microsoft.com
CovariantReturnTests.cs;MODIFY;3954;191.0;Grew;True;2020-07-10 01:25:12+00:00;False;187;61;16194;899708f1efb3dc42243dac9908fb5b42f48413a0;2;noreply@github.com;neal.gafter@microsoft.com
CovariantReturnTests.cs;MODIFY;4356;402.0;Grew;True;2020-07-14 22:13:19+00:00;False;199;70;18076;4cb7712947c91aa86b1b1ee161524ec3187133ab;2;noreply@github.com;neal.gafter@microsoft.com
CovariantReturnTests.cs;MODIFY;4406;50.0;Grew;True;2020-07-16 20:46:04+00:00;False;204;71;18285;6f08659b10345db71c93048a6a5423bb1c355f4a;3;noreply@github.com;neal.gafter@microsoft.com
CovariantReturnTests.cs;MODIFY;4405;-1.0;Decreased;True;2020-07-30 18:11:30+00:00;False;203;71;18268;c106e8c469a734f5a02070754b6efd56dbdb4ac9;6;noreply@github.com;neal.gafter@microsoft.com
CovariantReturnTests.cs;MODIFY;4405;0.0;Equal;True;2020-08-15 00:26:02+00:00;False;205;71;18390;1ed3ef5f8a7f4e4264430ab3787c9dd7a7a817c6;107;noreply@github.com;jcouv@users.noreply.github.com
CovariantReturnTests.cs;MODIFY;4442;37.0;Grew;True;2020-09-03 01:26:19+00:00;False;206;72;18514;045d179400db88a2b3431b80fb5e84b76a59cad8;21;noreply@github.com;neal.gafter@microsoft.com
CovariantReturnTests.cs;MODIFY;4442;0.0;Equal;True;2020-09-28 16:36:46+00:00;False;206;72;18514;1cca63b5d8ea170f8d8e88e1574aa3ebe354c23b;9683;jaredpparsons@gmail.com;jaredpparsons@gmail.com
CovariantReturnTests.cs;MODIFY;4442;0.0;Equal;True;2020-09-28 18:28:16+00:00;False;206;72;18516;faaf7185b307be9724425304566b441596f75531;27;AlekseyTs@users.noreply.github.com;AlekseyTs@users.noreply.github.com
CovariantReturnTests.cs;MODIFY;4442;0.0;Equal;True;2022-09-30 19:11:41+00:00;False;206;72;18518;b5f9141fb4596ed4903b10a9d59c8f104fae2850;456;cyrusn@microsoft.com;cyrusn@microsoft.com
CovariantReturnTests.cs;MODIFY;4444;2.0;Grew;True;2023-02-06 18:18:24+00:00;False;206;72;18528;1e2115dc2cfe6bfe0422c5ef5b7fa5d6e8d32c45;22;noreply@github.com;tmat@users.noreply.github.com
CovariantReturnTests.cs;MODIFY;4444;0.0;Equal;True;2024-09-17 22:17:32+00:00;False;206;72;18530;a182892bf997a457cfcdbece5352e1a139eb2a12;37;noreply@github.com;jcouv@users.noreply.github.com
