file_name;change_type;n_loc;lines_balance;size_change;is_large;date;swapped_classification;complexity;methods;tokens;hash;files_on_commit;committer_email;author_email
DeclarationScopeParsingTests.cs;ADD;2878;0.0;Grew;True;2022-06-03 18:50:24+00:00;True;48;48;12686;75ac25c20c021615938f842f4d6fb69b4ef8da82;111;noreply@github.com;10732005+cston@users.noreply.github.com
DeclarationScopeParsingTests.cs;MODIFY;2878;0.0;Decreased;True;2022-06-27 15:24:28+00:00;False;48;48;12675;f27dec7da85321eebb962b45974ebc4bbcba7a42;61;noreply@github.com;10732005+cston@users.noreply.github.com
DeclarationScopeParsingTests.cs;MODIFY;2878;0.0;Equal;True;2022-07-08 12:41:48+00:00;False;48;48;12675;896e216db30cbad357c4d309017668936b9de3df;25;noreply@github.com;youssefvictor00@gmail.com
DeclarationScopeParsingTests.cs;MODIFY;2878;0.0;Equal;True;2022-07-12 22:48:09+00:00;False;48;48;12675;e0775fe70124b73419995853aec22d029188e00c;76;noreply@github.com;jcouv@users.noreply.github.com
DeclarationScopeParsingTests.cs;MODIFY;3434;556.0;Grew;True;2022-07-26 22:32:13+00:00;False;62;62;15453;d81ce6265fe2b3b4acbdcd5885846d1abdd15ed8;43;noreply@github.com;jcouv@users.noreply.github.com
DeclarationScopeParsingTests.cs;MODIFY;3434;0.0;Decreased;True;2022-07-28 05:45:06+00:00;False;62;62;15453;498db649881882daae248ea2a9deadd6cf40209d;19;noreply@github.com;jcouv@users.noreply.github.com
DeclarationScopeParsingTests.cs;MODIFY;4243;809.0;Grew;True;2022-09-14 16:04:45+00:00;False;73;73;19153;a4f5f160b2d79487ecc4218a4f6f3ec7fa30f9e5;50;noreply@github.com;AlekseyTs@users.noreply.github.com
DeclarationScopeParsingTests.cs;MODIFY;4323;80.0;Grew;True;2022-09-16 15:56:52+00:00;False;73;73;19338;f01e3f5dcc9ca32de215e92a8780b26f60991bad;19;noreply@github.com;AlekseyTs@users.noreply.github.com
DeclarationScopeParsingTests.cs;MODIFY;5243;920.0;Grew;True;2022-09-19 22:38:48+00:00;False;91;90;23900;1f8b9e94fa5ed891868e363baa35f6d333f5f114;21;noreply@github.com;AlekseyTs@users.noreply.github.com
DeclarationScopeParsingTests.cs;MODIFY;6328;1085.0;Grew;True;2022-09-23 14:41:02+00:00;False;117;116;29057;bea5f264cb04775d8c97cd12ad77d35069434392;5;noreply@github.com;AlekseyTs@users.noreply.github.com
DeclarationScopeParsingTests.cs;MODIFY;7648;1320.0;Grew;True;2022-09-23 14:41:40+00:00;False;146;145;36026;576abfa9a8f2d64967ceabe7fa0e5b7ebe550752;5;noreply@github.com;AlekseyTs@users.noreply.github.com
DeclarationScopeParsingTests.cs;MODIFY;9056;1408.0;Grew;True;2022-09-24 01:04:29+00:00;False;174;173;42268;f04f610913f586aa38576fbb4d21a4b23b88fbc9;6;noreply@github.com;AlekseyTs@users.noreply.github.com
DeclarationScopeParsingTests.cs;MODIFY;9395;339.0;Grew;True;2022-09-30 22:47:19+00:00;False;180;179;43816;ec3c1201cc5ba91644d4cee486d8d8c7e3801e44;1;noreply@github.com;AlekseyTs@users.noreply.github.com
DeclarationScopeParsingTests.cs;MODIFY;13986;4591.0;Grew;True;2022-10-13 14:37:33+00:00;False;248;247;64414;f020a377fca124b65ef93a4af9cf6ab7dcd463bf;30;noreply@github.com;AlekseyTs@users.noreply.github.com
DeclarationScopeParsingTests.cs;MODIFY;13998;12.0;Grew;True;2022-11-17 19:38:14+00:00;False;248;247;64471;9d5f1ace8506f3d0d0cef8cba1e472a9896c2258;20;noreply@github.com;AlekseyTs@users.noreply.github.com
DeclarationScopeParsingTests.cs;MODIFY;14011;13.0;Grew;True;2022-11-29 17:27:25+00:00;False;250;247;64685;3594256392b09f6943de31d699bb8998738976bd;22;noreply@github.com;cyrus.najmabadi@gmail.com
DeclarationScopeParsingTests.cs;MODIFY;13996;-15.0;Decreased;True;2022-12-06 14:33:36+00:00;False;250;247;64584;8c2cfad4bd8f78173a67100d98f3887f8c0caa68;19;noreply@github.com;AlekseyTs@users.noreply.github.com
DeclarationScopeParsingTests.cs;MODIFY;13996;0.0;Equal;True;2023-03-07 01:23:14+00:00;False;250;247;64580;c054a74342c42a96943f181576cea79c71a7ebe0;55;cyrusn@microsoft.com;cyrusn@microsoft.com
DeclarationScopeParsingTests.cs;MODIFY;13996;0.0;Equal;True;2023-03-07 08:00:50+00:00;False;250;247;64584;b3771f7dfb3e14e3a7ba7ae929182f83a38348eb;738;cyrus.najmabadi@gmail.com;cyrus.najmabadi@gmail.com
DeclarationScopeParsingTests.cs;MODIFY;13983;-13.0;Decreased;True;2023-06-08 07:15:31+00:00;False;250;247;64492;d573f231e48dd16990041009413592b6e4b8567d;24;noreply@github.com;janjones@microsoft.com
DeclarationScopeParsingTests.cs;MODIFY;13965;-18.0;Decreased;True;2023-08-12 01:04:37+00:00;False;250;247;64259;889c141e84bb7b19cefa1d8d6e8857e767224586;4;cyrus.najmabadi@gmail.com;cyrus.najmabadi@gmail.com
DeclarationScopeParsingTests.cs;MODIFY;13767;-198.0;Decreased;True;2023-08-12 02:04:07+00:00;False;250;247;63229;86f7461f10c4b6bc563c33ebfc0e3f9eb04eb673;5;cyrusn@microsoft.com;cyrusn@microsoft.com
DeclarationScopeParsingTests.cs;MODIFY;13675;-92.0;Decreased;True;2023-08-12 02:39:11+00:00;False;250;247;62879;8e04b38ac8d1cc44fc52eb2e05d0ad5b182dfeb3;7;cyrusn@microsoft.com;cyrusn@microsoft.com
DeclarationScopeParsingTests.cs;MODIFY;13675;0.0;Decreased;True;2023-08-12 17:21:21+00:00;False;250;247;62879;8f0c497ec5494d2e55459a0f6a143f7b45966161;1;cyrusn@microsoft.com;cyrusn@microsoft.com
