file_name;change_type;n_loc;lines_balance;size_change;is_large;date;swapped_classification;complexity;methods;tokens;hash;files_on_commit;committer_email;author_email
GlobalUsingDirectiveTests.cs;ADD;110;0.0;Equal;False;2021-02-24 22:27:40+00:00;False;5;5;252;b0019bab5307a0bf94fad27b22c6816681407db2;32;noreply@github.com;AlekseyTs@users.noreply.github.com
GlobalUsingDirectiveTests.cs;MODIFY;3718;3608.0;Grew;True;2021-03-19 00:42:52+00:00;True;51;51;22437;8d52ef005347224be521c51936f5cf0a015c53a0;17;noreply@github.com;AlekseyTs@users.noreply.github.com
GlobalUsingDirectiveTests.cs;MODIFY;3876;158.0;Grew;True;2021-03-29 21:38:38+00:00;False;52;52;23745;a70e374749ef06c44f5e188b9533bd5696283552;2;noreply@github.com;AlekseyTs@users.noreply.github.com
GlobalUsingDirectiveTests.cs;MODIFY;3883;7.0;Grew;True;2021-04-23 17:34:57+00:00;False;52;52;23885;f53f0ad9b95c4c735b393df1bca61167d2a71275;3;noreply@github.com;AlekseyTs@users.noreply.github.com
GlobalUsingDirectiveTests.cs;MODIFY;3883;0.0;Equal;True;2021-06-09 02:33:32+00:00;False;52;52;23884;641e51d862503ac9721e85f82a6185daf0e69cb4;41;cyrusn@microsoft.com;cyrusn@microsoft.com
GlobalUsingDirectiveTests.cs;MODIFY;3883;0.0;Equal;True;2021-06-09 03:05:05+00:00;False;52;52;23885;765c81aa5537ae58030d915f81836a58de26b2ea;210;cyrusn@microsoft.com;cyrusn@microsoft.com
GlobalUsingDirectiveTests.cs;MODIFY;4001;118.0;Grew;True;2021-06-22 12:07:43+00:00;False;55;55;25193;5796f16a8fcf2e2d39b3bd423e3b03d492054f7a;18;noreply@github.com;AlekseyTs@users.noreply.github.com
GlobalUsingDirectiveTests.cs;MODIFY;4006;5.0;Grew;True;2021-06-24 22:39:38+00:00;False;55;55;25269;9e30164a1ea97f6f18d48743b05ec68f09fba301;55;noreply@github.com;jcouv@users.noreply.github.com
GlobalUsingDirectiveTests.cs;MODIFY;4006;0.0;Equal;True;2021-07-08 05:15:04+00:00;False;55;55;25269;092b02268b11e3496b2f1e66eea540a5c7657c01;19;fred@silberberg.xyz;fred@silberberg.xyz
GlobalUsingDirectiveTests.cs;MODIFY;4006;0.0;Equal;True;2021-08-06 03:12:41+00:00;False;55;55;25269;150b4d16cbe94b54d662b8793eeb628829aba7ff;38;noreply@github.com;jcouv@users.noreply.github.com
GlobalUsingDirectiveTests.cs;MODIFY;4006;0.0;Equal;True;2021-08-09 19:38:16+00:00;False;55;55;25269;f7b5160ede404403de8151d4dcb1c8c09d1b22e0;49;noreply@github.com;chucks@microsoft.com
GlobalUsingDirectiveTests.cs;MODIFY;4028;22.0;Grew;True;2021-08-26 16:47:41+00:00;False;56;56;25488;108bad7cad75d35dd775d0449e233378a947566b;1;noreply@github.com;AlekseyTs@users.noreply.github.com
GlobalUsingDirectiveTests.cs;MODIFY;4030;2.0;Grew;True;2022-09-16 18:00:59+00:00;False;56;56;25444;d2b0827432317442f6ed65d2407f88c47b4dea58;79;noreply@github.com;10732005+cston@users.noreply.github.com
GlobalUsingDirectiveTests.cs;MODIFY;4029;-1.0;Decreased;True;2022-11-18 04:01:51+00:00;False;56;56;25444;dc04e499a090e9e2277ef358eb385905fd4a6003;65;noreply@github.com;cyrus.najmabadi@gmail.com
GlobalUsingDirectiveTests.cs;MODIFY;4120;91.0;Grew;True;2023-02-03 00:43:58+00:00;False;62;62;25861;c8d3925ffb827fa70a762becfd951f80e54548f8;60;noreply@github.com;cyrus.najmabadi@gmail.com
GlobalUsingDirectiveTests.cs;MODIFY;4002;-118.0;Decreased;True;2023-02-06 18:18:24+00:00;False;56;56;25588;1e2115dc2cfe6bfe0422c5ef5b7fa5d6e8d32c45;22;noreply@github.com;tmat@users.noreply.github.com
GlobalUsingDirectiveTests.cs;MODIFY;4093;91.0;Grew;True;2023-08-08 07:27:06+00:00;False;62;62;26009;41de0bce4b34102e47d26633387769157a8a489c;90;noreply@github.com;jcouv@users.noreply.github.com
