file_name;change_type;n_loc;lines_balance;size_change;is_large;date;swapped_classification;complexity;methods;tokens;hash;files_on_commit;committer_email;author_email
LambdaParameterParsingTests.cs;RENAME;not calculated;0.0;Equal;False;2015-01-13 22:49:15+00:00;False;not calculated;0;not calculated;e315208fe33d43964fb649935e3bbff2275fa101;5572;roslynteam@microsoft.com;roslynteam@microsoft.com
LambdaParameterParsingTests.cs;MODIFY;529.0;0.0;Equal;False;2015-01-14 23:17:33+00:00;False;6;6;2150;f7de4d2f123f783a78bfd6b3506c2a4e6e752d24;3097;jaredpar@microsoft.com;jaredpar@microsoft.com
LambdaParameterParsingTests.cs;MODIFY;589.0;60.0;Grew;False;2016-10-13 22:01:13+00:00;False;8;8;2429;54fdc858cac1131e24cbcb64f9bb0939ef1d5180;3;noreply@github.com;jcouv@users.noreply.github.com
LambdaParameterParsingTests.cs;MODIFY;574.0;-15.0;Decreased;False;2016-12-12 03:07:13+00:00;False;8;8;2346;3806ef8e37758582a2810d3bab7f316c5a71d28e;81;jcouv@users.noreply.github.com;neal@gafter.com
LambdaParameterParsingTests.cs;MODIFY;573.0;-1.0;Equal;False;2017-01-01 07:06:02+00:00;False;9;9;2339;1e38875dd13c712bf347050d7b27512bc8365a13;31;noreply@github.com;jcouv@users.noreply.github.com
LambdaParameterParsingTests.cs;MODIFY;571.0;-2.0;Grew;False;2017-02-01 17:26:26+00:00;False;9;9;2379;3b0e09a8a5105c1b2ae91038d93308ec031b44fe;5;noreply@github.com;neal@gafter.com
LambdaParameterParsingTests.cs;MODIFY;567.0;-4.0;Decreased;False;2017-05-17 20:48:54+00:00;False;9;9;2363;7cdd66af862121ac54d8bb94c455a8067ee587fc;4;cyrusn@microsoft.com;cyrusn@microsoft.com
LambdaParameterParsingTests.cs;MODIFY;567.0;0.0;Equal;False;2017-08-01 23:44:41+00:00;False;9;9;2363;94ab292d2c79b1675de0d6ff0a7361ecfbf20cfb;1420;noreply@github.com;cyrusn@microsoft.com
LambdaParameterParsingTests.cs;MODIFY;1104.0;537.0;Grew;False;2019-05-30 20:31:05+00:00;False;18;18;4715;3816bf8274a594e3da4828a8bb03d1ddd89177d3;26;noreply@github.com;laurenfay.rosenberg@mail.utoronto.ca
LambdaParameterParsingTests.cs;MODIFY;1109.0;5.0;Grew;False;2019-06-11 16:43:45+00:00;False;18;18;4738;3e72bb0783335a7727edfe27eb03c96654484f4d;7;noreply@github.com;laurenfay.rosenberg@mail.utoronto.ca
LambdaParameterParsingTests.cs;MODIFY;1110.0;1.0;Grew;False;2019-07-31 17:05:35+00:00;False;18;18;4803;1d0776f036b7ff7aff04baf66e1e0ba3831a2d73;22;noreply@github.com;laurenfay.rosenberg@mail.utoronto.ca
LambdaParameterParsingTests.cs;MODIFY;567.0;-543.0;Equal;False;2019-12-20 01:31:32+00:00;False;9;9;2363;804d73ec7f9a44f975125c36afbcdc89dc012dc5;11;frsilb@microsoft.com;frsilb@microsoft.com
LambdaParameterParsingTests.cs;MODIFY;567.0;0.0;Grew;False;2020-01-23 01:01:51+00:00;False;9;9;2363;91571a3bb038e05e7bf2ab87510273a1017faed0;12706;jmarolf@microsoft.com;jmarolf@microsoft.com
LambdaParameterParsingTests.cs;MODIFY;1110.0;543.0;Equal;False;2020-07-31 15:16:03+00:00;False;18;18;4813;3f382cb2f3eb684f96c4b0027ea44c1f4f9c41df;38;noreply@github.com;t-kevsu@microsoft.com
LambdaParameterParsingTests.cs;MODIFY;1672.0;562.0;Grew;False;2020-08-11 18:13:12+00:00;False;28;28;7420;3b0b5e140ecb3022232ef77a2648cf7e1a119a58;36;noreply@github.com;t-kevsu@microsoft.com
LambdaParameterParsingTests.cs;MODIFY;567.0;-1105.0;Grew;False;2020-09-28 16:36:46+00:00;False;9;9;2363;1cca63b5d8ea170f8d8e88e1574aa3ebe354c23b;9683;jaredpparsons@gmail.com;jaredpparsons@gmail.com
LambdaParameterParsingTests.cs;MODIFY;560.0;-7.0;Decreased;False;2021-06-10 05:54:38+00:00;False;9;9;2375;954ef84aa2c227cd526f6712ecb921dfe56a1b08;13;noreply@github.com;chucks@microsoft.com
LambdaParameterParsingTests.cs;MODIFY;635.0;75.0;Grew;False;2021-06-21 21:35:33+00:00;False;12;12;2727;56c3369cb18029ca497ddc130c1c96b658a0cb4c;33;noreply@github.com;chucks@microsoft.com
LambdaParameterParsingTests.cs;MODIFY;1739.0;1104.0;Decreased;False;2021-10-20 22:19:46+00:00;False;31;31;7781;f907633aee2ec21a2984c2917726170220d3bfd9;36;noreply@github.com;rigibson@microsoft.com
LambdaParameterParsingTests.cs;MODIFY;1806.0;67.0;Grew;True;2021-11-01 21:30:10+00:00;True;32;32;8052;6ba3deac0e53fbc9e29a867a935fc83d9baf9561;23;noreply@github.com;rigibson@microsoft.com
LambdaParameterParsingTests.cs;MODIFY;1941.0;135.0;Grew;True;2022-01-05 22:15:44+00:00;False;50;50;9055;d801fa2733ad3729ee04275e8732f0fd87c064d4;4;cyrusn@microsoft.com;cyrusn@microsoft.com
LambdaParameterParsingTests.cs;MODIFY;1623.0;-318.0;Decreased;False;2022-01-05 23:02:50+00:00;True;50;50;7678;63799ac30c4746b3bd3135133c6f5409e7a231b2;15;cyrusn@microsoft.com;cyrusn@microsoft.com
LambdaParameterParsingTests.cs;MODIFY;2883.0;1260.0;Grew;True;2022-01-05 23:25:29+00:00;True;50;50;13116;7eabbf583d376ccd32932bb8b876e6740f064ade;3;cyrusn@microsoft.com;cyrusn@microsoft.com
LambdaParameterParsingTests.cs;MODIFY;2907.0;24.0;Grew;True;2022-01-06 01:18:54+00:00;False;50;50;13116;1d233bf2d217759c0d70eecbbdaa764af3669c42;3;rigibson@microsoft.com;rigibson@microsoft.com
LambdaParameterParsingTests.cs;MODIFY;2900.0;-7.0;Decreased;True;2022-01-06 21:28:18+00:00;False;50;50;13041;1b2c4929b000539de8e300727fc46b18be85c220;2;cyrusn@microsoft.com;cyrusn@microsoft.com
LambdaParameterParsingTests.cs;MODIFY;2905.0;5.0;Decreased;True;2022-01-06 22:04:30+00:00;False;50;50;13002;49825a49cabb9b487844c8c09051039ec9de98e9;2;cyrusn@microsoft.com;cyrusn@microsoft.com
LambdaParameterParsingTests.cs;MODIFY;2907.0;2.0;Grew;True;2022-01-07 05:17:28+00:00;False;50;50;13116;0e5c6795a94ab37fee6a54ad35ef4f3f64e317d0;6;noreply@github.com;rigibson@microsoft.com
LambdaParameterParsingTests.cs;MODIFY;3337.0;430.0;Grew;True;2022-04-25 20:56:24+00:00;False;65;65;15223;cc00ddf5d243bc4ef9593be2ee6f40625098d120;3;noreply@github.com;10732005+cston@users.noreply.github.com
LambdaParameterParsingTests.cs;MODIFY;3337.0;0.0;Equal;True;2022-05-02 21:18:09+00:00;False;65;65;15179;0c31b36b31a1ebebc38e1e09a61e44e41a84abd2;140;noreply@github.com;10732005+cston@users.noreply.github.com
LambdaParameterParsingTests.cs;MODIFY;3327.0;-10.0;Grew;True;2022-05-24 22:20:32+00:00;False;65;65;15195;220b3ebfd25a839b3abc1b0096eaca0b9de0a3c2;135;noreply@github.com;rigibson@microsoft.com
LambdaParameterParsingTests.cs;MODIFY;3327.0;0.0;Grew;True;2022-06-01 01:41:34+00:00;False;65;65;15195;63fb830d2ff070359f7492ef3b952d45f6fcaa1e;2593;noreply@github.com;Cosifne@users.noreply.github.com
LambdaParameterParsingTests.cs;MODIFY;3337.0;10.0;Decreased;True;2022-06-01 04:53:39+00:00;False;65;65;15223;3ea430ec1f2669d8e906a6d70bfdf94de66ce657;2593;shech@microsoft.com;shech@microsoft.com
LambdaParameterParsingTests.cs;MODIFY;3332.0;-5.0;Decreased;True;2022-06-03 18:50:24+00:00;False;65;65;15181;75ac25c20c021615938f842f4d6fb69b4ef8da82;111;noreply@github.com;10732005+cston@users.noreply.github.com
LambdaParameterParsingTests.cs;MODIFY;3356.0;24.0;Grew;True;2022-07-08 12:41:48+00:00;False;65;65;15756;896e216db30cbad357c4d309017668936b9de3df;25;noreply@github.com;youssefvictor00@gmail.com
LambdaParameterParsingTests.cs;MODIFY;3356.0;0.0;Equal;True;2022-07-12 22:48:09+00:00;False;65;65;15756;e0775fe70124b73419995853aec22d029188e00c;76;noreply@github.com;jcouv@users.noreply.github.com
LambdaParameterParsingTests.cs;MODIFY;4623.0;1267.0;Grew;True;2022-07-21 21:46:51+00:00;False;84;84;21223;e4f515ee0b56335fbe48d13206a73e0ca4dd7b6b;4;noreply@github.com;adamp@nanosoft.com
LambdaParameterParsingTests.cs;MODIFY;3519.0;-1104.0;Grew;True;2022-09-21 10:44:15+00:00;False;71;71;16481;858272d821833b855aece6ebec492e0d5674093d;1;noreply@github.com;janjones@microsoft.com
LambdaParameterParsingTests.cs;MODIFY;5308.0;1789.0;Grew;True;2022-10-18 07:45:27+00:00;False;101;101;24363;594284e25d45c8a9d28692e800894df2007059e3;5;noreply@github.com;janjones@microsoft.com
LambdaParameterParsingTests.cs;MODIFY;5308.0;0.0;Decreased;True;2022-11-17 19:55:57+00:00;False;101;101;24363;a8824e82d523f5a698dcab6e2754618d347f94b2;648;noreply@github.com;jcouv@users.noreply.github.com
LambdaParameterParsingTests.cs;MODIFY;5308.0;0.0;Equal;True;2023-01-28 21:22:43+00:00;False;101;101;24368;c555e80e6c5a55c45c958b39db62880bbcee65e0;11;noreply@github.com;cyrus.najmabadi@gmail.com
LambdaParameterParsingTests.cs;MODIFY;5300.0;-8.0;Decreased;True;2023-01-31 23:52:07+00:00;False;101;101;24322;598cbe4e886144b4d57939ac90befd44b009ce9c;15;noreply@github.com;cyrus.najmabadi@gmail.com
LambdaParameterParsingTests.cs;MODIFY;5308.0;8.0;Equal;True;2023-03-07 01:23:14+00:00;False;101;101;24346;c054a74342c42a96943f181576cea79c71a7ebe0;55;cyrusn@microsoft.com;cyrusn@microsoft.com
LambdaParameterParsingTests.cs;MODIFY;5308.0;0.0;Equal;True;2023-03-07 08:00:50+00:00;False;101;101;24368;b3771f7dfb3e14e3a7ba7ae929182f83a38348eb;738;cyrus.najmabadi@gmail.com;cyrus.najmabadi@gmail.com
LambdaParameterParsingTests.cs;MODIFY;5300.0;-8.0;Equal;True;2023-06-23 23:05:43+00:00;False;101;101;24322;d2d0d3c76cea3915b21e2564ae4062299ea5d4ab;24;noreply@github.com;10732005+cston@users.noreply.github.com
LambdaParameterParsingTests.cs;MODIFY;5329.0;29.0;Grew;True;2024-10-07 20:06:50+00:00;False;101;101;24682;def41e8f29de304f1514bf51a712e8baa1f8107b;20;noreply@github.com;cyrus.najmabadi@gmail.com
