file_name;change_type;n_loc;lines_balance;size_change;is_large;date;swapped_classification;complexity;methods;tokens;hash;files_on_commit;committer_email;author_email
LambdaAttributeParsingTests.cs;ADD;1860;0.0;Equal;True;2021-03-31 15:02:49+00:00;True;48;48;8630;446399422d1d8f7a97a2c04eea8775d3559d206d;26;noreply@github.com;chucks@microsoft.com
LambdaAttributeParsingTests.cs;MODIFY;1855;-5.0;Decreased;True;2021-04-14 01:02:33+00:00;False;48;48;8525;9a800bfc27abe18ffbc6338d86f8e09b616fa6ce;54;noreply@github.com;chucks@microsoft.com
LambdaAttributeParsingTests.cs;MODIFY;3240;1385.0;Grew;True;2021-07-23 18:00:30+00:00;False;75;75;14378;ebbae5b9099aa1ede5d99beb2923655e7b64c729;4;noreply@github.com;chucks@microsoft.com
LambdaAttributeParsingTests.cs;MODIFY;3353;113.0;Grew;True;2021-09-30 01:44:19+00:00;False;81;78;14980;ba2df8a7f464c0313c18e1a2cf78fdaccd6538fe;5;noreply@github.com;chucks@microsoft.com
LambdaAttributeParsingTests.cs;MODIFY;3447;94.0;Grew;True;2022-02-20 04:42:43+00:00;False;82;79;15382;c85df2bab34a96052642097129b4029328f8ef7f;6;noreply@github.com;10732005+cston@users.noreply.github.com
LambdaAttributeParsingTests.cs;MODIFY;3447;0.0;Equal;True;2022-05-02 21:18:09+00:00;False;82;79;15370;0c31b36b31a1ebebc38e1e09a61e44e41a84abd2;140;noreply@github.com;10732005+cston@users.noreply.github.com
LambdaAttributeParsingTests.cs;MODIFY;3447;0.0;Equal;True;2022-06-01 01:41:34+00:00;False;82;79;15370;63fb830d2ff070359f7492ef3b952d45f6fcaa1e;2593;noreply@github.com;Cosifne@users.noreply.github.com
LambdaAttributeParsingTests.cs;MODIFY;3447;0.0;Equal;True;2022-06-01 04:53:39+00:00;False;82;79;15382;3ea430ec1f2669d8e906a6d70bfdf94de66ce657;2593;shech@microsoft.com;shech@microsoft.com
LambdaAttributeParsingTests.cs;MODIFY;3375;-72.0;Decreased;True;2023-01-31 23:52:07+00:00;False;82;79;14972;598cbe4e886144b4d57939ac90befd44b009ce9c;15;noreply@github.com;cyrus.najmabadi@gmail.com
LambdaAttributeParsingTests.cs;MODIFY;3378;3.0;Grew;True;2023-06-12 18:47:19+00:00;False;82;79;14981;2955139c0e6381d5a0c7915b59771dfde2731258;4;noreply@github.com;cyrus.najmabadi@gmail.com
LambdaAttributeParsingTests.cs;MODIFY;3378;0.0;Equal;True;2023-06-23 23:05:43+00:00;False;82;79;14981;d2d0d3c76cea3915b21e2564ae4062299ea5d4ab;24;noreply@github.com;10732005+cston@users.noreply.github.com
LambdaAttributeParsingTests.cs;MODIFY;3373;-5.0;Decreased;True;2023-06-26 20:34:31+00:00;False;82;79;14956;3720edc0a1bae336e58212cdc98b3a01286b9c56;31;noreply@github.com;10732005+cston@users.noreply.github.com
LambdaAttributeParsingTests.cs;MODIFY;3413;40.0;Grew;True;2023-06-27 22:48:06+00:00;False;83;80;15125;45afaea1e2bd6d7ea7a842095662d53f4b0ce431;5;noreply@github.com;cyrus.najmabadi@gmail.com
LambdaAttributeParsingTests.cs;MODIFY;4241;828.0;Grew;True;2024-06-06 20:53:35+00:00;False;94;89;18628;23010b804e5c941a98e4a979b7d6630efce365ad;4;noreply@github.com;cyrus.najmabadi@gmail.com
LambdaAttributeParsingTests.cs;MODIFY;4262;21.0;Grew;True;2024-10-02 17:22:45+00:00;False;94;89;18707;6cff56e34f1e99b9af64c57276b7c00ef57eeba0;1;cyrus.najmabadi@gmail.com;cyrus.najmabadi@gmail.com
LambdaAttributeParsingTests.cs;MODIFY;4262;0.0;Equal;True;2024-10-02 19:14:35+00:00;False;94;89;18722;e80e09c20629d75459dbf9a817d50b70e7e15d92;1;cyrus.najmabadi@gmail.com;cyrus.najmabadi@gmail.com
LambdaAttributeParsingTests.cs;MODIFY;4272;10.0;Grew;True;2024-10-02 21:22:20+00:00;False;94;89;18767;7f5b399e838d94d2b90a842cf0411b717b1bcf12;3;cyrus.najmabadi@gmail.com;cyrus.najmabadi@gmail.com
LambdaAttributeParsingTests.cs;MODIFY;4272;0.0;Equal;True;2024-10-02 21:29:44+00:00;False;94;89;18772;24177dd51baeab10dac6e8556a0e5dd3a99d69c1;2;cyrus.najmabadi@gmail.com;cyrus.najmabadi@gmail.com
