file_name;change_type;n_loc;lines_balance;size_change;is_large;date;swapped_classification;complexity;methods;tokens;hash;files_on_commit;committer_email;author_email
LookupPositionTests.cs;RENAME;not calculated;0.0;Equal;False;2015-01-13 22:49:15+00:00;False;not calculated;0;not calculated;e315208fe33d43964fb649935e3bbff2275fa101;5572;roslynteam@microsoft.com;roslynteam@microsoft.com
LookupPositionTests.cs;MODIFY;1519.0;0.0;Equal;False;2015-01-14 23:17:33+00:00;False;37;32;4141;f7de4d2f123f783a78bfd6b3506c2a4e6e752d24;3097;jaredpar@microsoft.com;jaredpar@microsoft.com
LookupPositionTests.cs;MODIFY;1519.0;0.0;Equal;False;2015-01-31 20:25:50+00:00;False;37;32;4141;995eb37272cf020300ad3f1d21b8a9bf2ffce0bb;1737;roslynteam@microsoft.com;dotnet-bot@microsoft.com
LookupPositionTests.cs;MODIFY;1519.0;0.0;Equal;False;2015-02-24 21:14:33+00:00;False;37;32;4145;5239929954782ae31d1c6f93c7355f270e049a35;224;vladres@microsoft.com;vladres@microsoft.com
LookupPositionTests.cs;MODIFY;1519.0;0.0;Equal;False;2016-01-26 02:24:23+00:00;False;37;32;4145;e4989ef1d1ad18de41c4bfc6ccc390c48a9d0f5c;1007;jaredpar@microsoft.com;jaredpar@microsoft.com
LookupPositionTests.cs;MODIFY;1523.0;4.0;Grew;False;2016-06-16 21:52:44+00:00;False;37;32;4178;93ebb390110f8473679255f5125e8f4e4c324eb7;45;jaredpar@microsoft.com;jaredpar@microsoft.com
LookupPositionTests.cs;MODIFY;1519.0;-4.0;Decreased;False;2016-06-19 01:45:37+00:00;False;36;32;4144;6205883b4c06101994e14232fddebebb4bf59761;65;jaredpar@microsoft.com;jaredpar@microsoft.com
LookupPositionTests.cs;MODIFY;1519.0;0.0;Equal;False;2016-06-23 21:41:39+00:00;False;36;32;4144;6dd320a0b258088deeaef876fb7e3dc13bda7adc;1007;neal@gafter.com;neal@gafter.com
LookupPositionTests.cs;MODIFY;1519.0;0.0;Equal;False;2017-02-15 21:21:55+00:00;False;36;32;4144;472df5c12fd30447dedc4585ef6442b0c5546198;10;alekseyt@microsoft.com;alekseyt@microsoft.com
LookupPositionTests.cs;MODIFY;1558.0;39.0;Grew;False;2017-02-23 20:37:12+00:00;False;37;33;4244;f26da037f8d5afbaef9208b6b13fb658d2a26253;4;alekseyt@microsoft.com;alekseyt@microsoft.com
LookupPositionTests.cs;MODIFY;1558.0;0.0;Equal;False;2017-04-08 00:27:34+00:00;False;37;33;4244;5a3e9ed8a3e163c2bf35d298d62531e0cf11c96f;275;angocke@microsoft.com;angocke@microsoft.com
LookupPositionTests.cs;MODIFY;1559.0;1.0;Grew;False;2017-06-16 23:47:56+00:00;False;37;33;4251;006a1faf4f83c16f93c1eae5583c2dd7f6c02f51;1101;tomat@microsoft.com;tomat@microsoft.com
LookupPositionTests.cs;MODIFY;1585.0;26.0;Grew;False;2017-09-06 18:06:39+00:00;False;38;34;4348;674f4e1cade6d9f2ca46346564d543ebf5e1bd72;9;noreply@github.com;jcouv@users.noreply.github.com
LookupPositionTests.cs;MODIFY;1585.0;0.0;Equal;False;2018-02-19 15:54:46+00:00;False;38;34;4348;3d71946814b308d8e929a2923bb3dc230901edbc;26;jaredpparsons@gmail.com;jaredpparsons@gmail.com
LookupPositionTests.cs;MODIFY;1585.0;0.0;Equal;False;2018-02-19 15:54:55+00:00;False;38;34;4348;bae7eab0a42d323c95bbb923d53ec90a0ff4f3fb;305;jaredpparsons@gmail.com;jaredpparsons@gmail.com
LookupPositionTests.cs;MODIFY;1585.0;0.0;Equal;False;2018-05-31 20:59:41+00:00;False;38;34;4339;bcd06cf2b5acbbb0ac093b6097b027a7be79b45a;64;jaredpar@microsoft.com;jaredpar@microsoft.com
LookupPositionTests.cs;MODIFY;1583.0;-2.0;Decreased;False;2019-03-29 03:57:33+00:00;False;38;34;4335;8918cac2fa139498b94d146655b933dd307bc711;5;alekseyt@microsoft.com;alekseyt@microsoft.com
LookupPositionTests.cs;MODIFY;1620.0;37.0;Grew;False;2020-01-17 06:22:29+00:00;False;40;36;4437;28b8eb55c2c7cf068d63e6b2e7658e998bc35a57;25;noreply@github.com;angocke@microsoft.com
LookupPositionTests.cs;MODIFY;1583.0;-37.0;Grew;False;2020-01-23 01:01:51+00:00;False;38;34;4335;91571a3bb038e05e7bf2ab87510273a1017faed0;12706;jmarolf@microsoft.com;jmarolf@microsoft.com
LookupPositionTests.cs;MODIFY;1622.0;39.0;Grew;False;2020-01-24 21:01:03+00:00;False;40;36;4441;e85be97bb93991ff7e842ad9199799471f187e60;32;noreply@github.com;angocke@microsoft.com
LookupPositionTests.cs;MODIFY;1625.0;3.0;Grew;False;2020-02-28 00:08:06+00:00;False;40;36;4447;0f5e24fcbb992949cb2b7a9da70a46269399272d;28;noreply@github.com;angocke@microsoft.com
LookupPositionTests.cs;MODIFY;1583.0;-42.0;Equal;False;2020-05-15 17:55:59+00:00;False;38;34;4335;f98dfe5697e59d146ea1a463d6a9e990a99bf8f0;198;noreply@github.com;n@balakin.me
LookupPositionTests.cs;MODIFY;1626.0;43.0;Grew;False;2020-05-30 00:08:00+00:00;False;40;36;4449;f089d871f13fac5f81eda073957f94ab6c5a7f14;31;noreply@github.com;angocke@microsoft.com
LookupPositionTests.cs;MODIFY;1684.0;58.0;Grew;False;2020-06-02 21:20:59+00:00;False;41;37;4581;eebb3e44cf887e9787633b2bbb981e68a05d8a7f;18;noreply@github.com;angocke@microsoft.com
LookupPositionTests.cs;MODIFY;1684.0;0.0;Equal;False;2020-06-04 04:59:18+00:00;False;41;37;4588;53caa79bea67fec77afbdcca0dd9cac3c3116d7a;46;andy@commentout.net;andy@commentout.net
LookupPositionTests.cs;MODIFY;2019.0;335.0;Grew;True;2020-06-05 23:17:59+00:00;True;49;45;5296;062cfa52e001868b54bcbcc0b54839fed5b17a99;16;noreply@github.com;AlekseyTs@users.noreply.github.com
LookupPositionTests.cs;MODIFY;2031.0;12.0;Grew;True;2020-06-06 03:49:26+00:00;False;49;45;5308;9b82fcd1013fec6b4b38e6cc584a7e9f1bdb2ca7;12;noreply@github.com;chucks@microsoft.com
LookupPositionTests.cs;MODIFY;2017.0;-14.0;Decreased;True;2020-06-06 08:43:58+00:00;False;49;45;5280;089d7bd1031ca4b5995355edf8c489d499a53269;26;noreply@github.com;angocke@microsoft.com
LookupPositionTests.cs;MODIFY;2121.0;104.0;Grew;True;2020-06-06 23:29:46+00:00;False;52;48;5513;a646747faa8da4ad0e90fea9b5ce5a3b57413786;6;noreply@github.com;AlekseyTs@users.noreply.github.com
LookupPositionTests.cs;MODIFY;2136.0;15.0;Grew;True;2020-06-10 01:48:04+00:00;False;52;48;5543;322bb9f0d199f097cffa7026b595a25a02f2c8ae;20;noreply@github.com;rigibson@microsoft.com
LookupPositionTests.cs;MODIFY;2136.0;0.0;Equal;True;2020-06-29 16:05:25+00:00;False;52;48;5543;35370ebd2392500d72aa15bba3e709e3e9aefc41;25;noreply@github.com;AlekseyTs@users.noreply.github.com
LookupPositionTests.cs;MODIFY;2147.0;11.0;Grew;True;2020-07-02 22:31:14+00:00;False;52;48;5565;79f298bcb8ad841446380212d1f059e20b4585b0;29;noreply@github.com;AlekseyTs@users.noreply.github.com
LookupPositionTests.cs;MODIFY;2147.0;0.0;Equal;True;2020-07-20 06:14:00+00:00;False;52;48;5565;41fa23e17b30659610a2b257155b688cd4f5ac9a;7;noreply@github.com;jcouv@users.noreply.github.com
LookupPositionTests.cs;MODIFY;2181.0;34.0;Grew;True;2020-08-14 04:02:17+00:00;False;52;48;5735;264b33e7f6a6ca66fa489bcec5a771e99b32cc4f;30;noreply@github.com;jcouv@users.noreply.github.com
LookupPositionTests.cs;MODIFY;2181.0;0.0;Equal;True;2020-08-15 00:26:02+00:00;False;52;48;5735;1ed3ef5f8a7f4e4264430ab3787c9dd7a7a817c6;107;noreply@github.com;jcouv@users.noreply.github.com
LookupPositionTests.cs;MODIFY;2181.0;0.0;Grew;True;2020-09-28 16:36:46+00:00;False;52;48;5735;1cca63b5d8ea170f8d8e88e1574aa3ebe354c23b;9683;jaredpparsons@gmail.com;jaredpparsons@gmail.com
LookupPositionTests.cs;MODIFY;2181.0;0.0;Equal;True;2020-12-18 22:41:08+00:00;False;52;48;5735;7aeb78f800e9144f3485d4e9201c455e7afb6f45;209;noreply@github.com;tmat@users.noreply.github.com
LookupPositionTests.cs;MODIFY;3732.0;1551.0;Grew;True;2022-12-18 18:47:05+00:00;False;63;59;8068;cfb509f5620fa1e245f4ed2a1464191d52d2257e;54;noreply@github.com;AlekseyTs@users.noreply.github.com
LookupPositionTests.cs;MODIFY;2926.0;-806.0;Decreased;True;2023-01-05 00:09:30+00:00;False;79;53;7351;e76e58c5ebba9e4f77d2966ff6fe710b984c6939;42;noreply@github.com;AlekseyTs@users.noreply.github.com
LookupPositionTests.cs;MODIFY;2926.0;0.0;Equal;True;2023-03-07 01:23:44+00:00;False;79;53;7313;64fd6efb7af79ab09d3631aecded91e93b550fc1;91;cyrusn@microsoft.com;cyrusn@microsoft.com
LookupPositionTests.cs;MODIFY;2926.0;0.0;Equal;True;2023-03-07 08:00:50+00:00;False;79;53;7351;b3771f7dfb3e14e3a7ba7ae929182f83a38348eb;738;cyrus.najmabadi@gmail.com;cyrus.najmabadi@gmail.com
LookupPositionTests.cs;MODIFY;2927.0;1.0;Grew;True;2024-06-13 11:54:12+00:00;False;79;53;7356;c24c886fa5939db25ac27d7f77100d36b312182c;45;noreply@github.com;janjones@microsoft.com
LookupPositionTests.cs;MODIFY;2926.0;-1.0;Decreased;True;2024-06-14 09:18:52+00:00;False;79;53;7351;638cf6191f6c34197faec806e791b9aff24b9b9e;17;noreply@github.com;janjones@microsoft.com
