file_name;change_type;n_loc;lines_balance;size_change;is_large;date;swapped_classification;complexity;methods;tokens;hash;files_on_commit;committer_email;author_email
MethodTests.cs;RENAME;not calculated;0.0;Equal;False;2015-01-13 22:49:15+00:00;False;not calculated;0;not calculated;e315208fe33d43964fb649935e3bbff2275fa101;5572;roslynteam@microsoft.com;roslynteam@microsoft.com
MethodTests.cs;MODIFY;1639.0;0.0;Equal;False;2015-01-14 23:17:33+00:00;False;48;44;10223;f7de4d2f123f783a78bfd6b3506c2a4e6e752d24;3097;jaredpar@microsoft.com;jaredpar@microsoft.com
MethodTests.cs;MODIFY;1639.0;0.0;Equal;False;2015-01-31 20:25:50+00:00;False;48;44;10223;995eb37272cf020300ad3f1d21b8a9bf2ffce0bb;1737;roslynteam@microsoft.com;dotnet-bot@microsoft.com
MethodTests.cs;MODIFY;1639.0;0.0;Equal;False;2015-02-24 21:14:33+00:00;False;48;44;10227;5239929954782ae31d1c6f93c7355f270e049a35;224;vladres@microsoft.com;vladres@microsoft.com
MethodTests.cs;MODIFY;1639.0;0.0;Equal;False;2015-10-30 20:58:22+00:00;False;48;44;10259;b3769d83e05b62dcd98160a6df5961d3eca92d18;366;alekseyt@microsoft.com;alekseyt@microsoft.com
MethodTests.cs;MODIFY;1639.0;0.0;Equal;False;2016-01-26 02:24:23+00:00;False;48;44;10227;e4989ef1d1ad18de41c4bfc6ccc390c48a9d0f5c;1007;jaredpar@microsoft.com;jaredpar@microsoft.com
MethodTests.cs;MODIFY;1755.0;116.0;Grew;False;2016-02-18 02:42:59+00:00;False;52;48;11057;9a86ecaf6b2629f32ef7cfb516b7765d716c83ba;161;vsadov@microsoft.com;vsadov@microsoft.com
MethodTests.cs;MODIFY;1755.0;0.0;Equal;False;2016-02-18 02:43:52+00:00;False;52;48;11054;d6b68de626b6dd6fb89c774d84c2ee9dbd5f87d6;21;vsadov@microsoft.com;vsadov@microsoft.com
MethodTests.cs;MODIFY;1771.0;16.0;Grew;True;2016-02-19 19:42:21+00:00;True;53;49;11115;d07de1274b96653007800eaa3069c579dbd5d1e5;2;vsadov@microsoft.com;vsadov@microsoft.com
MethodTests.cs;MODIFY;1772.0;1.0;Grew;True;2016-06-16 21:52:44+00:00;False;53;49;11166;93ebb390110f8473679255f5125e8f4e4c324eb7;45;jaredpar@microsoft.com;jaredpar@microsoft.com
MethodTests.cs;MODIFY;1772.0;0.0;Equal;True;2016-06-19 01:45:37+00:00;False;53;49;11126;6205883b4c06101994e14232fddebebb4bf59761;65;jaredpar@microsoft.com;jaredpar@microsoft.com
MethodTests.cs;MODIFY;1772.0;0.0;Equal;True;2016-06-23 21:41:39+00:00;False;53;49;11126;6dd320a0b258088deeaef876fb7e3dc13bda7adc;1007;neal@gafter.com;neal@gafter.com
MethodTests.cs;MODIFY;1775.0;3.0;Grew;True;2016-07-30 19:33:51+00:00;False;53;49;11121;b93e71b88f5b53fc6214fb4b1dbafb0bce52526c;68;neal@gafter.com;neal@gafter.com
MethodTests.cs;MODIFY;1825.0;50.0;Grew;True;2017-02-17 21:05:01+00:00;False;56;52;11279;9474f964e7e43bf804a0c36793300dd56481aa1a;12;vsadov@microsoft.com;vsadov@microsoft.com
MethodTests.cs;MODIFY;1825.0;0.0;Equal;True;2017-02-23 23:17:57+00:00;False;56;52;11279;44195c5829c82b45e9c678f4c016c703c070234c;11;otawfik@microsoft.com;otawfik@microsoft.com
MethodTests.cs;MODIFY;1829.0;4.0;Grew;True;2017-02-23 23:38:56+00:00;False;56;52;11312;052fba6e8ad7351bbed7b1c4a968778614fb97c2;8;otawfik@microsoft.com;otawfik@microsoft.com
MethodTests.cs;MODIFY;1775.0;-54.0;Decreased;True;2017-04-08 00:27:34+00:00;False;53;49;11121;5a3e9ed8a3e163c2bf35d298d62531e0cf11c96f;275;angocke@microsoft.com;angocke@microsoft.com
MethodTests.cs;MODIFY;1775.0;0.0;Equal;True;2017-04-08 06:57:33+00:00;False;53;49;11169;8e6cfc0fbe71934a4e9a626ba88880bc93085bdc;83;noreply@github.com;jcouv@users.noreply.github.com
MethodTests.cs;MODIFY;1866.0;91.0;Grew;True;2017-04-28 16:08:53+00:00;False;57;53;11892;05391555f1fa8a74b1c78d7f92bacb6b401067d2;19;noreply@github.com;ty@pre-alpha.com
MethodTests.cs;MODIFY;1861.0;-5.0;Decreased;True;2017-05-10 16:41:55+00:00;False;57;53;11779;cc4ea4693cf28b60daf31113c680bdbd55d081cb;10;noreply@github.com;ty@pre-alpha.com
MethodTests.cs;MODIFY;1915.0;54.0;Grew;True;2017-05-23 16:02:15+00:00;False;60;56;12018;e8ff23ce7b1ff51bd6e7f26fe9fa5828f04a20c1;21;vsadov@microsoft.com;vsadov@microsoft.com
MethodTests.cs;MODIFY;1861.0;-54.0;Decreased;True;2017-06-21 19:52:31+00:00;False;57;53;11827;a3fdc08927b2938ce7bed047651ee42bc0b7ed34;17;jcouv@users.noreply.github.com;habibi.alireza@outlook.com
MethodTests.cs;MODIFY;1861.0;0.0;Equal;True;2017-06-29 22:07:46+00:00;False;57;53;11827;888d7c5bb69442677bcc8e1f2d7f4b0ffc08190e;48;noreply@github.com;angocke@microsoft.com
MethodTests.cs;MODIFY;1861.0;0.0;Equal;True;2017-08-01 23:44:41+00:00;False;57;53;11827;94ab292d2c79b1675de0d6ff0a7361ecfbf20cfb;1420;noreply@github.com;cyrusn@microsoft.com
MethodTests.cs;MODIFY;1915.0;54.0;Grew;True;2017-12-21 23:34:28+00:00;False;60;56;12066;132b91d19c6a34826b0c581dc46709d9fb78a1d8;85;noreply@github.com;AlekseyTs@users.noreply.github.com
MethodTests.cs;MODIFY;1915.0;0.0;Equal;True;2018-02-19 15:54:52+00:00;False;60;56;12066;2888462d816e6318c3e27946d16c8c748f8dcc8d;112;jaredpparsons@gmail.com;jaredpparsons@gmail.com
MethodTests.cs;MODIFY;1915.0;0.0;Equal;True;2018-02-19 15:54:55+00:00;False;60;56;12066;bae7eab0a42d323c95bbb923d53ec90a0ff4f3fb;305;jaredpparsons@gmail.com;jaredpparsons@gmail.com
MethodTests.cs;MODIFY;1915.0;0.0;Equal;True;2018-02-19 23:54:58+00:00;False;60;56;12066;3e2a4d3fa4a5e908717af7dc7cc30d00ec68cb34;119;jaredpparsons@gmail.com;jaredpparsons@gmail.com
MethodTests.cs;MODIFY;1915.0;0.0;Equal;True;2018-02-21 21:24:11+00:00;False;60;56;12066;83df04a1893ac4abec3eadb502cceb554ba15fc4;113;jaredpparsons@gmail.com;jaredpparsons@gmail.com
MethodTests.cs;MODIFY;1915.0;0.0;Equal;True;2018-02-23 22:58:32+00:00;False;60;56;12090;8c6d5b7b6edfae2dfc08543c18a1505b9555cf9f;47;chucks@microsoft.com;chucks@microsoft.com
MethodTests.cs;MODIFY;1915.0;0.0;Equal;True;2018-12-09 23:12:01+00:00;False;60;56;12090;b45c767f68267055d0db0c4080718caf3f859712;232;Sam.Harwell@microsoft.com;dotnet-bot@microsoft.com
MethodTests.cs;MODIFY;1915.0;0.0;Equal;True;2019-03-08 23:07:11+00:00;False;60;56;12090;85b051319deddd520c0bfdbea77c04e9b0ce63d8;441;neal@gafter.com;neal@gafter.com
MethodTests.cs;MODIFY;1915.0;0.0;Equal;True;2019-03-12 20:32:00+00:00;False;60;56;12066;0e6cbd50d216c781ca524cdb4ce5729e8c56f8c3;289;neal@gafter.com;neal@gafter.com
MethodTests.cs;MODIFY;1939.0;24.0;Grew;True;2019-06-24 20:42:02+00:00;False;62;58;12166;c437ee8ce8bb6b799fac0fd1a0151bf536a6fd37;5;yairhalberstadt@hotmail.co.uk;yairhalberstadt@hotmail.co.uk
MethodTests.cs;MODIFY;2000.0;61.0;Grew;True;2019-08-20 07:27:08+00:00;False;66;62;12395;9aeef3b07e3a8fd813a7e982be6e1e429457f9c8;1;yairhalberstadt@hotmail.co.uk;yairhalberstadt@hotmail.co.uk
MethodTests.cs;MODIFY;2000.0;0.0;Equal;True;2019-09-20 19:57:48+00:00;False;66;62;12389;62ecb32472633a267b1b2449d54e4cf8c2475247;37;jaredpparsons@gmail.com;jaredpparsons@gmail.com
MethodTests.cs;MODIFY;2000.0;0.0;Equal;True;2019-09-20 20:44:35+00:00;False;66;62;12383;d439c76c981c6b6aaf91637271c36583826824d5;36;jaredpparsons@gmail.com;jaredpparsons@gmail.com
MethodTests.cs;MODIFY;2000.0;0.0;Equal;True;2020-01-23 01:01:51+00:00;False;66;62;12383;91571a3bb038e05e7bf2ab87510273a1017faed0;12706;jmarolf@microsoft.com;jmarolf@microsoft.com
MethodTests.cs;MODIFY;2000.0;0.0;Equal;True;2020-09-28 16:36:46+00:00;False;66;62;12383;1cca63b5d8ea170f8d8e88e1574aa3ebe354c23b;9683;jaredpparsons@gmail.com;jaredpparsons@gmail.com
MethodTests.cs;MODIFY;2000.0;0.0;Equal;True;2020-10-28 15:14:02+00:00;False;66;62;12495;bf6ad0f9f81eca3172e428e46301fbc35b71f2ba;126;noreply@github.com;AlekseyTs@users.noreply.github.com
MethodTests.cs;MODIFY;2135.0;135.0;Grew;True;2021-02-17 23:30:10+00:00;False;73;69;13235;468b14ebc8e4307de2a4586748dd4852e156938e;10;noreply@github.com;frsilb@microsoft.com
MethodTests.cs;MODIFY;2135.0;0.0;Equal;True;2021-06-17 23:36:05+00:00;False;73;69;13235;57278e7dcbf7bffb310e8b14105f657f0fdbab78;766;ryzngard@live.com;ryzngard@live.com
MethodTests.cs;MODIFY;2135.0;0.0;Equal;True;2021-06-18 21:51:19+00:00;False;73;69;13235;fbdb56063e761643707f6bc1e1ba469f6fb9a31a;766;ryzngard@live.com;ryzngard@live.com
MethodTests.cs;MODIFY;2202.0;67.0;Grew;True;2021-06-21 21:18:58+00:00;False;74;70;13545;1a69700d48676eb462bb080346a25a8c28a63821;61;noreply@github.com;cyrus.najmabadi@gmail.com
MethodTests.cs;MODIFY;2135.0;-67.0;Decreased;True;2021-06-23 18:07:32+00:00;False;73;69;13262;1c60d8c5faec28371956bb7a361a6391c1dd0769;15;noreply@github.com;rigibson@microsoft.com
MethodTests.cs;MODIFY;2135.0;0.0;Equal;True;2021-07-09 20:20:16+00:00;False;73;69;13262;0c92c3f34bb6ea1e5f04d544670573a711beda52;19;noreply@github.com;rigibson@microsoft.com
MethodTests.cs;MODIFY;2136.0;1.0;Grew;True;2021-07-12 21:22:08+00:00;False;73;69;13261;bbfeab56279f1617a183a8bd1af494a161eec284;49;noreply@github.com;chucks@microsoft.com
MethodTests.cs;MODIFY;2136.0;0.0;Equal;True;2023-03-07 01:23:33+00:00;False;73;69;13234;0ab2f789cf8ea94a6c4b84b80cf512dbe6156766;91;cyrusn@microsoft.com;cyrusn@microsoft.com
MethodTests.cs;MODIFY;2136.0;0.0;Equal;True;2023-03-07 08:00:50+00:00;False;73;69;13288;b3771f7dfb3e14e3a7ba7ae929182f83a38348eb;738;cyrus.najmabadi@gmail.com;cyrus.najmabadi@gmail.com
MethodTests.cs;MODIFY;2162.0;26.0;Grew;True;2024-05-07 22:15:07+00:00;False;74;70;13478;176000a6b94536ba2bb31d6eea863cc9db41fd70;45;noreply@github.com;rigibson@microsoft.com
MethodTests.cs;MODIFY;2162.0;0.0;Equal;True;2024-08-17 16:21:47+00:00;False;74;70;13478;75b26a2088e76855528483674a1fbeea0137241b;250;noreply@github.com;jared@paranoidcoding.org
