file_name;change_type;n_loc;lines_balance;size_change;is_large;date;swapped_classification;complexity;methods;tokens;hash;files_on_commit;committer_email;author_email
NullableParsingTests.cs;ADD;592;0.0;Equal;False;2018-05-01 20:22:59+00:00;False;13;13;2530;df9a74d1ecd9225f5c5ee918e8ce13ca87a89935;3;noreply@github.com;chucks@microsoft.com
NullableParsingTests.cs;MODIFY;1158;566.0;Grew;False;2018-11-13 15:08:56+00:00;False;26;26;5031;c4598d72fb5031da798da0ff6e07d2b9d32c9851;3;noreply@github.com;chucks@microsoft.com
NullableParsingTests.cs;MODIFY;1158;0.0;Equal;False;2018-12-20 19:01:27+00:00;False;26;26;5031;50278a2d2bc6357be8ac615da8f6d8ec2bb8ba26;55;noreply@github.com;chucks@microsoft.com
NullableParsingTests.cs;MODIFY;1542;384.0;Grew;False;2019-01-25 23:34:51+00:00;False;32;32;6570;0bee0256433301dabf1f5f2301375f4606ccaf32;50;noreply@github.com;neal.gafter@microsoft.com
NullableParsingTests.cs;MODIFY;1605;63.0;Grew;False;2019-03-07 03:19:09+00:00;False;33;33;6826;1cc5ab665e56ac743d124b1d3461a4649b241958;7;noreply@github.com;neal.gafter@microsoft.com
NullableParsingTests.cs;MODIFY;1597;-8.0;Decreased;False;2019-12-17 21:51:42+00:00;False;33;33;6794;3bd9308702950759ab911be7c9d63cf1edfa4cb0;61;noreply@github.com;neal.gafter@microsoft.com
NullableParsingTests.cs;MODIFY;1605;8.0;Grew;False;2019-12-20 01:31:32+00:00;False;33;33;6826;804d73ec7f9a44f975125c36afbcdc89dc012dc5;11;frsilb@microsoft.com;frsilb@microsoft.com
NullableParsingTests.cs;MODIFY;1605;0.0;Equal;False;2020-01-23 01:01:51+00:00;False;33;33;6826;91571a3bb038e05e7bf2ab87510273a1017faed0;12706;jmarolf@microsoft.com;jmarolf@microsoft.com
NullableParsingTests.cs;MODIFY;1605;0.0;Equal;False;2020-03-21 03:10:04+00:00;False;33;33;6826;5e9017887aa0d4fd01e484180e01617c0d7bf827;130;ngafter@microsoft.com;ngafter@microsoft.com
NullableParsingTests.cs;MODIFY;1597;-8.0;Decreased;False;2020-03-21 21:46:45+00:00;False;33;33;6794;2f3a258ca9e40d3a8c9702660c971eeef29f6fc3;129;ngafter@microsoft.com;ngafter@microsoft.com
NullableParsingTests.cs;MODIFY;1598;1.0;Grew;False;2020-08-15 00:26:02+00:00;False;33;33;6813;1ed3ef5f8a7f4e4264430ab3787c9dd7a7a817c6;107;noreply@github.com;jcouv@users.noreply.github.com
NullableParsingTests.cs;MODIFY;1598;0.0;Equal;False;2020-09-28 16:36:46+00:00;False;33;33;6813;1cca63b5d8ea170f8d8e88e1574aa3ebe354c23b;9683;jaredpparsons@gmail.com;jaredpparsons@gmail.com
NullableParsingTests.cs;MODIFY;1598;0.0;Equal;False;2022-05-02 21:18:09+00:00;False;33;33;6805;0c31b36b31a1ebebc38e1e09a61e44e41a84abd2;140;noreply@github.com;10732005+cston@users.noreply.github.com
NullableParsingTests.cs;MODIFY;1598;0.0;Equal;False;2022-06-01 01:41:34+00:00;False;33;33;6805;63fb830d2ff070359f7492ef3b952d45f6fcaa1e;2593;noreply@github.com;Cosifne@users.noreply.github.com
NullableParsingTests.cs;MODIFY;1598;0.0;Equal;False;2022-06-01 04:53:39+00:00;False;33;33;6813;3ea430ec1f2669d8e906a6d70bfdf94de66ce657;2593;shech@microsoft.com;shech@microsoft.com
NullableParsingTests.cs;MODIFY;1603;5.0;Grew;False;2022-07-08 12:41:48+00:00;False;33;33;6900;896e216db30cbad357c4d309017668936b9de3df;25;noreply@github.com;youssefvictor00@gmail.com
NullableParsingTests.cs;MODIFY;1670;67.0;Grew;False;2022-11-18 04:01:51+00:00;False;34;34;7356;dc04e499a090e9e2277ef358eb385905fd4a6003;65;noreply@github.com;cyrus.najmabadi@gmail.com
NullableParsingTests.cs;MODIFY;1670;0.0;Equal;False;2023-03-07 01:23:14+00:00;False;34;34;7344;c054a74342c42a96943f181576cea79c71a7ebe0;55;cyrusn@microsoft.com;cyrusn@microsoft.com
NullableParsingTests.cs;MODIFY;1670;0.0;Equal;False;2023-03-07 08:00:50+00:00;False;34;34;7356;b3771f7dfb3e14e3a7ba7ae929182f83a38348eb;738;cyrus.najmabadi@gmail.com;cyrus.najmabadi@gmail.com
NullableParsingTests.cs;MODIFY;2216;546.0;Grew;True;2024-07-08 21:36:52+00:00;True;46;46;9661;21fd45be332b22b81d9953be98eead183eb8537c;15;noreply@github.com;70431552+DoctorKrolic@users.noreply.github.com
