file_name;change_type;n_loc;lines_balance;size_change;is_large;date;swapped_classification;complexity;methods;tokens;hash;files_on_commit;committer_email;author_email
NumericIntPtrTests.cs;ADD;9279.0;0.0;Equal;True;2022-05-18 04:01:28+00:00;True;247;92;61013;1814273c7b726587e365ba60761d55cb1c83b9da;54;noreply@github.com;jcouv@users.noreply.github.com
NumericIntPtrTests.cs;MODIFY;9408.0;129.0;Grew;True;2022-05-20 01:16:56+00:00;False;251;96;61649;13861142b0cf5a929e9ff95688528afe02fd1a0a;2;noreply@github.com;jcouv@users.noreply.github.com
NumericIntPtrTests.cs;MODIFY;9459.0;51.0;Grew;True;2022-05-25 22:58:21+00:00;False;251;96;61721;a2d8df761d9d158288bf59adf8cc91d45dc65697;3;noreply@github.com;jcouv@users.noreply.github.com
NumericIntPtrTests.cs;MODIFY;9581.0;122.0;Grew;True;2022-05-28 06:27:14+00:00;False;257;102;62725;93cabb006d380bb4e53481c7682b741fad985513;3;noreply@github.com;jcouv@users.noreply.github.com
NumericIntPtrTests.cs;ADD;9581.0;0.0;Equal;True;2022-06-01 01:41:34+00:00;False;257;102;62725;63fb830d2ff070359f7492ef3b952d45f6fcaa1e;2593;noreply@github.com;Cosifne@users.noreply.github.com
NumericIntPtrTests.cs;DELETE;not calculated;0.0;Equal;False;2022-06-01 04:53:39+00:00;True;not calculated;0;not calculated;3ea430ec1f2669d8e906a6d70bfdf94de66ce657;2593;shech@microsoft.com;shech@microsoft.com
NumericIntPtrTests.cs;MODIFY;9998.0;0.0;Equal;True;2022-06-01 18:39:43+00:00;True;267;104;64547;9c99ebe387543eaf8e0abe942fb28e09061236e1;4;noreply@github.com;jcouv@users.noreply.github.com
NumericIntPtrTests.cs;MODIFY;9998.0;0.0;Equal;True;2022-07-12 22:48:09+00:00;False;267;104;64547;e0775fe70124b73419995853aec22d029188e00c;76;noreply@github.com;jcouv@users.noreply.github.com
NumericIntPtrTests.cs;MODIFY;10513.0;515.0;Grew;True;2022-07-20 17:33:27+00:00;False;268;104;64500;4eabf9fc73560a2b75de8eade44793a694fc67c2;3;noreply@github.com;AlekseyTs@users.noreply.github.com
NumericIntPtrTests.cs;MODIFY;10513.0;0.0;Equal;True;2022-08-02 23:35:20+00:00;False;268;104;64530;3cc65406eafc8a201e7e095d7494ee8b46fbece2;1;dabarbet@microsoft.com;dabarbet@microsoft.com
NumericIntPtrTests.cs;MODIFY;10513.0;0.0;Equal;True;2022-08-03 20:14:10+00:00;False;268;104;64500;a5b8007f008495ed2449ae1ae4a1339c22fa2b98;1;dabarbet@microsoft.com;dabarbet@microsoft.com
NumericIntPtrTests.cs;MODIFY;10522.0;9.0;Grew;True;2022-08-03 23:21:34+00:00;False;268;104;64545;a6e3f46844b0dee7dc236c9ca04f4135d778d59c;1;noreply@github.com;jcouv@users.noreply.github.com
NumericIntPtrTests.cs;MODIFY;10587.0;65.0;Grew;True;2022-08-15 19:58:39+00:00;False;269;105;64726;8f6214733f396e24989eb3958bc2c9823841b591;2;noreply@github.com;10732005+cston@users.noreply.github.com
NumericIntPtrTests.cs;MODIFY;10596.0;9.0;Grew;True;2022-09-01 06:06:23+00:00;False;269;105;64726;8a5b7e88476d81d3d269c201e3f4d936a307e854;82;noreply@github.com;10732005+cston@users.noreply.github.com
NumericIntPtrTests.cs;MODIFY;10649.0;53.0;Grew;True;2022-09-16 18:00:59+00:00;False;269;105;64732;d2b0827432317442f6ed65d2407f88c47b4dea58;79;noreply@github.com;10732005+cston@users.noreply.github.com
NumericIntPtrTests.cs;MODIFY;10683.0;34.0;Grew;True;2022-09-29 19:24:20+00:00;False;272;107;64660;30944f9e344914bd082e93a2dd41d1abbb73ecfa;2;noreply@github.com;jcouv@users.noreply.github.com
NumericIntPtrTests.cs;MODIFY;10804.0;121.0;Grew;True;2022-09-30 16:46:16+00:00;False;276;111;65060;2cd1aefcacf9b75e58b778011d14791905e782d3;2;noreply@github.com;jcouv@users.noreply.github.com
NumericIntPtrTests.cs;MODIFY;10683.0;-121.0;Decreased;True;2022-09-30 19:11:41+00:00;False;272;107;64662;b5f9141fb4596ed4903b10a9d59c8f104fae2850;456;cyrusn@microsoft.com;cyrusn@microsoft.com
NumericIntPtrTests.cs;MODIFY;10804.0;121.0;Grew;True;2022-10-06 17:53:08+00:00;False;276;111;65074;846bbded4b5163809ff17bbb1a60971634500f68;3;noreply@github.com;jcouv@users.noreply.github.com
NumericIntPtrTests.cs;MODIFY;10787.0;-17.0;Decreased;True;2022-10-06 23:27:18+00:00;False;276;111;65131;09fd3344a82be77e3e867f1e2e86c5bf959af030;10;noreply@github.com;jcouv@users.noreply.github.com
NumericIntPtrTests.cs;MODIFY;10784.0;-3.0;Decreased;True;2022-10-10 19:38:52+00:00;False;276;111;65126;33fedfcfee621944d71e51d82083722388c96f85;63;noreply@github.com;jcouv@users.noreply.github.com
NumericIntPtrTests.cs;MODIFY;10784.0;0.0;Equal;True;2022-11-17 19:55:57+00:00;False;276;111;65126;a8824e82d523f5a698dcab6e2754618d347f94b2;648;noreply@github.com;jcouv@users.noreply.github.com
NumericIntPtrTests.cs;MODIFY;10784.0;0.0;Equal;True;2023-01-14 01:35:39+00:00;False;276;111;65142;368fb1e1fc745583b57d10aad49cfdf56156d49d;21;noreply@github.com;tmat@users.noreply.github.com
NumericIntPtrTests.cs;MODIFY;10784.0;0.0;Equal;True;2023-03-07 01:24:15+00:00;False;276;111;65124;0995e426a52f795aebb5734234b014f062ccd33a;45;cyrusn@microsoft.com;cyrusn@microsoft.com
NumericIntPtrTests.cs;MODIFY;10784.0;0.0;Equal;True;2023-03-07 08:00:50+00:00;False;276;111;65142;b3771f7dfb3e14e3a7ba7ae929182f83a38348eb;738;cyrus.najmabadi@gmail.com;cyrus.najmabadi@gmail.com
NumericIntPtrTests.cs;MODIFY;10806.0;22.0;Grew;True;2023-03-22 22:54:30+00:00;False;278;112;65204;efbc0838757cd5faedce55bb866ce1ad9332b4a7;2;noreply@github.com;10732005+cston@users.noreply.github.com
NumericIntPtrTests.cs;MODIFY;10806.0;0.0;Equal;True;2024-03-07 01:31:34+00:00;False;278;112;65204;58395070cfa9fdf47c8dcabbfa4da7d3d33f455e;9;noreply@github.com;toddgrun@microsoft.com
NumericIntPtrTests.cs;MODIFY;10818.0;12.0;Grew;True;2024-05-02 09:18:15+00:00;False;278;112;65398;83bd82f64ed1144ed459aefe68e9bc47aaad4384;31;noreply@github.com;janjones@microsoft.com
NumericIntPtrTests.cs;MODIFY;10818.0;0.0;Equal;True;2024-05-15 10:16:52+00:00;False;278;112;65398;b5829098dcfc58653ed2bf0ec61d84282f1edf56;8;noreply@github.com;janjones@microsoft.com
NumericIntPtrTests.cs;MODIFY;10821.0;3.0;Grew;True;2024-07-02 01:14:07+00:00;False;278;112;65487;70be0c74961f9d667ad90f68155d88087bacf3d0;54;noreply@github.com;jcouv@users.noreply.github.com
NumericIntPtrTests.cs;MODIFY;10821.0;0.0;Equal;True;2024-07-09 06:57:38+00:00;False;278;112;65489;7866265ebf3bfa5b72f521d3e628ac08d7ab7e8c;6;noreply@github.com;janjones@microsoft.com
