file_name;change_type;n_loc;lines_balance;size_change;is_large;date;swapped_classification;complexity;methods;tokens;hash;files_on_commit;committer_email;author_email
PopulateSwitchStatementTests.cs;RENAME;1014;0.0;Equal;False;2020-03-11 21:27:42+00:00;False;not calculated;0;not calculated;46f7812a535b4d184fe3c3b4dbce07f2bc584b7d;28;mavasani@microsoft.com;mavasani@microsoft.com
PopulateSwitchStatementTests.cs;MODIFY;1014;0.0;Equal;False;2020-09-28 16:36:46+00:00;False;21;21;843;1cca63b5d8ea170f8d8e88e1574aa3ebe354c23b;9683;jaredpparsons@gmail.com;jaredpparsons@gmail.com
PopulateSwitchStatementTests.cs;MODIFY;1019;5.0;Grew;False;2020-09-29 03:59:32+00:00;False;22;22;861;f60ff7e6db119192a228b1be1495490863ab65ca;152;noreply@github.com;tmat@users.noreply.github.com
PopulateSwitchStatementTests.cs;MODIFY;1195;176.0;Grew;False;2022-06-03 21:39:26+00:00;False;26;26;973;5402abdf7b0913804eb9145c5df7a578f0fca22e;8;mapmyp03@gmail.com;mapmyp03@gmail.com
PopulateSwitchStatementTests.cs;MODIFY;1207;12.0;Grew;False;2022-06-10 13:12:34+00:00;False;27;27;998;51add5a07cf5244e04bed392aed9ce8f1e580a3f;4;mapmyp03@gmail.com;mapmyp03@gmail.com
PopulateSwitchStatementTests.cs;MODIFY;1219;12.0;Grew;False;2022-06-16 22:36:54+00:00;False;28;28;1023;4aebde7edef8804555512299dfe3a39eca95692e;1;mapmyp03@gmail.com;mapmyp03@gmail.com
PopulateSwitchStatementTests.cs;MODIFY;1219;0.0;Equal;False;2022-06-17 10:45:12+00:00;False;28;28;1023;feb64de1186fa27b6c0c75b82545fa68fab1a148;1;mapmyp03@gmail.com;mapmyp03@gmail.com
PopulateSwitchStatementTests.cs;MODIFY;1219;0.0;Equal;False;2022-06-17 20:15:39+00:00;False;28;28;1023;4142d50f42e01d40bf6029f584b2564a1b3a34fa;1;mapmyp03@gmail.com;mapmyp03@gmail.com
PopulateSwitchStatementTests.cs;MODIFY;1220;1.0;Grew;False;2022-09-11 18:20:23+00:00;False;28;28;777;4e89b2ef770d066663fa0e7f5e97ae0214e41111;576;cyrus.najmabadi@gmail.com;cyrusn@microsoft.com
PopulateSwitchStatementTests.cs;MODIFY;1218;-2.0;Decreased;False;2022-09-11 23:13:41+00:00;False;28;28;775;5f42e0e9a2d4c7806ab7edcd32c0a09274db6b8e;235;cyrus.najmabadi@gmail.com;cyrus.najmabadi@gmail.com
PopulateSwitchStatementTests.cs;MODIFY;1313;95.0;Grew;False;2022-11-02 20:49:06+00:00;False;32;32;903;e3668e3adacb66b121572d5e60f3db222c1191d1;5;cyrusn@microsoft.com;cyrusn@microsoft.com
PopulateSwitchStatementTests.cs;MODIFY;1408;95.0;Grew;False;2023-02-26 06:16:57+00:00;False;32;32;956;d290bc04779b06e51cc610e60cfc5a6804902b9f;2;cyrus.najmabadi@gmail.com;cyrus.najmabadi@gmail.com
PopulateSwitchStatementTests.cs;MODIFY;1408;0.0;Equal;False;2023-03-07 01:21:15+00:00;False;32;32;932;34fbf726478a750fd92f856e9f4ff9d176fb0d29;93;cyrusn@microsoft.com;cyrusn@microsoft.com
PopulateSwitchStatementTests.cs;MODIFY;1595;187.0;Grew;False;2023-12-15 19:55:16+00:00;False;1;1;1029;0ece360be5fbe700b7f7b07d2b73b3863672c253;5;cyrus.najmabadi@gmail.com;cyrus.najmabadi@gmail.com
PopulateSwitchStatementTests.cs;MODIFY;1595;0.0;Equal;False;2024-01-09 22:39:31+00:00;False;1;1;1029;2665242fc233ee3941c5dd1aaeb3656f8c9ae4b7;68;cyrus.najmabadi@gmail.com;cyrus.najmabadi@gmail.com
PopulateSwitchStatementTests.cs;MODIFY;1711;116.0;Grew;False;2024-05-19 08:18:08+00:00;False;1;1;1089;a0e8da77a5edc0b409f7e82253f5ff3480fb230b;2;render.michael@gmail.com;render.michael@gmail.com
PopulateSwitchStatementTests.cs;MODIFY;1713;2.0;Grew;False;2024-05-24 03:38:28+00:00;False;1;1;1089;af4d9b2f42ae259e774da0f9a77d6cb754fd3e27;3;render.michael@gmail.com;render.michael@gmail.com
PopulateSwitchStatementTests.cs;MODIFY;1869;156.0;Grew;True;2024-06-15 17:27:45+00:00;True;1;1;1345;a2535d085f9b928bfb01cde1be8f1894a015ac92;7;mapmyp03@gmail.com;mapmyp03@gmail.com
PopulateSwitchStatementTests.cs;MODIFY;1915;46.0;Grew;True;2024-06-15 20:33:09+00:00;False;1;1;1426;3b950f247a750a195999bac1f745cf6bb8ab8f8a;2;mapmyp03@gmail.com;mapmyp03@gmail.com
