file_name;change_type;n_loc;lines_balance;size_change;is_large;date;swapped_classification;complexity;methods;tokens;hash;files_on_commit;committer_email;author_email
SmartTokenFormatterFormatRangeTests.cs;ADD;2730;0.0;Grew;True;2015-01-28 22:54:13+00:00;True;137;133;7047;94858618d0232a01538182a44454986b2a3dff78;1175;roslynteam@microsoft.com;dotnet-bot@microsoft.com
SmartTokenFormatterFormatRangeTests.cs;MODIFY;2746;16.0;Grew;True;2015-04-29 21:01:04+00:00;False;138;134;7094;43d6dd64242f57acf0e19befdeb1c7e9b9c8abd5;2;mattwar@microsoft.com;mattwar@microsoft.com
SmartTokenFormatterFormatRangeTests.cs;MODIFY;2746;0.0;Equal;True;2015-06-30 21:34:46+00:00;False;138;134;7094;69bcac2db96e4379bc030e6de6ecb8d8cdb082a6;406;chucks@microsoft.com;chucks@microsoft.com
SmartTokenFormatterFormatRangeTests.cs;MODIFY;2746;0.0;Equal;True;2015-10-09 23:51:46+00:00;False;138;134;7094;2d6d31997972b180d88b71fef23f9c0bd1eb16a1;986;jaredpar@microsoft.com;tannergooding@users.noreply.github.com
SmartTokenFormatterFormatRangeTests.cs;MODIFY;2746;0.0;Equal;True;2015-10-15 20:57:24+00:00;False;138;134;7094;3c14b04073eca67c59bbe3b0bea8e2f2a2bcae94;4583;pharring@microsoft.com;pharring@microsoft.com
SmartTokenFormatterFormatRangeTests.cs;MODIFY;2747;1.0;Grew;True;2015-11-19 05:38:25+00:00;False;138;134;7328;d258223ee844d5dc899ea360724d87c1adc2d553;35;cyrusn@microsoft.com;cyrusn@microsoft.com
SmartTokenFormatterFormatRangeTests.cs;MODIFY;2747;0.0;Equal;True;2015-11-19 06:59:34+00:00;False;138;134;7364;e5501b4a36c88b377c3de6dbd9158412a5f63db9;14;cyrusn@microsoft.com;cyrusn@microsoft.com
SmartTokenFormatterFormatRangeTests.cs;MODIFY;2747;0.0;Equal;True;2015-11-20 20:48:40+00:00;False;138;134;7363;2321d63e5d5960c4750c77ea9f002995b8ac1adf;2;cyrusn@microsoft.com;cyrusn@microsoft.com
SmartTokenFormatterFormatRangeTests.cs;MODIFY;2747;0.0;Equal;True;2015-12-16 20:30:32+00:00;False;138;134;7363;a226d9d20397cee8a0c31ab1c82aed2f5a7a4ada;788;jason.malinowski@microsoft.com;jason.malinowski@microsoft.com
SmartTokenFormatterFormatRangeTests.cs;MODIFY;2747;0.0;Equal;True;2016-01-15 22:33:14+00:00;False;138;134;7357;6a6ec9e026f7076ce9f0b54ccae537c621270835;66;cyrusn@microsoft.com;cyrusn@microsoft.com
SmartTokenFormatterFormatRangeTests.cs;MODIFY;2747;0.0;Equal;True;2016-01-16 07:09:13+00:00;False;138;134;7357;4c34ae068351a76fe4ff26238986aea66771f5a8;126;cyrusn@microsoft.com;cyrusn@microsoft.com
SmartTokenFormatterFormatRangeTests.cs;MODIFY;2747;0.0;Equal;True;2016-01-16 07:27:38+00:00;False;138;134;7357;9ea79677ebf5bde8e0f521429c9396f01ad096e2;129;cyrusn@microsoft.com;cyrusn@microsoft.com
SmartTokenFormatterFormatRangeTests.cs;MODIFY;2747;0.0;Equal;True;2016-01-16 07:32:43+00:00;False;138;134;7357;7c80d8d8e32dac28ea8c93168ac638f6fdfcb7d4;133;cyrusn@microsoft.com;cyrusn@microsoft.com
SmartTokenFormatterFormatRangeTests.cs;MODIFY;2747;0.0;Equal;True;2016-01-16 07:40:48+00:00;False;138;134;7357;8dbecdf1d0886cac907027b72a0a8f4f2f1114e6;136;cyrusn@microsoft.com;cyrusn@microsoft.com
SmartTokenFormatterFormatRangeTests.cs;MODIFY;2747;0.0;Equal;True;2016-01-16 07:46:05+00:00;False;138;134;7357;cb3c238dff0dd060433444b59ad3475720a4907a;213;cyrusn@microsoft.com;cyrusn@microsoft.com
SmartTokenFormatterFormatRangeTests.cs;MODIFY;2747;0.0;Equal;True;2016-01-26 02:24:23+00:00;False;138;134;7427;e4989ef1d1ad18de41c4bfc6ccc390c48a9d0f5c;1007;jaredpar@microsoft.com;jaredpar@microsoft.com
SmartTokenFormatterFormatRangeTests.cs;MODIFY;2775;28.0;Grew;True;2016-02-04 20:58:10+00:00;False;139;135;7484;7c246498005f5a4aa3567693692a4abcb6562d89;2;basoundr@microsoft.com;basoundr@microsoft.com
SmartTokenFormatterFormatRangeTests.cs;MODIFY;2801;26.0;Grew;True;2016-02-05 19:05:38+00:00;False;140;136;7541;59cb3d7cd53e20dbff9f692653226b9367ce8a32;2;basoundr@microsoft.com;basoundr@microsoft.com
SmartTokenFormatterFormatRangeTests.cs;MODIFY;2800;-1.0;Decreased;True;2016-05-09 23:58:10+00:00;False;140;136;7527;ce16b64a8e088b394b419d9219feb3cebd429820;44;jason.malinowski@microsoft.com;jason.malinowski@microsoft.com
SmartTokenFormatterFormatRangeTests.cs;MODIFY;2927;127.0;Grew;True;2016-05-20 20:34:27+00:00;False;145;141;7766;3bd960b9f3df4830e39a7b7553b7305f6f6c4d49;6;lorcanmooney@live.com;lorcanmooney@live.com
SmartTokenFormatterFormatRangeTests.cs;MODIFY;2921;-6.0;Decreased;True;2016-07-20 22:31:25+00:00;False;145;141;7709;f57b2269e6679d30107ef549126da189561f1168;308;cyrusn@microsoft.com;cyrusn@microsoft.com
SmartTokenFormatterFormatRangeTests.cs;MODIFY;2921;0.0;Equal;True;2016-09-28 21:37:37+00:00;False;145;141;7707;a6c06c53c2764480b4c2903d09499e5bb3a05b5a;7;cyrusn@microsoft.com;cyrusn@microsoft.com
SmartTokenFormatterFormatRangeTests.cs;MODIFY;2973;52.0;Grew;True;2017-02-20 12:25:41+00:00;False;147;143;7821;5a15bdc113da4cb1707e201656553417b4fae1f8;2;martin.zimmermann.git@outlook.com;martin.zimmermann.git@outlook.com
SmartTokenFormatterFormatRangeTests.cs;MODIFY;3039;66.0;Grew;True;2017-02-23 10:37:30+00:00;False;149;145;7935;f8c994007588bf39c09371bdb50b01e84f849a2a;2;martin.zimmermann.git@outlook.com;martin.zimmermann.git@outlook.com
SmartTokenFormatterFormatRangeTests.cs;MODIFY;2921;-118.0;Equal;True;2017-03-01 01:55:48+00:00;False;145;141;7705;ff35f615b97afb52440e6e5f37bdc958ad9c3a3b;88;cyrusn@microsoft.com;cyrusn@microsoft.com
SmartTokenFormatterFormatRangeTests.cs;MODIFY;2921;0.0;Equal;True;2017-03-01 05:43:55+00:00;False;145;141;7682;8b6df1700e0142aa7bb8fc245a4eff3d579fb02d;79;cyrusn@microsoft.com;cyrusn@microsoft.com
SmartTokenFormatterFormatRangeTests.cs;MODIFY;2921;0.0;Equal;True;2017-03-01 05:58:17+00:00;False;145;141;7660;d1a0ebbca362938b1499b70d1827a95535eaae89;34;cyrusn@microsoft.com;cyrusn@microsoft.com
SmartTokenFormatterFormatRangeTests.cs;MODIFY;2965;44.0;Grew;True;2017-03-07 22:22:47+00:00;False;148;144;7813;94d03c21bd09aec6a5966940de6db13bd39f625f;2;noreply@github.com;neal@gafter.com
SmartTokenFormatterFormatRangeTests.cs;MODIFY;2965;0.0;Equal;True;2017-08-01 23:44:41+00:00;False;148;144;7813;94ab292d2c79b1675de0d6ff0a7361ecfbf20cfb;1420;noreply@github.com;cyrusn@microsoft.com
SmartTokenFormatterFormatRangeTests.cs;MODIFY;2965;0.0;Equal;True;2018-01-17 18:26:57+00:00;False;148;144;7819;aa892f070fedf9672a776cd77a5ddd670a2781af;268;olegtk@microsoft.com;olegtk@microsoft.com
SmartTokenFormatterFormatRangeTests.cs;MODIFY;2966;1.0;Grew;True;2018-03-21 03:50:36+00:00;False;148;144;7828;c118f48b68e6454fae57e13904e456dc0a16e490;644;sam.harwell@microsoft.com;sam.harwell@microsoft.com
SmartTokenFormatterFormatRangeTests.cs;MODIFY;2967;1.0;Grew;True;2018-03-23 17:23:05+00:00;False;148;144;7831;c5465fc247822690d5af3eab5667694d89b220c0;321;sam.harwell@microsoft.com;sam.harwell@microsoft.com
SmartTokenFormatterFormatRangeTests.cs;MODIFY;2962;-5.0;Decreased;True;2018-04-27 19:37:22+00:00;False;148;144;7767;03eaa50af88196a0cc93b95a063e77c4fccb29de;19;sam.harwell@microsoft.com;sam.harwell@microsoft.com
SmartTokenFormatterFormatRangeTests.cs;MODIFY;3064;102.0;Grew;True;2018-05-17 16:25:45+00:00;False;150;146;7992;d6e1e90d736354151fff7432535b90e1e5d152de;1;sam.harwell@microsoft.com;sam.harwell@microsoft.com
SmartTokenFormatterFormatRangeTests.cs;MODIFY;3106;42.0;Grew;True;2018-06-06 05:51:29+00:00;False;153;149;8059;d3a28d45ceb84ec892590eb451e9098bf393af94;75;noreply@github.com;carhu@microsoft.com
SmartTokenFormatterFormatRangeTests.cs;MODIFY;3106;0.0;Equal;True;2018-08-02 02:19:55+00:00;False;153;149;8065;4aeda54292427d8afa4422e09c1c691248806968;13;sam.harwell@microsoft.com;sam.harwell@microsoft.com
SmartTokenFormatterFormatRangeTests.cs;MODIFY;3106;0.0;Equal;True;2018-11-28 03:12:28+00:00;False;153;149;8059;e9536ef1d9105cd9a53653e00683316f2a823f11;34;Sam.Harwell@microsoft.com;Sam.Harwell@microsoft.com
SmartTokenFormatterFormatRangeTests.cs;MODIFY;3106;0.0;Equal;True;2019-01-30 12:19:38+00:00;False;153;149;8059;db2227e525f23669b37ab57316055390fb809ea2;68;Sam.Harwell@microsoft.com;Sam.Harwell@microsoft.com
SmartTokenFormatterFormatRangeTests.cs;MODIFY;3107;1.0;Grew;True;2019-03-09 03:22:25+00:00;False;153;149;8068;5505579cbade966a68dbe340e1cea902905ce248;9;cyrus.najmabadi@gmail.com;cyrus.najmabadi@gmail.com
SmartTokenFormatterFormatRangeTests.cs;MODIFY;3104;-3.0;Decreased;True;2019-03-09 04:16:04+00:00;False;153;149;8039;943afa2e6ee7b22e28d649bda31ec26f63d2e3b2;7;cyrus.najmabadi@gmail.com;cyrus.najmabadi@gmail.com
SmartTokenFormatterFormatRangeTests.cs;MODIFY;3107;3.0;Grew;True;2019-05-28 21:21:12+00:00;False;153;149;8068;5e10660e201937e40affc6063905fe8f51f23624;39;heejaechang@outlook.com;cyrus.najmabadi@gmail.com
SmartTokenFormatterFormatRangeTests.cs;MODIFY;3107;0.0;Grew;True;2019-05-31 16:07:26+00:00;False;153;149;8068;650a8d77c691d8064241fac4baee9a9d9618c6d9;1168;noreply@github.com;laurenfay.rosenberg@mail.utoronto.ca
SmartTokenFormatterFormatRangeTests.cs;MODIFY;3100;-7.0;Decreased;True;2019-07-18 21:09:16+00:00;False;153;149;8033;3080baa65a6617cbcc7f5214439a52860e6a8afb;53;cyrus.najmabadi@gmail.com;cyrus.najmabadi@gmail.com
SmartTokenFormatterFormatRangeTests.cs;MODIFY;3100;0.0;Equal;True;2019-09-20 23:33:34+00:00;False;153;149;8033;828435ce65abe104567eed4fe353066084b21f67;93;jaredpparsons@gmail.com;jaredpparsons@gmail.com
SmartTokenFormatterFormatRangeTests.cs;MODIFY;3116;16.0;Grew;True;2019-09-26 21:35:46+00:00;False;155;151;8211;a46fdc6342f5c6d9c98a0ac2e9b831b8907a3e35;5;Sam.Harwell@microsoft.com;Sam.Harwell@microsoft.com
SmartTokenFormatterFormatRangeTests.cs;MODIFY;3137;21.0;Grew;True;2019-10-23 18:03:36+00:00;False;155;150;8359;fca389f5e7787ce98a27339e5226f4ab9d8d0080;1;jason.malinowski@microsoft.com;jason.malinowski@microsoft.com
SmartTokenFormatterFormatRangeTests.cs;MODIFY;3137;0.0;Equal;True;2019-10-23 22:19:13+00:00;False;155;150;8363;5cd403928d0db6d8434c8d9293c2074a12a9d619;58;jason.malinowski@microsoft.com;jason.malinowski@microsoft.com
SmartTokenFormatterFormatRangeTests.cs;MODIFY;3139;2.0;Grew;True;2020-01-13 20:12:26+00:00;False;155;150;8379;05fd0d32094c3b27cc20629218d195a336945ae5;78;mavasani@microsoft.com;mavasani@microsoft.com
SmartTokenFormatterFormatRangeTests.cs;MODIFY;3139;0.0;Grew;True;2020-01-23 01:01:51+00:00;False;155;150;8379;91571a3bb038e05e7bf2ab87510273a1017faed0;12706;jmarolf@microsoft.com;jmarolf@microsoft.com
SmartTokenFormatterFormatRangeTests.cs;MODIFY;3139;0.0;Equal;True;2020-02-24 18:00:04+00:00;False;155;150;8384;e54c35a2ccd09665838a1f3e294fdf12e979eeb0;112;noreply@github.com;AlekseyTs@users.noreply.github.com
SmartTokenFormatterFormatRangeTests.cs;MODIFY;3139;0.0;Equal;True;2020-03-10 21:08:04+00:00;False;155;150;8379;7e3c47ec73711afae6d3769d0599816c9dc0ecec;116;mavasani@microsoft.com;mavasani@microsoft.com
SmartTokenFormatterFormatRangeTests.cs;MODIFY;3133;-6.0;Decreased;True;2020-03-29 05:49:09+00:00;False;152;147;8373;05a61598e2aa192a8b6454c919144a19438aea7b;80;cyrus.najmabadi@gmail.com;cyrus.najmabadi@gmail.com
SmartTokenFormatterFormatRangeTests.cs;MODIFY;3133;0.0;Equal;True;2020-05-07 16:49:30+00:00;False;152;147;8378;254e92f070fd2bdc431c434685668399b617727e;48;noreply@github.com;AlekseyTs@users.noreply.github.com
SmartTokenFormatterFormatRangeTests.cs;MODIFY;3134;1.0;Grew;True;2020-05-20 20:27:44+00:00;False;152;147;8386;db528756b6a6a1d33c7595a886bcddded8624ab3;22;noreply@github.com;AlekseyTs@users.noreply.github.com
SmartTokenFormatterFormatRangeTests.cs;MODIFY;3134;0.0;Equal;True;2020-06-09 15:47:45+00:00;False;152;147;8381;5e307a51a97408d941d600464d6c0fd25fbe1341;1;Sam.Harwell@microsoft.com;Sam.Harwell@microsoft.com
SmartTokenFormatterFormatRangeTests.cs;MODIFY;3134;0.0;Equal;True;2020-07-08 17:23:12+00:00;False;152;147;8386;d626be19e552a0722133536ae7b00957c107e8d6;287;mavasani@microsoft.com;mavasani@microsoft.com
SmartTokenFormatterFormatRangeTests.cs;MODIFY;3134;0.0;Grew;True;2020-09-28 16:36:46+00:00;False;152;147;8386;1cca63b5d8ea170f8d8e88e1574aa3ebe354c23b;9683;jaredpparsons@gmail.com;jaredpparsons@gmail.com
SmartTokenFormatterFormatRangeTests.cs;MODIFY;3137;3.0;Grew;True;2020-09-29 13:34:05+00:00;False;152;147;8408;dedc8c432db7f57b37b23b7a5d07eae5aedb77a8;1;noreply@github.com;31348972+Youssef1313@users.noreply.github.com
SmartTokenFormatterFormatRangeTests.cs;MODIFY;3137;0.0;Equal;True;2020-09-29 15:22:07+00:00;False;152;147;8408;8ea16731426b123afa96ad0502999870d19af61e;1;noreply@github.com;31348972+Youssef1313@users.noreply.github.com
SmartTokenFormatterFormatRangeTests.cs;MODIFY;3188;51.0;Grew;True;2020-10-02 11:55:28+00:00;False;154;149;8486;840c3d72c1e8f7b5661f5b8fb0a02d143abd1d70;1;noreply@github.com;31348972+Youssef1313@users.noreply.github.com
SmartTokenFormatterFormatRangeTests.cs;MODIFY;3186;-2.0;Decreased;True;2022-01-15 03:47:03+00:00;False;153;148;8474;591e899025f1d4cf9bbb6e9af3ef82506b46f501;106;noreply@github.com;tmat@users.noreply.github.com
SmartTokenFormatterFormatRangeTests.cs;MODIFY;3187;1.0;Grew;True;2022-01-18 17:44:11+00:00;False;153;148;8486;7df7a3b54218bd6857dd553c6c0446fa2082e96a;85;noreply@github.com;tmat@users.noreply.github.com
SmartTokenFormatterFormatRangeTests.cs;MODIFY;3186;-1.0;Decreased;True;2022-03-08 22:43:13+00:00;False;153;148;8475;b21d9906d9a9fe4d402e6c5a314107326f4dfc8c;120;noreply@github.com;tmat@users.noreply.github.com
SmartTokenFormatterFormatRangeTests.cs;MODIFY;3187;1.0;Grew;True;2022-03-15 16:53:56+00:00;False;153;148;8470;5fd5e5b6e431442f07b8ec47a9435729dafcdba2;99;noreply@github.com;tmat@users.noreply.github.com
SmartTokenFormatterFormatRangeTests.cs;MODIFY;3186;-1.0;Decreased;True;2022-03-17 21:56:13+00:00;False;153;148;8475;ab57ce863afdbe32fa4fc1a6f14796ac9138e4e4;99;noreply@github.com;allichou@microsoft.com
SmartTokenFormatterFormatRangeTests.cs;MODIFY;3186;0.0;Equal;True;2022-03-29 00:46:52+00:00;False;153;148;8471;649d323c1c9e68c799fca2b682cdb6fd051351e9;3;cyrusn@microsoft.com;cyrusn@microsoft.com
SmartTokenFormatterFormatRangeTests.cs;MODIFY;3187;1.0;Grew;True;2022-04-09 00:12:21+00:00;False;153;148;8466;0c7c0b33f0871fc4308eb2d75d77b87fc9293290;109;noreply@github.com;tmat@users.noreply.github.com
SmartTokenFormatterFormatRangeTests.cs;MODIFY;3187;0.0;Equal;True;2022-04-11 06:15:34+00:00;False;153;148;8462;c9f2aecc7fb55e22ca1c3a16f492b3482af3a0aa;96;noreply@github.com;tmat@users.noreply.github.com
SmartTokenFormatterFormatRangeTests.cs;MODIFY;3186;-1.0;Decreased;True;2022-05-18 18:55:54+00:00;False;153;148;8458;bb11cf445557b977a26fcd10872553cd0a47a30b;538;noreply@github.com;tmat@users.noreply.github.com
SmartTokenFormatterFormatRangeTests.cs;MODIFY;3186;0.0;Decreased;True;2022-06-01 01:41:34+00:00;False;153;148;8458;63fb830d2ff070359f7492ef3b952d45f6fcaa1e;2593;noreply@github.com;Cosifne@users.noreply.github.com
SmartTokenFormatterFormatRangeTests.cs;MODIFY;3187;1.0;Grew;True;2022-06-01 04:53:39+00:00;False;153;148;8462;3ea430ec1f2669d8e906a6d70bfdf94de66ce657;2593;shech@microsoft.com;shech@microsoft.com
SmartTokenFormatterFormatRangeTests.cs;MODIFY;3187;0.0;Grew;True;2022-06-16 00:54:33+00:00;False;153;148;8482;bd2bf93d891afb17deae3014f869ac7a126be14e;39;noreply@github.com;tmat@users.noreply.github.com
SmartTokenFormatterFormatRangeTests.cs;MODIFY;3190;3.0;Grew;True;2022-07-20 16:52:07+00:00;False;153;148;8495;d72634113d9d36c539732aaf3a188faac26dd7d7;27;noreply@github.com;tmat@users.noreply.github.com
SmartTokenFormatterFormatRangeTests.cs;MODIFY;3170;-20.0;Decreased;True;2022-09-11 23:13:41+00:00;False;153;148;8475;5f42e0e9a2d4c7806ab7edcd32c0a09274db6b8e;235;cyrus.najmabadi@gmail.com;cyrus.najmabadi@gmail.com
SmartTokenFormatterFormatRangeTests.cs;MODIFY;3169;-1.0;Decreased;True;2022-09-11 23:16:28+00:00;False;153;148;8474;e5f9b70f9d52b2952555411939099949a094739b;17;cyrus.najmabadi@gmail.com;cyrus.najmabadi@gmail.com
SmartTokenFormatterFormatRangeTests.cs;MODIFY;3168;-1.0;Decreased;True;2022-09-11 23:40:50+00:00;False;153;148;8473;c35952b4e873524b9403c087d4f7565434395375;250;cyrus.najmabadi@gmail.com;cyrus.najmabadi@gmail.com
SmartTokenFormatterFormatRangeTests.cs;MODIFY;3168;0.0;Equal;True;2023-02-05 00:05:16+00:00;False;153;148;8475;ce20bca5775cfaadbc26ccf751631db175a9a7a1;89;noreply@github.com;tmat@users.noreply.github.com
SmartTokenFormatterFormatRangeTests.cs;MODIFY;3026;-142.0;Decreased;True;2023-02-09 20:24:47+00:00;False;153;148;6487;d93b690b3ae1373659e3371396f66feeeba30344;1;cyrusn@microsoft.com;cyrusn@microsoft.com
SmartTokenFormatterFormatRangeTests.cs;MODIFY;3026;0.0;Equal;True;2023-03-07 01:20:38+00:00;False;153;148;6395;19fbd81487be7e7bad0beb19046814b7d8e2c3dc;225;cyrusn@microsoft.com;cyrusn@microsoft.com
SmartTokenFormatterFormatRangeTests.cs;MODIFY;3030;4.0;Grew;True;2023-08-12 16:23:34+00:00;False;153;148;6397;618237c720c6e38b4cc8bf9809c5d959a0003b6a;1;cyrusn@microsoft.com;cyrusn@microsoft.com
SmartTokenFormatterFormatRangeTests.cs;MODIFY;3030;0.0;Equal;True;2024-01-09 15:51:15+00:00;False;153;148;6397;3157d163e3b30b2e0cdbbec3c65bcbd139145651;473;noreply@github.com;tmat@users.noreply.github.com
SmartTokenFormatterFormatRangeTests.cs;MODIFY;3029;-1.0;Decreased;True;2024-01-29 21:16:51+00:00;False;153;148;6396;1aeecdd078db4021c7b62a2fff11bfd28529bb10;32;cyrus.najmabadi@gmail.com;cyrus.najmabadi@gmail.com
SmartTokenFormatterFormatRangeTests.cs;MODIFY;3028;-1.0;Decreased;True;2024-01-29 21:20:50+00:00;False;153;148;6395;2dae46f27ddaa4de4b78ee935f4c3941162d4a60;5;cyrus.najmabadi@gmail.com;cyrus.najmabadi@gmail.com
SmartTokenFormatterFormatRangeTests.cs;MODIFY;3024;-4.0;Decreased;True;2024-01-29 21:23:10+00:00;False;153;148;6391;03b9a08129407058d95bbee5e2622ff21ec5c368;30;cyrus.najmabadi@gmail.com;cyrus.najmabadi@gmail.com
SmartTokenFormatterFormatRangeTests.cs;MODIFY;3024;0.0;Equal;True;2024-02-06 15:46:03+00:00;False;153;148;6391;c08dabd5daa707e40fb98dfb371befaaae9c1618;4;sdelarosbil@spiria.com;sdelarosbil@spiria.com
SmartTokenFormatterFormatRangeTests.cs;MODIFY;3022;-2.0;Decreased;True;2024-05-22 05:23:48+00:00;False;153;148;6390;32e21b64138876a065081ab4bbe15b1fbea12316;284;cyrus.najmabadi@gmail.com;cyrus.najmabadi@gmail.com
SmartTokenFormatterFormatRangeTests.cs;MODIFY;3021;-1.0;Decreased;True;2024-05-22 06:09:12+00:00;False;153;148;6368;a7aa293342e128171341c39c671f4ebe6a21c67a;1646;cyrus.najmabadi@gmail.com;cyrus.najmabadi@gmail.com
SmartTokenFormatterFormatRangeTests.cs;MODIFY;3025;4.0;Grew;True;2024-11-29 02:42:09+00:00;False;153;148;6376;db56706da6b11006f809b370d537105d7f3137f2;1;cyrus.najmabadi@gmail.com;cyrus.najmabadi@gmail.com
