file_name;change_type;n_loc;lines_balance;size_change;is_large;date;swapped_classification;complexity;methods;tokens;hash;files_on_commit;committer_email;author_email
UseCollectionExpressionForArrayTests.cs;ADD;51;0.0;Grew;False;2023-07-19 22:07:15+00:00;False;2;2;187;65c9d5bbd71151a958e32f759260ad11ba47d04b;4;cyrusn@microsoft.com;cyrusn@microsoft.com
UseCollectionExpressionForArrayTests.cs;MODIFY;139;88.0;Grew;False;2023-07-19 22:13:25+00:00;False;6;6;351;53664034a275da703e112f2779040583bd6ca245;2;cyrusn@microsoft.com;cyrusn@microsoft.com
UseCollectionExpressionForArrayTests.cs;MODIFY;179;40.0;Grew;False;2023-07-19 22:15:34+00:00;False;8;8;433;94487b6db2c761ebb634e6b3277e90c580c4976d;1;cyrusn@microsoft.com;cyrusn@microsoft.com
UseCollectionExpressionForArrayTests.cs;MODIFY;278;99.0;Grew;False;2023-07-19 22:45:52+00:00;False;13;13;639;748304cc667970780b79d095ba3430150cd78e92;3;cyrusn@microsoft.com;cyrusn@microsoft.com
UseCollectionExpressionForArrayTests.cs;MODIFY;372;94.0;Grew;False;2023-07-19 23:12:56+00:00;False;18;18;846;fb4dcdbb68c699b8add6ac0787a59b42657c90fc;3;cyrusn@microsoft.com;cyrusn@microsoft.com
UseCollectionExpressionForArrayTests.cs;MODIFY;369;-3.0;Decreased;False;2023-07-19 23:13:24+00:00;False;18;18;821;4c7c1653453a12d5df9cde9c56ba160409e5f361;3;cyrusn@microsoft.com;cyrusn@microsoft.com
UseCollectionExpressionForArrayTests.cs;MODIFY;437;68.0;Grew;False;2023-07-19 23:46:39+00:00;False;22;22;965;106797f15ff951ef56e34896ddfe990d463edd79;3;cyrusn@microsoft.com;cyrusn@microsoft.com
UseCollectionExpressionForArrayTests.cs;MODIFY;441;4.0;Grew;False;2023-07-19 23:54:46+00:00;False;22;22;1053;13dca94d968b6f87eead38a69dfdf36a2df23019;1;cyrusn@microsoft.com;cyrusn@microsoft.com
UseCollectionExpressionForArrayTests.cs;MODIFY;750;309.0;Grew;False;2023-07-20 18:36:39+00:00;False;35;35;1571;f3598df1b2d07085d90b3a2bae28ac38b6cdcfb6;2;cyrusn@microsoft.com;cyrusn@microsoft.com
UseCollectionExpressionForArrayTests.cs;MODIFY;1058;308.0;Grew;False;2023-07-20 18:53:51+00:00;False;47;47;2045;62f2f98e193e21da49cad69c64b152dce7acc1dc;2;cyrusn@microsoft.com;cyrusn@microsoft.com
UseCollectionExpressionForArrayTests.cs;MODIFY;1098;40.0;Grew;False;2023-07-20 19:05:21+00:00;False;48;48;2101;be7569987f5d54923f8f0582417955bba79f2f66;2;cyrusn@microsoft.com;cyrusn@microsoft.com
UseCollectionExpressionForArrayTests.cs;MODIFY;1060;-38.0;Decreased;False;2023-07-20 19:17:12+00:00;False;47;47;2081;46010803740ff49601025fddc4c6ba0900a6a9f7;1;cyrusn@microsoft.com;cyrusn@microsoft.com
UseCollectionExpressionForArrayTests.cs;MODIFY;1081;21.0;Grew;False;2023-07-20 19:38:49+00:00;False;48;48;2116;756b7656ad0add621f779cbe2fab444024a3e04a;2;cyrusn@microsoft.com;cyrusn@microsoft.com
UseCollectionExpressionForArrayTests.cs;MODIFY;1074;-7.0;Decreased;False;2023-07-24 20:28:36+00:00;False;48;48;2116;873f28951bea4f0bf7b479c8f16a6a8b0ec31581;4;cyrusn@microsoft.com;cyrusn@microsoft.com
UseCollectionExpressionForArrayTests.cs;MODIFY;1074;0.0;Equal;False;2023-07-26 18:24:01+00:00;False;48;48;2116;993255151b9c0868a45eb22a675fc7ac9422f627;2;cyrusn@microsoft.com;cyrusn@microsoft.com
UseCollectionExpressionForArrayTests.cs;MODIFY;1775;701.0;Grew;True;2023-07-28 19:38:05+00:00;True;76;76;3264;4ec37e3fc403418b0850da451ca55327eb25080e;2;cyrusn@microsoft.com;cyrusn@microsoft.com
UseCollectionExpressionForArrayTests.cs;MODIFY;1777;2.0;Grew;True;2023-07-28 19:38:05+00:00;False;76;76;3264;1534a1a5de584da8be6deaaa32da061f5097a19a;2;cyrusn@microsoft.com;cyrusn@microsoft.com
UseCollectionExpressionForArrayTests.cs;MODIFY;1770;-7.0;Equal;True;2023-08-05 19:50:31+00:00;False;76;76;3264;4bf1d350219cce1138f6653fddd9407be1285365;6;cyrusn@microsoft.com;cyrusn@microsoft.com
UseCollectionExpressionForArrayTests.cs;MODIFY;2299;529.0;Grew;True;2023-08-05 21:43:15+00:00;False;96;96;4166;a27aa6822d8cea46e8658ec3e09e78113d2240f3;1;cyrusn@microsoft.com;cyrusn@microsoft.com
UseCollectionExpressionForArrayTests.cs;MODIFY;2361;62.0;Grew;True;2023-08-05 22:28:30+00:00;False;100;100;4316;7c3590d5e839c16b616f0e4fb78a2a906172b4e8;1;cyrusn@microsoft.com;cyrusn@microsoft.com
UseCollectionExpressionForArrayTests.cs;MODIFY;2438;77.0;Grew;True;2023-08-05 22:38:29+00:00;False;102;102;4420;e83ff84829ad351eeb087e8203fb0c5878d7590b;2;cyrusn@microsoft.com;cyrusn@microsoft.com
UseCollectionExpressionForArrayTests.cs;MODIFY;1770;-668.0;Equal;True;2023-08-08 07:27:06+00:00;False;76;76;3264;41de0bce4b34102e47d26633387769157a8a489c;90;noreply@github.com;jcouv@users.noreply.github.com
UseCollectionExpressionForArrayTests.cs;MODIFY;2471;701.0;Grew;True;2023-08-09 19:53:37+00:00;False;103;103;4291;0374685016fe791e16e626f590a1114ae7b33cc3;1;cyrusn@microsoft.com;cyrusn@microsoft.com
UseCollectionExpressionForArrayTests.cs;MODIFY;2534;63.0;Grew;True;2023-08-10 00:16:49+00:00;False;104;104;4338;d15108bd814c2ade86c446f965a459313c845ee8;2;cyrusn@microsoft.com;cyrusn@microsoft.com
UseCollectionExpressionForArrayTests.cs;MODIFY;2534;0.0;Equal;True;2023-08-10 15:43:26+00:00;False;104;104;4338;0cfe5049f9a77759e3358ba8f526ecd6a44da736;4;cyrusn@microsoft.com;cyrusn@microsoft.com
UseCollectionExpressionForArrayTests.cs;MODIFY;2552;18.0;Grew;True;2023-08-18 17:32:20+00:00;False;105;105;4390;b26a3b6fb2b4a106ec38f55d1a8435b5def53244;7;cyrusn@microsoft.com;cyrusn@microsoft.com
UseCollectionExpressionForArrayTests.cs;MODIFY;2580;28.0;Grew;True;2023-08-18 17:45:43+00:00;False;106;106;4442;1b9c9af5891b86f1a137a9b27ca68af745a8915b;6;cyrusn@microsoft.com;cyrusn@microsoft.com
UseCollectionExpressionForArrayTests.cs;MODIFY;2584;4.0;Grew;True;2023-08-19 17:48:22+00:00;False;105;105;4379;5ddec2eec177ef4e8d9839992480a504220b58c1;2;cyrusn@microsoft.com;cyrusn@microsoft.com
UseCollectionExpressionForArrayTests.cs;MODIFY;2584;0.0;Decreased;True;2023-08-29 14:16:45+00:00;False;107;107;4465;4b8816f931d761873b999dcb9f7d65c5920a52ab;11;10732005+cston@users.noreply.github.com;10732005+cston@users.noreply.github.com
UseCollectionExpressionForArrayTests.cs;MODIFY;2593;9.0;Grew;True;2023-08-29 14:16:55+00:00;False;107;107;4561;4a505c9e6e349176a88b330555af21cf0671dbac;1;10732005+cston@users.noreply.github.com;cyrusn@microsoft.com
UseCollectionExpressionForArrayTests.cs;MODIFY;2593;0.0;Equal;True;2023-09-06 21:22:19+00:00;False;107;107;4561;018243c8009389818cc8f816e89d9039141d08eb;1;noreply@github.com;frsilb@microsoft.com
UseCollectionExpressionForArrayTests.cs;MODIFY;2610;17.0;Grew;True;2023-09-14 16:00:57+00:00;False;108;108;4596;7808feb759319a7b7596880878d6e89805cc4572;14;noreply@github.com;jcouv@users.noreply.github.com
UseCollectionExpressionForArrayTests.cs;MODIFY;2641;31.0;Grew;True;2023-09-22 19:03:37+00:00;False;109;109;4679;d69b021ef27e8c37f85a3012f68bced7353d593d;7;cyrusn@microsoft.com;cyrusn@microsoft.com
UseCollectionExpressionForArrayTests.cs;MODIFY;2634;-7.0;Decreased;True;2023-09-26 23:17:53+00:00;False;109;109;4652;b925063036ce015a2d62d409f890860a3cd59c37;3;noreply@github.com;jcouv@users.noreply.github.com
UseCollectionExpressionForArrayTests.cs;MODIFY;2897;263.0;Grew;True;2023-10-07 17:50:50+00:00;False;118;118;5233;55fe68a162383067698eba404e32d2bbbbe1f1ae;3;cyrus.najmabadi@gmail.com;cyrus.najmabadi@gmail.com
UseCollectionExpressionForArrayTests.cs;MODIFY;3863;966.0;Grew;True;2023-10-07 18:20:21+00:00;False;149;149;6746;0dfeae8d7305a0d9e6463a9417d629a18c3f1658;2;cyrus.najmabadi@gmail.com;cyrus.najmabadi@gmail.com
UseCollectionExpressionForArrayTests.cs;MODIFY;3861;-2.0;Decreased;True;2023-10-07 18:24:15+00:00;False;149;149;6746;0e420d2f4007409c90e8a985c4838af0f453a06b;2;cyrus.najmabadi@gmail.com;cyrus.najmabadi@gmail.com
UseCollectionExpressionForArrayTests.cs;MODIFY;3855;-6.0;Decreased;True;2023-10-07 18:40:50+00:00;False;148;148;6714;0f1a59ff127f4771c70fd0a8e9657cbf930d1c55;1;cyrus.najmabadi@gmail.com;cyrus.najmabadi@gmail.com
UseCollectionExpressionForArrayTests.cs;MODIFY;3917;62.0;Grew;True;2023-10-07 19:01:03+00:00;False;151;151;6849;2f5de0845963728d7e2b1c99c33e1cdb6fba5463;1;cyrus.najmabadi@gmail.com;cyrus.najmabadi@gmail.com
UseCollectionExpressionForArrayTests.cs;MODIFY;3985;68.0;Grew;True;2023-10-24 16:12:03+00:00;False;153;153;6957;6190909154a2f80e5db971e67371f4672a7a7d44;2;cyrusn@microsoft.com;cyrusn@microsoft.com
UseCollectionExpressionForArrayTests.cs;MODIFY;4009;24.0;Grew;True;2023-10-24 16:29:58+00:00;False;154;154;7030;4b425982a4e2218ebcba15c245c5137b1b887940;4;cyrusn@microsoft.com;cyrusn@microsoft.com
UseCollectionExpressionForArrayTests.cs;MODIFY;4067;58.0;Grew;True;2023-11-30 00:31:45+00:00;False;156;156;7116;36d1a1f6c48dfb8dfb65bb657f0d5b032a450701;28;cyrus.najmabadi@gmail.com;cyrus.najmabadi@gmail.com
UseCollectionExpressionForArrayTests.cs;MODIFY;4089;22.0;Grew;True;2023-11-30 01:02:19+00:00;False;157;157;7156;ae96dd520238a7fe58c31c447779ac1480a699b4;6;cyrus.najmabadi@gmail.com;cyrus.najmabadi@gmail.com
UseCollectionExpressionForArrayTests.cs;MODIFY;4145;56.0;Grew;True;2023-12-04 21:06:03+00:00;False;159;159;7264;629ed2b1b26a8fdfaad5e2627104111bdd725ae7;8;cyrusn@microsoft.com;cyrusn@microsoft.com
UseCollectionExpressionForArrayTests.cs;MODIFY;4166;21.0;Grew;True;2023-12-05 20:24:09+00:00;False;160;160;7312;babb9ca59db51ad03cf3d00a1c809f713e4449e7;3;cyrusn@microsoft.com;cyrusn@microsoft.com
UseCollectionExpressionForArrayTests.cs;MODIFY;4202;36.0;Grew;True;2023-12-08 17:39:34+00:00;False;161;161;7373;3d4eb8f62fa5f02cd517e1649b3bee8ef2f27f27;1;cyrusn@microsoft.com;cyrusn@microsoft.com
UseCollectionExpressionForArrayTests.cs;MODIFY;4201;-1.0;Decreased;True;2023-12-14 09:58:07+00:00;False;161;161;7337;00aeb8e47d979fbfdb8f6f11e0b2a9d5a6f6cf07;4;mavasani@microsoft.com;mavasani@microsoft.com
UseCollectionExpressionForArrayTests.cs;MODIFY;4202;1.0;Grew;True;2023-12-14 22:31:31+00:00;False;161;161;7373;9d85cb0933bb993b7351cc3587263c73396bcfa7;22;dabarbet@microsoft.com;dabarbet@microsoft.com
UseCollectionExpressionForArrayTests.cs;MODIFY;4264;62.0;Grew;True;2023-12-20 21:38:06+00:00;False;163;163;7464;2b86991f3fcb0df7df01a035186f8c0ad931eb05;22;cyrus.najmabadi@gmail.com;cyrus.najmabadi@gmail.com
UseCollectionExpressionForArrayTests.cs;MODIFY;4264;0.0;Equal;True;2023-12-21 01:47:30+00:00;False;163;163;7464;0c22f779706b546349004ac7ecda625684f4c98a;18;cyrus.najmabadi@gmail.com;cyrus.najmabadi@gmail.com
UseCollectionExpressionForArrayTests.cs;MODIFY;4300;36.0;Grew;True;2024-01-04 04:37:42+00:00;False;164;164;7510;ef2ed627c9c7c18c4ec800d22ca7bf9e70988eb1;10;cyrus.najmabadi@gmail.com;cyrus.najmabadi@gmail.com
UseCollectionExpressionForArrayTests.cs;MODIFY;4431;131.0;Grew;True;2024-01-07 18:47:28+00:00;False;167;167;7769;cb97db007281a25a8d07b470fe716dbb1bbbda08;1;cyrus.najmabadi@gmail.com;cyrus.najmabadi@gmail.com
UseCollectionExpressionForArrayTests.cs;MODIFY;4431;0.0;Equal;True;2024-01-26 20:07:30+00:00;False;167;167;7753;82c86ed5ab68c1064989aeff1c48ac4265b3848d;128;cyrus.najmabadi@gmail.com;cyrus.najmabadi@gmail.com
UseCollectionExpressionForArrayTests.cs;MODIFY;4501;70.0;Grew;True;2024-01-26 20:20:55+00:00;False;168;168;7812;804f9bee63f4567cd7ab8f00a8e517be27669852;1;cyrus.najmabadi@gmail.com;cyrus.najmabadi@gmail.com
UseCollectionExpressionForArrayTests.cs;MODIFY;4724;223.0;Grew;True;2024-01-27 07:27:11+00:00;False;174;174;8180;035abb48595598a2ca43b4752910ac7543bf27d3;14;cyrus.najmabadi@gmail.com;cyrus.najmabadi@gmail.com
UseCollectionExpressionForArrayTests.cs;MODIFY;4824;100.0;Grew;True;2024-01-27 07:45:09+00:00;False;178;178;8378;7bb1252ee0e71abe35810abe6fcd3fff387079f8;2;cyrus.najmabadi@gmail.com;cyrus.najmabadi@gmail.com
UseCollectionExpressionForArrayTests.cs;MODIFY;4868;44.0;Grew;True;2024-01-27 07:56:47+00:00;False;180;180;8450;0b662483074a32a17f539b384f7f1140bbf8ebd4;1;cyrus.najmabadi@gmail.com;cyrus.najmabadi@gmail.com
UseCollectionExpressionForArrayTests.cs;MODIFY;4974;106.0;Grew;True;2024-01-27 20:50:12+00:00;False;182;182;8616;2eb20bf07ed9cb5971c0d23c8f5c330221757205;4;cyrus.najmabadi@gmail.com;cyrus.najmabadi@gmail.com
UseCollectionExpressionForArrayTests.cs;MODIFY;4972;-2.0;Decreased;True;2024-02-12 21:32:31+00:00;False;182;182;8606;8c9c0610d51cbd72c824509b8e66d3d2272bd5bf;2;cyrus.najmabadi@gmail.com;cyrus.najmabadi@gmail.com
UseCollectionExpressionForArrayTests.cs;MODIFY;4988;16.0;Grew;True;2024-03-06 17:12:09+00:00;False;183;183;8647;c910040ee8de47b3c981cdcfce0716079c0132b9;2;sdelarosbil@spiria.com;sdelarosbil@spiria.com
UseCollectionExpressionForArrayTests.cs;MODIFY;4988;0.0;Equal;True;2024-03-19 16:26:56+00:00;False;183;183;8652;1d019d5f9bb3b71cc87475183bbb2f3f3992d824;1;noreply@github.com;126594693+sdelarosbil@users.noreply.github.com
UseCollectionExpressionForArrayTests.cs;MODIFY;5168;180.0;Grew;True;2024-03-29 14:33:25+00:00;False;190;190;8938;9c9d92618b7f6f51fca2cfaf44501866a3f3d847;2;cyrus.najmabadi@gmail.com;cyrus.najmabadi@gmail.com
UseCollectionExpressionForArrayTests.cs;MODIFY;5220;52.0;Grew;True;2024-04-11 19:12:48+00:00;False;192;192;9018;5a4904557caa9d58716ad8206b58e50960bdfaf4;26;noreply@github.com;AlekseyTs@users.noreply.github.com
UseCollectionExpressionForArrayTests.cs;MODIFY;5150;-70.0;Decreased;True;2024-05-07 17:49:27+00:00;False;190;190;8932;93d19c2e18409d849860569be30128b2077f2ce8;45;noreply@github.com;AlekseyTs@users.noreply.github.com
UseCollectionExpressionForArrayTests.cs;MODIFY;5488;338.0;Grew;True;2024-06-18 20:50:40+00:00;False;203;203;9465;ac242d825fbb0fc3cc407935999be3fa471ac7c0;5;30874283+JakeYallop@users.noreply.github.com;30874283+JakeYallop@users.noreply.github.com
UseCollectionExpressionForArrayTests.cs;MODIFY;5488;0.0;Equal;True;2024-06-25 19:42:46+00:00;False;203;203;9530;a645c96b8f8830b49debab7ab10bc6a6aa631242;1;30874283+JakeYallop@users.noreply.github.com;30874283+JakeYallop@users.noreply.github.com
UseCollectionExpressionForArrayTests.cs;MODIFY;5487;-1.0;Decreased;True;2024-07-01 20:50:21+00:00;False;203;203;9530;0cff2741ec37adca71ba34e33df68eaa2cee79c9;3;30874283+JakeYallop@users.noreply.github.com;30874283+JakeYallop@users.noreply.github.com
UseCollectionExpressionForArrayTests.cs;MODIFY;5544;57.0;Grew;True;2024-08-27 22:19:32+00:00;False;206;206;9637;9a167e3833cc66f99a4365b93736b5f3b1e89088;1;cyrus.najmabadi@gmail.com;cyrus.najmabadi@gmail.com
UseCollectionExpressionForArrayTests.cs;MODIFY;5610;66.0;Grew;True;2024-08-28 17:40:09+00:00;False;206;206;9740;20dd63060057bfc324010dcc779d6e1cb1983609;7;cyrus.najmabadi@gmail.com;cyrus.najmabadi@gmail.com
UseCollectionExpressionForArrayTests.cs;MODIFY;5611;1.0;Grew;True;2024-08-28 19:33:16+00:00;False;206;206;9743;63c1d9ad588cb76927b037188f855245c0fe4119;3;cyrus.najmabadi@gmail.com;cyrus.najmabadi@gmail.com
UseCollectionExpressionForArrayTests.cs;MODIFY;5611;0.0;Decreased;True;2024-08-28 19:55:52+00:00;False;206;206;9767;acf067e415d1ad29086714d2161ebcd8ab9b01e5;1;cyrus.najmabadi@gmail.com;cyrus.najmabadi@gmail.com
UseCollectionExpressionForArrayTests.cs;MODIFY;5668;57.0;Equal;True;2024-11-13 01:19:54+00:00;False;209;209;9875;4e859a3938d8338aa62d02afdc075cb7495b1a43;9;cyrus.najmabadi@gmail.com;cyrus.najmabadi@gmail.com
