file_name;change_type;n_loc;lines_balance;size_change;is_large;date;swapped_classification;complexity;methods;tokens;hash;files_on_commit;committer_email;author_email
UseSiteErrorTests.cs;RENAME;not calculated;0.0;Equal;False;2015-01-13 22:49:15+00:00;False;not calculated;0;not calculated;e315208fe33d43964fb649935e3bbff2275fa101;5572;roslynteam@microsoft.com;roslynteam@microsoft.com
UseSiteErrorTests.cs;MODIFY;1581.0;0.0;Equal;False;2015-01-14 23:17:33+00:00;False;55;54;7013;f7de4d2f123f783a78bfd6b3506c2a4e6e752d24;3097;jaredpar@microsoft.com;jaredpar@microsoft.com
UseSiteErrorTests.cs;MODIFY;1581.0;0.0;Equal;False;2015-01-31 20:25:50+00:00;False;55;54;7013;995eb37272cf020300ad3f1d21b8a9bf2ffce0bb;1737;roslynteam@microsoft.com;dotnet-bot@microsoft.com
UseSiteErrorTests.cs;MODIFY;1579.0;-2.0;Decreased;False;2015-03-07 19:23:32+00:00;False;55;54;6997;60abdd0ce36e503fc86f8303d81bf3fe980777ff;34;vladres@microsoft.com;vladres@microsoft.com
UseSiteErrorTests.cs;MODIFY;1579.0;0.0;Equal;False;2015-03-28 19:53:50+00:00;False;55;54;6997;abd8c4458e2913aafad1903b203b7e25ab4e67a4;125;tomas.matousek@microsoft.com;tomas.matousek@microsoft.com
UseSiteErrorTests.cs;MODIFY;1579.0;0.0;Equal;False;2015-04-29 01:27:54+00:00;False;55;54;7007;8307d65ab52f0fadb4bb1d2088545d153f6c7448;57;jaredpar@microsoft.com;jaredpar@microsoft.com
UseSiteErrorTests.cs;MODIFY;1579.0;0.0;Equal;False;2015-06-17 20:30:38+00:00;False;55;54;6995;49e80836d6a0748e028abb258904b6253103a20f;118;tomat@microsoft.com;tomat@microsoft.com
UseSiteErrorTests.cs;MODIFY;1621.0;42.0;Grew;False;2015-12-07 22:56:47+00:00;False;56;55;7143;d76c6cab4dec31ca7776f00a252b769da27fbd86;2;davidpendray@gmail.com;davidpendray@gmail.com
UseSiteErrorTests.cs;MODIFY;1621.0;0.0;Equal;False;2016-01-26 02:24:23+00:00;False;56;55;7143;e4989ef1d1ad18de41c4bfc6ccc390c48a9d0f5c;1007;jaredpar@microsoft.com;jaredpar@microsoft.com
UseSiteErrorTests.cs;MODIFY;1648.0;27.0;Grew;False;2016-10-18 16:30:44+00:00;False;57;56;7252;c2ff07cee5ba2735214d1c61f0435f5c6915d726;15;noreply@github.com;neal@gafter.com
UseSiteErrorTests.cs;MODIFY;1752.0;104.0;Grew;False;2016-11-07 04:05:35+00:00;False;58;57;8471;4de25e9a350018eceba72195c78a240698585a6a;17;alekseyt@microsoft.com;alekseyt@microsoft.com
UseSiteErrorTests.cs;MODIFY;1774.0;22.0;Grew;True;2016-11-23 00:36:55+00:00;True;60;58;8567;b290148145fd1c2b071826b1981cbaf159712e4b;1;cyrusn@microsoft.com;cyrusn@microsoft.com
UseSiteErrorTests.cs;MODIFY;1776.0;2.0;Grew;True;2016-11-23 00:37:39+00:00;False;60;58;8599;9f2273e53b25bc4acfa37a63288fbfb74c80e873;1;cyrusn@microsoft.com;cyrusn@microsoft.com
UseSiteErrorTests.cs;MODIFY;1776.0;0.0;Equal;True;2016-11-23 00:54:54+00:00;False;60;58;8602;4cbe536ada7d475283ba3b18a25dce62c6898432;7;cyrusn@microsoft.com;cyrusn@microsoft.com
UseSiteErrorTests.cs;MODIFY;1776.0;0.0;Equal;True;2016-11-23 04:57:49+00:00;False;60;58;8600;7b5d1deb486860f4b5eaaf117353e8838aafe45c;1;cyrusn@microsoft.com;cyrusn@microsoft.com
UseSiteErrorTests.cs;MODIFY;1776.0;0.0;Equal;True;2016-11-23 04:59:16+00:00;False;60;58;8599;83c433e6b6e1635a3412b8498a6efe3b86db07a8;2;cyrusn@microsoft.com;cyrusn@microsoft.com
UseSiteErrorTests.cs;MODIFY;1776.0;0.0;Equal;True;2017-04-08 00:27:34+00:00;False;60;58;8599;5a3e9ed8a3e163c2bf35d298d62531e0cf11c96f;275;angocke@microsoft.com;angocke@microsoft.com
UseSiteErrorTests.cs;MODIFY;1776.0;0.0;Equal;True;2017-06-29 13:09:05+00:00;False;60;58;8599;23e981bcbea4b68258ce3a4e9ac047cb6d6bfe05;1431;sam.harwell@microsoft.com;sam.harwell@microsoft.com
UseSiteErrorTests.cs;MODIFY;1776.0;0.0;Equal;True;2017-08-01 23:44:41+00:00;False;60;58;8599;94ab292d2c79b1675de0d6ff0a7361ecfbf20cfb;1420;noreply@github.com;cyrusn@microsoft.com
UseSiteErrorTests.cs;MODIFY;1776.0;0.0;Equal;True;2018-02-16 22:58:24+00:00;False;60;58;8599;c62c949934a7e0a055746134e354f6ecd2b6c673;58;jaredpparsons@gmail.com;jaredpar@microsoft.com
UseSiteErrorTests.cs;MODIFY;1776.0;0.0;Equal;True;2018-02-19 15:54:52+00:00;False;60;58;8599;2888462d816e6318c3e27946d16c8c748f8dcc8d;112;jaredpparsons@gmail.com;jaredpparsons@gmail.com
UseSiteErrorTests.cs;MODIFY;1776.0;0.0;Equal;True;2018-02-19 15:54:55+00:00;False;60;58;8599;bae7eab0a42d323c95bbb923d53ec90a0ff4f3fb;305;jaredpparsons@gmail.com;jaredpparsons@gmail.com
UseSiteErrorTests.cs;MODIFY;1776.0;0.0;Equal;True;2018-02-19 23:54:58+00:00;False;60;58;8599;3e2a4d3fa4a5e908717af7dc7cc30d00ec68cb34;119;jaredpparsons@gmail.com;jaredpparsons@gmail.com
UseSiteErrorTests.cs;MODIFY;1776.0;0.0;Equal;True;2018-02-21 15:35:50+00:00;False;60;58;8599;418667b5f55f36474f4526ce6aa646d039d898b2;50;jaredpparsons@gmail.com;jaredpparsons@gmail.com
UseSiteErrorTests.cs;MODIFY;1776.0;0.0;Equal;True;2018-02-21 21:24:11+00:00;False;60;58;8599;83df04a1893ac4abec3eadb502cceb554ba15fc4;113;jaredpparsons@gmail.com;jaredpparsons@gmail.com
UseSiteErrorTests.cs;MODIFY;1777.0;1.0;Grew;True;2018-03-03 01:26:51+00:00;False;60;58;8599;1b321dd73a27e87fbce5c32b7dfa3eaba49d587d;48;neal@gafter.com;neal@gafter.com
UseSiteErrorTests.cs;MODIFY;1774.0;-3.0;Decreased;True;2018-12-19 09:24:51+00:00;False;60;58;8571;b423483b9a603585bf31aae404b58c85d0490f76;2;yairhalberstadt@hotmail.co.uk;yairhalberstadt@hotmail.co.uk
UseSiteErrorTests.cs;MODIFY;1760.0;-14.0;Decreased;False;2018-12-20 21:37:45+00:00;True;60;58;8319;5ed95709ce86546d7e12247a9d9c48562d20de7a;1;yairhalberstadt@hotmail.co.uk;yairhalberstadt@hotmail.co.uk
UseSiteErrorTests.cs;MODIFY;1761.0;1.0;Grew;False;2019-07-15 20:47:04+00:00;False;60;58;8326;fbdb480b187060347aa63050e6fc288d50eeda34;103;noreply@github.com;neal.gafter@microsoft.com
UseSiteErrorTests.cs;MODIFY;1761.0;0.0;Equal;False;2020-01-23 01:01:51+00:00;False;60;58;8326;91571a3bb038e05e7bf2ab87510273a1017faed0;12706;jmarolf@microsoft.com;jmarolf@microsoft.com
UseSiteErrorTests.cs;MODIFY;1760.0;-1.0;Decreased;False;2020-06-16 23:01:14+00:00;False;60;58;8333;6e0768242aa359b60ea24c3232dcc838cb0fcf19;38;noreply@github.com;AlekseyTs@users.noreply.github.com
UseSiteErrorTests.cs;MODIFY;1760.0;0.0;Equal;False;2020-07-08 23:02:26+00:00;False;60;58;8329;6ebca3944998fc585fde2a9a4beff2aa7cb82635;201;noreply@github.com;jaredpparsons@gmail.com
UseSiteErrorTests.cs;MODIFY;1993.0;233.0;Grew;True;2020-07-25 01:20:13+00:00;True;69;67;9813;c2faa090f187d831d97c03a871367dd654485dc7;20;noreply@github.com;rigibson@microsoft.com
UseSiteErrorTests.cs;MODIFY;1993.0;0.0;Equal;True;2020-07-25 21:14:26+00:00;False;69;67;9829;53c72cc8f2a0d9b1a02359dd63f88c43eeef7153;17;alekseyt@microsoft.com;alekseyt@microsoft.com
UseSiteErrorTests.cs;MODIFY;1993.0;0.0;Equal;True;2020-09-28 16:36:46+00:00;False;69;67;9813;1cca63b5d8ea170f8d8e88e1574aa3ebe354c23b;9683;jaredpparsons@gmail.com;jaredpparsons@gmail.com
UseSiteErrorTests.cs;MODIFY;2943.0;950.0;Grew;True;2021-02-11 00:08:20+00:00;False;89;87;11217;189bc78c36e58ef4620f020722ae80a1ccd729a9;6;noreply@github.com;AlekseyTs@users.noreply.github.com
UseSiteErrorTests.cs;MODIFY;2944.0;1.0;Grew;True;2021-08-28 01:30:42+00:00;False;89;87;11331;4b957187b2fda9545981021533ea01bff3f03062;50;noreply@github.com;chucks@microsoft.com
UseSiteErrorTests.cs;MODIFY;2944.0;0.0;Equal;True;2022-02-11 05:32:48+00:00;False;89;87;11337;262a650c10bf1b40bf8a3d62ce854363294020a9;103;noreply@github.com;jcouv@users.noreply.github.com
UseSiteErrorTests.cs;MODIFY;2945.0;1.0;Grew;True;2022-09-16 18:00:59+00:00;False;89;87;11376;d2b0827432317442f6ed65d2407f88c47b4dea58;79;noreply@github.com;10732005+cston@users.noreply.github.com
UseSiteErrorTests.cs;MODIFY;2947.0;2.0;Grew;True;2022-09-20 21:24:24+00:00;False;89;87;11420;a53af968c743a9bcd8e24a545cd745381f98da7b;34;noreply@github.com;jcouv@users.noreply.github.com
UseSiteErrorTests.cs;MODIFY;2947.0;0.0;Equal;True;2022-09-30 01:52:39+00:00;False;89;87;11420;23ecea2c4bec472f95e18c2a948df9fc3b1aec5f;25;noreply@github.com;jcouv@users.noreply.github.com
UseSiteErrorTests.cs;MODIFY;2947.0;0.0;Equal;True;2022-11-04 16:07:38+00:00;False;89;87;11429;93902cc5f6c0235952a878575486870dadf28a3c;57;noreply@github.com;AlekseyTs@users.noreply.github.com
UseSiteErrorTests.cs;MODIFY;2947.0;0.0;Equal;True;2022-11-17 19:55:57+00:00;False;89;87;11429;a8824e82d523f5a698dcab6e2754618d347f94b2;648;noreply@github.com;jcouv@users.noreply.github.com
UseSiteErrorTests.cs;MODIFY;2947.0;0.0;Equal;True;2023-03-07 01:23:44+00:00;False;89;87;11395;64fd6efb7af79ab09d3631aecded91e93b550fc1;91;cyrusn@microsoft.com;cyrusn@microsoft.com
UseSiteErrorTests.cs;MODIFY;2947.0;0.0;Equal;True;2023-03-07 08:00:50+00:00;False;89;87;11429;b3771f7dfb3e14e3a7ba7ae929182f83a38348eb;738;cyrus.najmabadi@gmail.com;cyrus.najmabadi@gmail.com
UseSiteErrorTests.cs;MODIFY;2947.0;0.0;Equal;True;2023-08-05 03:48:26+00:00;False;89;87;11417;093fb4c9b1c36cdf6db0b515134f10ac6b6d72f7;30;noreply@github.com;cyrus.najmabadi@gmail.com
UseSiteErrorTests.cs;MODIFY;2957.0;10.0;Grew;True;2024-08-15 14:57:40+00:00;False;89;87;11448;b8653b1a991943563d07978e42b3624b9a40fb56;6;noreply@github.com;jared@paranoidcoding.org
UseSiteErrorTests.cs;MODIFY;2958.0;1.0;Grew;True;2024-11-21 21:52:39+00:00;False;89;87;11469;79811cdb3af01fefe5afb56cca2611d7cdc1d04c;13;noreply@github.com;jcouv@users.noreply.github.com
