file_name;change_type;n_loc;lines_balance;size_change;is_large;date;swapped_classification;complexity;methods;tokens;hash;files_on_commit;committer_email;author_email
decorators.rs;MODIFY;5428;0.0;Decreased;True;2021-12-04 02:35:16+00:00;True;7;7;6234;67280b6fb07ee06757c8d4c61c5e341031bbb3c2;770;noreply@github.com;dsherret@users.noreply.github.com
decorators.rs;MODIFY;5427;-1.0;Decreased;True;2021-12-05 08:33:34+00:00;False;7;7;6230;1ea965cecbc35839f40b65dea44ddd2ad925efd7;40;noreply@github.com;kdy1997.dev@gmail.com
decorators.rs;MODIFY;5458;31.0;Grew;True;2021-12-20 05:30:52+00:00;False;7;7;6262;938e544ac55503e91811cfc4e0c333deb2ccc7ed;2;noreply@github.com;jameslnewell@users.noreply.github.com
decorators.rs;MODIFY;5483;25.0;Grew;True;2021-12-23 10:03:53+00:00;False;8;8;6385;f66c2cd375f78711fdf6a058003010bce8999aed;13;noreply@github.com;kdy1997.dev@gmail.com
decorators.rs;MODIFY;5478;-5.0;Decreased;True;2022-01-13 22:20:45+00:00;False;8;8;6350;15b604b6d6f55353a0df13293333367851962f6c;60;noreply@github.com;kdy1997.dev@gmail.com
decorators.rs;MODIFY;5478;0.0;Equal;True;2022-02-07 16:11:41+00:00;False;8;8;6351;4f5e87b66b42a5672e00edcfa22234f1cde79580;14;noreply@github.com;9057181+williamtetlow@users.noreply.github.com
decorators.rs;MODIFY;5478;0.0;Equal;True;2022-02-15 04:02:08+00:00;False;8;8;6404;0f7a99787f78a1b010a20fc042c4c565959557ad;18;noreply@github.com;austaras@outlook.com
decorators.rs;MODIFY;5478;0.0;Equal;True;2022-02-26 15:09:02+00:00;False;8;8;6326;14155eb0e7f6295471c92067afa4dfb84b3224ca;40;noreply@github.com;austaras@outlook.com
decorators.rs;MODIFY;5478;0.0;Equal;True;2022-03-01 07:10:57+00:00;False;8;8;6326;5b6beca1afb7e4278629840c94c775a083288cd2;574;noreply@github.com;austaras@outlook.com
decorators.rs;MODIFY;5482;4.0;Grew;True;2022-03-05 06:46:09+00:00;False;8;8;6345;6f076e4927fca646882709832826dc0eb7106e35;307;noreply@github.com;austaras@outlook.com
decorators.rs;MODIFY;5506;24.0;Grew;True;2022-03-10 07:13:58+00:00;False;8;8;6744;112f4287343c818c28dc9d422c3df78d9f663397;182;noreply@github.com;austaras@outlook.com
decorators.rs;MODIFY;5506;0.0;Equal;True;2022-03-13 19:07:18+00:00;False;8;8;6744;40b8a4e596f0df33a325c93b75e5abab1336be11;1611;noreply@github.com;kdy1997.dev@gmail.com
decorators.rs;MODIFY;5542;36.0;Grew;True;2022-03-15 12:21:17+00:00;False;8;8;6783;0c76696ed2d8cbf00a18fd9506b8c09f1be9cdd3;2;noreply@github.com;austaras@outlook.com
decorators.rs;MODIFY;5543;1.0;Grew;True;2022-03-22 07:54:08+00:00;False;8;8;6750;634d7328030e44be0376019c156624e073d56fde;3442;noreply@github.com;4567934+alexander-akait@users.noreply.github.com
decorators.rs;MODIFY;5543;0.0;Equal;True;2022-04-11 18:45:58+00:00;False;8;8;6750;37a8c90750d778edcd69ffdd85fe990a27efc75d;97;noreply@github.com;gaosheng08@meituan.com
decorators.rs;MODIFY;5572;29.0;Grew;True;2022-04-26 07:38:50+00:00;False;8;8;6934;53610fdafc83d25f0a5132b3381737aaffb1a29d;1604;noreply@github.com;kdy1997.dev@gmail.com
decorators.rs;MODIFY;4822;-750.0;Decreased;True;2022-05-03 06:29:18+00:00;False;10;10;6106;8629e0c665bf493c480ebb81112667fc0b4abc83;40;noreply@github.com;kdy1997.dev@gmail.com
decorators.rs;MODIFY;4342;-480.0;Decreased;True;2022-05-03 07:48:09+00:00;False;10;10;5615;f30ffdf200555ba59afe88c3dc4ba6fa89d76fe6;218;noreply@github.com;kdy1997.dev@gmail.com
decorators.rs;MODIFY;4342;0.0;Equal;True;2022-06-15 14:36:57+00:00;False;10;10;5615;36d960c7e908f6924ce9b0fd23ce4cd972dbbba0;2342;noreply@github.com;kdy1997.dev@gmail.com
decorators.rs;MODIFY;4349;7.0;Grew;True;2022-06-27 12:32:06+00:00;False;10;10;5631;fa68cbd74ad2b36c0f1aaec563320114d5603cae;1034;noreply@github.com;akari.ccino@gmail.com
decorators.rs;MODIFY;4349;0.0;Equal;True;2022-07-01 08:37:04+00:00;False;10;10;5631;9e162dcbae91a3dd4cef47ab0d80de14ada6d70d;477;noreply@github.com;akari.ccino@gmail.com
decorators.rs;MODIFY;4352;3.0;Grew;True;2022-07-03 05:54:07+00:00;False;10;10;5662;4d5783d9cd1f91f5b7cdcc5efaa7d83f35ee4fef;229;noreply@github.com;akari.ccino@gmail.com
decorators.rs;MODIFY;4354;2.0;Grew;True;2022-10-07 05:52:22+00:00;False;10;10;5674;e6b1dd47315775f68694305905a958c9b66b5a8d;17;noreply@github.com;kdy1997.dev@gmail.com
decorators.rs;MODIFY;4358;4.0;Grew;True;2023-03-12 03:56:10+00:00;False;10;10;5693;bb6dde794326838b2069c7f86fb900eee36027bc;339;noreply@github.com;akari.ccino@gmail.com
decorators.rs;MODIFY;4358;0.0;Equal;True;2023-03-14 04:56:21+00:00;False;10;10;5692;963c46061321fff3a2893da4953c1fd5ec649311;43;noreply@github.com;kdy1997.dev@gmail.com
decorators.rs;MODIFY;4356;-2.0;Decreased;True;2023-03-29 06:24:19+00:00;False;10;10;5685;e445502072d8ebfcbe0da0cb59f3d6a85d4a2087;154;noreply@github.com;kdy1997.dev@gmail.com
decorators.rs;MODIFY;4358;2.0;Grew;True;2023-03-29 08:48:45+00:00;False;10;10;5692;12546c853a67210e840efd61452041ef8db00d3a;150;noreply@github.com;kdy1997.dev@gmail.com
decorators.rs;MODIFY;4356;-2.0;Decreased;True;2023-03-30 08:06:02+00:00;False;10;10;5685;0259a7465fc5122cf2f297f962f7f0209f619251;150;noreply@github.com;kdy1997.dev@gmail.com
decorators.rs;MODIFY;4356;0.0;Equal;True;2023-03-31 06:15:21+00:00;False;10;10;5685;3ca954b9f9622ed400308f2af35242583a4bdc3d;875;noreply@github.com;akari.ccino@gmail.com
decorators.rs;MODIFY;4356;0.0;Equal;True;2023-09-25 01:41:00+00:00;False;10;10;5687;9c9a538f23cb2bcd2f46e156babf64c7a81db245;542;noreply@github.com;akari.ccino@gmail.com
decorators.rs;MODIFY;3668;-688.0;Decreased;True;2023-10-30 01:38:59+00:00;False;10;10;5520;0aafa75fef43beb6630b143e9d71f129300e7614;1177;noreply@github.com;kdy1997.dev@gmail.com
decorators.rs;MODIFY;3893;225.0;Grew;True;2024-07-11 16:16:05+00:00;False;10;10;6299;92879b14fee2f74034c365b4a80ca82f2a512c4a;250;noreply@github.com;kdy1997.dev@gmail.com
decorators.rs;MODIFY;3792;-101.0;Grew;True;2024-09-23 02:32:52+00:00;False;10;10;5913;fc0ba2a08408b90f7d799cd5707dfa6827334085;25;noreply@github.com;1343316114@qq.com
