file_name;change_type;n_loc;lines_balance;size_change;is_large;date;swapped_classification;complexity;methods;tokens;hash;files_on_commit;committer_email;author_email
strip.rs;RENAME;not calculated;0.0;Equal;False;2021-11-10 10:00:54+00:00;False;not calculated;0;not calculated;2b2f6955f22c7ef04dd844e7aa686bbcefd977db;25612;noreply@github.com;kdy1997.dev@gmail.com
strip.rs;MODIFY;4074.0;0.0;Equal;True;2021-11-15 05:31:21+00:00;True;2;2;15963;dc58122283864f34a27c294cea8835d6fa10204c;28;noreply@github.com;austaras@outlook.com
strip.rs;MODIFY;4086.0;12.0;Grew;True;2021-11-20 11:13:14+00:00;False;2;2;15973;95a6a28014ab1a7deb8cb32829261c097024b517;2;noreply@github.com;mernen@users.noreply.github.com
strip.rs;MODIFY;4107.0;21.0;Grew;True;2021-12-02 01:44:27+00:00;False;2;2;16048;0304c550a48b0f31ac646ed8e3326c0568210883;5;noreply@github.com;kdy1997.dev@gmail.com
strip.rs;MODIFY;4104.0;-3.0;Decreased;True;2021-12-03 16:55:27+00:00;False;2;2;16048;beb2c73c2c2a00e1d2244376e1ca677d6001716a;1579;noreply@github.com;dsherret@users.noreply.github.com
strip.rs;MODIFY;4221.0;117.0;Grew;True;2021-12-04 02:35:16+00:00;False;4;3;16200;67280b6fb07ee06757c8d4c61c5e341031bbb3c2;770;noreply@github.com;dsherret@users.noreply.github.com
strip.rs;MODIFY;4242.0;21.0;Grew;True;2021-12-05 07:26:53+00:00;False;4;3;16210;0a8a5a1c7800aa961ce23b9f8fc6c9ae843dd5b9;106;noreply@github.com;dsherret@users.noreply.github.com
strip.rs;MODIFY;4322.0;80.0;Grew;True;2021-12-08 06:25:10+00:00;False;4;3;16252;2cd16490e4ba381e0435736365c9c0c7e894fbfd;213;noreply@github.com;dsherret@users.noreply.github.com
strip.rs;MODIFY;4341.0;19.0;Grew;True;2021-12-10 10:30:26+00:00;False;4;3;16262;c8c73cb313e2684e8fbcc33d32b6ef7820233ba7;7;noreply@github.com;dsherret@users.noreply.github.com
strip.rs;MODIFY;4341.0;0.0;Equal;True;2022-01-02 15:06:03+00:00;False;4;3;16262;366dc0eec3e19b4e608dc4df8eb728f6d710f9b7;199;noreply@github.com;akari.ccino@gmail.com
strip.rs;MODIFY;4341.0;0.0;Equal;True;2022-02-07 16:11:41+00:00;False;4;3;16262;4f5e87b66b42a5672e00edcfa22234f1cde79580;14;noreply@github.com;9057181+williamtetlow@users.noreply.github.com
strip.rs;MODIFY;4399.0;58.0;Grew;True;2022-03-05 06:46:09+00:00;False;5;4;16343;6f076e4927fca646882709832826dc0eb7106e35;307;noreply@github.com;austaras@outlook.com
strip.rs;MODIFY;4399.0;0.0;Equal;True;2022-03-05 19:32:59+00:00;False;5;4;16348;c7f2bdb8138f4fbe59b6a03f9d6aa74966389d04;19;noreply@github.com;akari.ccino@gmail.com
strip.rs;MODIFY;4411.0;12.0;Grew;True;2022-03-07 10:34:34+00:00;False;5;4;16358;5c92b2d4cee64686d0aad788b177b34cd2fd3bfc;2;noreply@github.com;austaras@outlook.com
strip.rs;MODIFY;4414.0;3.0;Grew;True;2022-03-10 07:13:58+00:00;False;5;4;16385;112f4287343c818c28dc9d422c3df78d9f663397;182;noreply@github.com;austaras@outlook.com
strip.rs;MODIFY;4414.0;0.0;Equal;True;2022-03-22 07:54:08+00:00;False;5;4;16379;634d7328030e44be0376019c156624e073d56fde;3442;noreply@github.com;4567934+alexander-akait@users.noreply.github.com
strip.rs;MODIFY;4414.0;0.0;Equal;True;2022-04-15 08:00:04+00:00;False;5;4;16379;4c9973010a5c2b865e6ed676a4e0364234cf5d88;7;noreply@github.com;39664950+Dionysusnu@users.noreply.github.com
strip.rs;MODIFY;4415.0;1.0;Grew;True;2022-04-26 07:38:50+00:00;False;5;4;16385;53610fdafc83d25f0a5132b3381737aaffb1a29d;1604;noreply@github.com;kdy1997.dev@gmail.com
strip.rs;MODIFY;4408.0;-7.0;Decreased;True;2022-05-03 07:48:09+00:00;False;5;4;16383;f30ffdf200555ba59afe88c3dc4ba6fa89d76fe6;218;noreply@github.com;kdy1997.dev@gmail.com
strip.rs;MODIFY;4408.0;0.0;Equal;True;2022-06-15 14:36:57+00:00;False;5;4;16383;36d960c7e908f6924ce9b0fd23ce4cd972dbbba0;2342;noreply@github.com;kdy1997.dev@gmail.com
strip.rs;MODIFY;4416.0;8.0;Grew;True;2022-06-25 04:55:59+00:00;False;5;4;16414;04fc1cb429b274e72bb2a939f4aaa102c158121a;93;noreply@github.com;akari.ccino@gmail.com
strip.rs;MODIFY;4478.0;62.0;Grew;True;2022-06-27 12:32:06+00:00;False;5;4;16580;fa68cbd74ad2b36c0f1aaec563320114d5603cae;1034;noreply@github.com;akari.ccino@gmail.com
strip.rs;MODIFY;4491.0;13.0;Grew;True;2022-07-13 10:29:03+00:00;False;5;4;16652;375774d31e690142faeb8422fed4cc996bf1de16;38;noreply@github.com;austaras@outlook.com
strip.rs;MODIFY;4491.0;0.0;Equal;True;2022-08-12 13:39:26+00:00;False;5;4;16663;5a06271116c0d341e6f4c5b4bae23513c54e93ff;429;noreply@github.com;austaras@outlook.com
strip.rs;MODIFY;4492.0;1.0;Grew;True;2022-10-07 05:52:22+00:00;False;5;4;16669;e6b1dd47315775f68694305905a958c9b66b5a8d;17;noreply@github.com;kdy1997.dev@gmail.com
strip.rs;MODIFY;4509.0;17.0;Grew;True;2022-10-16 15:49:37+00:00;False;5;4;16696;9d93b6cd856f27192b88b09bbc6e1032cea74afe;4;noreply@github.com;austaras@outlook.com
strip.rs;MODIFY;4521.0;12.0;Grew;True;2022-10-26 12:29:05+00:00;False;5;4;16734;28ec6e8fc70cf74722c93353c03e4fdedb21954a;2;noreply@github.com;yishidixiashang@gmail.com
strip.rs;MODIFY;4521.0;0.0;Equal;True;2022-11-11 01:57:49+00:00;False;5;4;16734;574502a81684e42e2ee60e362544d32d8ddf717d;312;noreply@github.com;austaras@outlook.com
strip.rs;MODIFY;4372.0;-149.0;Decreased;True;2022-11-30 07:46:33+00:00;False;5;4;16584;cddbc41430c524b126368a6989de3b2c88e5e713;28;noreply@github.com;kdy1997.dev@gmail.com
strip.rs;MODIFY;4372.0;0.0;Equal;True;2023-01-06 03:14:10+00:00;False;5;4;16584;a1ccc8afdff1f252210d571907124508cf760694;208;noreply@github.com;i.heyunfei@gmail.com
strip.rs;MODIFY;4399.0;27.0;Grew;True;2023-03-12 03:56:10+00:00;False;5;4;16724;bb6dde794326838b2069c7f86fb900eee36027bc;339;noreply@github.com;akari.ccino@gmail.com
strip.rs;MODIFY;4424.0;25.0;Grew;True;2023-03-21 09:27:31+00:00;False;5;4;16755;2bc631df8792d2f1356b5ef2dbf3ee0c46ecbd4f;7;noreply@github.com;kdy1997.dev@gmail.com
strip.rs;MODIFY;4416.0;-8.0;Decreased;True;2023-03-29 06:24:19+00:00;False;5;4;16733;e445502072d8ebfcbe0da0cb59f3d6a85d4a2087;154;noreply@github.com;kdy1997.dev@gmail.com
strip.rs;MODIFY;4424.0;8.0;Grew;True;2023-03-29 08:48:45+00:00;False;5;4;16755;12546c853a67210e840efd61452041ef8db00d3a;150;noreply@github.com;kdy1997.dev@gmail.com
strip.rs;MODIFY;4416.0;-8.0;Decreased;True;2023-03-30 08:06:02+00:00;False;5;4;16733;0259a7465fc5122cf2f297f962f7f0209f619251;150;noreply@github.com;kdy1997.dev@gmail.com
strip.rs;MODIFY;4416.0;0.0;Equal;True;2023-03-31 06:15:21+00:00;False;5;4;16733;3ca954b9f9622ed400308f2af35242583a4bdc3d;875;noreply@github.com;akari.ccino@gmail.com
strip.rs;MODIFY;4416.0;0.0;Equal;True;2023-04-20 08:26:34+00:00;False;5;4;16733;38dfb91ebc04eecab97ec023c79b183958fda227;77;noreply@github.com;akari.ccino@gmail.com
strip.rs;MODIFY;4419.0;3.0;Grew;True;2023-06-12 06:47:40+00:00;False;5;4;16733;aa83584634286d7c741d903ad94ba5228c89bc62;231;noreply@github.com;kdy1997.dev@gmail.com
strip.rs;MODIFY;4420.0;1.0;Grew;True;2023-06-14 04:59:35+00:00;False;5;4;16733;4644d005d2ca06ad002dc7c6ff6c4d19e1734970;66;noreply@github.com;kdy1997.dev@gmail.com
strip.rs;MODIFY;4417.0;-3.0;Decreased;True;2023-06-19 03:00:11+00:00;False;5;4;16733;990e48e0e81c339b42b0bf33b62a6f7126b0e2e8;95;noreply@github.com;justin@ridgewell.name
strip.rs;MODIFY;4430.0;13.0;Grew;True;2023-09-13 02:03:41+00:00;False;5;4;16804;c091c5e295ec2ef704be1461f6587ae85051b543;62;noreply@github.com;austaras@outlook.com
strip.rs;MODIFY;4426.0;-4.0;Decreased;True;2023-09-14 02:47:44+00:00;False;5;4;16804;a80aec47efcff953d3408cf6910b66c2312f3006;156;noreply@github.com;akari.ccino@gmail.com
strip.rs;MODIFY;4421.0;-5.0;Decreased;True;2023-09-25 01:41:00+00:00;False;5;4;16818;9c9a538f23cb2bcd2f46e156babf64c7a81db245;542;noreply@github.com;akari.ccino@gmail.com
strip.rs;MODIFY;4417.0;-4.0;Decreased;True;2023-09-29 20:34:24+00:00;False;5;4;16818;cf96171a53589118a0103495169e02fed10a675f;37;noreply@github.com;akari.ccino@gmail.com
strip.rs;MODIFY;4447.0;30.0;Grew;True;2023-10-15 08:22:47+00:00;False;5;4;16883;57b171dcbe55a8d285d5bc477844b24fdf48835a;4;noreply@github.com;dsherret@users.noreply.github.com
strip.rs;MODIFY;4485.0;38.0;Grew;True;2023-10-23 20:40:16+00:00;False;5;4;16895;02d0613a35a3875ad3b0c0b008cf063bd162bc07;2;noreply@github.com;dsherret@users.noreply.github.com
strip.rs;MODIFY;2594.0;-1891.0;Decreased;True;2023-10-30 01:38:59+00:00;False;5;4;9728;0aafa75fef43beb6630b143e9d71f129300e7614;1177;noreply@github.com;kdy1997.dev@gmail.com
strip.rs;MODIFY;2598.0;4.0;Grew;True;2023-11-02 22:18:17+00:00;False;5;4;9754;83a5a0c612b7ca97529720f8a35117957d4cb9a6;52;noreply@github.com;kdy1997.dev@gmail.com
strip.rs;MODIFY;2656.0;58.0;Grew;True;2023-11-21 09:19:40+00:00;False;6;5;9971;c25601dec21d7293ad48549a1f49ccd161f9da72;4;noreply@github.com;dsherret@users.noreply.github.com
strip.rs;MODIFY;2678.0;22.0;Grew;True;2024-01-19 01:25:46+00:00;False;6;5;10072;f40f59bd707a9d21d8eb41e42b5c6a1c95f0bb7e;3;noreply@github.com;4619280+melbourne2991@users.noreply.github.com
strip.rs;MODIFY;2678.0;0.0;Equal;True;2024-06-21 16:56:37+00:00;False;6;5;10072;5520b236dd40fdd579c99cb6d66eef094cabc3fc;63;noreply@github.com;kdy1997.dev@gmail.com
strip.rs;MODIFY;2699.0;21.0;Grew;True;2024-07-11 16:16:05+00:00;False;6;5;10036;92879b14fee2f74034c365b4a80ca82f2a512c4a;250;noreply@github.com;kdy1997.dev@gmail.com
strip.rs;MODIFY;2693.0;-6.0;Decreased;True;2024-09-09 01:05:41+00:00;False;6;5;10014;f63a481833ebe9b5eae0708ee69b6a50b946ee28;190;noreply@github.com;akari.ccino@gmail.com
strip.rs;MODIFY;2692.0;-1.0;Decreased;True;2024-10-29 02:25:16+00:00;False;6;5;9974;581aafb4dfbbcf9b834e3b578cad83fec452a062;209;noreply@github.com;kdy1997.dev@gmail.com
strip.rs;MODIFY;2690.0;-2.0;Decreased;True;2024-11-14 03:42:10+00:00;False;6;5;9962;6ad0735033b405c04e53c1e3c7ec56db4b8fcf93;50;noreply@github.com;akari.ccino@gmail.com
