file_name;change_type;n_loc;lines_balance;size_change;is_large;date;swapped_classification;complexity;methods;tokens;hash;files_on_commit;committer_email;author_email
terser.js;ADD;25296;0.0;Grew;True;2022-03-12 06:16:02+00:00;True;4941;1501;133981;107c91dd206e31c221df98446f71e8f18020c060;16;noreply@github.com;kdy1997.dev@gmail.com
terser.js;ADD;18109;-7187.0;Grew;True;2022-09-29 00:41:13+00:00;False;4860;1438;128198;0cfc724018374cef591694d5239c519aa97c1622;21;noreply@github.com;kdy1997.dev@gmail.com
terser.js;MODIFY;18109;0.0;Equal;True;2022-09-29 10:11:18+00:00;False;4860;1438;128198;f8358fbe2bf17de6a04870c58f58768d0966ec18;55;noreply@github.com;kdy1997.dev@gmail.com
terser.js;MODIFY;18109;0.0;Equal;True;2022-09-29 11:03:06+00:00;False;4860;1438;128188;aeb7f300a814b6303c29eda6124cf4dd333f3936;30;noreply@github.com;kdy1997.dev@gmail.com
terser.js;MODIFY;18071;-38.0;Decreased;True;2022-10-01 09:18:45+00:00;False;4868;1433;128099;61807abf6e482df5f34d24955c8fa56d6857659c;64;noreply@github.com;austaras@outlook.com
terser.js;MODIFY;18070;-1.0;Decreased;True;2022-10-02 11:01:56+00:00;False;4868;1433;128097;2b627524acaeb555988a9537d84fe51033e7f8fd;17;noreply@github.com;kdy1997.dev@gmail.com
terser.js;MODIFY;18070;0.0;Equal;True;2022-10-06 02:46:22+00:00;False;4868;1433;128109;d65fba134d50609543c1d1ef0dc07db9891913ac;40;noreply@github.com;kdy1997.dev@gmail.com
terser.js;MODIFY;18069;-1.0;Decreased;True;2022-10-08 03:15:18+00:00;False;4868;1433;128093;9ce3df091f2e5ce3d59274cfaa2aa4be99ab5b33;53;noreply@github.com;kdy1997.dev@gmail.com
terser.js;MODIFY;18069;0.0;Equal;True;2022-10-10 00:53:50+00:00;False;4868;1433;128075;657e5b31116974cd0c90cdb0871178e36fa41daf;46;noreply@github.com;austaras@outlook.com
terser.js;MODIFY;18064;-5.0;Decreased;True;2022-10-12 01:52:58+00:00;False;4868;1433;128046;5a23949f1284f71447b9292a374a0cf88759a318;28;noreply@github.com;austaras@outlook.com
terser.js;MODIFY;18053;-11.0;Decreased;True;2022-10-13 23:00:32+00:00;False;4868;1433;127984;3a29bfee9b3be0e85fe9e45272b7151c449779db;43;noreply@github.com;kdy1997.dev@gmail.com
terser.js;MODIFY;18052;-1.0;Decreased;True;2022-10-18 02:51:05+00:00;False;4868;1433;127979;f2e8f98d381cff75229e29564ce5a7458175fea9;10;noreply@github.com;kdy1997.dev@gmail.com
terser.js;MODIFY;18052;0.0;Equal;True;2022-10-21 03:18:10+00:00;False;4868;1433;127979;780b5de6787306f3293471f7259e87fcfa54b6d6;15;noreply@github.com;kdy1997.dev@gmail.com
terser.js;MODIFY;18051;-1.0;Decreased;True;2022-10-26 04:37:10+00:00;False;4868;1433;127974;86e265a024d4c6215e2fe7f3442a9cc2be8be1cf;25;noreply@github.com;kdy1997.dev@gmail.com
terser.js;MODIFY;18051;0.0;Equal;True;2022-10-26 06:02:22+00:00;False;4868;1433;127970;1cd7f617f935c603a6707c3ce5c72b2be914f87d;150;noreply@github.com;austaras@outlook.com
terser.js;MODIFY;18051;0.0;Equal;True;2022-10-27 00:50:52+00:00;False;4868;1433;127962;743a1aab4fc8abf0ee002520cf88680fb4e14d2f;44;noreply@github.com;kdy1997.dev@gmail.com
terser.js;MODIFY;18051;0.0;Equal;True;2022-11-15 00:22:06+00:00;False;4868;1433;127962;5fd7ab87b69ed99bee1dfdbe39ed2182e0182a75;24;noreply@github.com;kdy1997.dev@gmail.com
terser.js;MODIFY;18051;0.0;Equal;True;2022-11-29 05:23:55+00:00;False;4868;1433;127964;9752b43f94313fe2902ad04e5b01b865e0180155;15;noreply@github.com;kdy1997.dev@gmail.com
terser.js;MODIFY;18051;0.0;Equal;True;2023-01-06 03:14:10+00:00;False;4868;1433;127964;a1ccc8afdff1f252210d571907124508cf760694;208;noreply@github.com;i.heyunfei@gmail.com
terser.js;MODIFY;18051;0.0;Equal;True;2023-03-04 03:32:15+00:00;False;4868;1433;127966;cfeb088c37bdc2a5df79f10d2b93ce84cb12542b;11;noreply@github.com;austaras@outlook.com
terser.js;MODIFY;18051;0.0;Equal;True;2023-03-04 04:14:14+00:00;False;4868;1433;127967;06cbb9002da2bdc04440b6ace28432839f42ccdf;18;noreply@github.com;austaras@outlook.com
terser.js;MODIFY;18051;0.0;Equal;True;2023-03-17 03:22:02+00:00;False;4868;1433;127980;493a4f7042bad7f883981b10cdc02fe0d36a5fb0;17;noreply@github.com;andersk@mit.edu
terser.js;MODIFY;18053;2.0;Grew;True;2023-05-18 01:19:17+00:00;False;4868;1433;127862;5dbbbea2efb84e7f187859ba03fd548af92c613f;87;noreply@github.com;austaras@outlook.com
terser.js;MODIFY;18052;-1.0;Decreased;True;2023-06-07 04:23:40+00:00;False;4868;1433;127860;62075faeaada8d9df3c7d849bbcfda8ff0c5d79f;32;noreply@github.com;austaras@outlook.com
terser.js;MODIFY;18052;0.0;Equal;True;2023-06-07 05:08:35+00:00;False;4868;1433;127860;064bcf4854f8505f04b40b72da1becec0c531a7d;324;noreply@github.com;dsherret@users.noreply.github.com
terser.js;MODIFY;18052;0.0;Equal;True;2023-07-04 05:47:37+00:00;False;4868;1433;127853;ff1ad95b59732282c014474609bbb405e0f9edb4;27;noreply@github.com;austaras@outlook.com
terser.js;MODIFY;18051;-1.0;Decreased;True;2023-08-17 05:15:59+00:00;False;4868;1433;127834;f8ca366cc179d2d83d35148c3600b8faa2e7f801;60;noreply@github.com;austaras@outlook.com
terser.js;MODIFY;18051;0.0;Equal;True;2023-10-18 03:07:14+00:00;False;4868;1433;127823;4f67794223cf2848ac3c3e42e1e43acec4533246;20;noreply@github.com;austaras@outlook.com
terser.js;MODIFY;18048;-3.0;Decreased;True;2023-10-27 18:16:00+00:00;False;4868;1433;127812;bb02cdd26ed863649c6ec8ef9c5cbdaece743b9b;40;noreply@github.com;austaras@outlook.com
terser.js;MODIFY;18048;0.0;Equal;True;2023-11-04 04:15:58+00:00;False;4868;1433;127812;1a26be2a271437894b1cda86c4707014e684b5ba;34;noreply@github.com;kdy1997.dev@gmail.com
terser.js;MODIFY;17987;-61.0;Decreased;True;2023-11-13 03:47:49+00:00;False;4865;1432;127661;ebcd8252253d2b5169ea03ec19ee4a76d3ca22c3;61;noreply@github.com;austaras@outlook.com
terser.js;MODIFY;17990;3.0;Grew;True;2024-02-05 06:32:52+00:00;False;4865;1432;127678;7f2a2c1e406021b8907b8fd35da456bfdc5f55ac;369;noreply@github.com;kdy1997.dev@gmail.com
terser.js;MODIFY;17987;-3.0;Decreased;True;2024-02-07 03:25:27+00:00;False;4865;1432;127666;3122e944a8a1720584b43c7f0c4db3508f0cf915;59;noreply@github.com;kdy1997.dev@gmail.com
terser.js;MODIFY;17987;0.0;Equal;True;2024-05-30 14:01:07+00:00;False;4863;1432;127658;cc8c1550ddd8f45712039663487fe07b8dfa2599;384;noreply@github.com;kdy1997.dev@gmail.com
terser.js;MODIFY;17987;0.0;Equal;True;2024-06-11 05:59:42+00:00;False;4865;1432;127666;6669343b4aaaaca5cb4f4ee5753f86aea71974b1;384;noreply@github.com;kdy1997.dev@gmail.com
terser.js;MODIFY;18095;108.0;Grew;True;2024-07-06 13:53:57+00:00;False;4866;1433;127684;f90574d04571023f5ccfe694003e6a25ef89cafb;187;noreply@github.com;kdy1997.dev@gmail.com
terser.js;MODIFY;18094;-1.0;Decreased;True;2024-07-31 08:03:04+00:00;False;4866;1433;127684;24e87985d4f4cf69a1d4a184d02195c62ded5a7e;18;noreply@github.com;devongovett@gmail.com
