file_name;change_type;n_loc;lines_balance;size_change;is_large;date;swapped_classification;complexity;methods;tokens;hash;files_on_commit;committer_email;author_email
tests.rs;MODIFY;1165;0.0;Equal;False;2021-12-02 06:49:45+00:00;False;95;86;5594;d8c8641e59d987a2961f03dfb532fb78b00cc2fd;9;kdy1997.dev@gmail.com;89718456+RiESAEX@users.noreply.github.com
tests.rs;MODIFY;1620;455.0;Grew;True;2022-01-16 07:56:41+00:00;True;139;57;6214;9dd0647e3ae6c00a4fcea3bdb82c269ebb1e61ca;46;noreply@github.com;kdy1997.dev@gmail.com
tests.rs;MODIFY;1513;-107.0;Decreased;True;2022-03-02 08:57:50+00:00;False;145;145;4651;8a468f7544ae7e717de4d629c33e5cdffdfcc7de;5;noreply@github.com;kdy1997.dev@gmail.com
tests.rs;MODIFY;1513;0.0;Equal;True;2022-04-12 02:12:10+00:00;False;145;145;4651;7e8f6132729ca3ddf7884f1b246964921cde1c35;344;noreply@github.com;kdy1997.dev@gmail.com
tests.rs;MODIFY;1522;9.0;Grew;True;2022-05-09 21:36:09+00:00;False;145;145;4692;2ab7594b4abf72c6e5d6da49b2c08e9faac44ffb;22;noreply@github.com;kdy1997.dev@gmail.com
tests.rs;MODIFY;1528;6.0;Grew;True;2022-05-28 07:07:58+00:00;False;145;145;4713;f84770978719cda6eea689b9dd90259e9c2f05c9;25;noreply@github.com;kdy1997.dev@gmail.com
tests.rs;MODIFY;1622;94.0;Grew;True;2022-08-12 13:13:35+00:00;False;139;57;6243;3eb1f4b2b153aeb8551a83b4995b7ae8ee188046;53;noreply@github.com;kdy1997.dev@gmail.com
tests.rs;MODIFY;1798;176.0;Grew;True;2022-09-03 15:08:13+00:00;False;113;104;8850;a3a72779096b4f0afbbe94320e53feb48e7fe45d;3;noreply@github.com;akari.ccino@gmail.com
tests.rs;MODIFY;1908;110.0;Grew;True;2022-09-08 04:24:44+00:00;False;119;110;9298;7deadd86679f820c113d92fe8b034086be2736ff;6;noreply@github.com;akari.ccino@gmail.com
tests.rs;MODIFY;1622;-286.0;Decreased;True;2022-09-20 03:47:21+00:00;False;139;57;6268;1a182ef8d90c2294ac67e8cdee63bfab2c295bae;122;noreply@github.com;kdy1997.dev@gmail.com
tests.rs;MODIFY;1952;330.0;Grew;True;2022-11-18 07:16:22+00:00;False;119;110;9490;3e702b9804a07f610948f731bbb8cfdcec8065a5;8;noreply@github.com;4567934+alexander-akait@users.noreply.github.com
tests.rs;MODIFY;1556;-396.0;Decreased;True;2023-01-03 03:12:01+00:00;False;147;147;4743;b5d31cc2dabcf79886606946c75d0a15f2fe4091;4;noreply@github.com;i.heyunfei@gmail.com
tests.rs;MODIFY;1556;0.0;Equal;True;2023-01-06 03:14:10+00:00;False;147;147;4743;a1ccc8afdff1f252210d571907124508cf760694;208;noreply@github.com;i.heyunfei@gmail.com
tests.rs;MODIFY;1951;395.0;Grew;True;2023-10-06 00:09:48+00:00;False;119;110;9553;9b9bc51c28fee51de9eeedf6d49fbe115d6052e6;14;noreply@github.com;kdy1997.dev@gmail.com
tests.rs;MODIFY;1557;-394.0;Decreased;True;2024-03-14 03:58:51+00:00;False;147;147;4754;bfb0c6e5343495bf449902788dcde4648abef79e;4;noreply@github.com;163239332+one230six@users.noreply.github.com
tests.rs;MODIFY;1554;-3.0;Decreased;True;2024-04-13 02:11:32+00:00;False;147;147;4751;7a89e5da3be25d00e5cc18b46c847f0e8de54022;6;noreply@github.com;akari.ccino@gmail.com
tests.rs;MODIFY;1552;-2.0;Decreased;True;2024-05-22 02:27:00+00:00;False;147;147;4737;545ec51b51643b8ef7908dbfceda09811f5fc087;6;noreply@github.com;kdy1997.dev@gmail.com
tests.rs;MODIFY;2020;468.0;Grew;True;2024-06-29 09:24:51+00:00;False;120;111;9764;2a0ebec0f5e51d5cba1c1981215a893834c63255;29;noreply@github.com;kdy1997.dev@gmail.com
tests.rs;MODIFY;1628;-392.0;Decreased;True;2024-07-12 04:13:20+00:00;False;141;57;6261;7b3e5b3f613e8f9b7a6758a2453515d7c0c5f8a4;2869;kdy1997.dev@gmail.com;kdy1997.dev@gmail.com
tests.rs;MODIFY;1543;-85.0;Decreased;True;2024-07-15 06:54:53+00:00;False;146;146;4690;521161e17009e2025ed9b042579f8cd055e26816;2;noreply@github.com;1343316114@qq.com
tests.rs;MODIFY;1538;-5.0;Decreased;True;2024-08-07 07:14:24+00:00;False;145;145;4671;679682ce36e35dd94bbc4b3406d3c8173db10b96;3;noreply@github.com;kdy1997.dev@gmail.com
