|File Name|Change Type|Local File PATH Old|Local File PATH New|Complexity|Methods|Tokens|Lines Of Code (nloc)|Lines Added|Lines Deleted
0|xfs_refcount_btree.c|MODIFY|fs/xfs/libxfs/xfs_refcount_btree.c|fs/xfs/libxfs/xfs_refcount_btree.c|41|23|1892|352|0|1
