file_name;change_type;n_loc;lines_balance;size_change;is_large;date;swapped_classification;complexity;methods;tokens;hash;files_on_commit;committer_email;author_email
Msg.kt;RENAME;1078;0.0;Equal;True;2020-10-03 04:42:13+00:00;True;not calculated;0;11493;a9d4d14576eec5230b922c2ea983c5dfcd93fc51;378;Him188@mamoe.net;Him188@mamoe.net
Msg.kt;MODIFY;1078;0.0;Equal;True;2020-11-01 00:30:30+00:00;False;not calculated;0;11501;fd5b0251d03989143f2e7a01a3c7da5d5993a498;33;noreply@github.com;adoptoss@outlook.com
Msg.kt;MODIFY;1078;0.0;Grew;True;2020-11-01 07:07:32+00:00;False;not calculated;0;11493;1e7aaaec480b1ab7d69b0525cf9b552db5a09e0b;342;Him188@mamoe.net;Him188@mamoe.net
Msg.kt;MODIFY;1077;-1.0;Decreased;True;2020-12-02 02:46:06+00:00;False;not calculated;0;11492;64bd63d7a00e43f9db05cbeb368bae2467c69316;19;Him188@mamoe.net;Him188@mamoe.net
Msg.kt;MODIFY;1077;0.0;Equal;True;2020-12-25 13:32:31+00:00;False;not calculated;0;11492;ed289ed81d631f044e01725bf769f2226c5c9570;6;noreply@github.com;20417547+sandtechnology@users.noreply.github.com
Msg.kt;MODIFY;1077;0.0;Equal;True;2020-12-26 12:05:10+00:00;False;not calculated;0;11484;73954130f8e06b9ab9ca547693514d81378ed33e;102;Him188@mamoe.net;Him188@mamoe.net
Msg.kt;MODIFY;1077;0.0;Equal;True;2020-12-26 12:50:49+00:00;False;not calculated;0;11492;ade169253bb8b217b03520ae69be69d4d94607b0;84;Him188@mamoe.net;Him188@mamoe.net
Msg.kt;MODIFY;1114;37.0;Grew;True;2020-12-26 15:42:44+00:00;False;17;2;11812;eacdfed97a3fa73dba605b8b272fba997a3b6e02;9;Him188@mamoe.net;Him188@mamoe.net
Msg.kt;MODIFY;1120;6.0;Grew;True;2021-01-05 14:31:08+00:00;False;17;2;11828;ac03d405f967b40266efacf4b024b35817dddb51;4;Him188@mamoe.net;Him188@mamoe.net
Msg.kt;MODIFY;1120;0.0;Equal;True;2021-01-05 16:08:36+00:00;False;17;2;11828;866df1b2e1b99e535f92fb785dba0242b802c262;3;noreply@github.com;20417547+sandtechnology@users.noreply.github.com
Msg.kt;MODIFY;1105;-15.0;Decreased;True;2021-01-26 13:22:46+00:00;False;17;2;11697;dd9439d50712c8b87b669561dc00d018761cbe49;4;a1294790523@hotmail.com;a1294790523@hotmail.com
Msg.kt;MODIFY;1105;0.0;Equal;True;2021-01-31 07:17:07+00:00;False;17;2;11697;248ed341556020669fe9dedbb557e0b8242baf82;4;Him188@mamoe.net;Him188@mamoe.net
Msg.kt;MODIFY;1105;0.0;Equal;True;2021-03-08 10:34:45+00:00;False;17;2;11698;e256ec06d3b23f3183ab7eba4b8e730ce5eba397;43;noreply@github.com;Him188@mamoe.net
Msg.kt;MODIFY;1105;0.0;Equal;True;2021-05-08 16:54:48+00:00;False;17;2;11692;840dd19dd09287ec1bd288479e50ef14a7f3ce0f;49;Him188@mamoe.net;Him188@mamoe.net
Msg.kt;MODIFY;1105;0.0;Equal;True;2021-07-01 16:39:10+00:00;False;17;2;11792;b9eb654a51e88f37fa8b7d6a825333fa10853cdd;140;Him188@mamoe.net;Him188@mamoe.net
Msg.kt;MODIFY;1163;58.0;Grew;True;2021-08-05 13:48:20+00:00;False;45;4;12345;8d8aca3f1cfabbd5c8b45c7f740fb6b443da005a;24;Him188@mamoe.net;Him188@mamoe.net
Msg.kt;MODIFY;1163;0.0;Equal;True;2021-09-01 05:55:39+00:00;False;45;4;12345;76e2b6c64c1b673ed9da02caf70f3a8a695da3bb;27;Him188@mamoe.net;Him188@mamoe.net
Msg.kt;MODIFY;1163;0.0;Equal;True;2021-09-09 09:48:40+00:00;False;45;4;12345;25c489d238d1be54878a357e6c87e04766aae79f;2;karlatemp@vip.qq.com;sandtechnology@users.noreply.github.com
Msg.kt;MODIFY;1163;0.0;Equal;True;2021-09-12 05:17:48+00:00;False;45;4;12345;d1b5c94231eacf31cbd50c9f3d4cc0cc0d61086a;4;noreply@github.com;karlatemp@vip.qq.com
Msg.kt;MODIFY;1163;0.0;Equal;True;2021-09-15 20:38:59+00:00;False;45;4;12345;4ce57f52a87ed3fdc7b7d25868b288f7537942e2;12;noreply@github.com;20417547+sandtechnology@users.noreply.github.com
Msg.kt;MODIFY;1162;-1.0;Equal;True;2022-02-16 15:15:27+00:00;False;45;4;12331;7252879f46972af1f0db114d0b4ec7f88f1fe67c;1;karlatemp@vip.qq.com;karlatemp@vip.qq.com
Msg.kt;MODIFY;1167;5.0;Equal;True;2022-05-25 21:39:53+00:00;False;47;5;12366;7e8737693010f55b2ee1901668be3c8544a5fab9;15;Him188@mamoe.net;Him188@mamoe.net
Msg.kt;MODIFY;1181;14.0;Grew;True;2022-05-25 21:39:53+00:00;False;51;6;12511;149b77c05bfdec22df2149d8e02c743f790f36a2;2;Him188@mamoe.net;Him188@mamoe.net
Msg.kt;MODIFY;1167;-14.0;Grew;True;2022-05-25 21:39:53+00:00;False;46;5;12360;a89f6aeaef574229f243ece48834ba0edc8978f2;41;Him188@mamoe.net;Him188@mamoe.net
Msg.kt;MODIFY;1188;21.0;Grew;True;2022-05-25 21:39:53+00:00;False;52;7;12579;ab3280f6b76c2df98e1f8dafb1808cb763a3adb9;24;Him188@mamoe.net;Him188@mamoe.net
Msg.kt;MODIFY;1189;1.0;Decreased;True;2022-07-19 16:30:16+00:00;False;52;7;12605;ff2a8acb0cebe21980146b3dd23d284697383a26;555;Him188@mamoe.net;Him188@mamoe.net
Msg.kt;MODIFY;1189;0.0;Equal;True;2022-07-19 16:30:16+00:00;False;52;7;12597;21d883b6303a94c24a22e04a4b05071e61697dd0;10;Him188@mamoe.net;Him188@mamoe.net
Msg.kt;MODIFY;1189;0.0;Equal;True;2022-08-26 10:42:56+00:00;False;52;7;12597;965ab57aaa2b1bab2fae9152ea2298ffda2e16e1;27;Him188@mamoe.net;Him188@mamoe.net
Msg.kt;MODIFY;1189;0.0;Equal;True;2022-08-26 17:21:14+00:00;False;52;7;12595;f4db93745d5b3396b5aaa9ba0a76ffec3832e654;26;Him188@mamoe.net;Him188@mamoe.net
Msg.kt;MODIFY;1307;118.0;Grew;True;2024-02-22 07:49:28+00:00;False;52;7;13685;76696ee9419ca07f15ee6657c8fca3acf9b78da1;4;noreply@github.com;78455197+worksoup@users.noreply.github.com
