file_name;change_type;n_loc;lines_balance;size_change;is_large;date;swapped_classification;complexity;methods;tokens;hash;files_on_commit;committer_email;author_email
StaticContentTest.kt;RENAME;459;0.0;Equal;False;2022-02-04 12:51:39+00:00;False;10;8;2827;7b1d7564e85aa6bf13122a92919833e497bb7b27;28;e5l@users.noreply.github.com;e5l@users.noreply.github.com
StaticContentTest.kt;MODIFY;459;0.0;Equal;False;2022-11-04 12:04:15+00:00;False;10;8;2827;5db6b23784f899bdc1d271bad37d9a966180cc8f;49;rxsinukov@gmail.com;rxsinukov@gmail.com
StaticContentTest.kt;MODIFY;535;76.0;Grew;True;2023-03-03 14:28:28+00:00;True;15;13;3344;ca18551a1de3c95582f87334356eb997da8ab0a8;2;xrenas@gmail.com;rxsinukov@gmail.com
StaticContentTest.kt;MODIFY;530;-5.0;Decreased;True;2023-03-03 14:28:28+00:00;False;15;13;3275;ba5a035edcdc9a26c3340b8b86d062aecdf9cc32;10;xrenas@gmail.com;rxsinukov@gmail.com
StaticContentTest.kt;MODIFY;683;153.0;Grew;True;2023-03-14 15:17:16+00:00;False;22;20;4583;6c5f29ee4932de3b51750a63d81769580d0653c1;15;noreply@github.com;rxsinukov@gmail.com
StaticContentTest.kt;MODIFY;726;43.0;Grew;True;2023-03-15 14:40:56+00:00;False;24;22;4928;136e76ae7a7b4f8ed2ead8c4a5d25ab36f815cb8;3;noreply@github.com;rxsinukov@gmail.com
StaticContentTest.kt;MODIFY;792;66.0;Grew;True;2023-03-15 18:29:59+00:00;False;24;22;5450;06a97e46a264bbb836dd8878c4c86444fd76a938;10;rxsinukov@gmail.com;rxsinukov@gmail.com
StaticContentTest.kt;MODIFY;762;-30.0;Decreased;True;2023-03-15 18:29:59+00:00;False;24;22;5220;24143bacfdbbb098c5cf560b5868a3cda8c8c233;3;rxsinukov@gmail.com;rxsinukov@gmail.com
StaticContentTest.kt;MODIFY;837;75.0;Grew;True;2023-03-22 12:11:09+00:00;False;24;22;5799;7dfd174a17df026399a2dc8154e35c78cfe33b68;8;noreply@github.com;rxsinukov@gmail.com
StaticContentTest.kt;MODIFY;837;0.0;Equal;True;2023-03-27 10:31:14+00:00;False;24;22;5785;993b16fd4fba6647fba47bbf8e33108eb70373b3;4;noreply@github.com;rxsinukov@gmail.com
StaticContentTest.kt;MODIFY;835;-2.0;Decreased;True;2023-04-03 16:47:33+00:00;False;24;22;5787;62c12b3309078026066967f7bdda80d55fd26cb7;5;noreply@github.com;rxsinukov@gmail.com
StaticContentTest.kt;MODIFY;853;18.0;Grew;True;2023-07-19 11:42:57+00:00;False;25;23;5872;c5b3a7fc94ee84cea6ece0cea931278a6bed90bc;2;noreply@github.com;rxsinukov@gmail.com
StaticContentTest.kt;MODIFY;907;54.0;Grew;True;2023-08-08 08:24:15+00:00;False;29;27;6286;9eb6bc91df10e6b7fd97b9ebe5c55945e465b515;34;e5l@users.noreply.github.com;rxsinukov@gmail.com
StaticContentTest.kt;MODIFY;907;0.0;Equal;True;2023-08-08 08:24:15+00:00;False;29;27;6286;bb8a7d466a242444d426b4509dcb409f6ecce41b;13;e5l@users.noreply.github.com;rxsinukov@gmail.com
StaticContentTest.kt;MODIFY;906;-1.0;Decreased;True;2023-10-19 13:08:38+00:00;False;29;27;6278;b34415dafca82090e408761788a9b7ffb24788d7;87;noreply@github.com;mjovanc@icloud.com
StaticContentTest.kt;MODIFY;1092;186.0;Grew;True;2023-10-26 14:48:55+00:00;False;34;32;7840;f0590f39d1e68193ab59606c8d0b3a95aba1a38c;6;noreply@github.com;rxsinukov@gmail.com
StaticContentTest.kt;MODIFY;1110;18.0;Grew;True;2024-06-17 14:06:39+00:00;False;36;34;7937;c892bc0f4fe1f1bc8bacc66c1d6856cdf6baf04b;8;noreply@github.com;61115099+marychatte@users.noreply.github.com
StaticContentTest.kt;MODIFY;1109;-1.0;Decreased;True;2024-07-30 07:39:00+00:00;False;36;34;7932;3cd270690ca092fd3c01f82e2655821ec587009f;474;noreply@github.com;e5l@users.noreply.github.com
StaticContentTest.kt;MODIFY;1164;55.0;Grew;True;2024-08-14 12:13:32+00:00;False;35;33;8247;dcb674fead2e1eee785f148bfc89e196095eb4e2;4;noreply@github.com;61115099+marychatte@users.noreply.github.com
StaticContentTest.kt;MODIFY;1174;10.0;Grew;True;2024-09-10 09:59:43+00:00;False;41;39;8037;10eb95faac39b332413fdea0a00d3cae5953c903;10;noreply@github.com;osip.fatkullin@jetbrains.com
