file_name;change_type;n_loc;lines_balance;size_change;is_large;date;swapped_classification;complexity;methods;tokens;hash;files_on_commit;committer_email;author_email
does-not-error-on-container-only-project.js;ADD;177;0.0;Grew;False;2021-06-02 18:22:01+00:00;False;not calculated;0;836;d2516fa95bddf56e8851e54c6e9fec6c6e034a36;129;noreply@github.com;shkamat@microsoft.com
does-not-error-on-container-only-project.js;MODIFY;177;0.0;Equal;False;2021-09-24 21:25:59+00:00;False;not calculated;0;842;586b0d5011350d1c373517a83cf7720e2c864962;569;noreply@github.com;wewigham@microsoft.com
does-not-error-on-container-only-project.js;MODIFY;1806;1629.0;Grew;True;2022-09-08 19:31:14+00:00;True;5;5;2657;7c918fb76682e79e8fd460cf1c2da9f2f22c91a3;419;noreply@github.com;shkamat@microsoft.com
does-not-error-on-container-only-project.js;MODIFY;1801;-5.0;Decreased;True;2022-10-05 01:14:14+00:00;False;5;5;2817;43c6fd4c09464204bc6a6e1c6c1d32fa12270414;635;noreply@github.com;shkamat@microsoft.com
does-not-error-on-container-only-project.js;MODIFY;1809;8.0;Grew;True;2022-11-07 18:53:22+00:00;False;5;5;2863;eac566b8c34bbbf7f980b63b90384685e2ec14d7;336;noreply@github.com;shkamat@microsoft.com
does-not-error-on-container-only-project.js;MODIFY;1809;0.0;Equal;True;2022-12-09 00:43:47+00:00;False;5;5;2863;a3dbe7dc70858d25dbfca8c7559371a1bca96f9d;2983;noreply@github.com;RyanCavanaugh@users.noreply.github.com
does-not-error-on-container-only-project.js;MODIFY;1813;4.0;Grew;True;2023-01-20 20:10:18+00:00;False;5;5;2871;181cf21b68aee3d84d5e01be4d3792298b6f17f4;62;noreply@github.com;shkamat@microsoft.com
does-not-error-on-container-only-project.js;MODIFY;1825;12.0;Grew;True;2023-01-27 00:03:00+00:00;False;5;5;2903;5a419a2f8f235bedb6d0fbd90f8ba8f43b5bafd8;489;noreply@github.com;shkamat@microsoft.com
does-not-error-on-container-only-project.js;MODIFY;831;-994.0;Decreased;False;2023-03-01 22:10:51+00:00;True;5;5;2097;8b87de17503b15b08be40adcf3255d5d67aa2427;914;noreply@github.com;shkamat@microsoft.com
does-not-error-on-container-only-project.js;MODIFY;834;3.0;Grew;False;2023-03-01 23:55:37+00:00;False;5;5;1809;1da6d87a053746901a7eca6395a4bd15190b13c4;569;noreply@github.com;shkamat@microsoft.com
does-not-error-on-container-only-project.js;MODIFY;835;1.0;Grew;False;2023-03-24 04:14:22+00:00;False;5;5;1815;e47e1266dcf39143b3b823e54778823349dc5a01;1222;noreply@github.com;shkamat@microsoft.com
does-not-error-on-container-only-project.js;MODIFY;835;0.0;Equal;False;2023-04-06 23:23:44+00:00;False;5;5;1815;85f20246a4a2b424f7d92b463c20886ddf7488f9;842;noreply@github.com;shkamat@microsoft.com
does-not-error-on-container-only-project.js;MODIFY;845;10.0;Grew;False;2023-04-13 21:50:50+00:00;False;5;5;1819;df3bec66748f48badad61faa3fb4f9a79a11a612;987;noreply@github.com;shkamat@microsoft.com
does-not-error-on-container-only-project.js;MODIFY;845;0.0;Equal;False;2023-05-18 20:01:11+00:00;False;5;5;1819;d210074c8844e21662e40e7db27c45d796be31c4;984;noreply@github.com;shkamat@microsoft.com
does-not-error-on-container-only-project.js;MODIFY;855;10.0;Grew;False;2023-10-25 05:14:31+00:00;False;5;5;1816;781cc19b3242e44e750b6bcfef62267cf3ddecca;1709;noreply@github.com;shkamat@microsoft.com
does-not-error-on-container-only-project.js;MODIFY;1107;252.0;Grew;True;2023-11-09 19:48:48+00:00;True;5;5;2001;efecc85dcae682d76a3884149b3e1eb97a31774f;1350;noreply@github.com;shkamat@microsoft.com
does-not-error-on-container-only-project.js;MODIFY;1107;0.0;Equal;True;2023-11-27 22:01:53+00:00;False;5;5;2001;6e65f973f649025921bb1a6a5f94614df6957299;350;noreply@github.com;shkamat@microsoft.com
does-not-error-on-container-only-project.js;MODIFY;1122;15.0;Grew;True;2024-01-25 16:59:56+00:00;False;not calculated;0;1683;113537713d813e501e52b1452bd1dc3abce6547d;21;noreply@github.com;shkamat@microsoft.com
does-not-error-on-container-only-project.js;MODIFY;1173;51.0;Grew;True;2024-02-01 22:01:43+00:00;False;not calculated;0;1872;ee46953bc94b1d95137a8a247f56b9d00ff2704a;1074;noreply@github.com;shkamat@microsoft.com
does-not-error-on-container-only-project.js;MODIFY;1173;0.0;Equal;True;2024-02-13 21:18:34+00:00;False;not calculated;0;1872;2f8b822c1f69d4c498da86f1acc767a34055708f;65;noreply@github.com;shkamat@microsoft.com
does-not-error-on-container-only-project.js;MODIFY;1071;-102.0;Decreased;True;2024-02-20 23:20:55+00:00;False;not calculated;0;361;3dfdd1b7c1b17da5ee34b2d5c563961f5a28ea3e;718;noreply@github.com;DanielRosenwasser@users.noreply.github.com
does-not-error-on-container-only-project.js;MODIFY;1010;-61.0;Decreased;True;2024-02-28 17:52:38+00:00;False;not calculated;0;1872;f23927a806e63e5326121bfabf6e9fdc15ed8c3b;146;noreply@github.com;shkamat@microsoft.com
does-not-error-on-container-only-project.js;MODIFY;1045;35.0;Grew;True;2024-04-12 19:47:09+00:00;False;not calculated;0;1872;585a9af830ab76110e35fbb8dc7e68b973691414;1444;noreply@github.com;andrewbranch@users.noreply.github.com
does-not-error-on-container-only-project.js;MODIFY;1089;44.0;Grew;True;2024-05-07 22:58:26+00:00;False;not calculated;0;1872;b9c71c3fc39f7cbafa82f8aa6f1d3b8a86e27ede;157;noreply@github.com;shkamat@microsoft.com
does-not-error-on-container-only-project.js;MODIFY;1085;-4.0;Decreased;True;2024-06-06 22:08:11+00:00;False;not calculated;0;1872;d8086f14b6b97c0df34a0cc2f56d4b5926a0c299;691;noreply@github.com;shkamat@microsoft.com
does-not-error-on-container-only-project.js;MODIFY;1094;9.0;Grew;True;2024-06-12 20:46:19+00:00;False;not calculated;0;1872;dca9182ca8f059ecd3840b386f6c5c70a0c2b54a;172;noreply@github.com;shkamat@microsoft.com
does-not-error-on-container-only-project.js;MODIFY;1059;-35.0;Decreased;True;2024-06-12 23:48:25+00:00;False;not calculated;0;1872;97f3f0c8dd77858ddd938dcd132b082036f44055;1468;noreply@github.com;andrewbranch@users.noreply.github.com
does-not-error-on-container-only-project.js;MODIFY;1062;3.0;Grew;True;2024-06-13 20:12:35+00:00;False;not calculated;0;1872;b258429aaaa6206fd5f911360b094ca626544ce9;186;noreply@github.com;shkamat@microsoft.com
does-not-error-on-container-only-project.js;MODIFY;1065;3.0;Grew;True;2024-06-25 02:02:19+00:00;False;not calculated;0;1880;d403e0850f33521c684bbecd4a24522a4dc66b33;1309;noreply@github.com;shkamat@microsoft.com
does-not-error-on-container-only-project.js;MODIFY;1034;-31.0;Decreased;True;2024-09-04 21:22:10+00:00;False;not calculated;0;1831;7976d9cef5be76372e610c28806fca351ab5d70f;2663;noreply@github.com;shkamat@microsoft.com
