file_name;change_type;n_loc;lines_balance;size_change;is_large;date;swapped_classification;complexity;methods;tokens;hash;files_on_commit;committer_email;author_email
finding-references-in-overlapping-projects.js;ADD;307;0.0;Grew;False;2022-05-19 00:26:17+00:00;False;not calculated;0;2421;12ed01203cb368285aa2f0aa61c1ee76d5768fa2;36;noreply@github.com;amcasey@users.noreply.github.com
finding-references-in-overlapping-projects.js;MODIFY;842;535.0;Grew;False;2022-09-08 19:31:14+00:00;False;not calculated;0;3974;7c918fb76682e79e8fd460cf1c2da9f2f22c91a3;419;noreply@github.com;shkamat@microsoft.com
finding-references-in-overlapping-projects.js;MODIFY;837;-5.0;Decreased;False;2022-10-05 01:14:14+00:00;False;not calculated;0;3964;43c6fd4c09464204bc6a6e1c6c1d32fa12270414;635;noreply@github.com;shkamat@microsoft.com
finding-references-in-overlapping-projects.js;MODIFY;837;0.0;Equal;False;2022-11-28 23:49:08+00:00;False;not calculated;0;3964;59e659ac4a86c1c241f684ffd24554794af6a9a2;510;noreply@github.com;shkamat@microsoft.com
finding-references-in-overlapping-projects.js;MODIFY;837;0.0;Equal;False;2022-12-09 00:43:47+00:00;False;not calculated;0;3964;a3dbe7dc70858d25dbfca8c7559371a1bca96f9d;2983;noreply@github.com;RyanCavanaugh@users.noreply.github.com
finding-references-in-overlapping-projects.js;MODIFY;729;-108.0;Decreased;False;2023-03-01 22:10:51+00:00;False;not calculated;0;3451;8b87de17503b15b08be40adcf3255d5d67aa2427;914;noreply@github.com;shkamat@microsoft.com
finding-references-in-overlapping-projects.js;MODIFY;732;3.0;Grew;False;2023-03-01 23:55:37+00:00;False;not calculated;0;3462;1da6d87a053746901a7eca6395a4bd15190b13c4;569;noreply@github.com;shkamat@microsoft.com
finding-references-in-overlapping-projects.js;MODIFY;733;1.0;Grew;False;2023-03-24 04:14:22+00:00;False;not calculated;0;3468;e47e1266dcf39143b3b823e54778823349dc5a01;1222;noreply@github.com;shkamat@microsoft.com
finding-references-in-overlapping-projects.js;MODIFY;733;0.0;Equal;False;2023-04-06 23:23:44+00:00;False;not calculated;0;3468;85f20246a4a2b424f7d92b463c20886ddf7488f9;842;noreply@github.com;shkamat@microsoft.com
finding-references-in-overlapping-projects.js;MODIFY;747;14.0;Grew;False;2023-04-13 21:50:50+00:00;False;not calculated;0;3483;df3bec66748f48badad61faa3fb4f9a79a11a612;987;noreply@github.com;shkamat@microsoft.com
finding-references-in-overlapping-projects.js;MODIFY;747;0.0;Equal;False;2023-05-18 20:01:11+00:00;False;not calculated;0;3483;d210074c8844e21662e40e7db27c45d796be31c4;984;noreply@github.com;shkamat@microsoft.com
finding-references-in-overlapping-projects.js;MODIFY;808;61.0;Grew;False;2023-10-25 05:14:31+00:00;False;not calculated;0;3483;781cc19b3242e44e750b6bcfef62267cf3ddecca;1709;noreply@github.com;shkamat@microsoft.com
finding-references-in-overlapping-projects.js;MODIFY;1139;331.0;Grew;True;2023-11-09 19:48:48+00:00;True;not calculated;0;3671;efecc85dcae682d76a3884149b3e1eb97a31774f;1350;noreply@github.com;shkamat@microsoft.com
finding-references-in-overlapping-projects.js;MODIFY;1207;68.0;Grew;True;2024-02-01 22:01:43+00:00;False;not calculated;0;4133;ee46953bc94b1d95137a8a247f56b9d00ff2704a;1074;noreply@github.com;shkamat@microsoft.com
finding-references-in-overlapping-projects.js;MODIFY;1251;44.0;Grew;True;2024-02-07 00:42:17+00:00;False;not calculated;0;4584;c3ff2661aab277852a59d5d5e5e8bef27a1899fe;79;noreply@github.com;shkamat@microsoft.com
finding-references-in-overlapping-projects.js;MODIFY;1262;11.0;Grew;True;2024-02-07 21:47:40+00:00;False;not calculated;0;4614;1ca93fe78fc12ff2294c2b11b37ee820af6c598c;679;noreply@github.com;shkamat@microsoft.com
finding-references-in-overlapping-projects.js;MODIFY;1238;-24.0;Decreased;True;2024-02-13 21:18:34+00:00;False;not calculated;0;3834;2f8b822c1f69d4c498da86f1acc767a34055708f;65;noreply@github.com;shkamat@microsoft.com
finding-references-in-overlapping-projects.js;MODIFY;1276;38.0;Grew;True;2024-04-12 19:47:09+00:00;False;not calculated;0;3942;585a9af830ab76110e35fbb8dc7e68b973691414;1444;noreply@github.com;andrewbranch@users.noreply.github.com
finding-references-in-overlapping-projects.js;MODIFY;1267;-9.0;Decreased;True;2024-04-17 20:28:33+00:00;False;not calculated;0;3918;904a59f34321e6144e2ac5c0bb77447db630876c;74;noreply@github.com;shkamat@microsoft.com
finding-references-in-overlapping-projects.js;MODIFY;1246;-21.0;Decreased;True;2024-04-19 18:26:31+00:00;False;not calculated;0;3598;c0ac582284e9068ea954527eca042c9357d28a4a;1191;noreply@github.com;shkamat@microsoft.com
finding-references-in-overlapping-projects.js;MODIFY;1278;32.0;Grew;True;2024-05-07 22:58:26+00:00;False;not calculated;0;3641;b9c71c3fc39f7cbafa82f8aa6f1d3b8a86e27ede;157;noreply@github.com;shkamat@microsoft.com
finding-references-in-overlapping-projects.js;MODIFY;1240;-38.0;Decreased;True;2024-06-12 23:48:25+00:00;False;not calculated;0;3533;97f3f0c8dd77858ddd938dcd132b082036f44055;1468;noreply@github.com;andrewbranch@users.noreply.github.com
finding-references-in-overlapping-projects.js;MODIFY;1250;10.0;Grew;True;2024-06-25 02:02:19+00:00;False;not calculated;0;3541;d403e0850f33521c684bbecd4a24522a4dc66b33;1309;noreply@github.com;shkamat@microsoft.com
finding-references-in-overlapping-projects.js;MODIFY;1253;3.0;Grew;True;2024-08-21 00:12:28+00:00;False;not calculated;0;3547;7f597beb2ea8fc101c5ae1bf0a7d02aa809a685a;1217;noreply@github.com;andrewbranch@users.noreply.github.com
finding-references-in-overlapping-projects.js;MODIFY;1257;4.0;Grew;True;2024-09-04 21:22:10+00:00;False;not calculated;0;3620;7976d9cef5be76372e610c28806fca351ab5d70f;2663;noreply@github.com;shkamat@microsoft.com
finding-references-in-overlapping-projects.js;MODIFY;1259;2.0;Grew;True;2024-09-18 17:35:22+00:00;False;not calculated;0;3626;02b07a1788c8ec5b47e51b11955e72ee6d175f4b;1079;noreply@github.com;shkamat@microsoft.com
