file_name;change_type;n_loc;lines_balance;size_change;is_large;date;swapped_classification;complexity;methods;tokens;hash;files_on_commit;committer_email;author_email
invalidates-module-specifiers-when-changes-happen-in-contained-node_modules-directories.js;ADD;149;0.0;Equal;False;2022-06-09 00:54:57+00:00;False;not calculated;0;2194;f5ad78720fa8ba2d4ea693073264b4cb4e8abe5e;541;noreply@github.com;shkamat@microsoft.com
invalidates-module-specifiers-when-changes-happen-in-contained-node_modules-directories.js;MODIFY;149;0.0;Equal;False;2022-08-26 17:05:52+00:00;False;not calculated;0;2212;164dddc48e1eaa83780b8e72bc7afeebe768437b;102;noreply@github.com;oleksandr.tarasiuk@outlook.com
invalidates-module-specifiers-when-changes-happen-in-contained-node_modules-directories.js;MODIFY;1026;877.0;Grew;True;2022-09-08 19:31:14+00:00;True;not calculated;0;3316;7c918fb76682e79e8fd460cf1c2da9f2f22c91a3;419;noreply@github.com;shkamat@microsoft.com
invalidates-module-specifiers-when-changes-happen-in-contained-node_modules-directories.js;MODIFY;1025;-1.0;Decreased;True;2022-10-05 01:14:14+00:00;False;not calculated;0;3314;43c6fd4c09464204bc6a6e1c6c1d32fa12270414;635;noreply@github.com;shkamat@microsoft.com
invalidates-module-specifiers-when-changes-happen-in-contained-node_modules-directories.js;MODIFY;1025;0.0;Equal;True;2022-11-28 23:49:08+00:00;False;not calculated;0;3314;59e659ac4a86c1c241f684ffd24554794af6a9a2;510;noreply@github.com;shkamat@microsoft.com
invalidates-module-specifiers-when-changes-happen-in-contained-node_modules-directories.js;MODIFY;1027;2.0;Grew;True;2023-02-10 23:26:09+00:00;False;not calculated;0;3322;aa658257c9faa2568602bf8d59b9dc1fb19870c7;13;noreply@github.com;andrewbranch@users.noreply.github.com
invalidates-module-specifiers-when-changes-happen-in-contained-node_modules-directories.js;MODIFY;846;-181.0;Decreased;False;2023-03-01 22:10:51+00:00;True;not calculated;0;2838;8b87de17503b15b08be40adcf3255d5d67aa2427;914;noreply@github.com;shkamat@microsoft.com
invalidates-module-specifiers-when-changes-happen-in-contained-node_modules-directories.js;MODIFY;846;0.0;Equal;False;2023-03-01 23:55:37+00:00;False;not calculated;0;2840;1da6d87a053746901a7eca6395a4bd15190b13c4;569;noreply@github.com;shkamat@microsoft.com
invalidates-module-specifiers-when-changes-happen-in-contained-node_modules-directories.js;MODIFY;847;1.0;Grew;False;2023-03-24 04:14:22+00:00;False;not calculated;0;2846;e47e1266dcf39143b3b823e54778823349dc5a01;1222;noreply@github.com;shkamat@microsoft.com
invalidates-module-specifiers-when-changes-happen-in-contained-node_modules-directories.js;MODIFY;847;0.0;Equal;False;2023-03-30 16:48:34+00:00;False;not calculated;0;2854;0ee51b96dcc28c1c4c1475daaac3a8075645f59f;594;noreply@github.com;shkamat@microsoft.com
invalidates-module-specifiers-when-changes-happen-in-contained-node_modules-directories.js;MODIFY;847;0.0;Equal;False;2023-04-06 23:23:44+00:00;False;not calculated;0;2854;85f20246a4a2b424f7d92b463c20886ddf7488f9;842;noreply@github.com;shkamat@microsoft.com
invalidates-module-specifiers-when-changes-happen-in-contained-node_modules-directories.js;MODIFY;857;10.0;Grew;False;2023-05-02 20:32:12+00:00;False;not calculated;0;2854;bbb9f2ebcfd7f423fd340fe92f1f549b9d59bea9;232;noreply@github.com;shkamat@microsoft.com
invalidates-module-specifiers-when-changes-happen-in-contained-node_modules-directories.js;MODIFY;857;0.0;Equal;False;2023-05-18 20:01:11+00:00;False;not calculated;0;2854;d210074c8844e21662e40e7db27c45d796be31c4;984;noreply@github.com;shkamat@microsoft.com
invalidates-module-specifiers-when-changes-happen-in-contained-node_modules-directories.js;MODIFY;857;0.0;Equal;False;2023-09-13 16:39:05+00:00;False;not calculated;0;2854;e7bb0ebfaceea9bfd7f6abfd8aef7cda068dfdce;30;noreply@github.com;jackworks@protonmail.com
invalidates-module-specifiers-when-changes-happen-in-contained-node_modules-directories.js;MODIFY;857;0.0;Equal;False;2023-10-12 17:39:40+00:00;False;not calculated;0;2854;feeb30dec9065d13ade581f0bcad0d9aacb5908e;333;noreply@github.com;shkamat@microsoft.com
invalidates-module-specifiers-when-changes-happen-in-contained-node_modules-directories.js;MODIFY;860;3.0;Grew;False;2023-10-25 05:14:31+00:00;False;not calculated;0;2854;781cc19b3242e44e750b6bcfef62267cf3ddecca;1709;noreply@github.com;shkamat@microsoft.com
invalidates-module-specifiers-when-changes-happen-in-contained-node_modules-directories.js;MODIFY;977;117.0;Grew;True;2023-11-09 19:48:48+00:00;True;not calculated;0;2881;efecc85dcae682d76a3884149b3e1eb97a31774f;1350;noreply@github.com;shkamat@microsoft.com
invalidates-module-specifiers-when-changes-happen-in-contained-node_modules-directories.js;MODIFY;1065;88.0;Grew;True;2024-02-01 22:01:43+00:00;False;not calculated;0;3023;ee46953bc94b1d95137a8a247f56b9d00ff2704a;1074;noreply@github.com;shkamat@microsoft.com
invalidates-module-specifiers-when-changes-happen-in-contained-node_modules-directories.js;MODIFY;1071;6.0;Grew;True;2024-02-16 22:12:17+00:00;False;not calculated;0;3041;91e67ffbea91f453a51cd674684c393f82cd0731;66;noreply@github.com;oleksandr.tarasiuk@outlook.com
invalidates-module-specifiers-when-changes-happen-in-contained-node_modules-directories.js;MODIFY;1093;22.0;Grew;True;2024-04-18 18:41:48+00:00;False;not calculated;0;3233;5b3060d5c6293de9c3ef7d48645292786ab22695;93;noreply@github.com;shkamat@microsoft.com
invalidates-module-specifiers-when-changes-happen-in-contained-node_modules-directories.js;MODIFY;1090;-3.0;Decreased;True;2024-04-19 18:26:31+00:00;False;not calculated;0;3233;c0ac582284e9068ea954527eca042c9357d28a4a;1191;noreply@github.com;shkamat@microsoft.com
invalidates-module-specifiers-when-changes-happen-in-contained-node_modules-directories.js;MODIFY;1101;11.0;Grew;True;2024-06-25 02:02:19+00:00;False;not calculated;0;3227;d403e0850f33521c684bbecd4a24522a4dc66b33;1309;noreply@github.com;shkamat@microsoft.com
invalidates-module-specifiers-when-changes-happen-in-contained-node_modules-directories.js;MODIFY;1107;6.0;Grew;True;2024-07-23 19:32:38+00:00;False;not calculated;0;3242;8a36e26ac688b4b79a8953294aa07772e51baad1;145;noreply@github.com;gabrielaa@microsoft.com
invalidates-module-specifiers-when-changes-happen-in-contained-node_modules-directories.js;MODIFY;1107;0.0;Equal;True;2024-07-25 00:29:12+00:00;False;not calculated;0;3242;f8336d1479c9909d9850931a619f2ed7e884f0fc;76;noreply@github.com;gabrielaa@microsoft.com
invalidates-module-specifiers-when-changes-happen-in-contained-node_modules-directories.js;MODIFY;1124;17.0;Grew;True;2024-09-04 21:22:10+00:00;False;not calculated;0;3688;7976d9cef5be76372e610c28806fca351ab5d70f;2663;noreply@github.com;shkamat@microsoft.com
invalidates-module-specifiers-when-changes-happen-in-contained-node_modules-directories.js;MODIFY;1124;0.0;Equal;True;2024-09-18 17:35:22+00:00;False;not calculated;0;3688;02b07a1788c8ec5b47e51b11955e72ee6d175f4b;1079;noreply@github.com;shkamat@microsoft.com
