file_name;change_type;n_loc;lines_balance;size_change;is_large;date;swapped_classification;complexity;methods;tokens;hash;files_on_commit;committer_email;author_email
should-watch-the-extended-configs-of-multiple-projects.js;ADD;305;0.0;Grew;False;2022-06-09 00:54:57+00:00;False;not calculated;0;396;f5ad78720fa8ba2d4ea693073264b4cb4e8abe5e;541;noreply@github.com;shkamat@microsoft.com
should-watch-the-extended-configs-of-multiple-projects.js;MODIFY;531;226.0;Grew;False;2022-09-08 19:31:14+00:00;False;not calculated;0;627;7c918fb76682e79e8fd460cf1c2da9f2f22c91a3;419;noreply@github.com;shkamat@microsoft.com
should-watch-the-extended-configs-of-multiple-projects.js;MODIFY;523;-8.0;Decreased;False;2022-10-05 01:14:14+00:00;False;not calculated;0;611;43c6fd4c09464204bc6a6e1c6c1d32fa12270414;635;noreply@github.com;shkamat@microsoft.com
should-watch-the-extended-configs-of-multiple-projects.js;MODIFY;390;-133.0;Decreased;False;2023-03-01 22:10:51+00:00;False;not calculated;0;478;8b87de17503b15b08be40adcf3255d5d67aa2427;914;noreply@github.com;shkamat@microsoft.com
should-watch-the-extended-configs-of-multiple-projects.js;MODIFY;414;24.0;Grew;False;2023-03-01 23:55:37+00:00;False;not calculated;0;556;1da6d87a053746901a7eca6395a4bd15190b13c4;569;noreply@github.com;shkamat@microsoft.com
should-watch-the-extended-configs-of-multiple-projects.js;MODIFY;415;1.0;Grew;False;2023-03-24 04:14:22+00:00;False;not calculated;0;562;e47e1266dcf39143b3b823e54778823349dc5a01;1222;noreply@github.com;shkamat@microsoft.com
should-watch-the-extended-configs-of-multiple-projects.js;MODIFY;425;10.0;Grew;False;2023-03-30 16:48:34+00:00;False;not calculated;0;560;0ee51b96dcc28c1c4c1475daaac3a8075645f59f;594;noreply@github.com;shkamat@microsoft.com
should-watch-the-extended-configs-of-multiple-projects.js;MODIFY;425;0.0;Equal;False;2023-04-06 23:23:44+00:00;False;not calculated;0;560;85f20246a4a2b424f7d92b463c20886ddf7488f9;842;noreply@github.com;shkamat@microsoft.com
should-watch-the-extended-configs-of-multiple-projects.js;MODIFY;433;8.0;Grew;False;2023-04-13 21:50:50+00:00;False;not calculated;0;560;df3bec66748f48badad61faa3fb4f9a79a11a612;987;noreply@github.com;shkamat@microsoft.com
should-watch-the-extended-configs-of-multiple-projects.js;MODIFY;433;0.0;Equal;False;2023-05-18 20:01:11+00:00;False;not calculated;0;560;d210074c8844e21662e40e7db27c45d796be31c4;984;noreply@github.com;shkamat@microsoft.com
should-watch-the-extended-configs-of-multiple-projects.js;MODIFY;456;23.0;Grew;False;2023-10-25 05:14:31+00:00;False;not calculated;0;560;781cc19b3242e44e750b6bcfef62267cf3ddecca;1709;noreply@github.com;shkamat@microsoft.com
should-watch-the-extended-configs-of-multiple-projects.js;MODIFY;1294;838.0;Grew;True;2023-11-09 19:48:48+00:00;True;not calculated;0;869;efecc85dcae682d76a3884149b3e1eb97a31774f;1350;noreply@github.com;shkamat@microsoft.com
should-watch-the-extended-configs-of-multiple-projects.js;MODIFY;1355;61.0;Grew;True;2024-02-01 22:01:43+00:00;False;not calculated;0;869;ee46953bc94b1d95137a8a247f56b9d00ff2704a;1074;noreply@github.com;shkamat@microsoft.com
should-watch-the-extended-configs-of-multiple-projects.js;MODIFY;1398;43.0;Grew;True;2024-02-07 21:47:40+00:00;False;not calculated;0;931;1ca93fe78fc12ff2294c2b11b37ee820af6c598c;679;noreply@github.com;shkamat@microsoft.com
should-watch-the-extended-configs-of-multiple-projects.js;MODIFY;1396;-2.0;Decreased;True;2024-04-19 18:26:31+00:00;False;not calculated;0;931;c0ac582284e9068ea954527eca042c9357d28a4a;1191;noreply@github.com;shkamat@microsoft.com
should-watch-the-extended-configs-of-multiple-projects.js;MODIFY;1390;-6.0;Decreased;True;2024-05-07 22:58:26+00:00;False;not calculated;0;931;b9c71c3fc39f7cbafa82f8aa6f1d3b8a86e27ede;157;noreply@github.com;shkamat@microsoft.com
should-watch-the-extended-configs-of-multiple-projects.js;MODIFY;1391;1.0;Grew;True;2024-05-10 21:50:43+00:00;False;not calculated;0;931;fadc83b939266ac2613e038aedb0410b043c9173;76;noreply@github.com;shkamat@microsoft.com
should-watch-the-extended-configs-of-multiple-projects.js;MODIFY;1405;14.0;Grew;True;2024-06-25 02:02:19+00:00;False;not calculated;0;931;d403e0850f33521c684bbecd4a24522a4dc66b33;1309;noreply@github.com;shkamat@microsoft.com
should-watch-the-extended-configs-of-multiple-projects.js;MODIFY;1410;5.0;Grew;True;2024-08-21 00:12:28+00:00;False;not calculated;0;931;7f597beb2ea8fc101c5ae1bf0a7d02aa809a685a;1217;noreply@github.com;andrewbranch@users.noreply.github.com
should-watch-the-extended-configs-of-multiple-projects.js;MODIFY;1049;-361.0;Decreased;True;2024-09-04 21:22:10+00:00;False;not calculated;0;768;7976d9cef5be76372e610c28806fca351ab5d70f;2663;noreply@github.com;shkamat@microsoft.com
should-watch-the-extended-configs-of-multiple-projects.js;MODIFY;1049;0.0;Equal;True;2024-09-18 17:35:22+00:00;False;not calculated;0;768;02b07a1788c8ec5b47e51b11955e72ee6d175f4b;1079;noreply@github.com;shkamat@microsoft.com
