file_name;change_type;n_loc;lines_balance;size_change;is_large;date;swapped_classification;complexity;methods;tokens;hash;files_on_commit;committer_email;author_email
typingsInstaller.ts;RENAME;1681;0.0;Equal;True;2018-12-20 20:19:18+00:00;True;not calculated;0;not calculated;5c8ef3934d81d77cc9f780419aa8b39128e313c9;46;shkamat@microsoft.com;shkamat@microsoft.com
typingsInstaller.ts;MODIFY;1681;0.0;Equal;True;2018-12-20 20:55:18+00:00;False;122;107;11909;53e2507f603836e6ff268d1a5e2e87ba2265e4c4;66;shkamat@microsoft.com;shkamat@microsoft.com
typingsInstaller.ts;MODIFY;1681;0.0;Equal;True;2018-12-20 21:20:53+00:00;False;122;107;11909;db4d9b3050fec94f4c2687fc223ada8e24b2ab5f;91;shkamat@microsoft.com;shkamat@microsoft.com
typingsInstaller.ts;MODIFY;1689;8.0;Grew;True;2019-06-07 19:10:21+00:00;False;122;107;11854;a6c72a0cf30b331bc568d40ddba2aa16002ca9bb;10;shkamat@microsoft.com;shkamat@microsoft.com
typingsInstaller.ts;MODIFY;1734;45.0;Grew;True;2019-06-07 23:19:56+00:00;False;125;110;12294;6ed8aae68323ccf33eb7ae65a72e0e7bc8bfa4d7;1;shkamat@microsoft.com;shkamat@microsoft.com
typingsInstaller.ts;MODIFY;1734;0.0;Equal;True;2019-06-07 23:21:39+00:00;False;125;110;12298;2fd80b3142672364e16d4127369642564bac30db;4;shkamat@microsoft.com;shkamat@microsoft.com
typingsInstaller.ts;MODIFY;1773;39.0;Grew;True;2019-09-27 20:38:31+00:00;False;131;116;12631;304fcee09bca0f87180652160a0fff5e8cc80e4d;42;noreply@github.com;andrewbranch@users.noreply.github.com
typingsInstaller.ts;MODIFY;1772;-1.0;Decreased;True;2019-09-27 21:36:54+00:00;False;131;116;12631;f3a6ea6abef6cf3e4e5cec07dc1ed5d112348781;21;shkamat@microsoft.com;shkamat@microsoft.com
typingsInstaller.ts;MODIFY;1772;0.0;Equal;True;2019-11-27 21:44:31+00:00;False;131;116;12631;c447ebc59c49a1b071c099ce6055e94517973eab;58;noreply@github.com;wewigham@microsoft.com
typingsInstaller.ts;MODIFY;1772;0.0;Equal;True;2020-06-05 20:43:34+00:00;False;131;116;12631;0dc338281ac8264129f0f3fdeb9831674fedba18;19;noreply@github.com;shkamat@microsoft.com
typingsInstaller.ts;MODIFY;1773;1.0;Grew;True;2020-06-22 23:34:27+00:00;False;131;116;12646;086e00de913c124af7da4c027aae9337060687ad;36;noreply@github.com;andrewbranch@users.noreply.github.com
typingsInstaller.ts;MODIFY;1773;0.0;Equal;True;2020-08-03 00:47:49+00:00;False;131;116;12687;86a87c493cd487678259cee042497983b0d8f037;10;noreply@github.com;andrewbranch@users.noreply.github.com
typingsInstaller.ts;MODIFY;1845;72.0;Grew;True;2020-10-19 16:53:58+00:00;False;137;122;13331;08e4f369fbb2a5f0c30dee973618d65e6f7f09f8;9;noreply@github.com;jesse.trinity@microsoft.com
typingsInstaller.ts;MODIFY;1845;0.0;Equal;True;2020-11-19 00:10:11+00:00;False;137;122;13331;2cc67ec0a6e1d48c0fcd40ba1a824ce3f47872d0;5;noreply@github.com;shkamat@microsoft.com
typingsInstaller.ts;MODIFY;1871;26.0;Grew;True;2021-01-22 19:16:07+00:00;False;137;122;13569;80dfc6a45b5c4b00b7d0fa1ffa1e805f4ffe628b;7;noreply@github.com;shkamat@microsoft.com
typingsInstaller.ts;MODIFY;1871;0.0;Equal;True;2021-09-24 21:25:59+00:00;False;137;122;13563;586b0d5011350d1c373517a83cf7720e2c864962;569;noreply@github.com;wewigham@microsoft.com
typingsInstaller.ts;MODIFY;1975;104.0;Grew;True;2022-01-07 21:48:31+00:00;False;141;126;14206;7f189b97011155be9112c66bffe7d5f5b178f565;2;noreply@github.com;kzm@zkat.tech
typingsInstaller.ts;MODIFY;1975;0.0;Equal;True;2022-06-09 00:54:57+00:00;False;149;130;14107;f5ad78720fa8ba2d4ea693073264b4cb4e8abe5e;541;noreply@github.com;shkamat@microsoft.com
typingsInstaller.ts;MODIFY;1975;0.0;Equal;True;2022-09-08 19:31:14+00:00;False;149;130;14109;7c918fb76682e79e8fd460cf1c2da9f2f22c91a3;419;noreply@github.com;shkamat@microsoft.com
typingsInstaller.ts;MODIFY;1975;0.0;Equal;True;2022-09-13 03:36:24+00:00;False;149;130;14109;a88c36655b575d3039f187e64016b971efc0f173;27;noreply@github.com;shkamat@microsoft.com
typingsInstaller.ts;MODIFY;1974;-1.0;Decreased;True;2022-11-09 18:02:40+00:00;False;150;131;14598;6e0a62e8dd12c4ee8cb26be4431a6c096dc02889;149;noreply@github.com;shkamat@microsoft.com
typingsInstaller.ts;MODIFY;1991;17.0;Grew;True;2022-12-05 19:56:33+00:00;False;150;131;14583;9e845d224859950fb263dec43f8fa1f7334e52da;73;noreply@github.com;shkamat@microsoft.com
typingsInstaller.ts;MODIFY;1991;0.0;Equal;True;2023-01-06 22:40:56+00:00;False;150;131;14553;f1ff0de94326b554f46a71941ca453fb2559a752;45;noreply@github.com;5341706+jakebailey@users.noreply.github.com
typingsInstaller.ts;MODIFY;1991;0.0;Equal;True;2023-01-18 20:00:10+00:00;False;150;131;14588;18794c794578b007a910d90803cf5be3a1555ffb;14;noreply@github.com;5341706+jakebailey@users.noreply.github.com
typingsInstaller.ts;MODIFY;1773;-218.0;Decreased;True;2023-03-01 22:10:51+00:00;False;82;77;11530;8b87de17503b15b08be40adcf3255d5d67aa2427;914;noreply@github.com;shkamat@microsoft.com
typingsInstaller.ts;MODIFY;1766;-7.0;Decreased;True;2023-03-29 07:47:37+00:00;False;82;77;11501;d105b6a9941b77b5d95f289733da26ec5b0fcff9;317;noreply@github.com;shkamat@microsoft.com
typingsInstaller.ts;MODIFY;1766;0.0;Equal;True;2023-03-30 16:48:34+00:00;False;82;77;11491;0ee51b96dcc28c1c4c1475daaac3a8075645f59f;594;noreply@github.com;shkamat@microsoft.com
typingsInstaller.ts;MODIFY;1766;0.0;Equal;True;2023-04-19 21:46:56+00:00;False;82;77;11491;0a98b32b47b665bba27f7c6f313960ed5d961ad6;144;noreply@github.com;shkamat@microsoft.com
typingsInstaller.ts;MODIFY;1856;90.0;Grew;True;2023-04-26 19:34:42+00:00;False;86;80;11909;f22898d577bf44e0a09df20717a502552d05decc;8;noreply@github.com;shkamat@microsoft.com
typingsInstaller.ts;MODIFY;2345;489.0;Grew;True;2023-08-25 18:27:55+00:00;False;86;80;12146;ec2bd4e252f919290ab7cf852ab16eb73510874c;46;noreply@github.com;sampo.kivisto@live.fi
typingsInstaller.ts;MODIFY;2347;2.0;Grew;True;2023-09-20 23:45:32+00:00;False;86;80;12164;ec1414f627dd243abeebf9a4c2d995377389820b;26;noreply@github.com;shkamat@microsoft.com
typingsInstaller.ts;MODIFY;2347;0.0;Equal;True;2023-09-22 17:24:37+00:00;False;86;80;12155;83f02a4b7eb5be4ce29b7ac6d4a141a981201668;45;noreply@github.com;shkamat@microsoft.com
typingsInstaller.ts;MODIFY;2444;97.0;Grew;True;2023-10-16 23:08:13+00:00;False;81;77;11587;508e52d13a3927806ce1464c2b2d912bd7bb668c;735;noreply@github.com;shkamat@microsoft.com
typingsInstaller.ts;MODIFY;2418;-26.0;Decreased;True;2023-10-25 05:14:31+00:00;False;75;73;11309;781cc19b3242e44e750b6bcfef62267cf3ddecca;1709;noreply@github.com;shkamat@microsoft.com
typingsInstaller.ts;MODIFY;2382;-36.0;Decreased;True;2024-01-25 16:59:56+00:00;False;81;79;11615;113537713d813e501e52b1452bd1dc3abce6547d;21;noreply@github.com;shkamat@microsoft.com
typingsInstaller.ts;MODIFY;2383;1.0;Grew;True;2024-02-01 22:01:43+00:00;False;81;79;11617;ee46953bc94b1d95137a8a247f56b9d00ff2704a;1074;noreply@github.com;shkamat@microsoft.com
typingsInstaller.ts;MODIFY;2379;-4.0;Decreased;True;2024-04-02 17:58:16+00:00;False;81;79;11615;4cedfe40b0d2a81b132b6ae2fcca77f0b036c274;205;noreply@github.com;5341706+jakebailey@users.noreply.github.com
typingsInstaller.ts;MODIFY;2379;0.0;Equal;True;2024-08-21 23:43:21+00:00;False;81;79;11613;a5eec2485f8798ece493c00fce1cde4d8f8a8147;16;noreply@github.com;andrewbranch@users.noreply.github.com
typingsInstaller.ts;MODIFY;2408;29.0;Grew;True;2024-09-04 21:22:10+00:00;False;81;79;11657;7976d9cef5be76372e610c28806fca351ab5d70f;2663;noreply@github.com;shkamat@microsoft.com
