file_name;change_type;n_loc;lines_balance;size_change;is_large;date;swapped_classification;complexity;methods;tokens;hash;files_on_commit;committer_email;author_email
utilitiesPublic.ts;MODIFY;1695;0.0;Equal;True;2019-12-02 21:44:25+00:00;True;743;355;12441;7bfffa745fb931ca092655436ae3ed923ba55507;13;noreply@github.com;wewigham@microsoft.com
utilitiesPublic.ts;MODIFY;1713;18.0;Grew;True;2019-12-18 20:58:12+00:00;False;749;361;12576;3c5ecc2a60068139a7cb835b2ade22d6e5a53e39;16;noreply@github.com;293473+sandersn@users.noreply.github.com
utilitiesPublic.ts;MODIFY;1719;6.0;Grew;True;2019-12-20 21:47:20+00:00;False;751;363;12621;3d2b92ce69c14ae62600eb6c5278dc33fe5f4b57;16;noreply@github.com;293473+sandersn@users.noreply.github.com
utilitiesPublic.ts;MODIFY;1726;7.0;Grew;True;2019-12-21 00:00:20+00:00;False;755;365;12681;4c7844be74e97b172c3eb0ac37b51bc4e55706f2;129;DanielRosenwasser@users.noreply.github.com;kingwenlu@gmail.com
utilitiesPublic.ts;MODIFY;1741;15.0;Grew;True;2019-12-27 21:07:35+00:00;False;764;369;12822;36c87aca8a1b0fd6aa079e378cd176cf1cbf4467;404;DanielRosenwasser@users.noreply.github.com;max.heiber@gmail.com
utilitiesPublic.ts;MODIFY;1755;14.0;Grew;True;2020-01-03 22:39:32+00:00;False;769;370;12907;3b396e6124d6a0382c4ab5b2d846a9c4b65a4ea3;142;DanielRosenwasser@users.noreply.github.com;andrewbranch@users.noreply.github.com
utilitiesPublic.ts;MODIFY;1754;-1.0;Decreased;True;2020-01-23 20:53:36+00:00;False;769;370;12902;b05dde747cd7d9931e5a87f8b2f941ca2d0413c8;76;noreply@github.com;andrewbranch@users.noreply.github.com
utilitiesPublic.ts;MODIFY;1765;11.0;Grew;True;2020-02-05 00:01:20+00:00;False;772;370;12923;09441107c1e3f3d807f729b14d7f2dc912d4f8f5;3;noreply@github.com;20735482+ayazhafiz@users.noreply.github.com
utilitiesPublic.ts;MODIFY;1765;0.0;Equal;True;2020-02-21 23:37:11+00:00;False;773;370;12931;6b645f582b85cc3987a783b05648cd6bc92688f9;3;noreply@github.com;293473+sandersn@users.noreply.github.com
utilitiesPublic.ts;MODIFY;1774;9.0;Grew;True;2020-02-27 17:27:37+00:00;False;776;373;13020;f883bf3acbb207dfa1dc134738abcf565f14a835;40;noreply@github.com;dragomirtitian@yahoo.com
utilitiesPublic.ts;MODIFY;1775;1.0;Grew;True;2020-03-03 18:51:50+00:00;False;777;373;13026;ab8adc5f9582c95d55861d36f9ca309878b4c385;2;noreply@github.com;alexander.tarasyuk@outlook.com
utilitiesPublic.ts;MODIFY;1776;1.0;Grew;True;2020-03-25 22:28:13+00:00;False;780;374;13056;b58a29b8087445d0b0f647a28c1ad7fb452329e5;25;noreply@github.com;ron.buckton@microsoft.com
utilitiesPublic.ts;MODIFY;1776;0.0;Equal;True;2020-04-17 06:05:23+00:00;False;781;374;13061;a2628c90884dac88c4459b556c1bdd4bd6939c0a;6;alexander.tarasyuk@outlook.com;alexander.tarasyuk@outlook.com
utilitiesPublic.ts;MODIFY;1809;33.0;Grew;True;2020-05-11 22:07:43+00:00;False;793;384;13329;d07e866a28879f38d8cf7aea2a1b030de26613cc;56;noreply@github.com;ron.buckton@microsoft.com
utilitiesPublic.ts;MODIFY;1809;0.0;Equal;True;2020-06-10 18:56:03+00:00;False;793;384;13330;852e7a0b607af2c2a50da2b0773009af69390446;10;noreply@github.com;andrewbranch@users.noreply.github.com
utilitiesPublic.ts;MODIFY;1288;-521.0;Decreased;True;2020-06-16 23:55:03+00:00;False;620;209;9332;eb3645f16b66ed05110ea957c77773cea739bae8;206;noreply@github.com;ron.buckton@microsoft.com
utilitiesPublic.ts;MODIFY;1297;9.0;Grew;True;2020-06-19 00:41:26+00:00;False;623;212;9398;59ad375234dc2efe38d8ee0ba58414474c1d5169;32;noreply@github.com;kingwenlu@gmail.com
utilitiesPublic.ts;MODIFY;1312;15.0;Grew;True;2020-09-24 21:02:56+00:00;False;626;215;9527;e6fdcce2bf4b02c27f19dcab2aac8c77e842e120;4;noreply@github.com;github@septs.pw
utilitiesPublic.ts;MODIFY;1313;1.0;Grew;True;2020-12-03 21:27:15+00:00;False;627;215;9534;69bc3f3b0c9c553f94ff53bdb46864ffafa833c6;36;noreply@github.com;andrewbranch@users.noreply.github.com
utilitiesPublic.ts;MODIFY;1313;0.0;Equal;True;2021-01-19 17:13:26+00:00;False;627;215;9534;147384c932146f6f64b5964f01d79b4716139466;10;noreply@github.com;1083941774@qq.com
utilitiesPublic.ts;MODIFY;1315;2.0;Grew;True;2021-01-27 01:43:37+00:00;False;627;215;9578;b8faaea90cd26dc496707e08ccf016f0a80feaf0;2;noreply@github.com;shkamat@microsoft.com
utilitiesPublic.ts;MODIFY;1318;3.0;Grew;True;2021-02-26 07:01:41+00:00;False;628;216;9592;68b0323b72bf51236d8cd181ed94ba9a63f933fd;29;noreply@github.com;ron.buckton@microsoft.com
utilitiesPublic.ts;MODIFY;1318;0.0;Equal;True;2021-03-02 20:36:26+00:00;False;628;216;9598;c497b487a78c049a11ba99b97dccf6126b2d492a;18;noreply@github.com;293473+sandersn@users.noreply.github.com
utilitiesPublic.ts;MODIFY;1320;2.0;Grew;True;2021-03-10 21:31:25+00:00;False;628;216;9606;f4d0ea6539edb6d8f70b626132d6f9ac1ac4281a;206;noreply@github.com;saschanaz@outlook.com
utilitiesPublic.ts;MODIFY;1329;9.0;Grew;True;2021-03-16 23:26:01+00:00;False;634;218;9692;ec77bff33226fb01f4e38b20e481f8c1fcd9e6c0;155;noreply@github.com;293473+sandersn@users.noreply.github.com
utilitiesPublic.ts;MODIFY;1320;-9.0;Decreased;True;2021-03-18 21:42:25+00:00;False;628;216;9606;451d4354b94e533907ef3b6362a89435f67577a3;155;noreply@github.com;293473+sandersn@users.noreply.github.com
utilitiesPublic.ts;MODIFY;1331;11.0;Grew;True;2021-03-22 23:39:35+00:00;False;632;218;9701;dcc27ebaf2e21a02d89cd3bec4084184996b72f1;145;noreply@github.com;293473+sandersn@users.noreply.github.com
utilitiesPublic.ts;MODIFY;1331;0.0;Equal;True;2021-03-25 01:15:50+00:00;False;633;218;9708;e638af7560530a76439d0ce9e2c517090fe6a60a;370;noreply@github.com;tcernicovad1@bloomberg.net
utilitiesPublic.ts;MODIFY;1335;4.0;Grew;True;2021-03-26 23:29:22+00:00;False;636;219;9743;2f0c8b2bea3554f9371e1d2076df49498d12c5a7;131;noreply@github.com;kingwenlu@gmail.com
utilitiesPublic.ts;MODIFY;1335;0.0;Equal;True;2021-04-30 20:17:59+00:00;False;637;219;9748;c96b472e0b3bf6ed6e3d76c3e8f019a1f43e207c;7;noreply@github.com;shkamat@microsoft.com
utilitiesPublic.ts;MODIFY;1338;3.0;Grew;True;2021-05-24 20:01:58+00:00;False;640;220;9781;c4c6a839228b5d8e66ce48aa6bb185ebf263c116;17;noreply@github.com;293473+sandersn@users.noreply.github.com
utilitiesPublic.ts;MODIFY;1341;3.0;Grew;True;2021-06-25 06:06:34+00:00;False;642;221;9812;66b4ba4b35cc1a6a7a7de7f4f95e20911e2fae2f;71;noreply@github.com;wenlwan@microsoft.com
utilitiesPublic.ts;MODIFY;1346;5.0;Grew;True;2021-06-25 16:24:05+00:00;False;647;222;9861;906cbd27150d774f2b3e9b8c8cb010820bdf5c4a;217;noreply@github.com;wenlwan@microsoft.com
utilitiesPublic.ts;MODIFY;1356;10.0;Grew;True;2021-06-25 22:49:27+00:00;False;652;223;9909;dc237b317ed4bbccd043ddda802ffde00362a387;215;noreply@github.com;wenlwan@microsoft.com
utilitiesPublic.ts;MODIFY;1356;0.0;Equal;True;2021-09-08 23:30:22+00:00;False;652;223;9909;8610ff5ebea251a584142d4e771fd9afa5ee01a8;55;noreply@github.com;andrewbranch@users.noreply.github.com
utilitiesPublic.ts;MODIFY;1359;3.0;Grew;True;2021-09-20 21:15:22+00:00;False;654;224;9934;ec114b8931bf1ad15fd017ecbacf09e099338820;86;noreply@github.com;kingwenlu@gmail.com
utilitiesPublic.ts;MODIFY;1360;1.0;Grew;True;2021-09-24 16:05:27+00:00;False;655;224;9939;af689cc5d527789cbc1d18a7b8aae6fa46051ea7;48;noreply@github.com;acutmore@users.noreply.github.com
utilitiesPublic.ts;MODIFY;1360;0.0;Equal;True;2021-09-24 21:25:59+00:00;False;655;224;9940;586b0d5011350d1c373517a83cf7720e2c864962;569;noreply@github.com;wewigham@microsoft.com
utilitiesPublic.ts;MODIFY;1360;0.0;Equal;True;2021-09-27 19:38:30+00:00;False;656;224;9948;e160bc8c0df502dcf415f0cd625c6680ff089512;80;noreply@github.com;andrewbranch@users.noreply.github.com
utilitiesPublic.ts;MODIFY;1362;2.0;Grew;True;2021-11-04 17:55:11+00:00;False;656;224;9956;ae582a22ee1bb052e19b7c1bc4cac60509b574e0;57;noreply@github.com;saschanaz@outlook.com
utilitiesPublic.ts;MODIFY;1369;7.0;Grew;True;2022-02-02 22:00:08+00:00;False;664;225;10030;c4fd0028f5b79aef118f360429f1930ba6c72e97;8;noreply@github.com;293473+sandersn@users.noreply.github.com
utilitiesPublic.ts;MODIFY;1370;1.0;Grew;True;2022-02-16 21:27:16+00:00;False;665;225;10035;5afbfbcbd03873fdb81015231448cee817535854;57;noreply@github.com;andersh@microsoft.com
utilitiesPublic.ts;MODIFY;1370;0.0;Equal;True;2022-03-09 17:51:29+00:00;False;665;225;10035;918f0ef4040b372df357c5439601576baaeeec4c;49;noreply@github.com;293473+sandersn@users.noreply.github.com
utilitiesPublic.ts;MODIFY;1372;2.0;Grew;True;2022-03-22 18:31:08+00:00;False;667;225;10045;6cb58d382fa31ac264a7e589cdcab1593b557f2e;25;noreply@github.com;andersh@microsoft.com
utilitiesPublic.ts;MODIFY;1374;2.0;Grew;True;2022-03-28 17:44:11+00:00;False;669;225;10057;df7ed82dd5a05c6c13b6380cd39c336b1dab9b0e;9;noreply@github.com;andersh@microsoft.com
utilitiesPublic.ts;MODIFY;1382;8.0;Grew;True;2022-05-09 21:25:05+00:00;False;676;227;10157;d6e483b8dabd8fd37c00954c3f2184bb7f1eb90c;5;noreply@github.com;5511220+Zamiell@users.noreply.github.com
utilitiesPublic.ts;MODIFY;1393;11.0;Grew;True;2022-05-12 22:45:22+00:00;False;682;228;10206;b689cd0aa956b31713ff0e86471154382fb53e47;12;noreply@github.com;jackworks@protonmail.com
utilitiesPublic.ts;MODIFY;1408;15.0;Grew;True;2022-06-10 00:24:02+00:00;False;689;231;10320;1e65b330a71cc09065b31f1724d78e931aafed51;94;noreply@github.com;ron.buckton@microsoft.com
utilitiesPublic.ts;MODIFY;1408;0.0;Equal;True;2022-07-19 22:40:53+00:00;False;689;231;10320;7f3ca9f8f7066256101b34fb7df7ec57999c38fc;8;noreply@github.com;293473+sandersn@users.noreply.github.com
utilitiesPublic.ts;MODIFY;1409;1.0;Grew;True;2022-08-26 17:05:52+00:00;False;690;231;10325;164dddc48e1eaa83780b8e72bc7afeebe768437b;102;noreply@github.com;oleksandr.tarasiuk@outlook.com
utilitiesPublic.ts;MODIFY;1430;21.0;Grew;True;2022-09-12 19:12:11+00:00;False;701;234;10450;a4cabe725b413f154f738b48c1fe2f053cff7d26;196;noreply@github.com;ron.buckton@microsoft.com
utilitiesPublic.ts;MODIFY;1430;0.0;Equal;True;2022-09-19 23:20:55+00:00;False;701;234;10450;16156b1baf26a39ce428423f7106f3ef2b4e98bb;34;noreply@github.com;5341706+jakebailey@users.noreply.github.com
utilitiesPublic.ts;MODIFY;1430;0.0;Equal;True;2022-11-07 19:51:04+00:00;False;701;234;10460;7b0df1ff9922efe250c809ecb69446e12e3423c8;14;noreply@github.com;shkamat@microsoft.com
utilitiesPublic.ts;MODIFY;1806;376.0;Grew;True;2022-12-13 20:11:10+00:00;False;819;242;11538;6d41964fd097b77abe5ac57e2f7c689cac6300a8;62;noreply@github.com;ron.buckton@microsoft.com
utilitiesPublic.ts;MODIFY;1815;9.0;Grew;True;2022-12-13 23:10:40+00:00;False;825;244;11611;e4816ed44cf9bcfe7cebb997b1f44cdb5564dac4;35;noreply@github.com;apendua@gmail.com
utilitiesPublic.ts;MODIFY;1814;-1.0;Decreased;True;2022-12-15 18:59:57+00:00;False;825;244;11591;44e8244dd96daadfafba75d1c1c2645a42a493ca;10;noreply@github.com;ron.buckton@microsoft.com
utilitiesPublic.ts;MODIFY;1814;0.0;Equal;True;2022-12-16 16:41:32+00:00;False;824;243;11579;20f3060da52e3e04afbd5f1f50b4949677b801f9;3;noreply@github.com;oleksandr.tarasiuk@outlook.com
utilitiesPublic.ts;MODIFY;1814;0.0;Equal;True;2023-01-06 00:18:53+00:00;False;824;243;11578;bfeb927d432ebf3009b46162f2e15a1e0af5a955;5;noreply@github.com;5341706+jakebailey@users.noreply.github.com
utilitiesPublic.ts;MODIFY;1823;9.0;Grew;True;2023-01-12 22:20:12+00:00;False;828;244;11641;9cdba994ac891d6fe9e9d8f44af2d567837c6afd;45;noreply@github.com;ron.buckton@microsoft.com
utilitiesPublic.ts;MODIFY;1828;5.0;Grew;True;2023-01-17 18:22:22+00:00;False;829;245;11667;9c9d4b029d71fc6b56598b0ff201c2a271c31c06;77;noreply@github.com;oleksandr.tarasiuk@outlook.com
utilitiesPublic.ts;MODIFY;1866;38.0;Grew;True;2023-01-18 01:20:51+00:00;False;847;248;11871;22b362ceac224a1e89482f280df7f3b73193c862;60;noreply@github.com;5341706+jakebailey@users.noreply.github.com
utilitiesPublic.ts;MODIFY;1867;1.0;Grew;True;2023-01-19 22:54:12+00:00;False;849;248;11881;5b1897969769449217237aecbe364f823096c63e;1263;noreply@github.com;ron.buckton@microsoft.com
utilitiesPublic.ts;MODIFY;1882;15.0;Grew;True;2023-01-20 22:24:48+00:00;False;857;250;12005;f576398194bc1c16da7cbf4c6bd23f3bf0f41eea;48;noreply@github.com;andrewbranch@users.noreply.github.com
utilitiesPublic.ts;MODIFY;1882;0.0;Equal;True;2023-01-20 23:25:19+00:00;False;857;250;12005;e474b3df69d3cb181d8d42b7fc544745700af26f;12;noreply@github.com;shkamat@microsoft.com
utilitiesPublic.ts;MODIFY;1881;-1.0;Decreased;True;2023-01-20 23:37:29+00:00;False;857;250;11995;35d76b0d384be90a4497a860140969f0d1fcf1bc;5;noreply@github.com;5341706+jakebailey@users.noreply.github.com
utilitiesPublic.ts;MODIFY;1880;-1.0;Decreased;True;2023-03-01 17:34:59+00:00;False;857;250;11992;6b75ce23ce48be669590a7292bfaad3806cf5866;15;noreply@github.com;5341706+jakebailey@users.noreply.github.com
utilitiesPublic.ts;MODIFY;1882;2.0;Grew;True;2023-04-14 23:58:49+00:00;False;859;250;12003;0c5be02dcc120de802e74bf502f5020cf2c0d4fb;52;noreply@github.com;oleksandr.tarasiuk@outlook.com
utilitiesPublic.ts;MODIFY;1880;-2.0;Decreased;True;2023-04-21 21:21:26+00:00;False;857;250;11991;36b632552d3e4507c4f3fb7e5365f2b7184ddf47;235;noreply@github.com;ron.buckton@microsoft.com
utilitiesPublic.ts;MODIFY;1879;-1.0;Decreased;True;2023-05-09 17:45:58+00:00;False;856;250;11986;02bb3108ad625cddcec228846b9ff56cc5398976;22;noreply@github.com;wewigham@microsoft.com
utilitiesPublic.ts;MODIFY;1889;10.0;Grew;True;2023-06-22 21:02:56+00:00;False;859;251;12050;f9cf8216c6e9e1339a79e81d772799190c10fa49;674;noreply@github.com;ron.buckton@microsoft.com
utilitiesPublic.ts;MODIFY;1889;0.0;Equal;True;2023-07-28 23:02:38+00:00;False;859;251;12050;6a96b9767ed25492ab9154a8857d21e5169988ca;32;noreply@github.com;5341706+jakebailey@users.noreply.github.com
utilitiesPublic.ts;MODIFY;1892;3.0;Grew;True;2023-09-22 23:20:12+00:00;False;857;252;12090;5f818a9031132f1916e34e8e105ac75b1b85f8dc;13;noreply@github.com;jackworks@protonmail.com
utilitiesPublic.ts;MODIFY;1892;0.0;Equal;True;2023-09-23 23:17:44+00:00;False;857;252;12090;e44ecbc289bc9674bc17d86ab7e56385c8fd565a;2;noreply@github.com;5341706+jakebailey@users.noreply.github.com
utilitiesPublic.ts;MODIFY;1895;3.0;Grew;True;2023-09-25 22:29:29+00:00;False;859;253;12117;d7b4cee7df2dc2f97f7ac717103014582991a610;6;noreply@github.com;ron.buckton@microsoft.com
utilitiesPublic.ts;MODIFY;1895;0.0;Equal;True;2023-09-26 20:20:15+00:00;False;859;253;12117;2e9e9a292cd10df6ca3425fa4367348067362d53;169;noreply@github.com;oleksandr.tarasiuk@outlook.com
utilitiesPublic.ts;MODIFY;1902;7.0;Grew;True;2023-09-29 19:29:39+00:00;False;863;253;12164;485a2ea0c9d053eb955ebfae83b80227dcf413e0;16;noreply@github.com;mateuszburzynski@gmail.com
utilitiesPublic.ts;MODIFY;1902;0.0;Equal;True;2023-09-29 22:35:06+00:00;False;863;253;12164;df5093e7bdd4a8ee5c368e65b211d4385aeec125;2;noreply@github.com;mateuszburzynski@gmail.com
utilitiesPublic.ts;MODIFY;1905;3.0;Grew;True;2023-11-15 23:54:41+00:00;False;863;253;12172;45150898402b8f0dfda851306b28b1160c0f3c79;3;noreply@github.com;mateuszburzynski@gmail.com
utilitiesPublic.ts;MODIFY;1939;34.0;Grew;True;2024-01-11 19:15:58+00:00;False;874;256;12433;67b644e5433c82f14fc53c57bc4aef888d69d2ab;11;noreply@github.com;5341706+jakebailey@users.noreply.github.com
utilitiesPublic.ts;MODIFY;1939;0.0;Equal;True;2024-01-19 20:44:01+00:00;False;874;256;12432;1982349339b9c1fd78c93195d572ffc6fd5041b0;15;noreply@github.com;5341706+jakebailey@users.noreply.github.com
utilitiesPublic.ts;MODIFY;1923;-16.0;Decreased;True;2024-02-28 17:52:38+00:00;False;868;254;12352;f23927a806e63e5326121bfabf6e9fdc15ed8c3b;146;noreply@github.com;shkamat@microsoft.com
utilitiesPublic.ts;MODIFY;1925;2.0;Grew;True;2024-04-12 01:42:41+00:00;False;869;254;12360;551a600e84a8be35b25a758119f86731463d6a53;13;noreply@github.com;gabrielaa@microsoft.com
utilitiesPublic.ts;MODIFY;1926;1.0;Grew;True;2024-04-26 22:44:09+00:00;False;869;254;12364;ebcb09d71a0838b4b9be974f9ef1e80fce8888af;13;noreply@github.com;gabrielaa@microsoft.com
utilitiesPublic.ts;MODIFY;1927;1.0;Grew;True;2024-05-10 21:09:25+00:00;False;870;254;12370;72c12c9920c0b5534d3e96f13114455634ba1ba8;259;noreply@github.com;tcernicovad1@bloomberg.net
utilitiesPublic.ts;MODIFY;1927;0.0;Equal;True;2024-05-21 21:53:52+00:00;False;871;254;12378;75342d8ca83470678c263c348acca98cf0fa7720;3;noreply@github.com;kyro38@gmail.com
utilitiesPublic.ts;MODIFY;1956;29.0;Grew;True;2024-06-13 23:21:01+00:00;False;883;260;12679;48575468659c4a464ff0246ad402a2ad8cd7b4c7;161;noreply@github.com;gabrielaa@microsoft.com
utilitiesPublic.ts;MODIFY;1930;-26.0;Decreased;True;2024-06-27 21:24:01+00:00;False;874;256;12546;752135eb4046fc820006b41b2f621242f77b6c3e;45;noreply@github.com;lars@webpro.nl
utilitiesPublic.ts;MODIFY;1930;0.0;Equal;True;2024-08-13 00:13:24+00:00;False;874;256;12543;01a874a8baf6a5fc0c9b47d3902221311671b01c;18;noreply@github.com;5341706+jakebailey@users.noreply.github.com
utilitiesPublic.ts;MODIFY;1930;0.0;Equal;True;2024-08-13 21:16:53+00:00;False;874;256;12543;195203e9715897d093efe17a75c0ffd3f55d973e;47;noreply@github.com;5341706+jakebailey@users.noreply.github.com
utilitiesPublic.ts;MODIFY;1931;1.0;Grew;True;2024-08-30 21:16:18+00:00;False;875;256;12549;6260f7ab782e1a5db5964ccae6838b1a5970b6d3;19;noreply@github.com;armando.aguirre@microsoft.com
utilitiesPublic.ts;MODIFY;1935;4.0;Grew;True;2024-09-04 21:22:10+00:00;False;875;256;12629;7976d9cef5be76372e610c28806fca351ab5d70f;2663;noreply@github.com;shkamat@microsoft.com
utilitiesPublic.ts;MODIFY;1938;3.0;Grew;True;2024-09-27 19:27:16+00:00;False;876;257;12709;bd3d70058c30253209199cc9dfeb85e72330d79b;54;noreply@github.com;andrewbranch@users.noreply.github.com
utilitiesPublic.ts;MODIFY;1948;10.0;Grew;True;2024-09-27 22:16:29+00:00;False;881;258;12776;f6d2e73c5afbe5f760574292402fcefc3defdf8c;23;noreply@github.com;isabelduan@microsoft.com
utilitiesPublic.ts;MODIFY;1950;2.0;Grew;True;2024-12-03 22:19:58+00:00;False;882;258;12789;6f75783184328087627da983fe30a05fca4f6314;54;noreply@github.com;billyjanitsch@gmail.com
