file_name;change_type;n_loc;lines_balance;size_change;is_large;date;swapped_classification;complexity;methods;tokens;hash;files_on_commit;committer_email;author_email
watchPublic.ts;ADD;512;0.0;Equal;False;2019-11-27 21:44:31+00:00;False;116;54;3923;c447ebc59c49a1b071c099ce6055e94517973eab;58;noreply@github.com;wewigham@microsoft.com
watchPublic.ts;MODIFY;512;0.0;Equal;False;2019-12-11 02:25:10+00:00;False;116;54;3933;07364595e4ca539578cf34eeb5a6efd452061d10;18;noreply@github.com;shkamat@microsoft.com
watchPublic.ts;MODIFY;515;3.0;Grew;False;2019-12-11 21:26:44+00:00;False;116;54;3998;236012e47b26fee210caa9cbd2e072ef9e99f9ae;40;noreply@github.com;shkamat@microsoft.com
watchPublic.ts;MODIFY;516;1.0;Grew;False;2020-01-10 22:58:01+00:00;False;116;54;4007;76ee0214f91dcbeacd43ce058f24c868f0e44def;5;noreply@github.com;shkamat@microsoft.com
watchPublic.ts;MODIFY;516;0.0;Equal;False;2020-01-30 21:39:54+00:00;False;116;54;4007;8ed129771f8dacaacde2d004959845828404661a;72;noreply@github.com;hjung524@gmail.com
watchPublic.ts;MODIFY;516;0.0;Equal;False;2020-03-06 17:44:16+00:00;False;116;54;4007;0ed21e34ed785f31c7099169c3044c4e41b51c53;1;belichtm@microsoft.com;belichtm@microsoft.com
watchPublic.ts;MODIFY;517;1.0;Grew;False;2020-03-07 02:21:16+00:00;False;117;54;4015;8dede4336513b565ffd7cde2a4b9777d0254cb06;7;noreply@github.com;shkamat@microsoft.com
watchPublic.ts;MODIFY;513;-4.0;Decreased;False;2020-03-09 20:53:49+00:00;False;117;54;3989;bf15eac16e11a80b2b73c8d8e818fedd29d6ef5b;2;noreply@github.com;me@joshuakgoldberg.com
watchPublic.ts;MODIFY;517;4.0;Grew;False;2020-03-09 23:30:52+00:00;False;118;55;4004;e68524a8d2f26efdcc123ff58aa42bf8f6a81bf5;2;noreply@github.com;shkamat@microsoft.com
watchPublic.ts;MODIFY;515;-2.0;Decreased;False;2020-03-11 21:35:26+00:00;False;118;55;3992;1a9c8197fffe3dace5f8dca6633d450a88cba66d;12;noreply@github.com;shkamat@microsoft.com
watchPublic.ts;MODIFY;517;2.0;Grew;False;2020-03-12 20:11:11+00:00;False;118;55;4011;a76a16696d7bad309bc7b8fa472f089f3f212772;13;noreply@github.com;shkamat@microsoft.com
watchPublic.ts;MODIFY;536;19.0;Grew;False;2020-04-01 18:13:21+00:00;False;118;55;4064;0b38a9a2b03d3c651822bc2a20d381545384f0f5;10;noreply@github.com;shkamat@microsoft.com
watchPublic.ts;MODIFY;536;0.0;Equal;False;2020-06-02 18:49:21+00:00;False;117;55;4061;f0da6d120375fd04253a96176a24772fffb9bc6b;445;noreply@github.com;shkamat@microsoft.com
watchPublic.ts;MODIFY;558;22.0;Grew;False;2020-06-09 19:00:37+00:00;False;125;58;4186;a72ed0a2f55681f9d8e6a1125e8e9850ce1c4d9c;23;noreply@github.com;shkamat@microsoft.com
watchPublic.ts;MODIFY;564;6.0;Grew;False;2020-06-16 23:39:48+00:00;False;120;58;4159;0232d4ae8e82be8b646c5ea64872965f75089e19;24;noreply@github.com;shkamat@microsoft.com
watchPublic.ts;MODIFY;564;0.0;Equal;False;2020-06-22 23:34:27+00:00;False;120;58;4159;086e00de913c124af7da4c027aae9337060687ad;36;noreply@github.com;andrewbranch@users.noreply.github.com
watchPublic.ts;MODIFY;564;0.0;Equal;False;2020-06-26 17:12:47+00:00;False;120;58;4164;eb2f4e23372078c5892256906b4fac967309e1d5;87;noreply@github.com;ron.buckton@microsoft.com
watchPublic.ts;MODIFY;564;0.0;Equal;False;2020-06-26 17:15:53+00:00;False;120;58;4172;611b77f2e64112786038a5925aeadd3bdd9a8b45;107;ron.buckton@microsoft.com;ron.buckton@microsoft.com
watchPublic.ts;MODIFY;564;0.0;Equal;False;2020-07-02 00:00:26+00:00;False;120;58;4164;7b942b4fa875f2877a90d201cf146e6196b0c07b;71;noreply@github.com;ron.buckton@microsoft.com
watchPublic.ts;MODIFY;565;1.0;Grew;False;2020-07-16 21:31:24+00:00;False;120;58;4176;667ba74c9384f5878c83a2cd9782178bd03c7a1b;9;noreply@github.com;shkamat@microsoft.com
watchPublic.ts;MODIFY;564;-1.0;Decreased;False;2020-08-13 03:45:59+00:00;False;120;58;4172;03d946d1459fb5f8ad07c04f4236e2ed587db4ad;9;noreply@github.com;shkamat@microsoft.com
watchPublic.ts;MODIFY;565;1.0;Grew;False;2020-10-09 21:07:55+00:00;False;120;58;4176;876e44bbc6eb2484273d19759da7db02b4063949;2;noreply@github.com;shkamat@microsoft.com
watchPublic.ts;MODIFY;574;9.0;Grew;False;2020-11-04 21:30:06+00:00;False;121;59;4231;76cf8fd78b204b9153192e2d8ea7cb2ff8a4a972;29;noreply@github.com;shkamat@microsoft.com
watchPublic.ts;MODIFY;574;0.0;Equal;False;2020-12-01 21:46:41+00:00;False;121;59;4231;d57954345b727affdf9c9a70e4e0c8ddb7b97b51;6;noreply@github.com;48897392+inokawa@users.noreply.github.com
watchPublic.ts;MODIFY;572;-2.0;Decreased;False;2020-12-09 00:10:05+00:00;False;121;59;4236;2eca17d7c1a3fb2b077f3a910d5019d74b6f07a0;84;noreply@github.com;shkamat@microsoft.com
watchPublic.ts;MODIFY;592;20.0;Grew;False;2020-12-11 01:20:02+00:00;False;126;61;4339;716b167f2b19e1642bd65aba33400afe8c181889;15;noreply@github.com;molisani@users.noreply.github.com
watchPublic.ts;MODIFY;594;2.0;Grew;False;2021-03-23 20:43:43+00:00;False;126;61;4351;04205ca32c2b6e60a6c38cbf47961319566a8ea4;227;noreply@github.com;shkamat@microsoft.com
watchPublic.ts;MODIFY;761;167.0;Grew;False;2021-03-26 20:23:03+00:00;False;164;71;5351;a545ab1ac2cb24ff3b1aaf0bfbfb62c499742ac2;39;noreply@github.com;shkamat@microsoft.com
watchPublic.ts;MODIFY;777;16.0;Grew;False;2021-07-13 00:23:08+00:00;False;172;74;5524;8e855d140b756b58a9b076611bb0614f5e94b72a;39;noreply@github.com;wewigham@microsoft.com
watchPublic.ts;MODIFY;781;4.0;Grew;False;2021-08-30 19:53:26+00:00;False;173;74;5542;f598076e681c3a659eca375da561d2b9fb61ee33;5;noreply@github.com;wewigham@microsoft.com
watchPublic.ts;MODIFY;781;0.0;Equal;False;2021-09-24 21:25:59+00:00;False;173;74;5552;586b0d5011350d1c373517a83cf7720e2c864962;569;noreply@github.com;wewigham@microsoft.com
watchPublic.ts;MODIFY;784;3.0;Grew;False;2021-10-14 00:04:13+00:00;False;173;74;5585;ac345849e3c12c8fc9c041c6b26e66852cf6ae38;4;noreply@github.com;wewigham@microsoft.com
watchPublic.ts;MODIFY;792;8.0;Grew;False;2022-01-19 02:13:18+00:00;False;175;74;5617;97017ee5f36580c3f91fe825297cc7d5bab5fc6b;12;noreply@github.com;5341706+jakebailey@users.noreply.github.com
watchPublic.ts;MODIFY;792;0.0;Equal;False;2022-02-15 21:53:11+00:00;False;175;74;5637;67172e41c208838da45a01513f1f183072b5efd6;129;noreply@github.com;wwigham@gmail.com
watchPublic.ts;MODIFY;792;0.0;Equal;False;2022-03-11 18:36:00+00:00;False;175;74;5639;d1fa945261a30616c5e3557d1a9fc18f3482af30;144;noreply@github.com;wewigham@microsoft.com
watchPublic.ts;MODIFY;794;2.0;Grew;False;2022-04-21 18:00:34+00:00;False;175;74;5651;7a59e45f48bd2295bfc8f5756661180de312ad67;183;noreply@github.com;shkamat@microsoft.com
watchPublic.ts;MODIFY;795;1.0;Grew;False;2022-05-25 19:30:40+00:00;False;175;74;5657;0ad5f82d6243db80d42bc0abb7a191dd380e980e;5;noreply@github.com;shkamat@microsoft.com
watchPublic.ts;MODIFY;804;9.0;Grew;False;2022-06-08 16:48:34+00:00;False;176;74;5717;b8f648832379005fc8c3c9b34cc5e4acd01653e4;320;noreply@github.com;shkamat@microsoft.com
watchPublic.ts;MODIFY;787;-17.0;Decreased;False;2022-06-08 17:22:29+00:00;False;170;72;5568;5cedf3e680b3cddf6ba5bc25dc7dc4cdd88d4749;85;noreply@github.com;shkamat@microsoft.com
watchPublic.ts;MODIFY;786;-1.0;Decreased;False;2022-06-30 16:49:27+00:00;False;170;72;5555;c251d600953d4a7ed141644e72258222fc5a9838;191;noreply@github.com;shkamat@microsoft.com
watchPublic.ts;MODIFY;784;-2.0;Decreased;False;2022-07-05 22:02:14+00:00;False;168;72;5540;2876f3ae85b460f9113d858679c6c32a04f696c7;4;noreply@github.com;amcasey@users.noreply.github.com
watchPublic.ts;MODIFY;786;2.0;Grew;False;2022-08-01 19:41:37+00:00;False;169;73;5557;394f51aeed80788dca72c6f6a90d1d27886b6972;59;noreply@github.com;shkamat@microsoft.com
watchPublic.ts;MODIFY;784;-2.0;Decreased;False;2022-08-10 23:44:35+00:00;False;169;73;5549;90cfbaee37e3795ef9a658d7012b9cd57b01e6b1;17;noreply@github.com;shkamat@microsoft.com
watchPublic.ts;MODIFY;793;9.0;Grew;False;2022-08-10 23:56:54+00:00;False;170;74;5608;924c68ca956091d5d35661f64ab054d879c15f91;1;noreply@github.com;shkamat@microsoft.com
watchPublic.ts;MODIFY;797;4.0;Grew;False;2022-09-22 23:51:53+00:00;False;170;74;5635;a455955aac85ecc5b2182fe50b83670188955feb;9;noreply@github.com;shkamat@microsoft.com
watchPublic.ts;MODIFY;797;0.0;Equal;False;2022-09-23 01:33:09+00:00;False;170;74;5635;9740bcc53418e8792a4dbb978059ff5a02b55c91;13;noreply@github.com;DanielRosenwasser@users.noreply.github.com
watchPublic.ts;MODIFY;797;0.0;Equal;False;2022-10-05 18:54:59+00:00;False;170;74;5635;c18791ccf165672df3b55f5bdd4a8655f33be26c;3;noreply@github.com;shkamat@microsoft.com
watchPublic.ts;MODIFY;797;0.0;Equal;False;2022-11-07 18:53:22+00:00;False;170;74;5633;eac566b8c34bbbf7f980b63b90384685e2ec14d7;336;noreply@github.com;shkamat@microsoft.com
watchPublic.ts;MODIFY;797;0.0;Equal;False;2022-11-07 19:51:04+00:00;False;170;74;5641;7b0df1ff9922efe250c809ecb69446e12e3423c8;14;noreply@github.com;shkamat@microsoft.com
watchPublic.ts;MODIFY;797;0.0;Equal;False;2022-11-07 21:28:13+00:00;False;170;74;5641;94724a8c2e68a4c7e267072ca79971f317c45e4a;431;5341706+jakebailey@users.noreply.github.com;5341706+jakebailey@users.noreply.github.com
watchPublic.ts;MODIFY;797;0.0;Equal;False;2022-11-07 21:29:05+00:00;False;170;74;6193;9a0b85ce2a3f85f498ab2c05474b4c0b96b111c9;411;5341706+jakebailey@users.noreply.github.com;5341706+jakebailey@users.noreply.github.com
watchPublic.ts;MODIFY;796;-1.0;Decreased;False;2022-11-07 21:32:03+00:00;False;172;76;6196;b6c053882696af8ddd94a600429f30584d303d7f;588;5341706+jakebailey@users.noreply.github.com;5341706+jakebailey@users.noreply.github.com
watchPublic.ts;MODIFY;818;22.0;Grew;False;2022-11-07 21:33:07+00:00;False;172;76;5830;07758c08ab72481885e662c98d67a0e3a071b032;240;5341706+jakebailey@users.noreply.github.com;5341706+jakebailey@users.noreply.github.com
watchPublic.ts;MODIFY;818;0.0;Equal;False;2022-11-07 21:34:44+00:00;False;172;76;5830;d12116d8daf5879fdba99c81f5d8a3c24e8a72c6;93;5341706+jakebailey@users.noreply.github.com;5341706+jakebailey@users.noreply.github.com
watchPublic.ts;MODIFY;819;1.0;Grew;False;2022-11-07 23:15:11+00:00;False;172;76;5840;48aebcdcdb604a2313377e6eca3968cd023d0018;13;noreply@github.com;shkamat@microsoft.com
watchPublic.ts;MODIFY;819;0.0;Equal;False;2022-11-09 23:06:31+00:00;False;172;76;5840;9f64a3a58c2feb46b706a0df7c41fb5c1b8b0289;147;noreply@github.com;5341706+jakebailey@users.noreply.github.com
watchPublic.ts;MODIFY;819;0.0;Equal;False;2022-11-11 00:47:46+00:00;False;172;76;5837;c5aea892304425558e4bbc8be87f415e7876b586;18;noreply@github.com;shkamat@microsoft.com
watchPublic.ts;MODIFY;888;69.0;Grew;False;2022-11-17 21:42:18+00:00;False;172;76;5837;2d2a4343b83bddb81e5c96aa404e1ea4925c8130;378;noreply@github.com;5341706+jakebailey@users.noreply.github.com
watchPublic.ts;MODIFY;888;0.0;Equal;False;2022-11-17 23:35:28+00:00;False;172;76;5837;00dc0b6674eef3fbb3abb86f9d71705b11134446;318;noreply@github.com;5341706+jakebailey@users.noreply.github.com
watchPublic.ts;MODIFY;892;4.0;Grew;False;2022-11-29 20:20:41+00:00;False;166;76;5879;c2519bb301e815c4e37bc68e6ed720639bf768f7;19;noreply@github.com;shkamat@microsoft.com
watchPublic.ts;MODIFY;892;0.0;Equal;False;2022-11-30 18:30:32+00:00;False;166;76;5881;16edc29bc95de40eb6ea8f33b25149d31d3dbe62;5;noreply@github.com;shkamat@microsoft.com
watchPublic.ts;MODIFY;914;22.0;Grew;True;2022-12-05 19:56:33+00:00;True;162;72;5977;9e845d224859950fb263dec43f8fa1f7334e52da;73;noreply@github.com;shkamat@microsoft.com
watchPublic.ts;MODIFY;912;-2.0;Decreased;False;2022-12-07 00:55:08+00:00;True;162;72;5965;e0293b587710b494ed77b7c35bb572926d649d4d;22;noreply@github.com;shkamat@microsoft.com
watchPublic.ts;MODIFY;911;-1.0;Decreased;False;2023-01-06 22:40:56+00:00;False;162;72;5967;f1ff0de94326b554f46a71941ca453fb2559a752;45;noreply@github.com;5341706+jakebailey@users.noreply.github.com
watchPublic.ts;MODIFY;925;14.0;Grew;True;2023-01-18 01:20:51+00:00;True;162;72;6074;22b362ceac224a1e89482f280df7f3b73193c862;60;noreply@github.com;5341706+jakebailey@users.noreply.github.com
watchPublic.ts;MODIFY;925;0.0;Equal;True;2023-01-21 01:20:26+00:00;False;160;70;6056;ff92ab0ac92b66397bd3b92ff5a3aca3c1ad8f43;219;noreply@github.com;RyanCavanaugh@users.noreply.github.com
watchPublic.ts;MODIFY;925;0.0;Equal;True;2023-03-15 22:58:26+00:00;False;160;70;6056;a727ca1571f11b7f064b7db8f68ce103e7427dce;10;noreply@github.com;5341706+jakebailey@users.noreply.github.com
watchPublic.ts;MODIFY;925;0.0;Equal;True;2023-03-20 17:50:40+00:00;False;160;70;6051;913f65c28da5d4b79180d1a65d1f596f56ae012a;14;noreply@github.com;5341706+jakebailey@users.noreply.github.com
watchPublic.ts;MODIFY;924;-1.0;Decreased;True;2023-03-23 19:40:09+00:00;False;161;70;6046;c66f8de7c818398e41b8acb93a2e9c00a676b0a4;4;noreply@github.com;shkamat@microsoft.com
watchPublic.ts;MODIFY;924;0.0;Equal;True;2023-03-30 16:48:34+00:00;False;161;70;6050;0ee51b96dcc28c1c4c1475daaac3a8075645f59f;594;noreply@github.com;shkamat@microsoft.com
watchPublic.ts;MODIFY;925;1.0;Grew;True;2023-04-18 17:21:17+00:00;False;161;70;6052;b846033000eea93efaf9a22335952073b4f9dae7;15;noreply@github.com;shkamat@microsoft.com
watchPublic.ts;MODIFY;940;15.0;Grew;True;2023-04-20 20:50:22+00:00;False;161;70;6152;ddd5084659c423f4003d2176e12d879b6a5bcf30;49;noreply@github.com;shkamat@microsoft.com
watchPublic.ts;MODIFY;941;1.0;Grew;True;2023-06-06 18:11:14+00:00;False;161;70;6174;3c4c060dff2b0292d3a4d88ba0627b7657d67e7f;32;noreply@github.com;shkamat@microsoft.com
watchPublic.ts;MODIFY;940;-1.0;Decreased;True;2023-07-24 20:53:12+00:00;False;161;70;6172;d63af29eaf09128a0d08e77f03f8f18c5496b266;3;noreply@github.com;5341706+jakebailey@users.noreply.github.com
watchPublic.ts;MODIFY;958;18.0;Grew;True;2023-08-16 21:26:38+00:00;False;161;70;6188;5e8c261b6ab746213f19ee3501eb8c48a6215dd7;560;noreply@github.com;5341706+jakebailey@users.noreply.github.com
watchPublic.ts;MODIFY;961;3.0;Grew;True;2023-09-13 22:58:20+00:00;False;163;72;6232;c0b39c696738c53931ee07b08f97e7825e112dc8;15;noreply@github.com;5341706+jakebailey@users.noreply.github.com
watchPublic.ts;MODIFY;960;-1.0;Decreased;True;2023-09-21 22:31:09+00:00;False;161;70;6194;a3c5d5d37e54610d2e86ec44b1692522a3ed6931;46;noreply@github.com;5341706+jakebailey@users.noreply.github.com
watchPublic.ts;MODIFY;965;5.0;Grew;True;2023-09-22 17:53:19+00:00;False;162;71;6215;dcb0fa7f4423d31f9301f3cc334613e0d7b1365a;23;noreply@github.com;shkamat@microsoft.com
watchPublic.ts;MODIFY;965;0.0;Equal;True;2023-10-09 23:05:11+00:00;False;162;71;6215;3516ca96e552ba82c4c7d9215adba4afc53eeedc;9;noreply@github.com;shkamat@microsoft.com
watchPublic.ts;MODIFY;965;0.0;Equal;True;2023-11-28 06:21:29+00:00;False;159;71;6149;b6121e400cf8636760aa8a7da6b7fac14e2e70c7;106;noreply@github.com;shkamat@microsoft.com
watchPublic.ts;MODIFY;963;-2.0;Decreased;True;2024-01-29 19:31:51+00:00;False;159;71;6139;3c9aea3ed17653d87ad6ab1ac567ee4e20447415;18;noreply@github.com;abrahamjguo@gmail.com
watchPublic.ts;MODIFY;963;0.0;Equal;True;2024-03-18 19:14:18+00:00;False;159;71;6139;ac2e122e4974a74f7de4ca89173353906ae75466;440;noreply@github.com;shkamat@microsoft.com
watchPublic.ts;MODIFY;964;1.0;Grew;True;2024-05-06 23:30:17+00:00;False;159;71;6144;fd81d040801c0300abb375134c24f090d9cbdf38;49;noreply@github.com;shkamat@microsoft.com
watchPublic.ts;MODIFY;964;0.0;Equal;True;2024-05-07 00:07:54+00:00;False;159;71;6144;16beff101ae1dae0600820ebf22632ac8a40cfc8;582;noreply@github.com;5341706+jakebailey@users.noreply.github.com
watchPublic.ts;MODIFY;965;1.0;Grew;True;2024-06-06 22:08:11+00:00;False;159;71;6147;d8086f14b6b97c0df34a0cc2f56d4b5926a0c299;691;noreply@github.com;shkamat@microsoft.com
watchPublic.ts;MODIFY;960;-5.0;Decreased;True;2024-06-13 20:04:51+00:00;False;159;71;6117;e30b5fbafe78a8196904597a3f4c60cfa97c80c7;13;noreply@github.com;5341706+jakebailey@users.noreply.github.com
watchPublic.ts;MODIFY;962;2.0;Grew;True;2024-06-27 18:32:33+00:00;False;159;71;6129;f7833b2a72309dd695b45cf2cf2187e2f2f264df;86;noreply@github.com;shkamat@microsoft.com
watchPublic.ts;MODIFY;971;9.0;Grew;True;2024-09-05 20:30:08+00:00;False;167;72;6216;d514dab3f665a5fc25afafc60ca56b034e8e5513;9;noreply@github.com;shkamat@microsoft.com
watchPublic.ts;MODIFY;971;0.0;Equal;True;2024-09-16 01:10:52+00:00;False;167;72;6222;52eaa7b02fdeaa8969f88c7f5c0b252f5f0bd147;136;noreply@github.com;isabelduan@microsoft.com
watchPublic.ts;MODIFY;979;8.0;Grew;True;2024-09-18 17:35:22+00:00;False;167;72;6223;02b07a1788c8ec5b47e51b11955e72ee6d175f4b;1079;noreply@github.com;shkamat@microsoft.com
