file_name;change_type;n_loc;lines_balance;size_change;is_large;date;swapped_classification;complexity;methods;tokens;hash;files_on_commit;committer_email;author_email
with-config-with-redirection.js;ADD;1005;0.0;Equal;True;2023-04-20 20:50:22+00:00;True;not calculated;0;3845;ddd5084659c423f4003d2176e12d879b6a5bcf30;49;noreply@github.com;shkamat@microsoft.com
with-config-with-redirection.js;MODIFY;1005;0.0;Equal;True;2023-05-18 20:01:11+00:00;False;not calculated;0;3845;d210074c8844e21662e40e7db27c45d796be31c4;984;noreply@github.com;shkamat@microsoft.com
with-config-with-redirection.js;MODIFY;1014;9.0;Grew;True;2023-06-01 17:03:40+00:00;False;not calculated;0;3845;23d48364e44c65efe7cf042cb1d980360e3ae759;220;noreply@github.com;andrewbranch@users.noreply.github.com
with-config-with-redirection.js;MODIFY;1079;65.0;Grew;True;2023-10-25 05:14:31+00:00;False;not calculated;0;3845;781cc19b3242e44e750b6bcfef62267cf3ddecca;1709;noreply@github.com;shkamat@microsoft.com
with-config-with-redirection.js;MODIFY;1299;220.0;Grew;True;2023-11-09 19:48:48+00:00;False;not calculated;0;3909;efecc85dcae682d76a3884149b3e1eb97a31774f;1350;noreply@github.com;shkamat@microsoft.com
with-config-with-redirection.js;MODIFY;1774;475.0;Grew;True;2024-02-01 22:01:43+00:00;False;not calculated;0;4309;ee46953bc94b1d95137a8a247f56b9d00ff2704a;1074;noreply@github.com;shkamat@microsoft.com
with-config-with-redirection.js;MODIFY;1791;17.0;Grew;True;2024-02-07 21:47:40+00:00;False;not calculated;0;4315;1ca93fe78fc12ff2294c2b11b37ee820af6c598c;679;noreply@github.com;shkamat@microsoft.com
with-config-with-redirection.js;MODIFY;2799;1008.0;Grew;True;2024-03-18 19:14:18+00:00;False;not calculated;0;5432;ac2e122e4974a74f7de4ca89173353906ae75466;440;noreply@github.com;shkamat@microsoft.com
with-config-with-redirection.js;MODIFY;2796;-3.0;Decreased;True;2024-03-20 22:06:02+00:00;False;not calculated;0;5426;7d504551ae670cd9a2358c9b6add40f92cb5b5f0;377;noreply@github.com;5341706+jakebailey@users.noreply.github.com
with-config-with-redirection.js;MODIFY;2796;0.0;Equal;True;2024-03-25 21:11:44+00:00;False;not calculated;0;5426;a1c473222289e4daa7a90ec2300b9a8ac2ad5bd7;355;noreply@github.com;shkamat@microsoft.com
with-config-with-redirection.js;MODIFY;1880;-916.0;Decreased;True;2024-04-12 17:43:09+00:00;False;not calculated;0;4389;4e294963c8b88e27b5a2501f021d84fe8da6ee3a;244;noreply@github.com;shkamat@microsoft.com
with-config-with-redirection.js;MODIFY;2378;498.0;Grew;True;2024-04-12 19:47:09+00:00;False;not calculated;0;8387;585a9af830ab76110e35fbb8dc7e68b973691414;1444;noreply@github.com;andrewbranch@users.noreply.github.com
with-config-with-redirection.js;MODIFY;2376;-2.0;Decreased;True;2024-04-19 18:26:31+00:00;False;not calculated;0;8387;c0ac582284e9068ea954527eca042c9357d28a4a;1191;noreply@github.com;shkamat@microsoft.com
with-config-with-redirection.js;MODIFY;2374;-2.0;Decreased;True;2024-05-07 22:58:26+00:00;False;not calculated;0;8387;b9c71c3fc39f7cbafa82f8aa6f1d3b8a86e27ede;157;noreply@github.com;shkamat@microsoft.com
with-config-with-redirection.js;MODIFY;2377;3.0;Grew;True;2024-05-10 21:50:43+00:00;False;not calculated;0;8387;fadc83b939266ac2613e038aedb0410b043c9173;76;noreply@github.com;shkamat@microsoft.com
with-config-with-redirection.js;MODIFY;3710;1333.0;Grew;True;2024-05-21 22:25:19+00:00;False;not calculated;0;6682;9370347f5b6bc72902c8d71ac80d20738849dabd;415;noreply@github.com;shkamat@microsoft.com
with-config-with-redirection.js;MODIFY;3611;-99.0;Decreased;True;2024-05-24 16:38:24+00:00;False;not calculated;0;6238;87918f52dfed5c1e9e7816f4c9dc3474294065a4;608;noreply@github.com;shkamat@microsoft.com
with-config-with-redirection.js;MODIFY;3595;-16.0;Decreased;True;2024-06-06 22:08:11+00:00;False;not calculated;0;6174;d8086f14b6b97c0df34a0cc2f56d4b5926a0c299;691;noreply@github.com;shkamat@microsoft.com
with-config-with-redirection.js;MODIFY;1213;-2382.0;Decreased;True;2024-06-12 20:46:19+00:00;False;not calculated;0;2368;dca9182ca8f059ecd3840b386f6c5c70a0c2b54a;172;noreply@github.com;shkamat@microsoft.com
with-config-with-redirection.js;MODIFY;1879;666.0;Grew;True;2024-06-12 23:48:25+00:00;False;not calculated;0;4389;97f3f0c8dd77858ddd938dcd132b082036f44055;1468;noreply@github.com;andrewbranch@users.noreply.github.com
with-config-with-redirection.js;MODIFY;2690;811.0;Grew;True;2024-06-18 22:17:29+00:00;False;not calculated;0;4918;4239025fa3b8254b826c98997a9844cdd61e99ab;13;noreply@github.com;shkamat@microsoft.com
with-config-with-redirection.js;MODIFY;2691;1.0;Grew;True;2024-06-19 21:31:51+00:00;False;not calculated;0;4918;aa249c094b9b96c86025e964469ed4c803190cca;13;noreply@github.com;5341706+jakebailey@users.noreply.github.com
with-config-with-redirection.js;MODIFY;2690;-1.0;Decreased;True;2024-06-20 20:18:39+00:00;False;not calculated;0;4918;beb375a9cac75ba29abb707e6736e2d645ddb2f0;14;noreply@github.com;shkamat@microsoft.com
with-config-with-redirection.js;MODIFY;1886;-804.0;Decreased;True;2024-06-25 02:02:19+00:00;False;not calculated;0;4389;d403e0850f33521c684bbecd4a24522a4dc66b33;1309;noreply@github.com;shkamat@microsoft.com
with-config-with-redirection.js;MODIFY;2238;352.0;Grew;True;2024-07-31 20:40:27+00:00;False;not calculated;0;6678;5e9b07001e647f4b9976bafb47669664bfa5b005;270;noreply@github.com;andrewbranch@users.noreply.github.com
with-config-with-redirection.js;MODIFY;2241;3.0;Grew;True;2024-08-21 00:12:28+00:00;False;not calculated;0;6678;7f597beb2ea8fc101c5ae1bf0a7d02aa809a685a;1217;noreply@github.com;andrewbranch@users.noreply.github.com
with-config-with-redirection.js;MODIFY;2300;59.0;Grew;True;2024-09-04 21:22:10+00:00;False;not calculated;0;7754;7976d9cef5be76372e610c28806fca351ab5d70f;2663;noreply@github.com;shkamat@microsoft.com
with-config-with-redirection.js;MODIFY;2300;0.0;Equal;True;2024-09-18 17:35:22+00:00;False;not calculated;0;7754;02b07a1788c8ec5b47e51b11955e72ee6d175f4b;1079;noreply@github.com;shkamat@microsoft.com
