|File Name|Change Type|Local File PATH Old|Local File PATH New|Complexity|Methods|Tokens|Lines Of Code (nloc)|Lines Added|Lines Deleted
0|ipw2200.h|MODIFY|drivers/net/wireless/ipw2200.h|drivers/net/wireless/ipw2200.h|7|3|2989|785|0|1
