|File Name|Change Type|Local File PATH Old|Local File PATH New|Complexity|Methods|Tokens|Lines Of Code (nloc)|Lines Added|Lines Deleted
0|omapdss.h|MODIFY|include/video/omapdss.h|include/video/omapdss.h|1|1|2371|407|9|0
