file_name;change_type;n_loc;lines_balance;size_change;is_large;date;swapped_classification;complexity;methods;tokens;hash;files_on_commit;committer_email;author_email
hlo_ops.cc;RENAME;5319;0.0;Equal;True;2023-09-06 19:12:29+00:00;True;not calculated;0;not calculated;132c98b29c1a42298cd13055d1168c8d67177bc9;7297;gardener@tensorflow.org;jakeharmon@google.com
hlo_ops.cc;MODIFY;5319;0.0;Equal;True;2023-09-12 19:22:39+00:00;False;1234;331;45318;591698c24249d51d0d6a74d4ee9d9e272a2f7314;8;gardener@tensorflow.org;gunhyun@google.com
hlo_ops.cc;MODIFY;5336;17.0;Grew;True;2023-10-02 19:04:46+00:00;False;1240;331;45476;aa3894147f6f3a8c304f658fd35179cefc8187a1;3;gardener@tensorflow.org;gardener@tensorflow.org
hlo_ops.cc;MODIFY;5343;7.0;Grew;True;2023-10-02 21:53:00+00:00;False;1240;331;45568;79ac64f6a7bca73ecbdee6507439f3234cb1a6c2;6;gardener@tensorflow.org;sdasgup@google.com
hlo_ops.cc;MODIFY;5343;0.0;Equal;True;2023-11-14 22:54:21+00:00;False;1241;331;45576;5e48d6e144f1b5523d3c84452974dc5cfec7d8bf;4;gardener@tensorflow.org;gleasonk@google.com
hlo_ops.cc;MODIFY;5309;-34.0;Decreased;True;2023-11-22 09:24:19+00:00;False;1230;329;45246;83195dede34904bf9fbac12110b00d9c998460eb;16;gardener@tensorflow.org;dasenov@google.com
hlo_ops.cc;MODIFY;5320;11.0;Grew;True;2023-12-05 00:36:14+00:00;False;1232;331;45313;1c2e66aca8e6968716c85ee4a3f99933e216262d;11;gardener@tensorflow.org;gunhyun@google.com
hlo_ops.cc;MODIFY;5365;45.0;Grew;True;2023-12-11 20:41:19+00:00;False;1245;332;45731;91045a311241365a935ad659d66f2221c83098be;18;gardener@tensorflow.org;gleasonk@google.com
hlo_ops.cc;MODIFY;5381;16.0;Grew;True;2023-12-20 14:59:17+00:00;False;1253;334;45889;8ed0190b73a0e3738244c53c9ca8c6c74ac5ba68;13;gardener@tensorflow.org;dmitrig@google.com
hlo_ops.cc;MODIFY;5363;-18.0;Decreased;True;2023-12-21 19:13:50+00:00;False;1250;335;45768;77d02b6dbdb200ffa0ba530ae3b81170fb86c347;7;gardener@tensorflow.org;vsytch@google.com
hlo_ops.cc;MODIFY;5373;10.0;Grew;True;2024-01-04 21:12:54+00:00;False;1252;335;45854;bfeb5569a09880bc0f828a4a44e3384a5fabb94f;8;gardener@tensorflow.org;gleasonk@google.com
hlo_ops.cc;MODIFY;5620;247.0;Grew;True;2024-01-11 17:41:54+00:00;False;1319;342;47780;8f344dd738bcd9dbf1804bcdbc41fe6ee61fe04c;18;gardener@tensorflow.org;mlevesquedion@google.com
hlo_ops.cc;MODIFY;5631;11.0;Grew;True;2024-01-17 16:10:53+00:00;False;1323;342;47859;9dd4c7beca7feab5c60a338e46e1c5550f29e0ef;10;gardener@tensorflow.org;pivovaa@amazon.com
hlo_ops.cc;MODIFY;5631;0.0;Equal;True;2024-01-18 23:50:13+00:00;False;1323;342;47859;5f4e54d963e22aff5ec55219a229e17bc8886c21;3045;gardener@tensorflow.org;ddunleavy@google.com
hlo_ops.cc;MODIFY;5474;-157.0;Decreased;True;2024-01-19 22:08:39+00:00;False;1281;336;46726;2d830241f7b45f466d2e87a99d85e20097045db9;14;gardener@tensorflow.org;sdasgup@google.com
hlo_ops.cc;MODIFY;5476;2.0;Grew;True;2024-02-02 16:08:57+00:00;False;1281;336;46740;9173283144b316084e724fb557a8d02920e13710;51;gardener@tensorflow.org;majnemer@google.com
hlo_ops.cc;MODIFY;5491;15.0;Grew;True;2024-02-14 18:54:42+00:00;False;1287;336;46915;3e4d0222877e4811f8134afc50e3426b26dcd5fc;7;gardener@tensorflow.org;sdasgup@google.com
hlo_ops.cc;MODIFY;5493;2.0;Grew;True;2024-02-20 17:09:25+00:00;False;1288;336;46941;4ea45389d6bf6f24ab62b1f89bd8dbf4b177b010;2;gardener@tensorflow.org;gardener@tensorflow.org
hlo_ops.cc;MODIFY;5240;-253.0;Decreased;True;2024-02-21 18:28:39+00:00;False;1198;334;44620;658fa2fdebcc4ec4103455b7e851eed6bc4fcafb;8;gardener@tensorflow.org;gleasonk@google.com
hlo_ops.cc;MODIFY;5235;-5.0;Decreased;True;2024-02-26 18:28:45+00:00;False;1197;334;44597;8f0be5edea3f8d65100340c6bc5c2419df051747;28;gardener@tensorflow.org;mlevesquedion@google.com
hlo_ops.cc;MODIFY;5240;5.0;Grew;True;2024-03-12 00:38:18+00:00;False;1198;335;44640;0933918984a2668ac6da59f882c0c0e3c293adb0;12;gardener@tensorflow.org;gleasonk@google.com
hlo_ops.cc;MODIFY;5281;41.0;Grew;True;2024-03-15 11:13:24+00:00;False;1211;336;45033;c793b8e06091278e1782e3d5d4981d807b7f1ec5;18;gardener@tensorflow.org;sergeykozub@google.com
hlo_ops.cc;MODIFY;5282;1.0;Grew;True;2024-04-06 15:32:52+00:00;False;1207;336;45042;8729c0a127d2baaba5598f56a0190e40d39a51d3;80;gardener@tensorflow.org;csigg@google.com
hlo_ops.cc;MODIFY;5256;-26.0;Decreased;True;2024-04-16 12:04:37+00:00;False;1196;336;44841;fc84fe9d1645115c459e26227ef9827c6c6ff688;3;gardener@tensorflow.org;gardener@tensorflow.org
hlo_ops.cc;MODIFY;5259;3.0;Grew;True;2024-04-19 17:50:20+00:00;False;1197;336;44867;b364bdecf0a4c3dbe437dfab0c384100101bdb2a;5;gardener@tensorflow.org;mlevesquedion@google.com
hlo_ops.cc;MODIFY;5259;0.0;Equal;True;2024-04-25 16:01:03+00:00;False;1197;336;44865;70a5f10165b7cf3b78e36ec81e7cab9e40158438;522;gardener@tensorflow.org;csigg@google.com
hlo_ops.cc;MODIFY;5257;-2.0;Decreased;True;2024-04-26 13:17:56+00:00;False;1197;336;44858;cb9d7278145d3edc73e067648db55268deee629f;18;gardener@tensorflow.org;gardener@tensorflow.org
hlo_ops.cc;MODIFY;5249;-8.0;Decreased;True;2024-05-03 23:28:45+00:00;False;1197;336;44618;9a5b9f2dcba4c1c6380c7ce1d74f9fa8f4999d2e;15;gardener@tensorflow.org;mlevesquedion@google.com
hlo_ops.cc;MODIFY;5261;12.0;Grew;True;2024-05-07 07:40:25+00:00;False;1200;337;44699;df8335d5887669049df612c3d518f95ea0c69976;57;gardener@tensorflow.org;mlevesquedion@google.com
hlo_ops.cc;MODIFY;5263;2.0;Grew;True;2024-05-09 02:25:13+00:00;False;1202;338;44721;8372a54ac6af924ef7aeb5bd9ce1109f14508c3c;10;gardener@tensorflow.org;ezhulenev@google.com
hlo_ops.cc;MODIFY;5289;26.0;Grew;True;2024-05-30 08:25:26+00:00;False;1202;338;44948;bc42c0c120d1cd7b8decedd8a9e9e9676293ac93;26;gardener@tensorflow.org;mlevesquedion@google.com
hlo_ops.cc;MODIFY;5289;0.0;Equal;True;2024-06-06 13:10:36+00:00;False;1202;338;44948;5bfce6b0a7ab331f98712ed01e0986f1a4ebe995;1;gardener@tensorflow.org;1004815462@qq.com
hlo_ops.cc;MODIFY;5292;3.0;Grew;True;2024-06-14 04:14:20+00:00;False;1203;339;44974;46ee5495612a40810487bc501f1221a2814e90fc;8;gardener@tensorflow.org;gleasonk@google.com
hlo_ops.cc;MODIFY;5288;-4.0;Decreased;True;2024-06-20 21:40:31+00:00;False;1202;338;44949;79ead0e9141aa888fcc2a847b0b26bad8474f715;11;gardener@tensorflow.org;gleasonk@google.com
hlo_ops.cc;MODIFY;5301;13.0;Grew;True;2024-06-24 21:37:25+00:00;False;1202;338;45025;8583ef6dd875447a008ec6110a1baba6dc6fe616;1;gardener@tensorflow.org;pivovaa@amazon.com
hlo_ops.cc;MODIFY;5303;2.0;Grew;True;2024-06-28 21:55:55+00:00;False;1202;338;45029;60f53a2a3ab173e7f8d21bc1322d89070c86fe04;1;gardener@tensorflow.org;pivovaa@amazon.com
hlo_ops.cc;MODIFY;5300;-3.0;Decreased;True;2024-07-02 20:52:27+00:00;False;1201;337;45033;0a692b2d8a0befb6a827abb6a3e7831249983176;10;gardener@tensorflow.org;gunhyun@google.com
hlo_ops.cc;MODIFY;5298;-2.0;Decreased;True;2024-07-19 11:22:42+00:00;False;1201;337;45015;42fbcf15fc9777c230d19c8e1f43cd2095a4fb34;1;gardener@tensorflow.org;jreiffers@google.com
hlo_ops.cc;MODIFY;5325;27.0;Grew;True;2024-08-15 23:37:01+00:00;False;1205;338;45240;bfe2272b527719be5b09ce4e2682ba4ad58fb356;22;gardener@tensorflow.org;gleasonk@google.com
hlo_ops.cc;MODIFY;5326;1.0;Grew;True;2024-08-16 04:48:28+00:00;False;1205;338;45252;e13ac818d3b88c4135b1010473c7cefc8b08a8ff;1;gardener@tensorflow.org;gardener@tensorflow.org
hlo_ops.cc;MODIFY;5335;9.0;Grew;True;2024-09-17 22:30:06+00:00;False;1207;338;45306;bc4b65acb4a6e6448a906b390c76df325ff069f6;2;gardener@tensorflow.org;tomnatan@google.com
hlo_ops.cc;MODIFY;5334;-1.0;Decreased;True;2024-10-01 13:05:09+00:00;False;1207;338;45304;e960f13b7e55133b51ffc91ebcafe06a17260fa6;129;gardener@tensorflow.org;gardener@tensorflow.org
hlo_ops.cc;MODIFY;5332;-2.0;Decreased;True;2024-11-05 22:33:17+00:00;False;1206;338;45283;836efba624df3e609bfdfd9eeed4e8c79db598a1;2;gardener@tensorflow.org;kramm@google.com
hlo_ops.cc;MODIFY;5505;173.0;Grew;True;2024-12-05 19:32:35+00:00;False;1240;343;46488;5a9b7afaab683ff2ad5c9f6692596f85c0e0a5a9;14;gardener@tensorflow.org;pravnar@google.com
hlo_ops.cc;MODIFY;5496;-9.0;Decreased;True;2024-12-09 16:16:09+00:00;False;1239;342;46437;34b2be75108317017dadd2fc19c1147d33c1443e;8;gardener@tensorflow.org;gardener@tensorflow.org
