file_name;change_type;n_loc;lines_balance;size_change;is_large;date;swapped_classification;complexity;methods;tokens;hash;files_on_commit;committer_email;author_email
input_lib_test.py;RENAME;not calculated;0.0;Equal;False;2019-04-03 01:22:24+00:00;False;not calculated;0;not calculated;f6c6a420461795560ac4fe454036b6dace4e4c9f;35;gardener@tensorflow.org;shiningsun@google.com
input_lib_test.py;MODIFY;232.0;0.0;Equal;False;2019-04-05 00:03:51+00:00;False;38;17;2077;aba740379b338f5ed90f1662cddba63d4a80f926;7;gardener@tensorflow.org;frankchn@google.com
input_lib_test.py;MODIFY;355.0;123.0;Grew;False;2019-04-14 02:07:42+00:00;False;69;19;3036;50eee22d86337b999dca809a63ab8114010c2728;24;gardener@tensorflow.org;anjalisridhar@google.com
input_lib_test.py;MODIFY;344.0;-11.0;Decreased;False;2019-04-14 18:25:04+00:00;False;67;18;2945;ff206a3fde961e40f71796a9d49087bafad7320a;3;gardener@tensorflow.org;anjalisridhar@google.com
input_lib_test.py;MODIFY;369.0;25.0;Grew;False;2019-04-30 23:09:54+00:00;False;70;19;3155;7ea3ea31fc3063bdf2a62bffd8a414798a834dff;14;gardener@tensorflow.org;frankchn@google.com
input_lib_test.py;MODIFY;643.0;274.0;Grew;False;2019-05-14 21:31:20+00:00;False;82;22;4335;8d6cb50eb3e8ce13a8821590cd44a9eb450650e8;14;gardener@tensorflow.org;yuefengz@google.com
input_lib_test.py;MODIFY;646.0;3.0;Grew;False;2019-05-23 01:35:05+00:00;False;82;22;4410;63635b764162894fc580edd2c7cc46f4bd094cc7;5;gardener@tensorflow.org;rxsang@google.com
input_lib_test.py;MODIFY;677.0;31.0;Grew;False;2019-06-13 21:23:48+00:00;False;84;23;4558;81e9b488ae2f63c4dbc8fefe172f363eed04d95b;20;gardener@tensorflow.org;jsimsa@google.com
input_lib_test.py;MODIFY;696.0;19.0;Grew;False;2019-06-21 07:29:24+00:00;False;87;24;4702;a46f32944e017f4635f6e8534ba383f84f8797f7;4;gardener@tensorflow.org;anjalisridhar@google.com
input_lib_test.py;MODIFY;696.0;0.0;Equal;False;2019-06-27 08:05:33+00:00;False;87;24;4702;8a43d6512f2859035305c1b34b521e8156e1e721;2;gardener@tensorflow.org;anjalisridhar@google.com
input_lib_test.py;MODIFY;702.0;6.0;Grew;False;2019-06-28 19:49:13+00:00;False;88;24;4756;750b4f365bbc4862d24c139b29e5ed7ce2583857;3;gardener@tensorflow.org;rxsang@google.com
input_lib_test.py;MODIFY;701.0;-1.0;Decreased;False;2019-07-18 22:15:55+00:00;False;88;24;4754;a5becd2c0b3e7e3c3db0667231acd48ea5552f65;5;gardener@tensorflow.org;yuefengz@google.com
input_lib_test.py;MODIFY;721.0;20.0;Grew;False;2019-08-05 07:37:16+00:00;False;91;26;4901;f7c778bcb5fc65eeb2f129360191bf5760a887a4;3;gardener@tensorflow.org;anjalisridhar@google.com
input_lib_test.py;MODIFY;814.0;93.0;Grew;False;2019-10-03 00:04:12+00:00;False;107;33;5744;144e0ebb1c9ede81886e215904a4e4598cd8b0b0;4;gardener@tensorflow.org;phillypham@google.com
input_lib_test.py;MODIFY;814.0;0.0;Equal;False;2019-10-08 16:07:51+00:00;False;107;33;5751;98c5748f52edb97b8e4d4e4133ca91b35fc5331f;1;gardener@tensorflow.org;phillypham@google.com
input_lib_test.py;MODIFY;815.0;1.0;Grew;False;2019-10-21 23:03:57+00:00;False;107;33;5773;5f7e80591625672305e355c9c7cfbec146b1b34d;11;gardener@tensorflow.org;frankchn@google.com
input_lib_test.py;MODIFY;1014.0;199.0;Grew;False;2019-11-20 03:10:01+00:00;False;127;40;7093;064a4a0dabe0689fc3d3e90ee4ad39c7161e49ac;5;gardener@tensorflow.org;anjalisridhar@google.com
input_lib_test.py;MODIFY;815.0;-199.0;Decreased;False;2019-11-21 00:28:38+00:00;False;107;33;5773;f03f0703bc522c09dc4e0b9a9fa5921ad913b15b;5;gardener@tensorflow.org;rxsang@google.com
input_lib_test.py;MODIFY;810.0;-5.0;Decreased;False;2019-12-02 11:26:13+00:00;False;105;33;5711;c80cfd95e069c6868f7e3507443c4a5d1ec185ed;21;gardener@tensorflow.org;cjfj@google.com
input_lib_test.py;MODIFY;815.0;5.0;Grew;False;2019-12-02 11:42:45+00:00;False;107;33;5773;4cd9b16bdc5bf3ec906dce0cff04437b1c72d017;21;gardener@tensorflow.org;gardener@tensorflow.org
input_lib_test.py;MODIFY;833.0;18.0;Grew;False;2019-12-04 05:16:11+00:00;False;110;34;5904;a9458063f4505e86b64ca235e3d7556697609791;2;gardener@tensorflow.org;gardener@tensorflow.org
input_lib_test.py;MODIFY;826.0;-7.0;Decreased;False;2019-12-17 15:23:43+00:00;False;107;34;5816;d02266ff21959e08b875cfb92477e0e865140aaa;21;gardener@tensorflow.org;cjfj@google.com
input_lib_test.py;MODIFY;826.0;0.0;Equal;False;2019-12-18 16:03:28+00:00;False;107;34;5816;67e95524a903563fffb6173156f1a82a49473958;2;gardener@tensorflow.org;cjfj@google.com
input_lib_test.py;MODIFY;826.0;0.0;Equal;False;2019-12-19 04:32:12+00:00;False;107;34;5816;66c48046f169f3565d12e5fea263f6d731f9bfd2;117;gardener@tensorflow.org;bca@google.com
input_lib_test.py;MODIFY;879.0;53.0;Grew;False;2019-12-22 20:25:00+00:00;False;115;39;6163;e1136256a791b02f793ff3f3e1f9ee7da4606807;2;gardener@tensorflow.org;anjalisridhar@google.com
input_lib_test.py;MODIFY;1098.0;219.0;Grew;False;2020-01-05 19:55:53+00:00;False;136;46;7633;4fa8a873ac895cd246c73bca42b74fcdfc29a77c;4;gardener@tensorflow.org;anjalisridhar@google.com
input_lib_test.py;MODIFY;879.0;-219.0;Decreased;False;2020-01-10 06:40:39+00:00;False;115;39;6163;b7a6d319bb7435ad5ea073b09cd60deddc47c14b;4;gardener@tensorflow.org;anjalisridhar@google.com
input_lib_test.py;MODIFY;877.0;-2.0;Decreased;False;2020-01-15 21:20:27+00:00;False;115;39;6146;019a2531c8ad553fb6044b93d8dec1fb81b71a0d;12;gardener@tensorflow.org;anjalisridhar@google.com
input_lib_test.py;MODIFY;878.0;1.0;Grew;False;2020-02-05 23:11:09+00:00;False;115;39;6152;30f55570aa0647f9e774d15c5c496d80cf65bdf3;1;gardener@tensorflow.org;crccw@google.com
input_lib_test.py;MODIFY;929.0;51.0;Grew;False;2020-02-18 21:43:41+00:00;False;124;41;6489;8f3272028b674ad08c80ae1e0f31d7ce56f8295e;2;gardener@tensorflow.org;bfontain@google.com
input_lib_test.py;MODIFY;929.0;0.0;Equal;False;2020-03-12 17:26:26+00:00;False;124;41;6489;0b8f0a5b84852bd0ac536c3c58c32793be13ba2a;56;gardener@tensorflow.org;kfranko@google.com
input_lib_test.py;MODIFY;946.0;17.0;Grew;False;2020-04-21 04:21:22+00:00;False;127;42;6607;9959d70ca0386898c75cda67a14013e081eec2e6;1;gardener@tensorflow.org;jsimsa@google.com
input_lib_test.py;MODIFY;949.0;3.0;Grew;False;2020-04-22 20:19:20+00:00;False;128;42;6626;af7c4963542177a6d83175c294f97592f2d6ad34;2;gardener@tensorflow.org;anjalisridhar@google.com
input_lib_test.py;MODIFY;980.0;31.0;Grew;False;2020-04-23 16:08:56+00:00;False;136;43;6822;ca9d421dddf4af324cdc6e19c0d66a6a3993029b;23;gardener@tensorflow.org;jsimsa@google.com
input_lib_test.py;MODIFY;958.0;-22.0;Decreased;False;2020-04-24 00:24:14+00:00;False;133;38;6609;2bb80c4147ffc9d6e8c5db5294f8b6f903930121;5;gardener@tensorflow.org;anjalisridhar@google.com
input_lib_test.py;MODIFY;980.0;22.0;Grew;False;2020-04-24 03:44:47+00:00;False;136;43;6822;a2ffc4c67a4d765bf33eaacbd22ece9a27a0462b;5;gardener@tensorflow.org;gardener@tensorflow.org
input_lib_test.py;MODIFY;958.0;-22.0;Decreased;False;2020-04-25 17:23:09+00:00;False;133;38;6609;dac6d6ae7c381fb93438d8553b2596bfd4828c49;6;gardener@tensorflow.org;anjalisridhar@google.com
input_lib_test.py;MODIFY;957.0;-1.0;Decreased;False;2020-04-30 23:11:57+00:00;False;133;38;6603;382f8de993d8e57fce9343bc3de0ad6e914cf629;1;gardener@tensorflow.org;wxinyi@google.com
input_lib_test.py;MODIFY;961.0;4.0;Grew;False;2020-05-01 01:10:48+00:00;False;134;38;6635;c74afd7451043be1393a451baeaf1a36866d4956;3;gardener@tensorflow.org;edloper@google.com
input_lib_test.py;MODIFY;992.0;31.0;Grew;False;2020-06-02 07:08:43+00:00;False;138;40;6837;bc49458b14127fedeb1e1fdf73cf86a1406eb8d8;2;gardener@tensorflow.org;rxsang@google.com
input_lib_test.py;MODIFY;998.0;6.0;Grew;False;2020-06-12 19:04:39+00:00;False;138;40;6837;0f3562ba77d62abef6c55c7c7649f836398dbc6e;22;gardener@tensorflow.org;anjalisridhar@google.com
input_lib_test.py;MODIFY;1028.0;30.0;Grew;False;2020-06-19 05:18:33+00:00;False;146;42;7031;158d4be42d7aea11a395d2f79483ac93289e1bb8;5;gardener@tensorflow.org;wxinyi@google.com
input_lib_test.py;MODIFY;1027.0;-1.0;Decreased;False;2020-06-23 00:27:34+00:00;False;146;42;7024;d2b35a7955ae20829ad395999089f889cbbcc598;5;gardener@tensorflow.org;wxinyi@google.com
input_lib_test.py;MODIFY;1028.0;1.0;Grew;False;2020-06-23 18:15:43+00:00;False;146;42;7031;2d06143ddbcb6ca5c666156223f6a3963f1ecbd9;5;gardener@tensorflow.org;hinsu@google.com
input_lib_test.py;MODIFY;1027.0;-1.0;Decreased;False;2020-07-15 06:41:58+00:00;False;146;42;7024;fb1c37b0db7862c305bb04f69b7ee945a919b58d;5;gardener@tensorflow.org;wxinyi@google.com
input_lib_test.py;MODIFY;1092.0;65.0;Grew;False;2020-07-29 12:48:48+00:00;False;160;48;7510;f49af531eff85c9f636ae99aab1c2dd2aec36a16;1;gardener@tensorflow.org;mdan@google.com
input_lib_test.py;MODIFY;1168.0;76.0;Grew;False;2020-08-25 23:47:37+00:00;False;159;56;7936;c03478dfa61f6d300410747d21cd21b58be3d20d;8;gardener@tensorflow.org;rachelim@google.com
input_lib_test.py;MODIFY;1162.0;-6.0;Decreased;False;2020-08-27 07:12:37+00:00;False;159;56;7894;bf0b6db744beeb0001b613de4b21a161b4e76285;5;gardener@tensorflow.org;crccw@google.com
input_lib_test.py;MODIFY;1086.0;-76.0;Decreased;False;2020-08-28 18:03:42+00:00;False;160;48;7468;db5d58af9b68b3116ca47a27f6240b53815a6a50;8;gardener@tensorflow.org;rachelim@google.com
input_lib_test.py;MODIFY;1053.0;-33.0;Decreased;False;2020-09-19 01:29:21+00:00;False;152;50;6952;a633411128e190b6b740387e159942739ff6039b;1;gardener@tensorflow.org;yuefengz@google.com
input_lib_test.py;MODIFY;1051.0;-2.0;Decreased;False;2020-09-24 01:15:32+00:00;False;152;50;6952;406ca6ad78421100e252762844e6fc0bf37a1906;36;gardener@tensorflow.org;chenkai@google.com
input_lib_test.py;MODIFY;1101.0;50.0;Grew;False;2020-09-30 17:50:04+00:00;False;157;54;7329;83e4697ed4e4da016528575a451bf303eefbb714;4;kahmadian@nvidia.com;kahmadian@nvidia.com
input_lib_test.py;MODIFY;1051.0;-50.0;Decreased;False;2020-09-30 17:50:05+00:00;False;152;50;6952;385e315f9535fc1a2506477567386091019a7324;3;kahmadian@nvidia.com;kahmadian@nvidia.com
input_lib_test.py;MODIFY;1084.0;33.0;Grew;False;2020-09-30 18:40:19+00:00;False;156;53;7213;6ff64653b59e8ae6691e06b0c441343287bba7a0;1;kahmadian@nvidia.com;kahmadian@nvidia.com
input_lib_test.py;MODIFY;1090.0;6.0;Grew;False;2020-09-30 18:52:21+00:00;False;157;54;7233;0edc2f70e2ecba161ca092874a732343bcfaa1ab;1;kahmadian@nvidia.com;kahmadian@nvidia.com
input_lib_test.py;MODIFY;1091.0;1.0;Grew;False;2020-09-30 18:52:22+00:00;False;157;54;7233;8911c89eede18881270dda5fb429777ff954f00a;1;kahmadian@nvidia.com;kahmadian@nvidia.com
input_lib_test.py;MODIFY;1147.0;56.0;Grew;False;2020-09-30 19:18:30+00:00;False;159;57;7582;a7f8535480bb204939954ad31bf23b190920e1e6;8;gardener@tensorflow.org;rachelim@google.com
input_lib_test.py;MODIFY;1148.0;1.0;Grew;False;2020-10-06 23:30:51+00:00;False;159;57;7590;4ba6a1dc9953ac7f977e6bfb74085f48e13155a9;21;gardener@tensorflow.org;crccw@google.com
input_lib_test.py;MODIFY;1135.0;-13.0;Decreased;False;2020-10-15 22:29:02+00:00;False;161;57;7489;848e85aad0d8a328510a739dff1520f7cfd92893;2;kahmadian@nvidia.com;kahmadian@nvidia.com
input_lib_test.py;MODIFY;1194.0;59.0;Grew;False;2020-10-16 21:04:10+00:00;False;167;61;7920;7eb9ba4ef9059410940776e6d881c032488e781e;2;kahmadian@nvidia.com;kahmadian@nvidia.com
input_lib_test.py;MODIFY;1195.0;1.0;Grew;False;2020-10-16 21:39:36+00:00;False;166;61;7933;6b7d4554f501d8f60a64dce1a78ccafa8409705a;2;kahmadian@nvidia.com;kahmadian@nvidia.com
input_lib_test.py;MODIFY;1148.0;-47.0;Decreased;False;2020-10-19 05:25:39+00:00;False;159;57;7593;7ba60d5a29db3347533486cd74fa1f9ee91ca5a3;5;gardener@tensorflow.org;crccw@google.com
input_lib_test.py;MODIFY;1318.0;170.0;Grew;False;2020-10-19 17:52:55+00:00;False;173;68;8572;fcd8113d1ba1b09254322361169a65e8932a541b;5;gardener@tensorflow.org;crccw@google.com
input_lib_test.py;MODIFY;1320.0;2.0;Grew;False;2020-10-21 00:35:26+00:00;False;174;68;8598;de149a19b35bb101ce81013a322dfb658ceddbab;2;gardener@tensorflow.org;rxsang@google.com
input_lib_test.py;MODIFY;1320.0;0.0;Equal;False;2020-10-21 05:48:17+00:00;False;174;68;8601;9f51b98f0b2718bb66f780fecfb0ff5bff0954cb;6;gardener@tensorflow.org;crccw@google.com
input_lib_test.py;MODIFY;1320.0;0.0;Equal;False;2020-10-22 03:14:58+00:00;False;174;68;8603;95a74d1a988e63b6ebd9e5e5d15bcab0450b9456;2;gardener@tensorflow.org;priyag@google.com
input_lib_test.py;MODIFY;1318.0;-2.0;Decreased;False;2020-10-22 06:35:25+00:00;False;173;68;8577;8f47dd0bf17e7871ac800a90e10b4649abd6e78e;2;gardener@tensorflow.org;rxsang@google.com
input_lib_test.py;MODIFY;1320.0;2.0;Grew;False;2020-10-26 22:09:36+00:00;False;174;68;8603;61b3c9887fe6901a0ab9a2bbf6185db1ede57b73;2;gardener@tensorflow.org;rxsang@google.com
input_lib_test.py;MODIFY;1320.0;0.0;Equal;False;2020-10-29 13:21:24+00:00;False;174;68;8603;8910f7db3653e09386fb9cf0d0d8f7c9fcf0bc8c;54;mr.molkree@gmail.com;mr.molkree@gmail.com
input_lib_test.py;MODIFY;1344.0;24.0;Grew;False;2020-11-04 01:25:01+00:00;False;178;71;8794;6def0d47465d0e8f9270a11473be34ace2b914d1;1;gardener@tensorflow.org;wxinyi@google.com
input_lib_test.py;MODIFY;1342.0;-2.0;Decreased;False;2020-11-12 01:48:40+00:00;False;177;71;8768;5a0ed634afbdc95a9524b5344e8a7b6c6621c3b7;2;gardener@tensorflow.org;rxsang@google.com
input_lib_test.py;MODIFY;1393.0;51.0;Grew;False;2021-01-05 22:19:35+00:00;False;183;73;9115;866d081cb44091ecf43054c43df2c40f5ac8c008;1;gardener@tensorflow.org;aaudibert@google.com
input_lib_test.py;MODIFY;1394.0;1.0;Grew;False;2021-01-14 22:27:13+00:00;False;184;73;9128;94f9284bfb5a72665671452f24c0962a29d03465;1;gardener@tensorflow.org;aaudibert@google.com
input_lib_test.py;MODIFY;1396.0;2.0;Grew;False;2021-01-30 06:11:49+00:00;False;185;73;9154;cf3d55222dd58027761cf1a1a628aa5a848b50ad;2;gardener@tensorflow.org;rxsang@google.com
input_lib_test.py;MODIFY;1394.0;-2.0;Decreased;False;2021-01-30 07:11:37+00:00;False;184;73;9128;055896a2751f7fe6517f403e409dd4294481c15f;2;gardener@tensorflow.org;gardener@tensorflow.org
input_lib_test.py;MODIFY;1422.0;28.0;Grew;False;2021-02-20 03:30:45+00:00;False;186;75;9334;1d65151693cfe2262d03fb4284547da6e55efe87;9;gardener@tensorflow.org;rxsang@google.com
input_lib_test.py;MODIFY;1422.0;0.0;Equal;False;2021-02-27 02:28:01+00:00;False;186;75;9334;59af81992d55bec4ccb32bff555fd9935ab6443f;19;gardener@tensorflow.org;rxsang@google.com
input_lib_test.py;MODIFY;1422.0;0.0;Equal;False;2021-03-03 02:16:38+00:00;False;186;75;9334;7481f1aee43a7bed4247a71d5fb2cf97fcff7072;4;gardener@tensorflow.org;ishark@google.com
input_lib_test.py;MODIFY;1443.0;21.0;Grew;False;2021-03-20 07:06:35+00:00;False;186;75;9384;74e39c8fa60079862597c9db506cd15b2443a5a2;24;gardener@tensorflow.org;wxinyi@google.com
input_lib_test.py;MODIFY;1440.0;-3.0;Decreased;False;2021-04-22 17:23:08+00:00;False;184;75;9354;14c7cc627923690af8cb98af5a159b5ef62d2b6f;10;lukas.geiger94@gmail.com;lukas.geiger94@gmail.com
input_lib_test.py;MODIFY;1473.0;33.0;Grew;False;2021-04-27 00:35:10+00:00;False;192;78;9673;11ff7f80667e6490d7b5174aa6bf5e01886e770f;2;gardener@tensorflow.org;ishark@google.com
input_lib_test.py;MODIFY;1443.0;-30.0;Decreased;False;2021-04-27 02:47:18+00:00;False;186;75;9384;6418bcda918018451d9fb8831914e664ff18c6a9;2;gardener@tensorflow.org;gardener@tensorflow.org
input_lib_test.py;MODIFY;1447.0;4.0;Grew;False;2021-05-03 19:58:28+00:00;False;190;78;9643;9d4aa82b20f9a9d1d6bc4464fb2be9aadd83bb74;2;gardener@tensorflow.org;ishark@google.com
input_lib_test.py;MODIFY;1448.0;1.0;Grew;False;2021-07-27 20:29:33+00:00;False;190;78;9653;98a2d7d166c6ba19539e6d1fa57c47c4170ee77b;73;gardener@tensorflow.org;jsimsa@google.com
input_lib_test.py;MODIFY;1522.0;74.0;Grew;False;2021-09-10 01:01:56+00:00;False;198;83;10141;9a33b86eaab87af353e8c5a11d193667a4830b24;2;gardener@tensorflow.org;crccw@google.com
input_lib_test.py;MODIFY;1448.0;-74.0;Decreased;False;2021-09-13 01:57:04+00:00;False;190;78;9653;8ebdce505cd76ca3e6df035c50cb159c8d8b8996;2;gardener@tensorflow.org;gardener@tensorflow.org
input_lib_test.py;MODIFY;1522.0;74.0;Grew;False;2021-09-17 07:02:46+00:00;False;198;83;10141;3e8a7c649efeaf99cbd2726d48fe857562d4720f;2;gardener@tensorflow.org;crccw@google.com
input_lib_test.py;MODIFY;1486.0;-36.0;Decreased;False;2021-09-17 07:44:21+00:00;False;195;82;9917;da649a20e8657f51f3b76fdd4aa974b282168f75;2;gardener@tensorflow.org;crccw@google.com
input_lib_test.py;MODIFY;1483.0;-3.0;Decreased;False;2021-09-28 21:37:05+00:00;False;195;82;9905;87462bfac761435a46641ff2f10ad0b6e5414a4b;2399;gardener@tensorflow.org;itaiz@google.com
input_lib_test.py;MODIFY;1485.0;2.0;Grew;False;2021-10-19 06:34:35+00:00;False;195;82;9925;360f9745e742528ec51d247e352207ad93309cad;17;gardener@tensorflow.org;crccw@google.com
input_lib_test.py;MODIFY;1487.0;2.0;Grew;False;2021-12-03 22:46:48+00:00;False;195;82;9939;a11e17cf25f6b499362fb36f3f2e5fdf2b7c5b6a;11;gardener@tensorflow.org;srbs@google.com
input_lib_test.py;MODIFY;1491.0;4.0;Grew;False;2022-01-14 07:08:32+00:00;False;196;82;9963;7b663e7bd2d63138176037a768a31d51ee9356c8;2;gardener@tensorflow.org;wxinyi@google.com
input_lib_test.py;MODIFY;1488.0;-3.0;Decreased;False;2022-01-28 01:39:43+00:00;False;195;82;9945;8cc5b922adf94dbc2ecb4c00912346a067cc65c3;2;gardener@tensorflow.org;wxinyi@google.com
input_lib_test.py;MODIFY;1544.0;56.0;Grew;False;2022-03-08 19:18:32+00:00;False;201;84;10316;c7409ec8d9627d81763d9f6d9ff8f9a7f048196a;3;gardener@tensorflow.org;yangchen@google.com
input_lib_test.py;MODIFY;1593.0;49.0;Grew;False;2022-07-11 19:06:32+00:00;False;208;87;10640;1120180628972ae77f99a0e6f886606b7c06eff2;3;gardener@tensorflow.org;binghu@google.com
input_lib_test.py;MODIFY;1614.0;21.0;Grew;False;2023-01-23 21:21:13+00:00;False;212;89;10762;c9fefdddf90c32fbb0c70c5ffb19a883c64b3448;2;gardener@tensorflow.org;jmullenbach@google.com
input_lib_test.py;MODIFY;1615.0;1.0;Grew;False;2023-03-14 22:17:20+00:00;False;212;89;10767;93407f6e983fbcb2a7cfee73ec2bee399d5eb79d;7;gardener@tensorflow.org;aaudibert@google.com
input_lib_test.py;MODIFY;1664.0;49.0;Grew;True;2023-03-15 13:25:42+00:00;True;217;90;11148;0b3de07b9eb1f2704990f202cc22bebe1beeeecd;9;gardener@tensorflow.org;jmullenbach@google.com
input_lib_test.py;MODIFY;1660.0;-4.0;Decreased;True;2023-03-16 21:25:40+00:00;False;216;89;11121;3c0404ed30a4f23f18353c0bc00d0800c29ef826;7;gardener@tensorflow.org;binghu@google.com
input_lib_test.py;MODIFY;1661.0;1.0;Grew;True;2023-07-10 23:10:19+00:00;False;216;89;11129;bb255ef0e62146bcd1b032a296fd2c4a8ad835a0;15;gardener@tensorflow.org;flang@google.com
