file_name;change_type;n_loc;lines_balance;size_change;is_large;date;swapped_classification;complexity;methods;tokens;hash;files_on_commit;committer_email;author_email
memory_space_assignment_test.cc;RENAME;9865;0.0;Equal;True;2023-09-21 00:04:53+00:00;True;585;236;61516;86766a45c0d3a06342e2e34b5d5332131a6390c7;19;gardener@tensorflow.org;subhankarshah@google.com
memory_space_assignment_test.cc;MODIFY;9865;0.0;Equal;True;2023-09-27 21:41:44+00:00;False;585;236;61521;fc5cdebd8e9b04d22a6075b8902bc3d17918d204;15;gardener@tensorflow.org;subhankarshah@google.com
memory_space_assignment_test.cc;MODIFY;9961;96.0;Grew;True;2023-10-26 01:48:14+00:00;False;590;237;62195;d5346575daeb5d07256c0e58668409e565082d75;12;gardener@tensorflow.org;lefever@google.com
memory_space_assignment_test.cc;MODIFY;9992;31.0;Grew;True;2023-10-30 22:57:48+00:00;False;595;241;62373;d877cce037b3aa2b24d7ca457e4e193e8d94596c;4;gardener@tensorflow.org;lefever@google.com
memory_space_assignment_test.cc;MODIFY;10023;31.0;Grew;True;2023-11-14 18:43:25+00:00;False;598;242;62522;2346078bd1b19f90a71ed13e83cab5747acbe6b6;4;gardener@tensorflow.org;berkin@google.com
memory_space_assignment_test.cc;MODIFY;10042;19.0;Grew;True;2023-11-15 00:16:53+00:00;False;599;243;62584;3559d134bfc2f4cfca8e3f59c57cb40c75714077;2;gardener@tensorflow.org;berkin@google.com
memory_space_assignment_test.cc;MODIFY;10422;380.0;Grew;True;2023-11-15 01:59:34+00:00;False;618;255;64769;f4e2c81b5a32deb6d33a34bcf0d787275c31bc4b;4;gardener@tensorflow.org;lefever@google.com
memory_space_assignment_test.cc;MODIFY;10450;28.0;Grew;True;2023-12-20 23:26:13+00:00;False;619;256;65107;e789af89ddc5a054ccedd3495c8b994639369aff;8;gardener@tensorflow.org;berkin@google.com
memory_space_assignment_test.cc;MODIFY;10449;-1.0;Decreased;True;2024-01-05 00:51:18+00:00;False;619;256;65093;e4a272b4e266abf9baff1905eba9938f4a000614;3;gardener@tensorflow.org;gardener@tensorflow.org
memory_space_assignment_test.cc;MODIFY;10586;137.0;Grew;True;2024-01-09 22:11:38+00:00;False;628;259;65698;313fb62d3aa20133be2274347cd89725fe560bee;10;gardener@tensorflow.org;berkin@google.com
memory_space_assignment_test.cc;MODIFY;10578;-8.0;Decreased;True;2024-01-09 23:54:26+00:00;False;628;259;65662;4a4aa7009c9c8589873460d2bd3c2f3e6f0d23bc;14;gardener@tensorflow.org;lefever@google.com
memory_space_assignment_test.cc;MODIFY;10610;32.0;Grew;True;2024-01-10 06:21:02+00:00;False;630;260;65792;26b34ecb98e6032298bb459093d48d49639c0d2d;5;gardener@tensorflow.org;subhankarshah@google.com
memory_space_assignment_test.cc;MODIFY;10668;58.0;Grew;True;2024-01-10 21:33:39+00:00;False;631;261;65962;a35a5b6378a11d2dc7a78cc52770e6145f8d24d5;2;gardener@tensorflow.org;gardener@tensorflow.org
memory_space_assignment_test.cc;MODIFY;10668;0.0;Equal;True;2024-01-11 01:39:56+00:00;False;631;261;65962;9e30a72599bf69cf57a176a676e3d9c323046b64;21;gardener@tensorflow.org;subhankarshah@google.com
memory_space_assignment_test.cc;MODIFY;10722;54.0;Grew;True;2024-01-12 17:18:40+00:00;False;634;262;66121;c1fba99341286b76842e6a6b80aa49a801953942;3;gardener@tensorflow.org;berkin@google.com
memory_space_assignment_test.cc;MODIFY;10722;0.0;Equal;True;2024-01-12 20:04:25+00:00;False;634;262;66121;e387177bc56bcd0ddcbf98275e6304a201ebb925;45;gardener@tensorflow.org;vsytch@google.com
memory_space_assignment_test.cc;MODIFY;10780;58.0;Grew;True;2024-01-17 19:27:41+00:00;False;635;263;66211;97a2e95eb8708c227d7dbedb1997b1f4f0839fa0;2;gardener@tensorflow.org;gardener@tensorflow.org
memory_space_assignment_test.cc;MODIFY;10780;0.0;Equal;True;2024-01-18 23:50:13+00:00;False;635;263;66211;5f4e54d963e22aff5ec55219a229e17bc8886c21;3045;gardener@tensorflow.org;ddunleavy@google.com
memory_space_assignment_test.cc;MODIFY;10896;116.0;Grew;True;2024-01-24 00:07:45+00:00;False;637;265;67208;53217e4b993c814661568af569be96527a363199;5;gardener@tensorflow.org;subhankarshah@google.com
memory_space_assignment_test.cc;MODIFY;10919;23.0;Grew;True;2024-01-27 01:17:31+00:00;False;637;265;67254;963d8c8ed0241c7bd2af435f6eefa1fe0138a076;24;gardener@tensorflow.org;gardener@tensorflow.org
memory_space_assignment_test.cc;MODIFY;11036;117.0;Grew;True;2024-01-31 03:01:48+00:00;False;644;267;68123;c6801aabee6fd83e2dc903624c75ece2ea88f28a;5;gardener@tensorflow.org;lefever@google.com
memory_space_assignment_test.cc;MODIFY;11057;21.0;Grew;True;2024-02-08 20:20:41+00:00;False;645;268;68120;62d92d577e02e81bc0da07f06341a4ed5b6f1c80;2;gardener@tensorflow.org;berkin@google.com
memory_space_assignment_test.cc;MODIFY;10928;-129.0;Decreased;True;2024-02-12 21:27:02+00:00;False;645;266;67046;4fde67be4a4e4c36d9f5df852f4406abe06f6a71;7;gardener@tensorflow.org;subhankarshah@google.com
memory_space_assignment_test.cc;MODIFY;10900;-28.0;Decreased;True;2024-02-14 07:08:46+00:00;False;645;266;66873;5c2874d274a7d07fe50822e8d3717e9bf94d8224;8;gardener@tensorflow.org;gardener@tensorflow.org
memory_space_assignment_test.cc;MODIFY;10511;-389.0;Decreased;True;2024-02-15 01:08:42+00:00;False;627;253;65211;22c8d72b2ce1c6126b24a28d059ed9d654bca4a4;8;gardener@tensorflow.org;subhankarshah@google.com
memory_space_assignment_test.cc;MODIFY;10705;194.0;Grew;True;2024-02-29 01:26:54+00:00;False;636;255;66021;0cb734d40f85e52af96b9b30bbe2161aa9ee495a;4;gardener@tensorflow.org;berkin@google.com
memory_space_assignment_test.cc;MODIFY;10752;47.0;Grew;True;2024-02-29 23:52:23+00:00;False;637;256;66083;c4c8820ba3bd9b66f56b4806c884673fda293e4e;2;gardener@tensorflow.org;lefever@google.com
memory_space_assignment_test.cc;MODIFY;10794;42.0;Grew;True;2024-03-05 23:16:42+00:00;False;641;258;66292;7bb957a70f111e42dd81f43fa63b03914923d65e;3;gardener@tensorflow.org;lefever@google.com
memory_space_assignment_test.cc;MODIFY;10782;-12.0;Decreased;True;2024-03-07 22:45:49+00:00;False;641;258;66206;b815c25a69cdf35e250136d859b207f5b1377417;5;gardener@tensorflow.org;subhankarshah@google.com
memory_space_assignment_test.cc;MODIFY;9731;-1051.0;Decreased;True;2024-03-13 22:34:32+00:00;False;544;239;60908;175d275f5a928b8cefef580ed24b201473ba07d6;8;gardener@tensorflow.org;subhankarshah@google.com
memory_space_assignment_test.cc;MODIFY;9733;2.0;Grew;True;2024-03-23 14:20:36+00:00;False;544;239;60928;2404d8492f108f37767a63b6846dd0d8e3310113;10;gardener@tensorflow.org;gardener@tensorflow.org
memory_space_assignment_test.cc;MODIFY;9776;43.0;Grew;True;2024-04-01 21:13:54+00:00;False;547;240;61131;a88761e42734464249ebb3061366eafd8ff3a0bc;2;gardener@tensorflow.org;gardener@tensorflow.org
memory_space_assignment_test.cc;MODIFY;9902;126.0;Grew;True;2024-04-10 21:42:52+00:00;False;549;242;62139;95745672c546a292938ec7dd38f5d8e7f126f9be;3;gardener@tensorflow.org;subhankarshah@google.com
memory_space_assignment_test.cc;MODIFY;9738;-164.0;Decreased;True;2024-04-13 00:53:14+00:00;False;538;232;61071;9fcf028a5e1d873b134e21e19f94dd5d305d6c5a;7;gardener@tensorflow.org;subhankarshah@google.com
memory_space_assignment_test.cc;MODIFY;9739;1.0;Grew;True;2024-04-14 23:52:32+00:00;False;538;232;61073;9b6cae6af55d25c8704c23dab16eb9721c49424a;7;gardener@tensorflow.org;subhankarshah@google.com
memory_space_assignment_test.cc;MODIFY;9737;-2.0;Decreased;True;2024-04-17 21:44:55+00:00;False;538;232;61065;b6043156ec144dedda0f3760d0c95ac3f36351bf;8;gardener@tensorflow.org;subhankarshah@google.com
memory_space_assignment_test.cc;MODIFY;9788;51.0;Grew;True;2024-04-23 22:36:37+00:00;False;539;233;61148;2d21ce95e7b3b6b54ecef115bd742dd62fdd23c4;3;gardener@tensorflow.org;berkin@google.com
memory_space_assignment_test.cc;MODIFY;9791;3.0;Grew;True;2024-05-10 21:30:52+00:00;False;539;233;61160;e8a0646884eedae2ed5af463ea2c3c090119ff47;10;gardener@tensorflow.org;lefever@google.com
memory_space_assignment_test.cc;MODIFY;9791;0.0;Equal;True;2024-05-15 18:16:44+00:00;False;539;233;61178;dbed71af7fcf7ddf95c5e42ff9f0137c7948f60e;21;gardener@tensorflow.org;klucke@google.com
memory_space_assignment_test.cc;MODIFY;9791;0.0;Equal;True;2024-05-20 19:43:06+00:00;False;539;233;61196;c67475d9bb225d0472a60f4d4bca25e5013f3b03;17;gardener@tensorflow.org;klucke@google.com
memory_space_assignment_test.cc;MODIFY;9790;-1.0;Decreased;True;2024-05-29 23:44:43+00:00;False;539;233;61194;f77395b4e145d293d0a3347442c0ae38b24e439f;13;gardener@tensorflow.org;klucke@google.com
memory_space_assignment_test.cc;MODIFY;9883;93.0;Grew;True;2024-06-08 00:27:07+00:00;False;545;234;61319;5e92f258fab998f9e1d00f1f6dcad242b6178264;72;rostam@google.com;gardener@tensorflow.org
memory_space_assignment_test.cc;MODIFY;9873;-10.0;Decreased;True;2024-06-12 12:04:46+00:00;False;543;233;61238;dfb6d21e40c080488745f6a62bc169624f1a199d;6;gardener@tensorflow.org;akuegel@google.com
memory_space_assignment_test.cc;MODIFY;9873;0.0;Equal;True;2024-06-17 05:42:29+00:00;False;543;233;61238;bb3e720a8e98ce7dfbe3080ef8af268c73b5914f;21;gardener@tensorflow.org;klucke@google.com
memory_space_assignment_test.cc;MODIFY;9882;9.0;Grew;True;2024-07-11 08:09:06+00:00;False;543;233;61256;6e7eddf9b98266a105a6a52e3dd7ab79613f0730;17;gardener@tensorflow.org;gardener@tensorflow.org
memory_space_assignment_test.cc;MODIFY;9969;87.0;Grew;True;2024-07-16 21:14:12+00:00;False;546;236;61551;f0520e2757b5b5d2ddfd25fb333f6d9899448113;4;gardener@tensorflow.org;mehrdadk@google.com
memory_space_assignment_test.cc;MODIFY;9905;-64.0;Decreased;True;2024-07-18 01:31:37+00:00;False;523;233;61246;401a274a42f20897a363d6f56510e6e30aa95be7;4;gardener@tensorflow.org;mehrdadk@google.com
memory_space_assignment_test.cc;MODIFY;9931;26.0;Grew;True;2024-07-24 15:16:16+00:00;False;524;234;61317;389e3eaf6581bfb9df783759652472dafb7bff06;3;gardener@tensorflow.org;berkin@google.com
memory_space_assignment_test.cc;MODIFY;9933;2.0;Grew;True;2024-07-25 20:54:29+00:00;False;524;234;61333;c8bb1775fe5a44c27029d60cfdb8a9b596e89c5a;6;gardener@tensorflow.org;gardener@tensorflow.org
memory_space_assignment_test.cc;MODIFY;9933;0.0;Equal;True;2024-07-30 23:35:00+00:00;False;524;234;61333;bffca862b83c5d224d345a8ed396ae2625566a62;244;gardener@tensorflow.org;ddunleavy@google.com
memory_space_assignment_test.cc;MODIFY;9981;48.0;Grew;True;2024-08-01 22:44:37+00:00;False;527;235;61586;4dbcff89c9caa95d77394fdf0aa9c7b67926d484;7;gardener@tensorflow.org;gardener@tensorflow.org
memory_space_assignment_test.cc;MODIFY;9988;7.0;Grew;True;2024-09-10 22:13:25+00:00;False;528;235;61637;31a9da8d39325fa5b7ab62f70aecff40563d49c4;6;gardener@tensorflow.org;gardener@tensorflow.org
memory_space_assignment_test.cc;MODIFY;9985;-3.0;Decreased;True;2024-10-14 15:34:44+00:00;False;527;234;61616;f43c34ba26df44a25ce3fd73c544c7edd4865b08;21;gardener@tensorflow.org;isergachev@nvidia.com
memory_space_assignment_test.cc;MODIFY;10330;345.0;Grew;True;2024-10-15 23:57:49+00:00;False;535;242;63172;832a0857525778ad11c69763882c060e522ddc08;4;gardener@tensorflow.org;mehrdadk@google.com
memory_space_assignment_test.cc;MODIFY;10330;0.0;Equal;True;2024-10-21 17:32:42+00:00;False;535;242;63172;a5c1a31f1b1e5dc9f6d00de7e16d060a3603eb71;25;gardener@tensorflow.org;sdasgup@google.com
memory_space_assignment_test.cc;MODIFY;10368;38.0;Grew;True;2024-10-22 02:54:16+00:00;False;536;243;63328;e7057bcde4542af346a5bccc4197924a46ecc89e;5;gardener@tensorflow.org;mehrdadk@google.com
memory_space_assignment_test.cc;MODIFY;10424;56.0;Grew;True;2024-10-22 04:29:17+00:00;False;540;244;63600;6343ebeb39d440fc7a9b1d5bf693a817e32bb800;3;gardener@tensorflow.org;gardener@tensorflow.org
memory_space_assignment_test.cc;MODIFY;10424;0.0;Equal;True;2024-10-22 13:53:56+00:00;False;540;244;63600;22f2aadbded63e993f41118d0c92be1d031f60cd;14;gardener@tensorflow.org;sdasgup@google.com
memory_space_assignment_test.cc;MODIFY;10490;66.0;Grew;True;2024-10-25 21:23:07+00:00;False;541;245;63789;b5f953e19ab12e2e0fb0b016e7d770c540d1b80e;3;gardener@tensorflow.org;mehrdadk@google.com
memory_space_assignment_test.cc;MODIFY;10531;41.0;Grew;True;2024-10-30 03:51:00+00:00;False;542;246;63922;ba481eb344dc5aed41ab3d64f5ef56a313d25c2c;2;gardener@tensorflow.org;mehrdadk@google.com
memory_space_assignment_test.cc;MODIFY;10533;2.0;Grew;True;2024-11-15 03:04:31+00:00;False;542;246;63928;83802840b38f377b74060cd8568ab9e055896de5;7;gardener@tensorflow.org;lefever@google.com
memory_space_assignment_test.cc;MODIFY;10532;-1.0;Decreased;True;2024-11-15 22:35:30+00:00;False;542;246;63926;f7f13c934a176b5cdcf1a7da57703bab9a60d10b;5;gardener@tensorflow.org;mehrdadk@google.com
memory_space_assignment_test.cc;MODIFY;10616;84.0;Grew;True;2024-11-15 23:42:00+00:00;False;547;247;64473;75f9be6fc1cdc2f45b2df749a67dec1a77985956;4;gardener@tensorflow.org;mehrdadk@google.com
memory_space_assignment_test.cc;MODIFY;10676;60.0;Grew;True;2024-11-19 23:37:42+00:00;False;549;248;64726;37fa2bbead74a871bc996e6e7f1d5d4172bfdfaa;4;gardener@tensorflow.org;mehrdadk@google.com
memory_space_assignment_test.cc;MODIFY;10720;44.0;Grew;True;2024-11-21 00:09:43+00:00;False;552;249;64946;afd233b925bdef5dfe66ff4e3c94b7389e46eba1;2;gardener@tensorflow.org;mehrdadk@google.com
memory_space_assignment_test.cc;MODIFY;10861;141.0;Grew;True;2024-11-21 01:49:49+00:00;False;559;251;65894;c5b2880cddaf19a4d73ec6ba39279340427925a1;8;gardener@tensorflow.org;subhankarshah@google.com
memory_space_assignment_test.cc;MODIFY;10841;-20.0;Decreased;True;2024-11-21 07:15:58+00:00;False;549;251;65783;96cb33663a1f29cac581520244d3a3abc56edf10;1;gardener@tensorflow.org;subhankarshah@google.com
memory_space_assignment_test.cc;MODIFY;10851;10.0;Grew;True;2024-11-21 07:57:02+00:00;False;554;251;65799;b130342f4c080308d8e164cffedda9d37b09b2e1;4;gardener@tensorflow.org;subhankarshah@google.com
memory_space_assignment_test.cc;MODIFY;10851;0.0;Equal;True;2024-12-13 21:35:52+00:00;False;554;251;65799;845a88503134ca97748e06d5972d63ce5b485dce;3;gardener@tensorflow.org;subhankarshah@google.com
memory_space_assignment_test.cc;MODIFY;10511;-340.0;Decreased;True;2024-12-17 22:51:29+00:00;False;508;231;63430;a85bc4865dd2fc97a5547c8426e3063f4db4ecb1;3;gardener@tensorflow.org;gardener@tensorflow.org
memory_space_assignment_test.cc;MODIFY;10510;-1.0;Decreased;True;2024-12-18 19:07:55+00:00;False;508;231;63428;52a67c8abc17b40747439010fd3445da4e0e2591;33;gardener@tensorflow.org;klucke@google.com
memory_space_assignment_test.cc;MODIFY;10574;64.0;Grew;True;2024-12-19 21:24:28+00:00;False;511;232;63688;6db93bb76f981522bf31c041c8a7866cd7df77e8;2;gardener@tensorflow.org;berkin@google.com
