file_name;change_type;n_loc;lines_balance;size_change;is_large;date;swapped_classification;complexity;methods;tokens;hash;files_on_commit;committer_email;author_email
shape_inference_test.cc;RENAME;3271;0.0;Equal;False;2023-09-06 19:12:29+00:00;False;227;220;28323;132c98b29c1a42298cd13055d1168c8d67177bc9;7297;gardener@tensorflow.org;jakeharmon@google.com
shape_inference_test.cc;MODIFY;3308;37.0;Grew;False;2023-11-24 01:55:23+00:00;False;229;221;28705;837382acc92e8c51316aef6612c9d1501e825e5c;11;gardener@tensorflow.org;gunhyun@google.com
shape_inference_test.cc;MODIFY;3437;129.0;Grew;False;2023-11-28 04:46:09+00:00;False;241;228;29996;3e93ecc2ab5555bb8e71917982cf579ef77346bb;2;gardener@tensorflow.org;ypang@google.com
shape_inference_test.cc;MODIFY;3461;24.0;Grew;False;2023-12-04 02:16:59+00:00;False;243;230;30242;b043b4e7ceb8e43f88e4af0627241fd33291630f;2;gardener@tensorflow.org;ypang@google.com
shape_inference_test.cc;MODIFY;3473;12.0;Grew;False;2023-12-04 02:57:49+00:00;False;244;231;30381;567dad70d8d5db78436f921f75e279fa625a8a1b;4;gardener@tensorflow.org;ypang@google.com
shape_inference_test.cc;MODIFY;3510;37.0;Grew;True;2023-12-12 03:42:50+00:00;True;246;233;30743;ad2ceb2676e9a8787b61fcb8d626eada7744f743;3;gardener@tensorflow.org;gunhyun@google.com
shape_inference_test.cc;MODIFY;3548;38.0;Grew;True;2023-12-13 05:22:04+00:00;False;248;235;31157;452f4d536a022ad6cec5cc2090bf1364f7fb521f;6;gardener@tensorflow.org;gunhyun@google.com
shape_inference_test.cc;MODIFY;3569;21.0;Grew;True;2023-12-16 04:40:14+00:00;False;250;236;31358;c4b940eba2856346a4810988095aa7ed6631dc79;3;gardener@tensorflow.org;gunhyun@google.com
shape_inference_test.cc;MODIFY;3638;69.0;Grew;True;2023-12-17 12:31:24+00:00;False;254;239;31995;acf13b5d9f48df79e3db8f4faa72251dab2b5283;3;gardener@tensorflow.org;gunhyun@google.com
shape_inference_test.cc;MODIFY;3693;55.0;Grew;True;2023-12-17 13:29:27+00:00;False;257;241;32546;71b2baad27dbc5fb7f330587c7902dd56536a8c0;5;gardener@tensorflow.org;gunhyun@google.com
shape_inference_test.cc;MODIFY;3760;67.0;Grew;True;2023-12-19 05:29:54+00:00;False;260;244;33241;75d16cc7e1f36e6e62ecd6a034465e0b470e79a0;3;gardener@tensorflow.org;gunhyun@google.com
shape_inference_test.cc;MODIFY;3779;19.0;Grew;True;2023-12-19 06:51:47+00:00;False;262;246;33397;013a09f9e78907c26ff778b8c05b2951ce70e5da;4;gardener@tensorflow.org;gunhyun@google.com
shape_inference_test.cc;MODIFY;3815;36.0;Grew;True;2023-12-19 20:53:10+00:00;False;263;247;33715;c24ec87cf6ac6c05dc2f3474f2a61fd970e421fa;5;gardener@tensorflow.org;gunhyun@google.com
shape_inference_test.cc;MODIFY;3815;0.0;Equal;True;2023-12-20 00:12:49+00:00;False;263;247;33715;d724447986706cec6384b1fdb8c10f51473507a4;2;gardener@tensorflow.org;gunhyun@google.com
shape_inference_test.cc;MODIFY;3736;-79.0;Decreased;True;2024-01-03 19:09:09+00:00;False;263;247;32460;b84fee515ddb1d2dc346ef290937f71f59bcbbe0;3;gardener@tensorflow.org;gunhyun@google.com
shape_inference_test.cc;MODIFY;3736;0.0;Equal;True;2024-01-03 20:36:21+00:00;False;263;247;32460;6ec73d0576991ce15899498793e4d49a431e51ba;2;gardener@tensorflow.org;gunhyun@google.com
shape_inference_test.cc;MODIFY;3761;25.0;Grew;True;2024-01-03 22:39:05+00:00;False;264;248;32658;59a0c65a4060351e35a81adf267f5f3e2b28da17;2;gardener@tensorflow.org;gunhyun@google.com
shape_inference_test.cc;MODIFY;3780;19.0;Grew;True;2024-01-09 18:04:19+00:00;False;265;249;32803;dc956409dedaa21fa01ea115d9089e0d0311c45a;3;gardener@tensorflow.org;gunhyun@google.com
shape_inference_test.cc;MODIFY;3826;46.0;Grew;True;2024-01-09 22:25:44+00:00;False;270;254;33258;78516ccd1f52a95a51d187174cb71aaf05c375ff;2;gardener@tensorflow.org;gunhyun@google.com
shape_inference_test.cc;MODIFY;3874;48.0;Grew;True;2024-01-10 04:50:02+00:00;False;273;256;33731;d1d4c889030f4e4773fb233729227bcfae06d342;3;gardener@tensorflow.org;gunhyun@google.com
shape_inference_test.cc;MODIFY;3827;-47.0;Decreased;True;2024-01-18 01:53:27+00:00;False;267;250;33202;7ac7c786e978bdd30240c2e887eabda5bc0f50cb;4;gardener@tensorflow.org;gunhyun@google.com
shape_inference_test.cc;MODIFY;3843;16.0;Grew;True;2024-01-18 23:00:37+00:00;False;267;250;33352;7870192048778fb87744db3a91e7d2b1ae976bd1;2;gardener@tensorflow.org;gunhyun@google.com
shape_inference_test.cc;MODIFY;3843;0.0;Equal;True;2024-01-18 23:50:13+00:00;False;267;250;33352;5f4e54d963e22aff5ec55219a229e17bc8886c21;3045;gardener@tensorflow.org;ddunleavy@google.com
shape_inference_test.cc;MODIFY;3896;53.0;Grew;True;2024-01-22 17:22:09+00:00;False;273;256;33772;1d890a8de7df850f2f1260412614dfacd095c2e6;5;gardener@tensorflow.org;gleasonk@google.com
shape_inference_test.cc;MODIFY;3946;50.0;Grew;True;2024-01-22 19:42:53+00:00;False;277;258;33767;f4380e8ddde5c441d9bf7ac719cf9f6540bbb0c1;3;gardener@tensorflow.org;gunhyun@google.com
shape_inference_test.cc;MODIFY;3957;11.0;Grew;True;2024-01-22 21:59:48+00:00;False;278;259;33864;73e5f1a2c8df3645d1dcb3f9aa98decd8ab02ea3;7;gardener@tensorflow.org;gleasonk@google.com
shape_inference_test.cc;MODIFY;3966;9.0;Grew;True;2024-01-23 20:38:32+00:00;False;279;260;33945;163788d092b12aeaf8fffefce7491e1c94477cbb;2;gardener@tensorflow.org;gunhyun@google.com
shape_inference_test.cc;MODIFY;3987;21.0;Grew;True;2024-01-29 23:29:44+00:00;False;280;261;34119;093aac78f31e1eda46a2870f1083faf0366e1b7d;3;gardener@tensorflow.org;gunhyun@google.com
shape_inference_test.cc;MODIFY;3988;1.0;Grew;True;2024-02-02 16:08:57+00:00;False;280;261;34129;9173283144b316084e724fb557a8d02920e13710;51;gardener@tensorflow.org;majnemer@google.com
shape_inference_test.cc;MODIFY;3990;2.0;Grew;True;2024-02-21 02:17:43+00:00;False;280;261;34137;955b32682cebcfbf403ca15701712a785ac37bd4;5;gardener@tensorflow.org;gunhyun@google.com
shape_inference_test.cc;MODIFY;3991;1.0;Grew;True;2024-02-22 09:24:51+00:00;False;280;261;34275;f347b829f0a1e41ff5babd35000fb735ffae7e27;22;gardener@tensorflow.org;gardener@tensorflow.org
shape_inference_test.cc;MODIFY;3985;-6.0;Decreased;True;2024-02-26 08:12:14+00:00;False;280;261;34377;df665d1389925214717a0482d6ca805842e8c95d;1;gardener@tensorflow.org;gunhyun@google.com
shape_inference_test.cc;MODIFY;4085;100.0;Grew;True;2024-02-28 09:42:06+00:00;False;285;266;35117;3f04cfc13dd7a2a6ec4445c5e9d31e82a165d082;18;gardener@tensorflow.org;sergeykozub@google.com
shape_inference_test.cc;MODIFY;4119;34.0;Grew;True;2024-02-28 13:47:03+00:00;False;285;266;35370;9e390070ca00f12dfe7deb5518bc140e7ff1c183;1;gardener@tensorflow.org;gunhyun@google.com
shape_inference_test.cc;MODIFY;4139;20.0;Grew;True;2024-02-28 23:23:48+00:00;False;285;266;35456;822ad86e57470d91a833cb21f6925b0560aa8103;6;gardener@tensorflow.org;gunhyun@google.com
shape_inference_test.cc;MODIFY;4131;-8.0;Decreased;True;2024-03-05 13:48:19+00:00;False;285;266;35459;328b5dcb34d0177b43b4a9e756ff3a80b5dbd87b;2;gardener@tensorflow.org;andrew.goodbody@linaro.org
shape_inference_test.cc;MODIFY;4134;3.0;Grew;True;2024-03-08 06:44:49+00:00;False;285;266;35572;0225fe38c661d6f561a92c440aacf9f6252976f2;3;gardener@tensorflow.org;gunhyun@google.com
shape_inference_test.cc;MODIFY;4134;0.0;Equal;True;2024-03-14 13:00:50+00:00;False;285;266;35574;ae7ba31d16e309034a603183dc0110a347dbeb18;12;gardener@tensorflow.org;sergeykozub@google.com
shape_inference_test.cc;MODIFY;4144;10.0;Grew;True;2024-03-21 20:16:24+00:00;False;286;267;35658;915042c20b2f83ccf340d83fc36cbc27f0332bfd;2;gardener@tensorflow.org;gunhyun@google.com
shape_inference_test.cc;MODIFY;4160;16.0;Grew;True;2024-03-21 21:13:52+00:00;False;288;268;35823;dbd0890c9a2c5e7fc75a00c24f10d637472b6451;2;gardener@tensorflow.org;gunhyun@google.com
shape_inference_test.cc;MODIFY;4179;19.0;Grew;True;2024-03-22 21:42:59+00:00;False;290;269;35992;8c76cb8ff5226fd1d015c3f656576cfa5c05c86b;2;gardener@tensorflow.org;gunhyun@google.com
shape_inference_test.cc;MODIFY;4326;147.0;Grew;True;2024-03-28 01:12:04+00:00;False;290;269;37376;e06195ace845fdf3cd67cae032e22f5e46147855;2;gardener@tensorflow.org;gunhyun@google.com
shape_inference_test.cc;MODIFY;4319;-7.0;Decreased;True;2024-03-29 23:41:49+00:00;False;290;269;37378;30464e6cef4184f40333c60c906f574f72fb85f2;2;gardener@tensorflow.org;gunhyun@google.com
shape_inference_test.cc;MODIFY;4320;1.0;Grew;True;2024-04-06 01:14:48+00:00;False;290;269;37388;623324ee08fe503f4f77b9726f8dfece8b8b2fca;2;gardener@tensorflow.org;gunhyun@google.com
shape_inference_test.cc;MODIFY;4338;18.0;Grew;True;2024-04-06 01:20:15+00:00;False;292;270;37557;b60e28b65de121d98fb63788a9be5f395b8bf88a;2;gardener@tensorflow.org;gunhyun@google.com
shape_inference_test.cc;MODIFY;4356;18.0;Grew;True;2024-04-06 02:08:29+00:00;False;294;271;37726;d4d17586880a75ef6ebde8bac1b5a1241293a5fa;2;gardener@tensorflow.org;gunhyun@google.com
shape_inference_test.cc;MODIFY;4367;11.0;Grew;True;2024-04-06 02:21:39+00:00;False;295;272;37810;b4ca7cc6bdd7ccdbcb511a7e18b93ccc8598a85e;2;gardener@tensorflow.org;gunhyun@google.com
shape_inference_test.cc;MODIFY;4380;13.0;Grew;True;2024-04-06 02:51:33+00:00;False;296;273;37935;912cc2bcff66f0da0cafa4ebc14e54997f646c3d;3;gardener@tensorflow.org;gunhyun@google.com
shape_inference_test.cc;MODIFY;4398;18.0;Grew;True;2024-04-06 02:56:55+00:00;False;298;274;38104;38da63808388549e84bb122f84617726004223a6;2;gardener@tensorflow.org;gunhyun@google.com
shape_inference_test.cc;MODIFY;4439;41.0;Grew;True;2024-04-06 03:16:36+00:00;False;300;275;38421;ba6437bc275f4d9761821db6c65281fef3120f2e;3;gardener@tensorflow.org;gunhyun@google.com
shape_inference_test.cc;MODIFY;4457;18.0;Grew;True;2024-04-06 05:56:49+00:00;False;302;276;38590;db2fe5a620f264bbc8b96067096f374c47d9db3b;2;gardener@tensorflow.org;gunhyun@google.com
shape_inference_test.cc;MODIFY;4475;18.0;Grew;True;2024-04-06 07:14:44+00:00;False;304;277;38759;cba0571f74332d3432d94dd6da7e11f355621c2a;2;gardener@tensorflow.org;gunhyun@google.com
shape_inference_test.cc;MODIFY;4493;18.0;Grew;True;2024-04-08 05:02:55+00:00;False;306;278;38928;b19fcf7ae2b031b498465d4fe9f6a3be8915e54a;2;gardener@tensorflow.org;gunhyun@google.com
shape_inference_test.cc;MODIFY;4525;32.0;Grew;True;2024-04-08 05:26:23+00:00;False;307;279;39169;9497c245de8c398168e28e448ac334cab0d7e03f;2;gardener@tensorflow.org;gunhyun@google.com
shape_inference_test.cc;MODIFY;4539;14.0;Grew;True;2024-04-08 09:48:47+00:00;False;308;280;39283;dd22334d3a336bffcdb897f8b6047710f8f7601d;2;gardener@tensorflow.org;gunhyun@google.com
shape_inference_test.cc;MODIFY;4550;11.0;Grew;True;2024-04-08 10:09:24+00:00;False;309;281;39381;90311afdfa3cf3424afb9c12f71bf1fb712d1d1d;2;gardener@tensorflow.org;gunhyun@google.com
shape_inference_test.cc;MODIFY;4561;11.0;Grew;True;2024-04-08 18:28:48+00:00;False;310;282;39470;0c7ada972b0c1db125b5f73163dd001221923a23;2;gardener@tensorflow.org;gunhyun@google.com
shape_inference_test.cc;MODIFY;4570;9.0;Grew;True;2024-04-08 22:14:46+00:00;False;311;283;39550;24f5fe56405c6126bce7da88da68a46952cd50ca;3;gardener@tensorflow.org;gunhyun@google.com
shape_inference_test.cc;MODIFY;4586;16.0;Grew;True;2024-04-09 02:24:17+00:00;False;312;284;39679;b514b0286a99e38a46dbbce1c4b476153bd448b6;3;gardener@tensorflow.org;gunhyun@google.com
shape_inference_test.cc;MODIFY;4596;10.0;Grew;True;2024-04-09 02:31:18+00:00;False;313;285;39765;6b5998cf974b4b78daf176100bf3db10f86e9c23;2;gardener@tensorflow.org;gunhyun@google.com
shape_inference_test.cc;MODIFY;4606;10.0;Grew;True;2024-04-09 03:31:13+00:00;False;314;286;39852;484e9fc9236a2b7cf983395eee28212b8412f1ad;2;gardener@tensorflow.org;gunhyun@google.com
shape_inference_test.cc;MODIFY;4619;13.0;Grew;True;2024-04-09 03:37:44+00:00;False;315;287;39958;08a430ea0bc9672bc37abb58c9b8b47ab04c3c32;3;gardener@tensorflow.org;gunhyun@google.com
shape_inference_test.cc;MODIFY;4633;14.0;Grew;True;2024-04-10 19:38:17+00:00;False;316;288;40072;1a2c9213a6db7d8f84ab5e1ef4ebc1ab2f699226;3;gardener@tensorflow.org;gunhyun@google.com
shape_inference_test.cc;MODIFY;4644;11.0;Grew;True;2024-04-10 20:02:08+00:00;False;317;289;40159;eb8fdd92ea5f818a5ab2e12128a60a1023f6f2ae;3;gardener@tensorflow.org;gunhyun@google.com
shape_inference_test.cc;MODIFY;4653;9.0;Grew;True;2024-04-10 20:14:18+00:00;False;318;290;40242;12ef3fe415005de5b63f7495d0db6973a4ad7402;2;gardener@tensorflow.org;gunhyun@google.com
shape_inference_test.cc;MODIFY;4663;10.0;Grew;True;2024-04-10 22:13:11+00:00;False;319;291;40325;a41871a3e18e22e2bfb99ee89645e45abd289586;2;gardener@tensorflow.org;gunhyun@google.com
shape_inference_test.cc;MODIFY;4673;10.0;Grew;True;2024-04-10 23:25:07+00:00;False;320;292;40408;cae997865d4ceed9465623191f731c2abe10bb28;3;gardener@tensorflow.org;gunhyun@google.com
shape_inference_test.cc;MODIFY;4686;13.0;Grew;True;2024-04-11 05:59:25+00:00;False;321;293;40519;c6c06512dde84766b1922a2ec31bbfa93df035ed;2;gardener@tensorflow.org;gunhyun@google.com
shape_inference_test.cc;MODIFY;4697;11.0;Grew;True;2024-04-15 17:22:53+00:00;False;322;294;40606;41d9354e4030c5a5b96d4016546d852e504e4afb;3;gardener@tensorflow.org;gunhyun@google.com
shape_inference_test.cc;MODIFY;4721;24.0;Grew;True;2024-05-14 19:55:09+00:00;False;324;296;40764;3d1bd4049fc906071088c1d560b75ea77e898a62;5;gardener@tensorflow.org;gunhyun@google.com
shape_inference_test.cc;MODIFY;4794;73.0;Grew;True;2024-05-21 09:44:12+00:00;False;330;302;41554;688998aabec710e5ae27c63abd7868b83f9c69e1;3;gardener@tensorflow.org;gunhyun@google.com
shape_inference_test.cc;MODIFY;4831;37.0;Grew;True;2024-08-15 14:40:13+00:00;False;332;304;41813;e98de8093eb9432bbaccb603ce6bb56eea1c233f;3;gardener@tensorflow.org;tomnatan@google.com
shape_inference_test.cc;MODIFY;4841;10.0;Grew;True;2024-09-30 17:45:51+00:00;False;333;305;41906;21fc27f2a5ddb8ac35c236f38b49708d2ece605a;8;gardener@tensorflow.org;skozub@nvidia.com
shape_inference_test.cc;MODIFY;4841;0.0;Equal;True;2024-10-03 14:18:21+00:00;False;333;305;41906;206141f7b20d2268f4d6ad43de9fc37d8de6f91c;27;gardener@tensorflow.org;sdasgup@google.com
shape_inference_test.cc;MODIFY;4841;0.0;Equal;True;2024-10-07 15:59:06+00:00;False;333;305;41906;82eb1bf6bd8b6cef7f1a4540c5e051e8256ca798;51;gardener@tensorflow.org;sdasgup@google.com
shape_inference_test.cc;MODIFY;4852;11.0;Grew;True;2024-10-22 11:05:21+00:00;False;334;306;41975;f24b2a384fc0c4aadcb57b5408ef8f9319c150d3;4;gardener@tensorflow.org;isergachev@nvidia.com
shape_inference_test.cc;MODIFY;4862;10.0;Grew;True;2024-10-22 11:51:44+00:00;False;335;307;42047;850a9c465300a04a2bce5c01ca8a1e615b86b0bd;3;gardener@tensorflow.org;isergachev@nvidia.com
shape_inference_test.cc;MODIFY;5143;281.0;Grew;True;2024-11-13 18:38:11+00:00;False;349;321;44377;c8f7d6d03ccb2159b3e2ca5f7a013db46c23e542;29;gardener@tensorflow.org;pravnar@google.com
shape_inference_test.cc;MODIFY;5143;0.0;Equal;True;2024-12-18 19:07:55+00:00;False;349;321;44377;52a67c8abc17b40747439010fd3445da4e0e2591;33;gardener@tensorflow.org;klucke@google.com
