file_name;change_type;n_loc;lines_balance;size_change;is_large;date;swapped_classification;complexity;methods;tokens;hash;files_on_commit;committer_email;author_email
xla_client_test.py;RENAME;2409;0.0;Equal;True;2023-09-06 19:12:29+00:00;True;381;214;25583;132c98b29c1a42298cd13055d1168c8d67177bc9;7297;gardener@tensorflow.org;jakeharmon@google.com
xla_client_test.py;MODIFY;2409;0.0;Equal;True;2023-09-14 18:06:57+00:00;False;382;214;25593;1ec5ed423d64fd1d15fee2fec86d5798f4bf6d05;7;gardener@tensorflow.org;gardener@tensorflow.org
xla_client_test.py;MODIFY;2416;7.0;Grew;True;2023-09-29 16:40:35+00:00;False;382;214;25628;334d12a1a4d2cda5f3b4b3cdca1a9214051e238b;18;gardener@tensorflow.org;phawkins@google.com
xla_client_test.py;MODIFY;2420;4.0;Grew;True;2023-10-03 22:17:47+00:00;False;382;214;25659;9fdacd483cbe1fded22e9e5ababd99170546d94d;1;gardener@tensorflow.org;skyewm@google.com
xla_client_test.py;MODIFY;2403;-17.0;Decreased;True;2023-10-10 16:52:37+00:00;False;380;213;25536;f80d8e3941cc880013e0141168669d04a0429635;7;gardener@tensorflow.org;jieying@google.com
xla_client_test.py;MODIFY;2460;57.0;Grew;True;2023-10-13 22:22:06+00:00;False;385;217;26163;c851db84f3dabd05abc1c498daa6ffb391437b24;12;gardener@tensorflow.org;skyewm@google.com
xla_client_test.py;MODIFY;2461;1.0;Grew;True;2023-11-03 23:04:23+00:00;False;385;217;26163;ec7c77398802616aeebcceb6cf8e9ccdff0c9a7b;18;gardener@tensorflow.org;cantonios@google.com
xla_client_test.py;MODIFY;2484;23.0;Grew;True;2023-11-08 22:54:38+00:00;False;386;218;26265;9e6cff02a0d51efca396b885a3ea1022f04686b1;10;gardener@tensorflow.org;skyewm@google.com
xla_client_test.py;MODIFY;2490;6.0;Grew;True;2023-11-09 00:26:00+00:00;False;395;218;26285;148e11e47ae64ed465135eac1f23d822b4b522e2;1;gardener@tensorflow.org;skyewm@google.com
xla_client_test.py;MODIFY;2504;14.0;Grew;True;2023-11-09 20:37:32+00:00;False;399;220;26371;ce05e8dd1897f4741c82103e457163073a96ff8e;15;gardener@tensorflow.org;jieying@google.com
xla_client_test.py;MODIFY;2672;168.0;Grew;True;2023-11-13 22:26:40+00:00;False;413;225;27137;15055e80dad9b245e283df61a0b49907cc5dc91c;6;gardener@tensorflow.org;skyewm@google.com
xla_client_test.py;MODIFY;2693;21.0;Grew;True;2023-11-16 01:07:25+00:00;False;414;226;27228;77f18668c626bd42a512beab1ee7c2e1cebd6779;5;gardener@tensorflow.org;skyewm@google.com
xla_client_test.py;MODIFY;2693;0.0;Equal;True;2023-11-16 23:53:08+00:00;False;410;226;27220;f7b098a78825c77e028a3c970da466d9ddafcf8d;3;gardener@tensorflow.org;skyewm@google.com
xla_client_test.py;MODIFY;2693;0.0;Equal;True;2024-01-18 23:50:13+00:00;False;410;226;27220;5f4e54d963e22aff5ec55219a229e17bc8886c21;3045;gardener@tensorflow.org;ddunleavy@google.com
xla_client_test.py;MODIFY;2694;1.0;Grew;True;2024-01-25 00:23:34+00:00;False;411;226;27230;402b5fd1e2ac711dc9529eb4974a7d43a436892c;9;gardener@tensorflow.org;gardener@tensorflow.org
xla_client_test.py;MODIFY;2696;2.0;Grew;True;2024-02-14 16:48:46+00:00;False;412;226;27225;71ebc11786245036dcc70f7b31b8f467a578fd19;6;gardener@tensorflow.org;pizzud@google.com
xla_client_test.py;MODIFY;2710;14.0;Grew;True;2024-03-07 19:10:10+00:00;False;416;227;27304;87326f772c36f656d9a80a81e799b66a7ac82945;12;gardener@tensorflow.org;pizzud@google.com
xla_client_test.py;MODIFY;2715;5.0;Grew;True;2024-03-13 13:58:09+00:00;False;419;228;27346;bba63bc0a1ecf7a0cf8bd63a37dba7ce5521121a;4;gardener@tensorflow.org;slebedev@google.com
xla_client_test.py;MODIFY;2726;11.0;Grew;True;2024-03-21 17:59:45+00:00;False;422;229;27439;5e463fc4e74477943258ef660d7bf33d1fb52f72;19;gardener@tensorflow.org;yueshengys@google.com
xla_client_test.py;MODIFY;2750;24.0;Grew;True;2024-04-02 20:08:39+00:00;False;425;231;27630;0849a6b224e85a13f2170b1c71f743e77ed9fce2;16;gardener@tensorflow.org;gardener@tensorflow.org
xla_client_test.py;MODIFY;2751;1.0;Grew;True;2024-04-17 17:16:58+00:00;False;425;231;27639;842c219f8b53f4eb8a292b66c8cf808270d78d82;60;gardener@tensorflow.org;phawkins@google.com
xla_client_test.py;MODIFY;2760;9.0;Grew;True;2024-04-30 11:07:18+00:00;False;425;231;27689;5e45ce1ed07feb16a5be7fdcdb0cd249312eaf64;6;gardener@tensorflow.org;bchetioui@google.com
xla_client_test.py;MODIFY;2860;100.0;Grew;True;2024-05-10 07:50:34+00:00;False;436;236;28314;67c3b537da895d3903c42e0d623c02fc6f39246e;3;gardener@tensorflow.org;adambanas@google.com
xla_client_test.py;MODIFY;2860;0.0;Equal;True;2024-05-14 00:18:18+00:00;False;436;236;28314;6b9a25f438944132acc54ecf2c59af53c10fd6a1;20;gardener@tensorflow.org;phawkins@google.com
xla_client_test.py;MODIFY;2823;-37.0;Decreased;True;2024-05-16 20:45:44+00:00;False;432;235;28054;43085540b1af0926ed392e3dbedb75b7cdf5af81;5;gardener@tensorflow.org;ezhulenev@google.com
xla_client_test.py;MODIFY;2823;0.0;Equal;True;2024-05-24 17:44:20+00:00;False;432;235;28058;f3b19c7dfea2da355277a2c026ef331b1ef06e00;6;gardener@tensorflow.org;ezhulenev@google.com
xla_client_test.py;MODIFY;2823;0.0;Equal;True;2024-07-25 15:23:58+00:00;False;432;235;28058;eb6ec7366ee00e57d9b7c8dee19153f87fd60f42;6;gardener@tensorflow.org;ezhulenev@google.com
xla_client_test.py;MODIFY;2856;33.0;Grew;True;2024-07-31 18:09:57+00:00;False;436;238;28295;264640ddc019695158cb6b82254512ec707f560f;3;gardener@tensorflow.org;justinfu@google.com
xla_client_test.py;MODIFY;2863;7.0;Grew;True;2024-08-09 17:37:17+00:00;False;438;238;28356;04a5f0dd75137f0af3d8bd1c0502526de3ba0756;1;gardener@tensorflow.org;phawkins@google.com
xla_client_test.py;MODIFY;2878;15.0;Grew;True;2024-08-20 19:38:19+00:00;False;438;238;28390;ac2adf5dce84c3f0a524c052664868590ff23e4b;3;gardener@tensorflow.org;tmorris@nvidia.com
xla_client_test.py;MODIFY;2889;11.0;Grew;True;2024-08-29 08:34:39+00:00;False;439;239;28489;decdf4cd02efc08c1264779958af90aef19925cb;1;gardener@tensorflow.org;adambanas@google.com
xla_client_test.py;MODIFY;2885;-4.0;Decreased;True;2024-10-01 23:29:18+00:00;False;439;239;28480;617fbcc134cfe6ffa9ef847a653cb499a8b1b1ef;1;gardener@tensorflow.org;pivovaa@amazon.com
xla_client_test.py;MODIFY;2889;4.0;Grew;True;2024-10-02 15:11:02+00:00;False;443;241;28512;10aa1eb611a3ee9b5d69a0a4b6d02c48c76076a3;3;gardener@tensorflow.org;phawkins@google.com
xla_client_test.py;MODIFY;2889;0.0;Equal;True;2024-10-02 20:15:04+00:00;False;443;241;28512;1ccfa5b8235b7a2b1cf6fe928504c5700931928d;72;gardener@tensorflow.org;pivovaa@amazon.com
xla_client_test.py;MODIFY;2909;20.0;Grew;True;2024-10-04 21:03:16+00:00;False;448;241;28654;be6f391e204603b5ca96d7c43a1c4803e04c960c;3;gardener@tensorflow.org;reedwm@google.com
xla_client_test.py;MODIFY;2990;81.0;Grew;True;2024-10-07 19:15:46+00:00;False;464;245;29196;d3dbeb27e8172537e374e4fb8b8504d0e0ec7db4;3;gardener@tensorflow.org;adambanas@google.com
xla_client_test.py;MODIFY;2996;6.0;Grew;True;2024-10-08 18:37:19+00:00;False;467;248;29250;2af4dfa67c95f793c22a9a9455b6f27509693e80;4;gardener@tensorflow.org;hyeontaek@google.com
xla_client_test.py;MODIFY;3028;32.0;Grew;True;2024-10-09 18:22:52+00:00;False;477;249;29369;24e2bd6e6d3fb41663bf8c10ab856d81cd1e9e27;2;gardener@tensorflow.org;adambanas@google.com
xla_client_test.py;MODIFY;3028;0.0;Equal;True;2024-10-25 22:40:31+00:00;False;477;249;29369;ecf236bfb2a2cb88a82b25c7465a6ca1d4e24be2;2;gardener@tensorflow.org;yangchen@google.com
xla_client_test.py;MODIFY;3032;4.0;Grew;True;2024-11-02 00:17:20+00:00;False;477;249;29382;98b4c019c69934390cb74952f245fa5efe3bbffb;4;gardener@tensorflow.org;tmorris@nvidia.com
xla_client_test.py;MODIFY;3039;7.0;Grew;True;2024-12-09 22:06:29+00:00;False;478;250;29457;c2c1f027c1350ea0011f3270766a69f2bf2b32d5;15;gardener@tensorflow.org;hanrach@google.com
xla_client_test.py;MODIFY;3055;16.0;Grew;True;2024-12-13 16:20:34+00:00;False;481;251;29573;16b6f768e586175787c7688e46e49370fa1cb9e3;7;gardener@tensorflow.org;danfm@google.com
xla_client_test.py;MODIFY;3057;2.0;Grew;True;2024-12-16 23:56:49+00:00;False;482;251;29581;3fe2cd222d17afbf900210f8ed39c15d2b39188d;6;gardener@tensorflow.org;ezhulenev@google.com
xla_client_test.py;MODIFY;3056;-1.0;Decreased;True;2024-12-18 00:51:28+00:00;False;482;251;29568;7346cf54ea373481a91d5731c13ceb7ebe9868aa;9;gardener@tensorflow.org;yashkatariya@google.com
xla_client_test.py;MODIFY;3056;0.0;Equal;True;2024-12-20 20:45:32+00:00;False;482;251;29568;f045cbb638d654fe87fae3774f3805037ebf53e4;84;gardener@tensorflow.org;skozub@nvidia.com
