file_name;change_type;n_loc;lines_balance;size_change;is_large;date;swapped_classification;complexity;methods;tokens;hash;files_on_commit;committer_email;author_email
MimeTypes.php;MODIFY;3054;0.0;Grew;True;2019-01-16 22:56:01+00:00;True;3001;2998;21128;52683891915e89b86e1344d588c75498ac810724;3;fabien@potencier.org;fabien@potencier.org
MimeTypes.php;ADD;1822;-1232.0;Grew;True;2019-01-16 22:56:01+00:00;False;1769;1766;11320;74ca91deaa014a4e776671bfc523bd10077a52eb;41;fabien@potencier.org;fabien@potencier.org
MimeTypes.php;MODIFY;3055;1233.0;Grew;True;2019-01-24 18:14:26+00:00;False;3001;2998;21142;6c7d03431c07ef33b62be5b5141ca151a843e8a1;1;nicolas.grekas@gmail.com;nicolas.grekas@gmail.com
MimeTypes.php;MODIFY;3055;0.0;Grew;True;2019-01-27 10:27:12+00:00;False;3002;2999;21150;37065d45f33f06454a9441aaaf9a12c1b3442077;2;fabien@potencier.org;fabien@potencier.org
MimeTypes.php;MODIFY;3056;1.0;Grew;True;2019-01-29 13:08:21+00:00;False;3002;2999;21164;27463daced60b9a236f7d0ccb7c183b42913a89b;3;christian.flothmann@sensiolabs.de;christian.flothmann@sensiolabs.de
MimeTypes.php;MODIFY;3057;1.0;Grew;True;2019-03-02 14:10:47+00:00;False;3002;2999;21174;ee787d17b4fcba784f80fe832408ce21ec6eda29;100;fabien@potencier.org;fabien@potencier.org
MimeTypes.php;MODIFY;3068;11.0;Grew;True;2019-05-22 13:16:28+00:00;False;3004;3001;21305;67fbae1dbf74b00e9157b75a900744a0da3574f4;2;nicolas.grekas@gmail.com;ifaridjalilov@gmail.com
MimeTypes.php;MODIFY;3068;0.0;Decreased;True;2019-06-29 16:43:50+00:00;False;3004;3001;21305;191cb52902bdcf2843c34c7009505432d000c2a4;233;fabien@potencier.org;fabien@potencier.org
MimeTypes.php;MODIFY;3068;0.0;Equal;True;2019-08-07 10:03:27+00:00;False;3004;3001;21297;e1722c529aff021a2a55049c85c285599afa1ba7;2;fabien@potencier.org;ruben6jacobs@gmail.com
MimeTypes.php;MODIFY;3069;1.0;Grew;True;2019-10-08 12:15:27+00:00;False;3005;3002;21305;015eb6625c47886eacb38b766feeb6e61572f0c0;2;balint.szekeres@feat.agency;balint.szekeres@feat.agency
MimeTypes.php;MODIFY;3071;2.0;Grew;True;2019-11-30 13:04:25+00:00;False;3007;3004;21317;d6ccd4c40f502faf1bf382b1a00d29f56366137b;1;fabien@potencier.org;libert.jeremy@gmail.com
MimeTypes.php;MODIFY;3069;-2.0;Equal;True;2020-05-09 12:22:40+00:00;False;3005;3002;21307;f3005ec653222850922a476497321b4eae57a4c0;2;paul@paulmcneely.com;paul@paulmcneely.com
MimeTypes.php;MODIFY;3069;0.0;Equal;True;2020-06-24 13:38:36+00:00;False;3005;3002;21307;550ab6fd8c1c05d08235f542c38b5f906dc168b8;1;fabien@potencier.org;fabien@potencier.org
MimeTypes.php;MODIFY;3069;0.0;Equal;True;2020-07-14 08:23:12+00:00;False;3005;3002;21307;f6b71cfa972e1aa1b51d5398d0ea8aa15c88b3b4;1;fabien@potencier.org;j.soeurt@gmail.com
MimeTypes.php;MODIFY;3315;246.0;Grew;True;2020-07-15 08:28:42+00:00;False;3251;3248;22877;ebea452f57b5101e32cd1418b1198016151ef226;2;nicolas.grekas@gmail.com;daniel@devtia.com
MimeTypes.php;MODIFY;3315;0.0;Equal;True;2020-10-04 08:36:21+00:00;False;3251;3248;22877;89adb2133b1444b713d0496c17f1e631445bcc39;2;fabien@potencier.org;fabien@potencier.org
MimeTypes.php;MODIFY;3070;-245.0;Grew;True;2020-12-05 08:25:17+00:00;False;3006;3003;21315;41a965cdc433603ebbc9363abee4b3394168d42f;3;me@derrabus.de;me@derrabus.de
MimeTypes.php;MODIFY;3070;0.0;Equal;True;2021-01-24 23:44:26+00:00;False;3006;3003;21315;aa79381fe4e52004650218130e2c52d6951e0139;62;simon_-berger@web.de;simon_-berger@web.de
MimeTypes.php;MODIFY;3415;345.0;Grew;True;2021-05-03 07:46:11+00:00;False;3351;3348;23661;bcf63398b9c8619ea1f09935b49f16010d3b4934;2;nicolas.grekas@gmail.com;nicolas.grekas@gmail.com
MimeTypes.php;MODIFY;3433;18.0;Grew;True;2021-05-07 13:12:11+00:00;False;3369;3366;23771;165434cd15e055e0280ba92074221ce6d4e2b0da;2;nicolas.grekas@gmail.com;markkusmillend@icloud.com
MimeTypes.php;MODIFY;3202;-231.0;Grew;True;2021-09-01 17:00:06+00:00;False;3138;3135;22311;8ce5533214577d1691d9d74e59c32e52d3d1d84f;2;fabien@potencier.org;fabien@potencier.org
MimeTypes.php;MODIFY;3070;-132.0;Decreased;True;2021-09-03 07:35:20+00:00;False;3006;3003;21315;cefe78da75b8d1107119efe6761fe11dcb66836f;2;fabien@potencier.org;fabien@potencier.org
MimeTypes.php;MODIFY;3453;383.0;Grew;True;2021-09-03 15:18:35+00:00;False;3389;3386;23911;bb1199a4d1db83fbdf6c51e4c46e06b51dacb6be;2;fabien@potencier.org;fabien@potencier.org
MimeTypes.php;MODIFY;3453;0.0;Equal;True;2021-10-30 14:19:35+00:00;False;3389;3386;23915;b1396b5e0a7f832828deb7883783da208e0fb85b;26;me@derrabus.de;me@derrabus.de
MimeTypes.php;MODIFY;3453;0.0;Decreased;True;2022-08-25 15:27:04+00:00;False;3389;3386;23915;015d5015e353ee5448bf7c350de0db4a03f8e13a;1090;lyrixx@lyrixx.info;lyrixx@lyrixx.info
MimeTypes.php;MODIFY;3453;0.0;Equal;True;2022-11-02 09:08:04+00:00;False;3389;3386;23912;aa96ed8047fed0711e4de94dc20437983f8d1c44;113;nicolas.grekas@gmail.com;nicolas.grekas@gmail.com
MimeTypes.php;MODIFY;3453;0.0;Equal;True;2023-02-13 13:18:23+00:00;False;3387;3384;23916;508ed8127e7952caac93fd8f56fd9291e1c51829;790;nicolas.grekas@gmail.com;wouter@wouterj.nl
MimeTypes.php;MODIFY;3511;58.0;Grew;True;2023-08-01 14:09:10+00:00;False;3447;3444;24357;5a5d2d293e14dd9dcacdf27e391c7f482fc0b1e3;1;fabien@potencier.org;fabien@potencier.org
MimeTypes.php;MODIFY;3582;71.0;Grew;True;2023-10-16 09:46:38+00:00;False;3516;3513;24872;d321cd8f12e41b56330896442ac0cfee073e9d12;2;nicolas.grekas@gmail.com;smn.andre@gmail.com
MimeTypes.php;MODIFY;3630;48.0;Grew;True;2024-03-17 03:53:59+00:00;False;3564;3561;25268;4ee14e5217a80068d6ccb9d94a61e9e0e9c6165e;1;smn.andre@gmail.com;smn.andre@gmail.com
MimeTypes.php;MODIFY;3716;86.0;Grew;True;2024-11-10 09:50:45+00:00;False;3650;3647;25872;1e8a2e0746b9bbb34f436aa9a336ce5154c08b10;2;fabien@potencier.org;smn.andre@gmail.com
