file_name;change_type;n_loc;lines_balance;size_change;is_large;date;swapped_classification;complexity;methods;tokens;hash;files_on_commit;committer_email;author_email
RealmServer.swift;ADD;630;0.0;Equal;False;2020-07-10 19:51:55+00:00;False;69;27;3575;3618d20f73c0d608e9dbfaa9d48ccf6fe469732f;25;tg@realm.io;jsflax@gmail.com
RealmServer.swift;MODIFY;645;15.0;Grew;False;2020-07-10 19:51:55+00:00;False;69;27;3649;433b0884cf8dc6925262519a8d098daa7df19ac3;2;tg@realm.io;jsflax@gmail.com
RealmServer.swift;MODIFY;608;-37.0;Decreased;False;2020-07-17 18:26:15+00:00;False;65;33;3479;43e1fb7a157858a5189e0a3938bd3d96e37c924e;1;tgoyne@gmail.com;tg@realm.io
RealmServer.swift;MODIFY;609;1.0;Grew;False;2020-08-28 08:59:28+00:00;False;65;33;3483;79bf2311ee73972b3f09bf6a35ba61c6435ff494;15;noreply@github.com;lee.maguire@mongodb.com
RealmServer.swift;MODIFY;625;16.0;Grew;False;2020-09-15 11:40:28+00:00;False;71;33;3569;0aa047e869e065741218a158cb091f39de645f02;30;noreply@github.com;jsflax@gmail.com
RealmServer.swift;MODIFY;635;10.0;Grew;False;2020-11-13 19:06:09+00:00;False;70;32;3567;8641debe9f3210f574cd6461c9e84a5b1b3fffed;3;tg@realm.io;tg@realm.io
RealmServer.swift;MODIFY;642;7.0;Grew;False;2020-12-12 20:03:45+00:00;False;71;33;3622;3ff54a62f605974b91c019f265c5b044b4b863f5;28;tg@realm.io;tg@realm.io
RealmServer.swift;MODIFY;644;2.0;Grew;False;2021-01-25 23:31:49+00:00;False;71;33;3624;e5d40c1ae9304be05123ec21bc6c9d7d379935fa;8;noreply@github.com;thomas.goyne@mongodb.com
RealmServer.swift;MODIFY;856;212.0;Grew;True;2021-05-21 21:13:36+00:00;True;72;34;4369;0d63e30f8a2ec90e1dc1be5dfb295916799d4658;1;tg@realm.io;dianaafanador3@gmail.com
RealmServer.swift;MODIFY;856;0.0;Equal;True;2021-05-21 21:14:54+00:00;False;72;34;4367;757c708a31d2398be05e96483366e06d69067286;5;tg@realm.io;dianaafanador3@gmail.com
RealmServer.swift;MODIFY;856;0.0;Equal;True;2021-05-21 21:19:46+00:00;False;72;34;4367;0e27c7f83d5c6a0d953990a769d259d911f31c04;97;tg@realm.io;eric.mossman@mongodb.com
RealmServer.swift;MODIFY;629;-227.0;Decreased;False;2021-05-21 21:39:09+00:00;True;101;36;3832;2acd6f989438f5d125592986200f074f0ee95a08;1;tg@realm.io;tg@realm.io
RealmServer.swift;MODIFY;858;229.0;Grew;True;2021-05-21 21:39:09+00:00;True;72;34;4390;ca623a71f115fd87d8f6b922225e0dfb2a4d6695;3;tg@realm.io;tg@realm.io
RealmServer.swift;MODIFY;638;-220.0;Decreased;False;2021-06-01 23:29:57+00:00;True;103;36;3865;267531b38c710f5a7f3352b34eb95ece53773093;92;noreply@github.com;pavel.yakimenko@mongodb.com
RealmServer.swift;MODIFY;635;-3.0;Decreased;False;2021-06-21 20:00:06+00:00;False;103;36;3853;515463942c90b07ee4674a47748aed642ceabdc6;6;tg@realm.io;tg@realm.io
RealmServer.swift;MODIFY;633;-2.0;Decreased;False;2021-08-19 18:51:27+00:00;False;103;36;3849;f84d364b165764259bc8bb023cbac418dbc35f51;3;tgoyne@gmail.com;tg@realm.io
RealmServer.swift;MODIFY;667;34.0;Grew;False;2021-09-09 11:41:46+00:00;False;113;41;4121;652a3ea7ff3c3fafb9e4551e1b275a1dbea641db;4;noreply@github.com;dianaafanador3@gmail.com
RealmServer.swift;MODIFY;685;18.0;Grew;True;2021-12-15 16:14:39+00:00;True;113;41;4230;c341b304dfa868e4242763bbf490168039e59a18;10;noreply@github.com;lee.maguire@mongodb.com
RealmServer.swift;MODIFY;737;52.0;Grew;True;2022-01-25 00:41:03+00:00;False;122;44;4522;6611c39b3459c19d056b4f87be36f2a16155bf19;44;noreply@github.com;dianaafanador3@gmail.com
RealmServer.swift;MODIFY;746;9.0;Grew;True;2022-02-08 11:54:06+00:00;False;124;45;4607;a1105686ba2dba9d3720c1a5a66e35c22a6b53a9;7;noreply@github.com;lee.maguire@mongodb.com
RealmServer.swift;MODIFY;746;0.0;Equal;True;2022-03-05 00:43:57+00:00;False;124;45;4607;a209397a6f4a7aeecfe317cc786545e860a67359;1;tg@realm.io;tg@realm.io
RealmServer.swift;MODIFY;751;5.0;Grew;True;2022-03-05 01:24:48+00:00;False;126;45;4626;4dcf992e3e2c2882f6134be623f51c9ff02f26c6;1;tg@realm.io;tg@realm.io
RealmServer.swift;MODIFY;837;86.0;Grew;True;2022-03-29 15:06:10+00:00;False;151;57;5367;3a2b11328a63a061b2026cc9bfa09b3a2003f9ee;16;noreply@github.com;ericjmossman@gmail.com
RealmServer.swift;MODIFY;839;2.0;Grew;True;2022-04-29 04:46:34+00:00;False;151;57;5371;946e845e08808fa4c82b7d224fafe125c00bfcb1;2;tg@realm.io;tg@realm.io
RealmServer.swift;MODIFY;839;0.0;Equal;True;2022-05-30 08:30:07+00:00;False;151;57;5371;812fafabeb198b832e0a00633992f89907371ec5;9;noreply@github.com;dianaafanador3@gmail.com
RealmServer.swift;MODIFY;839;0.0;Equal;True;2022-06-02 16:57:46+00:00;False;151;57;5371;e362016a97a567b9ac0257a85b30243be7bdb549;30;noreply@github.com;pavel.yakimenko@mongodb.com
RealmServer.swift;MODIFY;847;8.0;Grew;True;2022-06-03 14:34:38+00:00;False;157;58;5455;448942ab27841f548ee54295d933d787f2dd21ca;20;noreply@github.com;dianaafanador3@gmail.com
RealmServer.swift;MODIFY;847;0.0;Equal;True;2022-07-06 20:19:29+00:00;False;157;58;5455;1d520f4b4d5c0d4a62ff8aac60976539afba497d;9;tg@realm.io;tg@realm.io
RealmServer.swift;MODIFY;860;13.0;Grew;True;2022-09-03 15:57:51+00:00;False;160;60;5590;20ec0f6b04a6fe51d2b2d6be8f6d5528c90c07ea;34;noreply@github.com;dianaafanador3@gmail.com
RealmServer.swift;MODIFY;894;34.0;Grew;True;2022-10-07 18:58:01+00:00;False;173;63;5906;f98f517b081d4c2bbfe98dfb8be974125d6eec03;15;noreply@github.com;ericjmossman@gmail.com
RealmServer.swift;MODIFY;885;-9.0;Decreased;True;2022-10-24 17:12:13+00:00;False;172;63;5793;8ce60311ccd387960875892520458c5c7bcd7b25;29;tg@realm.io;tg@realm.io
RealmServer.swift;MODIFY;886;1.0;Grew;True;2022-10-26 00:10:15+00:00;False;172;63;5797;255ca2e04eb82e368abc1a9cae51c7e42eaef4da;1;tg@realm.io;tg@realm.io
RealmServer.swift;MODIFY;904;18.0;Grew;True;2022-11-16 10:40:15+00:00;False;181;66;6036;e0fdb803ef8d62caa97c2e8ca4f3bd09f5550737;42;noreply@github.com;dianaafanador3@gmail.com
RealmServer.swift;MODIFY;919;15.0;Grew;True;2023-01-13 20:41:03+00:00;False;181;66;5990;b07ccc9cbabfbe8b65cbba8b918a5b094b036c29;76;tg@realm.io;tg@realm.io
RealmServer.swift;MODIFY;969;50.0;Grew;True;2023-02-15 20:25:32+00:00;False;182;66;6255;8dba881ca7329cb69b907d532a24f43bf56ec808;5;tg@realm.io;tg@realm.io
RealmServer.swift;MODIFY;980;11.0;Grew;True;2023-02-24 21:00:04+00:00;False;186;66;6309;9c6c86a61fb5953d729d21fd19ce651b9a862039;2;noreply@github.com;dianaafanador3@gmail.com
RealmServer.swift;MODIFY;1001;21.0;Grew;True;2023-02-27 22:43:20+00:00;False;187;66;6467;33f6ace2e42a5cca93c9ea50b75454cbd8717d4d;153;tg@realm.io;tg@realm.io
RealmServer.swift;MODIFY;982;-19.0;Decreased;True;2023-02-28 06:00:54+00:00;False;180;66;6391;c98cc40dd30fff6c853f7b451a1f417ed17ac804;2;tg@realm.io;tg@realm.io
RealmServer.swift;MODIFY;985;3.0;Grew;True;2023-03-02 01:43:21+00:00;False;180;66;6418;81caf780faaca8ce214fe0963337471cfb274672;1;tg@realm.io;tg@realm.io
RealmServer.swift;MODIFY;985;0.0;Equal;True;2023-03-03 04:07:39+00:00;False;180;66;6418;dc6b92545e50ef1c683f0ba82c8bc0d0d8608e01;1;tg@realm.io;tg@realm.io
RealmServer.swift;MODIFY;985;0.0;Equal;True;2023-03-03 04:07:39+00:00;False;180;66;6418;326b0735b6ffbb5111f5e682face828c5d3bac69;2;tg@realm.io;tg@realm.io
RealmServer.swift;MODIFY;982;-3.0;Decreased;True;2023-03-17 21:30:16+00:00;False;176;64;6408;8b0060db8c2135b8736e7ef888af294ec4a64e6b;18;tg@realm.io;tg@realm.io
RealmServer.swift;MODIFY;982;0.0;Equal;True;2023-03-18 00:01:48+00:00;False;178;64;6416;ba45055071b9df2a349a6fa7c35e5ed01ffdc900;5;tg@realm.io;tg@realm.io
RealmServer.swift;MODIFY;987;5.0;Grew;True;2023-04-01 00:34:49+00:00;False;178;64;6467;c8899fa20d691843f29b23dfe994cae3c4b2e4d4;9;tg@realm.io;tg@realm.io
RealmServer.swift;MODIFY;987;0.0;Equal;True;2023-04-29 20:05:26+00:00;False;178;64;6467;62c89462de2a757e7d56ed13c35421c1c62c1c69;71;tg@realm.io;tg@realm.io
RealmServer.swift;MODIFY;984;-3.0;Decreased;True;2023-12-19 19:19:09+00:00;False;178;64;6445;63b7e5c8c17accc75e6cc1e9676795ee805f399a;2;tg@realm.io;tg@realm.io
RealmServer.swift;MODIFY;1008;24.0;Grew;True;2023-12-19 19:20:45+00:00;False;172;66;6640;39c83d05e410287bd30a2cec46d42118c7d4d2df;37;tg@realm.io;tg@realm.io
RealmServer.swift;MODIFY;1015;7.0;Grew;True;2024-04-08 22:47:41+00:00;False;174;67;6714;29742530e7cced8098dd943a550f32a369929f2a;5;noreply@github.com;irinchev@me.com
RealmServer.swift;MODIFY;1007;-8.0;Decreased;True;2024-05-01 20:29:32+00:00;False;174;67;6667;3d12581034866680d314e96966ea7631a209e092;33;noreply@github.com;thomas.goyne@mongodb.com
RealmServer.swift;MODIFY;1007;0.0;Equal;True;2024-05-02 10:03:35+00:00;False;174;67;6657;452588eedb4ee1831337ea24a6df2d36e88dfbf3;13;noreply@github.com;irinchev@me.com
RealmServer.swift;MODIFY;1007;0.0;Equal;True;2024-05-20 18:44:30+00:00;False;174;67;6657;af67f0a8156523d53e00657c54a8b62f79dcce4d;27;tg@realm.io;tg@realm.io
RealmServer.swift;MODIFY;1007;0.0;Equal;True;2024-05-21 16:01:15+00:00;False;174;67;6657;e9d3c0bf20cb4a91feaddc85683ba337d71a3aa5;1;tg@realm.io;tg@realm.io
RealmServer.swift;MODIFY;1004;-3.0;Decreased;True;2024-07-24 17:03:12+00:00;False;169;68;6639;baaa5a1f430fc03062c634c9e3a4d6392480d859;5;noreply@github.com;dianaafanador3@gmail.com
RealmServer.swift;MODIFY;1004;0.0;Equal;True;2024-08-12 15:22:00+00:00;False;169;68;6639;95c99a826aa06dae3ca40011491afd5acf890ad5;8;noreply@github.com;dianaafanador3@gmail.com
RealmServer.swift;MODIFY;1005;1.0;Grew;True;2024-08-16 18:56:00+00:00;False;169;68;6655;67114f97a8b8fab5ff7cfbef7db404713833718c;2;tgoyne@gmail.com;tg@realm.io
RealmServer.swift;MODIFY;988;-17.0;Decreased;True;2024-09-09 18:26:58+00:00;False;165;69;6612;c21605e847fc76f66c9d4c49ad0799c26d72edd4;61;noreply@github.com;thomas.goyne@mongodb.com
RealmServer.swift;MODIFY;988;0.0;Equal;True;2024-09-21 00:17:28+00:00;False;165;69;6612;2d07f5ccafce87fc95610b820f876c698f74f14c;12;noreply@github.com;thomas.goyne@mongodb.com
