file_name;change_type;n_loc;lines_balance;size_change;is_large;date;swapped_classification;complexity;methods;tokens;hash;files_on_commit;committer_email;author_email
SwiftFlexibleSyncServerTests.swift;ADD;878;0.0;Equal;True;2022-01-25 00:41:03+00:00;True;85;41;5284;6611c39b3459c19d056b4f87be36f2a16155bf19;44;noreply@github.com;dianaafanador3@gmail.com
SwiftFlexibleSyncServerTests.swift;MODIFY;887;9.0;Grew;True;2022-02-26 00:55:09+00:00;False;85;41;5311;a5a19118624c9d791c15c9152ce77a15d7aa37e7;7;tg@realm.io;tg@realm.io
SwiftFlexibleSyncServerTests.swift;MODIFY;887;0.0;Equal;True;2022-03-26 22:38:35+00:00;False;85;41;5311;8349198c6e7c160bf2e5bd76260af640bfe1c82d;11;noreply@github.com;lee.maguire@mongodb.com
SwiftFlexibleSyncServerTests.swift;MODIFY;993;106.0;Grew;True;2022-05-30 08:30:07+00:00;False;97;45;5979;812fafabeb198b832e0a00633992f89907371ec5;9;noreply@github.com;dianaafanador3@gmail.com
SwiftFlexibleSyncServerTests.swift;MODIFY;1153;160.0;Grew;True;2022-06-03 14:34:38+00:00;False;126;54;7122;448942ab27841f548ee54295d933d787f2dd21ca;20;noreply@github.com;dianaafanador3@gmail.com
SwiftFlexibleSyncServerTests.swift;MODIFY;1156;3.0;Grew;True;2022-06-24 17:23:32+00:00;False;126;54;7137;9f7a605dfcf6a60e019a296dc8d91c3b23837a82;10;noreply@github.com;thomas.goyne@mongodb.com
SwiftFlexibleSyncServerTests.swift;MODIFY;1169;13.0;Grew;True;2022-07-06 16:15:28+00:00;False;128;55;7246;2e5aa3151d40daf0a4e2620a9c0e270632df065d;4;noreply@github.com;dianaafanador3@gmail.com
SwiftFlexibleSyncServerTests.swift;MODIFY;1161;-8.0;Decreased;True;2022-09-03 15:57:51+00:00;False;125;53;7184;20ec0f6b04a6fe51d2b2d6be8f6d5528c90c07ea;34;noreply@github.com;dianaafanador3@gmail.com
SwiftFlexibleSyncServerTests.swift;MODIFY;1153;-8.0;Decreased;True;2022-10-24 17:12:13+00:00;False;123;53;7146;8ce60311ccd387960875892520458c5c7bcd7b25;29;tg@realm.io;tg@realm.io
SwiftFlexibleSyncServerTests.swift;MODIFY;1315;162.0;Grew;True;2022-11-16 10:40:15+00:00;False;131;59;8668;e0fdb803ef8d62caa97c2e8ca4f3bd09f5550737;42;noreply@github.com;dianaafanador3@gmail.com
SwiftFlexibleSyncServerTests.swift;MODIFY;1345;30.0;Grew;True;2022-12-21 17:58:29+00:00;False;135;60;8877;57ed2eb9b7addf545188aff237361ca8788f273d;3;noreply@github.com;dianaafanador3@gmail.com
SwiftFlexibleSyncServerTests.swift;MODIFY;1347;2.0;Grew;True;2023-01-13 20:41:03+00:00;False;135;60;8889;acb6c12256f7150c89da29f320d75faced814fd8;18;tg@realm.io;tg@realm.io
SwiftFlexibleSyncServerTests.swift;MODIFY;1347;0.0;Equal;True;2023-01-13 20:41:03+00:00;False;135;60;8889;b07ccc9cbabfbe8b65cbba8b918a5b094b036c29;76;tg@realm.io;tg@realm.io
SwiftFlexibleSyncServerTests.swift;MODIFY;1351;4.0;Grew;True;2023-02-15 20:25:32+00:00;False;135;60;8893;1f7cd9aef8ca041f0196220ae5cd194408d75167;5;tg@realm.io;tg@realm.io
SwiftFlexibleSyncServerTests.swift;MODIFY;1349;-2.0;Decreased;True;2023-03-17 21:30:16+00:00;False;135;60;8896;8b0060db8c2135b8736e7ef888af294ec4a64e6b;18;tg@realm.io;tg@realm.io
SwiftFlexibleSyncServerTests.swift;MODIFY;1350;1.0;Grew;True;2023-04-01 00:34:49+00:00;False;135;60;8905;c8899fa20d691843f29b23dfe994cae3c4b2e4d4;9;tg@realm.io;tg@realm.io
SwiftFlexibleSyncServerTests.swift;MODIFY;1349;-1.0;Decreased;True;2023-05-26 17:29:57+00:00;False;135;60;8903;515c3f75bf53d899cf99dba3a09624239a8fa40a;37;noreply@github.com;thomas.goyne@mongodb.com
SwiftFlexibleSyncServerTests.swift;MODIFY;1346;-3.0;Decreased;True;2023-06-26 17:11:52+00:00;False;135;60;8886;6624b2dec6e7cb27c3058b9b58c27696e5231f2f;27;noreply@github.com;thomas.goyne@mongodb.com
SwiftFlexibleSyncServerTests.swift;MODIFY;1692;346.0;Grew;True;2023-09-26 21:19:31+00:00;False;164;83;12188;a98c88ed4bd04ea335e0b66cd7892f4721bf5f77;16;noreply@github.com;ericjmossman@gmail.com
SwiftFlexibleSyncServerTests.swift;MODIFY;1648;-44.0;Decreased;True;2023-12-19 19:19:09+00:00;False;162;83;11973;c830376454480c000e40f5635414b5141197ccc7;4;tg@realm.io;tg@realm.io
SwiftFlexibleSyncServerTests.swift;MODIFY;1618;-30.0;Decreased;True;2023-12-19 19:19:09+00:00;False;152;83;11883;5695a787424dfd8f4cd2a75cc805d75d26b3e8dc;2;tg@realm.io;tg@realm.io
SwiftFlexibleSyncServerTests.swift;MODIFY;1684;66.0;Grew;True;2023-12-19 19:19:09+00:00;False;162;83;12114;0b16b60f505d0bde33335a53b2997dcf60315674;3;tg@realm.io;tg@realm.io
SwiftFlexibleSyncServerTests.swift;MODIFY;1618;-66.0;Decreased;True;2023-12-19 19:19:43+00:00;False;152;83;11883;a5636c1ca2a5b4f7109869d3d78551c468d3ab93;4;tg@realm.io;tg@realm.io
SwiftFlexibleSyncServerTests.swift;MODIFY;786;-832.0;Decreased;True;2023-12-19 19:20:45+00:00;False;71;44;4966;39c83d05e410287bd30a2cec46d42118c7d4d2df;37;tg@realm.io;tg@realm.io
SwiftFlexibleSyncServerTests.swift;MODIFY;970;184.0;Grew;True;2024-05-02 10:03:35+00:00;False;85;49;6285;452588eedb4ee1831337ea24a6df2d36e88dfbf3;13;noreply@github.com;irinchev@me.com
SwiftFlexibleSyncServerTests.swift;MODIFY;969;-1.0;Decreased;True;2024-05-21 16:01:15+00:00;False;84;49;6270;ff3ff87c8e8521b6b59e42f1cf27fc44c01b9d51;2;tg@realm.io;tg@realm.io
SwiftFlexibleSyncServerTests.swift;MODIFY;981;12.0;Grew;True;2024-07-24 17:03:12+00:00;False;85;50;6369;baaa5a1f430fc03062c634c9e3a4d6392480d859;5;noreply@github.com;dianaafanador3@gmail.com
SwiftFlexibleSyncServerTests.swift;MODIFY;981;0.0;Equal;True;2024-08-16 18:56:00+00:00;False;85;50;6369;67114f97a8b8fab5ff7cfbef7db404713833718c;2;tgoyne@gmail.com;tg@realm.io
SwiftFlexibleSyncServerTests.swift;MODIFY;1029;48.0;Grew;True;2024-09-09 18:26:58+00:00;False;85;50;6469;c21605e847fc76f66c9d4c49ad0799c26d72edd4;61;noreply@github.com;thomas.goyne@mongodb.com
