|File Name|Change Type|Local File PATH Old|Local File PATH New|Complexity|Methods|Tokens|Lines Of Code (nloc)|Lines Added|Lines Deleted
0|mm.h|MODIFY|include/linux/mm.h|include/linux/mm.h|71|51|4239|542|1|3
