|File Name|Change Type|Local File PATH Old|Local File PATH New|Complexity|Methods|Tokens|Lines Of Code (nloc)|Lines Added|Lines Deleted
0|gxbb.c|MODIFY|drivers/clk/meson/gxbb.c|drivers/clk/meson/gxbb.c|not calculated|0|18902|3230|1|1
