file_name;change_type;n_loc;lines_balance;size_change;is_large;date;swapped_classification;complexity;methods;tokens;hash;files_on_commit;committer_email;author_email
ListenableFutureTest.kt;RENAME;not calculated;0.0;Equal;False;2018-06-19 12:55:00+00:00;False;not calculated;0;not calculated;e1fa197ddef67768c1586328cbdb2e88c89a26f0;501;qwwdfsad@gmail.com;qwwdfsad@gmail.com
ListenableFutureTest.kt;MODIFY;157.0;0.0;Equal;False;2018-06-29 16:19:47+00:00;False;3;2;870;1f74a2d65b878ab8fdd22c6dace953bde3cd0216;525;elizarov@gmail.com;elizarov@gmail.com
ListenableFutureTest.kt;MODIFY;170.0;13.0;Grew;False;2018-08-06 08:04:24+00:00;False;5;3;926;a334c4e5ae1074c9a51f4b86563a996694dc1ec3;4;qwwdfsad@gmail.com;qwwdfsad@gmail.com
ListenableFutureTest.kt;MODIFY;170.0;0.0;Equal;False;2018-08-10 14:00:38+00:00;False;5;3;926;06f57aa5b3e29768fcf1aed11fe32cb82520711d;33;elizarov@gmail.com;qwwdfsad@gmail.com
ListenableFutureTest.kt;MODIFY;169.0;-1.0;Decreased;False;2018-09-11 16:13:52+00:00;False;5;3;920;c32579e3fb82dbe0b96552582fd958fa763e7ac8;127;elizarov@gmail.com;elizarov@gmail.com
ListenableFutureTest.kt;MODIFY;169.0;0.0;Equal;False;2018-09-11 16:13:52+00:00;False;5;3;920;592de52d96c25f3905a4944ebbf29b06461b38ae;28;elizarov@gmail.com;elizarov@gmail.com
ListenableFutureTest.kt;MODIFY;169.0;0.0;Equal;False;2018-09-11 16:59:13+00:00;False;5;3;924;dc29b071d4784e3739f89223ced2333ecd5408ad;116;qwwdfsad@gmail.com;elizarov@gmail.com
ListenableFutureTest.kt;MODIFY;169.0;0.0;Equal;False;2018-09-16 13:17:47+00:00;False;5;3;921;6e3ffb1c50e71f56277acfb60c1a7c599c4fea1c;60;elizarov@gmail.com;elizarov@gmail.com
ListenableFutureTest.kt;MODIFY;247.0;78.0;Grew;False;2018-09-25 21:13:23+00:00;False;7;4;1362;8d6c1a9aab59fe406a932c8315532c864a20789c;5;elizarov@gmail.com;qwwdfsad@gmail.com
ListenableFutureTest.kt;MODIFY;247.0;0.0;Equal;False;2018-09-28 11:21:28+00:00;False;7;4;1364;52bfdabfa1476f55c1b3880d43f49977fc8df943;44;elizarov@gmail.com;elizarov@gmail.com
ListenableFutureTest.kt;MODIFY;247.0;0.0;Equal;False;2018-10-08 16:05:19+00:00;False;7;4;1358;0950dfa1fe114e3682a546e3e53ef34dec9dfd4a;550;qwwdfsad@gmail.com;elizarov@gmail.com
ListenableFutureTest.kt;MODIFY;247.0;0.0;Equal;False;2018-10-08 16:41:18+00:00;False;7;4;1362;d92b0fa7e5e5b5c19665cc649e8372bbe9cdf6e7;83;qwwdfsad@gmail.com;qwwdfsad@gmail.com
ListenableFutureTest.kt;MODIFY;246.0;-1.0;Decreased;False;2018-10-25 10:52:38+00:00;False;7;4;1355;0b886a3ec7da74ee1f72facacc335a4a2c6205e7;44;qwwdfsad@gmail.com;qwwdfsad@gmail.com
ListenableFutureTest.kt;MODIFY;303.0;57.0;Grew;False;2018-10-30 08:39:55+00:00;False;7;4;1679;5639304267cd0193373e02768c2e4211453f730a;4;qwwdfsad@gmail.com;qwwdfsad@gmail.com
ListenableFutureTest.kt;MODIFY;289.0;-14.0;Decreased;False;2018-10-30 08:39:55+00:00;False;7;4;1615;2bac00fcdbdb6a3fd7c4becc2b08984de444f4c2;4;qwwdfsad@gmail.com;qwwdfsad@gmail.com
ListenableFutureTest.kt;MODIFY;287.0;-2.0;Decreased;False;2018-10-30 09:39:07+00:00;False;6;4;1554;b2cdc5eab737aa37edd0ba0f9eeef5ef9722c121;1;qwwdfsad@gmail.com;qwwdfsad@gmail.com
ListenableFutureTest.kt;MODIFY;316.0;29.0;Grew;False;2019-03-01 12:06:52+00:00;False;7;5;1680;c35953ce9c13b3acbd71176a6d0f4b1cccb7b87c;27;elizarov@gmail.com;elizarov@gmail.com
ListenableFutureTest.kt;MODIFY;317.0;1.0;Grew;False;2019-03-01 12:07:49+00:00;False;7;5;1683;0aad8f1274c4be7f02ac8f361eb0685d4b438243;48;elizarov@gmail.com;elizarov@gmail.com
ListenableFutureTest.kt;MODIFY;315.0;-2.0;Decreased;False;2019-03-22 13:01:59+00:00;False;7;5;1671;0355b2c4fbb73c1bbe71e80acb2d8a18d08ab333;9;noreply@github.com;qwwdfsad@gmail.com
ListenableFutureTest.kt;MODIFY;492.0;177.0;Grew;True;2019-08-29 14:52:40+00:00;True;7;5;2722;57cc36454da6851ecd2a00abe7cfd6ee6e06928f;2;elizarov@gmail.com;yorick@google.com
ListenableFutureTest.kt;MODIFY;501.0;9.0;Grew;True;2019-09-04 09:35:53+00:00;False;8;6;2770;5fb56f4281740cf65e81beb819f1dc14c5ed8e6d;1;elizarov@gmail.com;yorick@google.com
ListenableFutureTest.kt;MODIFY;504.0;3.0;Grew;True;2019-09-14 14:12:12+00:00;False;8;6;2824;f62d35b46bd2ad9c849bda684f79ced3d2c42c67;2;qwwdfsad@gmail.com;qwwdfsad@gmail.com
ListenableFutureTest.kt;MODIFY;499.0;-5.0;Decreased;True;2020-02-11 15:01:53+00:00;False;8;6;2752;387d1dde1cb4cd8027e72cca8b81e7caeefcd889;60;elizarov@gmail.com;Dmitry.Khalanskiy@jetbrains.com
ListenableFutureTest.kt;MODIFY;630.0;131.0;Grew;True;2020-11-26 10:52:41+00:00;False;10;8;3415;c742db28835f82c50a55971cf25ba621795cff34;2;noreply@github.com;6957841+vadimsemenov@users.noreply.github.com
ListenableFutureTest.kt;MODIFY;669.0;39.0;Grew;True;2021-01-27 14:19:13+00:00;False;10;8;3621;d37b834d86eecee23b9cc138ec726234368421a3;3;qwwdfsad@gmail.com;vadim.pillarbox@gmail.com
ListenableFutureTest.kt;MODIFY;676.0;7.0;Grew;True;2021-03-23 09:22:30+00:00;False;11;9;3667;05f7d5df2f6223c9f25027740251ff95a682863a;37;noreply@github.com;qwwdfsad@gmail.com
ListenableFutureTest.kt;MODIFY;695.0;19.0;Grew;True;2021-05-27 14:52:42+00:00;False;10;8;3783;937180fb19ef4b6ef727e10408bdcb81c665556f;7;noreply@github.com;qwwdfsad@gmail.com
ListenableFutureTest.kt;MODIFY;722.0;27.0;Grew;True;2021-09-30 12:52:56+00:00;False;11;8;3933;60eefecc6d58bc2ff024b5d56c6867b083103d16;2;noreply@github.com;6957841+vadimsemenov@users.noreply.github.com
ListenableFutureTest.kt;MODIFY;725.0;3.0;Grew;True;2021-10-05 15:03:15+00:00;False;11;8;3953;1ba202def4a2f35934e23dbecc950768677fb6b8;2;noreply@github.com;qwwdfsad@gmail.com
ListenableFutureTest.kt;MODIFY;725.0;0.0;Equal;True;2024-01-25 13:38:23+00:00;False;11;8;3953;7c34ebc12830245cfff6927df1b457bf2620f41e;1054;noreply@github.com;52952525+dkhalanskyjb@users.noreply.github.com
ListenableFutureTest.kt;MODIFY;726.0;1.0;Grew;True;2024-01-30 09:31:40+00:00;False;11;8;3974;555c65fd77d691c04c04460da756adcc0a9839c9;492;Dmitry.Khalanskiy@jetbrains.com;Dmitry.Khalanskiy@jetbrains.com
ListenableFutureTest.kt;MODIFY;726.0;0.0;Equal;True;2024-07-12 07:50:03+00:00;False;11;8;3988;2397ffc45ac52995e137f0add35863cdd93e4f0e;1;noreply@github.com;chaoren@users.noreply.github.com
