file_name;change_type;n_loc;lines_balance;size_change;is_large;date;swapped_classification;complexity;methods;tokens;hash;files_on_commit;committer_email;author_email
GPBMessageTests+Runtime.m;ADD;1658;0.0;Grew;True;2015-05-06 17:19:14+00:00;True;57;11;12668;30650d81d9baa446dbc8deb784ba53794cafda5b;165;thomasvl@google.com;thomasvl@google.com
GPBMessageTests+Runtime.m;MODIFY;1659;1.0;Grew;True;2015-05-22 18:27:31+00:00;False;57;11;12659;1dcc329427fd103a0abd96ab787270f5d0a31861;95;thomasvl@google.com;thomasvl@google.com
GPBMessageTests+Runtime.m;MODIFY;1741;82.0;Grew;True;2015-06-08 21:17:22+00:00;False;59;12;13070;d846b0b059b4d867536b98aa29475a387aa09114;94;thomasvl@google.com;thomasvl@google.com
GPBMessageTests+Runtime.m;MODIFY;1741;0.0;Equal;True;2015-09-29 21:18:09+00:00;False;59;12;13070;1383d53e67dac1d005fb3f8659e695b0be7e2718;15;thomasvl@google.com;thomasvl@google.com
GPBMessageTests+Runtime.m;MODIFY;1740;-1.0;Decreased;True;2016-01-05 19:25:17+00:00;False;59;12;13061;ca428c1bc9c36f3a611669aa90cbda5224fc5041;4;thomasvl@google.com;thomasvl@google.com
GPBMessageTests+Runtime.m;MODIFY;1774;34.0;Grew;True;2016-06-28 00:46:26+00:00;False;63;16;13345;fc4c6171999243695166747108cf7d65e34bf4c0;3;thomasvl@google.com;thomasvl@google.com
GPBMessageTests+Runtime.m;MODIFY;1984;210.0;Grew;True;2016-08-11 17:14:15+00:00;False;100;18;14541;ca5b7751e5bb5a8dc5694844925f371bf3b34426;3;thomasvl@google.com;thomasvl@google.com
GPBMessageTests+Runtime.m;MODIFY;2047;63.0;Grew;True;2016-08-12 15:46:55+00:00;False;100;18;14991;17d601a2b64035399645ef5c7067ee967d9f34d0;1;thomasvl@google.com;thomasvl@google.com
GPBMessageTests+Runtime.m;MODIFY;2049;2.0;Grew;True;2016-08-12 15:53:04+00:00;False;100;18;15006;a0df678df9bfd9672bf1d9684464c02c461f7105;1;thomasvl@google.com;thomasvl@google.com
GPBMessageTests+Runtime.m;MODIFY;2055;6.0;Grew;True;2016-08-12 15:59:07+00:00;False;100;18;15052;ff85a1735fd068750c6380ca77c9ce2249f72167;1;thomasvl@google.com;thomasvl@google.com
GPBMessageTests+Runtime.m;MODIFY;1984;-71.0;Grew;True;2016-08-17 17:54:52+00:00;False;100;18;14541;a877fdfafe3451d0d1a12bfcb270911bbe0ddfcd;3;jisi.liu@gmail.com;thomasvl@google.com
GPBMessageTests+Runtime.m;MODIFY;2061;77.0;Grew;True;2016-09-01 22:08:59+00:00;False;100;18;15094;13a41246dd9aa6c6a84d436307b933fd4a6ec4a8;26;thomasvl@google.com;thomasvl@google.com
GPBMessageTests+Runtime.m;MODIFY;1986;-75.0;Grew;True;2016-09-08 19:44:11+00:00;False;100;18;14556;708296e583af06400533d8766470e09844a289bc;1;jisi.liu@gmail.com;thomasvl@google.com
GPBMessageTests+Runtime.m;MODIFY;1992;6.0;Grew;True;2016-09-08 19:45:20+00:00;False;100;18;14602;5699b920bf2d3fa7a023748006a2421b9e7815c7;1;jisi.liu@gmail.com;thomasvl@google.com
GPBMessageTests+Runtime.m;MODIFY;2105;113.0;Grew;True;2018-10-02 17:45:18+00:00;False;102;20;15478;8c1748f1cd76bead9a4a700e2d411e18b896a8cc;1;thomasvl@google.com;thomasvl@google.com
GPBMessageTests+Runtime.m;MODIFY;2105;0.0;Equal;True;2019-06-06 19:29:59+00:00;False;102;20;15478;1c8a7a10f82dc7a5a2aca026f4b49450d76673bd;1;thomasvl@google.com;thomasvl@google.com
GPBMessageTests+Runtime.m;MODIFY;2105;0.0;Equal;True;2020-01-08 18:18:20+00:00;False;102;20;15478;a104dffcb6b1958a424f5fa6f9e6bdc0ab9b6f9e;163;rafikamal@google.com;BrianWignall@gmail.com
GPBMessageTests+Runtime.m;MODIFY;2105;0.0;Grew;True;2020-01-21 18:14:01+00:00;False;102;20;15478;ab48ecf14086db1c138a2e2399797e43b1d10950;26;thomasvl@google.com;dmaclach@gmail.com
GPBMessageTests+Runtime.m;MODIFY;2105;0.0;Equal;True;2020-04-14 16:15:23+00:00;False;102;20;15478;6f3bda22f40984eeacc2ce4602b9918dccb0fd09;2;thomasvl@google.com;thomasvl@google.com
GPBMessageTests+Runtime.m;MODIFY;2105;0.0;Equal;True;2020-04-14 19:55:41+00:00;False;102;20;15478;74ad62759e0a9b5a21094f3fb9bb4ebfaa0d1ab8;25;jhaberman@gmail.com;jhaberman@gmail.com
GPBMessageTests+Runtime.m;MODIFY;2293;188.0;Grew;True;2020-04-24 20:36:15+00:00;False;104;21;16808;7b6016e343741df37a7811efc239d5b1cda10575;4;thomasvl@google.com;thomasvl@google.com
GPBMessageTests+Runtime.m;MODIFY;2293;0.0;Grew;True;2020-04-28 15:40:38+00:00;False;104;21;16808;32e5deb1ac76feb4f187371c2a7f76c9009b1eff;135;jhaberman@gmail.com;jhaberman@gmail.com
GPBMessageTests+Runtime.m;MODIFY;2293;0.0;Equal;True;2021-05-14 15:48:54+00:00;False;104;21;16808;23fd8e07914d5a600294f225237bcb846db50359;2;thomasvl@google.com;thomasvl@google.com
GPBMessageTests+Runtime.m;MODIFY;2293;0.0;Equal;True;2022-08-23 19:43:18+00:00;False;104;21;16808;b46c0eeb5e56a82566be0b8063933f4c451f9b11;27;thomasvl@google.com;thomasvl@google.com
GPBMessageTests+Runtime.m;MODIFY;2293;0.0;Equal;True;2022-08-23 21:23:28+00:00;False;104;21;16808;28bc3baca186e61469a7794e2ca6afbf1fd2d51e;40;thomasvl@google.com;thomasvl@google.com
GPBMessageTests+Runtime.m;MODIFY;2293;0.0;Grew;True;2022-09-23 18:09:00+00:00;False;104;21;16808;9e069b2e515472bac1428c010f93eca7d4c499d9;27;thomasvl@google.com;thomasvl@google.com
GPBMessageTests+Runtime.m;MODIFY;2179;-114.0;Decreased;True;2022-09-23 18:09:00+00:00;False;104;21;16808;ecd63bb219825dea6a03496527e8ea8565cf963a;44;thomasvl@google.com;thomasvl@google.com
GPBMessageTests+Runtime.m;MODIFY;2179;0.0;Decreased;True;2022-09-23 21:27:46+00:00;False;104;21;16808;e99b2819ee6a38395ad083e5c27306cab8607009;197;mkruskal@google.com;mkruskal@google.com
GPBMessageTests+Runtime.m;MODIFY;2179;0.0;Decreased;True;2022-09-26 15:01:59+00:00;False;104;21;16809;2fb33b8c5436fdde70123b8acdd7955f3225c3db;18;thomasvl@google.com;thomasvl@google.com
GPBMessageTests+Runtime.m;MODIFY;2179;0.0;Decreased;True;2022-09-27 19:31:15+00:00;False;104;21;16809;388e3d744f27d08e573c2325e3e221d7dff13f13;102;mkruskal@google.com;mkruskal@google.com
GPBMessageTests+Runtime.m;MODIFY;2179;0.0;Decreased;True;2023-09-09 01:45:55+00:00;False;104;21;16809;200c9589c4f34f47e27958721ff911006c3acb36;78;copybara-worker@google.com;haberman@google.com
GPBMessageTests+Runtime.m;MODIFY;2179;0.0;Equal;True;2023-09-18 22:17:56+00:00;False;104;21;16809;81068e8e8cf00f25559112a562661064d59bfa87;292;copybara-worker@google.com;sandyzhang@google.com
GPBMessageTests+Runtime.m;MODIFY;2179;0.0;Decreased;True;2024-09-05 15:52:31+00:00;False;104;21;16809;5710bfcbb9a67d091ab1cabfad48fdde540e69de;36;copybara-worker@google.com;thomasvl@google.com
