file_name;change_type;n_loc;lines_balance;size_change;is_large;date;swapped_classification;complexity;methods;tokens;hash;files_on_commit;committer_email;author_email
GPBUtilities.m;ADD;1124;0.0;Grew;True;2015-05-06 17:19:14+00:00;True;276;75;7656;30650d81d9baa446dbc8deb784ba53794cafda5b;165;thomasvl@google.com;thomasvl@google.com
GPBUtilities.m;MODIFY;1159;35.0;Grew;True;2015-05-22 18:27:31+00:00;False;280;75;7787;1dcc329427fd103a0abd96ab787270f5d0a31861;95;thomasvl@google.com;thomasvl@google.com
GPBUtilities.m;MODIFY;1205;46.0;Grew;True;2015-06-08 21:17:22+00:00;False;320;68;7974;d846b0b059b4d867536b98aa29475a387aa09114;94;thomasvl@google.com;thomasvl@google.com
GPBUtilities.m;MODIFY;1205;0.0;Equal;True;2015-06-16 21:04:50+00:00;False;320;68;7976;8c88957ef375f3b739b6e72ea5c2fb71b12e1fc2;30;thomasvl@google.com;thomasvl@google.com
GPBUtilities.m;MODIFY;1205;0.0;Equal;True;2015-12-17 21:05:50+00:00;False;320;68;7976;d6590d653415c0bfacf97e7f768dd3c994cb8d26;11;thomasvl@google.com;thomasvl@google.com
GPBUtilities.m;MODIFY;1205;0.0;Equal;True;2016-02-03 23:27:27+00:00;False;320;68;7976;7a9040fe7fb2fc436fab15ebd9373de88084d656;10;dongjoon@apache.org;dongjoon@apache.org
GPBUtilities.m;MODIFY;1205;0.0;Grew;True;2016-03-17 14:04:21+00:00;False;318;68;8009;79a23c435c4862d0c7af3c2740662104c77171dc;58;thomasvl@google.com;thomasvl@google.com
GPBUtilities.m;MODIFY;1206;1.0;Grew;True;2016-03-21 15:11:14+00:00;False;318;68;8014;bd41a39f693d8307d407e42b634b315e075b6c8f;3;thomasvl@google.com;thomasvl@google.com
GPBUtilities.m;MODIFY;1206;0.0;Grew;True;2016-05-25 20:42:31+00:00;False;318;68;8014;c8a440dfb68074ff310e624928cd2dd61c101728;23;thomasvl@google.com;thomasvl@google.com
GPBUtilities.m;MODIFY;1206;0.0;Equal;True;2016-05-26 16:23:41+00:00;False;318;68;8014;e72805ec5ed69b243dd5e80a689ee82327a5f21c;2;jonwall@google.com;jonwall@google.com
GPBUtilities.m;MODIFY;1190;-16.0;Decreased;True;2016-06-28 00:46:26+00:00;False;312;66;7912;fc4c6171999243695166747108cf7d65e34bf4c0;3;thomasvl@google.com;thomasvl@google.com
GPBUtilities.m;MODIFY;1191;1.0;Grew;True;2016-07-15 22:04:01+00:00;False;312;66;7922;b99577c5ac3f3627f7eb11c866fad887920d1453;4;thomasvl@google.com;kaipi@google.com
GPBUtilities.m;MODIFY;1196;5.0;Grew;True;2016-08-09 14:37:16+00:00;False;313;66;7963;1a6c1d092df6431c86b74a059214ab76942b8b33;3;thomasvl@google.com;thomasvl@google.com
GPBUtilities.m;MODIFY;1210;14.0;Grew;True;2016-08-11 17:14:15+00:00;False;322;66;8064;ca5b7751e5bb5a8dc5694844925f371bf3b34426;3;thomasvl@google.com;thomasvl@google.com
GPBUtilities.m;MODIFY;1196;-14.0;Grew;True;2016-08-17 17:51:07+00:00;False;313;66;7963;116596a4e6ce105994d0c304d289d14c56259162;3;jisi.liu@gmail.com;thomasvl@google.com
GPBUtilities.m;MODIFY;1210;14.0;Grew;True;2016-08-17 17:54:52+00:00;False;322;66;8064;a877fdfafe3451d0d1a12bfcb270911bbe0ddfcd;3;jisi.liu@gmail.com;thomasvl@google.com
GPBUtilities.m;MODIFY;1228;18.0;Grew;True;2016-09-15 21:22:51+00:00;False;325;67;8133;1aa65000568422f0187d2eb4fef00bcdca0cc125;25;thomasvl@google.com;thomasvl@google.com
GPBUtilities.m;MODIFY;1232;4.0;Grew;True;2017-01-05 14:15:40+00:00;False;327;67;8161;988ffe0a78ebda0410e61ce31a3bd689c774f59e;11;thomasvl@google.com;thomasvl@google.com
GPBUtilities.m;MODIFY;1331;99.0;Grew;True;2017-02-23 20:04:06+00:00;False;358;68;8702;d07176654b0b151eedb6b9dee37bfa3332e855c8;3;thomasvl@google.com;thomasvl@google.com
GPBUtilities.m;MODIFY;1345;14.0;Grew;True;2017-03-02 21:34:11+00:00;False;361;69;8786;2d1c5e26cb291193ac4d1f4a5179d8f6e1906229;4;thomasvl@google.com;thomasvl@google.com
GPBUtilities.m;MODIFY;1344;-1.0;Decreased;True;2017-11-14 23:16:04+00:00;False;362;69;8802;37a6672c3195ac9152ffda27c731440ba05bfb97;3;dmaclach@gmail.com;dmaclach@gmail.com
GPBUtilities.m;MODIFY;1519;175.0;Grew;True;2017-11-16 13:26:46+00:00;False;412;71;9792;2b3aa1c29460967848021e41a208085e76bc4232;1;thomasvl@google.com;dmaclach@gmail.com
GPBUtilities.m;MODIFY;1519;0.0;Equal;True;2018-01-31 17:36:54+00:00;False;412;71;9792;953adb16ff2f982d54dd812b51df5fdb392732f8;6;thomasvl@google.com;thomasvl@google.com
GPBUtilities.m;MODIFY;1499;-20.0;Decreased;True;2018-01-31 21:57:53+00:00;False;408;70;9641;cf016a42e645a0aea2ce0d1027e210157c49016c;3;thomasvl@google.com;thomasvl@google.com
GPBUtilities.m;MODIFY;1508;9.0;Grew;True;2018-10-02 17:45:18+00:00;False;411;71;9712;09c001e999660401162b592ef16c59b2036339f1;2;thomasvl@google.com;thomasvl@google.com
GPBUtilities.m;MODIFY;1508;0.0;Equal;True;2018-11-14 22:06:51+00:00;False;411;71;9712;3eb2889e9e24a23587a9a4e2f554bc0b249f0f80;1;thomasvl@google.com;thomasvl@google.com
GPBUtilities.m;MODIFY;1508;0.0;Equal;True;2018-11-14 22:06:51+00:00;False;411;71;9712;af2d4134e0224b00c0e9b76c47c11a53e6395e2c;1;thomasvl@google.com;thomasvl@google.com
GPBUtilities.m;MODIFY;1508;0.0;Equal;True;2020-01-08 18:18:20+00:00;False;411;71;9712;a104dffcb6b1958a424f5fa6f9e6bdc0ab9b6f9e;163;rafikamal@google.com;BrianWignall@gmail.com
GPBUtilities.m;MODIFY;1508;0.0;Grew;True;2020-01-21 18:14:01+00:00;False;411;71;9712;ab48ecf14086db1c138a2e2399797e43b1d10950;26;thomasvl@google.com;dmaclach@gmail.com
GPBUtilities.m;MODIFY;1509;1.0;Grew;True;2020-04-15 17:22:05+00:00;False;411;71;9758;95282469eb522d635b644fc136330f27ef627275;2;thomasvl@google.com;thomasvl@google.com
GPBUtilities.m;MODIFY;1557;48.0;Grew;True;2020-04-15 17:22:05+00:00;False;411;71;10222;7b8a241b575b756c4dd7a5aec7f7a60854d5f711;1;thomasvl@google.com;thomasvl@google.com
GPBUtilities.m;MODIFY;1557;0.0;Grew;True;2020-04-20 01:01:44+00:00;False;411;71;10222;bb30225f06c36399757dc698b409d5f79738e8d1;55;jhaberman@gmail.com;jhaberman@gmail.com
GPBUtilities.m;MODIFY;1544;-13.0;Decreased;True;2020-04-24 20:36:15+00:00;False;401;71;10185;8d224b4c48c7821a967abf274db44ac9bd5f4db9;3;thomasvl@google.com;thomasvl@google.com
GPBUtilities.m;MODIFY;1522;-22.0;Decreased;True;2020-04-24 20:36:15+00:00;False;401;71;9999;e1e5b8af7916f5a93d16b577a7c0b02ca9192f17;3;thomasvl@google.com;thomasvl@google.com
GPBUtilities.m;MODIFY;1546;24.0;Grew;True;2020-04-24 20:36:15+00:00;False;405;73;10179;3c8e959b6069e379210ee10751892c864cae2372;3;thomasvl@google.com;thomasvl@google.com
GPBUtilities.m;MODIFY;1546;0.0;Equal;True;2020-04-28 15:40:38+00:00;False;405;73;10179;32e5deb1ac76feb4f187371c2a7f76c9009b1eff;135;jhaberman@gmail.com;jhaberman@gmail.com
GPBUtilities.m;MODIFY;1546;0.0;Equal;True;2020-08-10 18:08:25+00:00;False;405;73;10179;e2cc2de304f8bc33b91ab18fa0b7cef8aaf26c8b;94;noreply@github.com;peternewman@users.noreply.github.com
GPBUtilities.m;MODIFY;1546;0.0;Equal;True;2020-08-17 22:26:13+00:00;False;405;73;10179;95e6c5b4746dd7474d540ce4fb375e3f79a086f8;229;jhaberman@gmail.com;jhaberman@gmail.com
GPBUtilities.m;MODIFY;1538;-8.0;Decreased;True;2020-10-26 15:28:17+00:00;False;404;72;10111;2123ed5df70b043cc14f74231cfeabd26e02176a;3;thomasvl@google.com;thomasvl@google.com
GPBUtilities.m;MODIFY;1538;0.0;Equal;True;2022-04-26 16:25:01+00:00;False;404;72;10111;6718fa9dcc7c5801cf65221317e3faa4a50f48ee;1;noreply@github.com;hiwangzewei@qq.com
GPBUtilities.m;MODIFY;1538;0.0;Equal;True;2022-04-26 17:38:22+00:00;False;404;72;10111;dc4aad931ecbda47a328482fc474d2cadaa78462;110;jhaberman@gmail.com;jhaberman@gmail.com
GPBUtilities.m;MODIFY;1538;0.0;Equal;True;2022-06-22 19:19:21+00:00;False;404;72;10112;60a7f1f2fb791dd79c0b0cb87d69cf912699bcb0;1;noreply@github.com;oontvoo@users.noreply.github.com
GPBUtilities.m;MODIFY;1538;0.0;Equal;True;2022-07-25 18:07:45+00:00;False;404;72;10112;aebdd0885ff2b7ebf62bfff09df49be021c748d1;113;sandyzhang@google.com;sandyzhang@google.com
GPBUtilities.m;MODIFY;1496;-42.0;Decreased;True;2022-09-23 18:09:00+00:00;False;404;72;10107;189f6325d4587f3bd0567daa7e36b622e04895e4;14;thomasvl@google.com;thomasvl@google.com
GPBUtilities.m;MODIFY;1538;42.0;Decreased;True;2022-09-23 18:09:00+00:00;False;404;72;10107;9e069b2e515472bac1428c010f93eca7d4c499d9;27;thomasvl@google.com;thomasvl@google.com
GPBUtilities.m;MODIFY;1496;-42.0;Decreased;True;2022-09-23 21:27:46+00:00;False;404;72;10107;e99b2819ee6a38395ad083e5c27306cab8607009;197;mkruskal@google.com;mkruskal@google.com
GPBUtilities.m;MODIFY;1497;1.0;Decreased;True;2022-09-26 15:01:59+00:00;False;404;72;10122;2fb33b8c5436fdde70123b8acdd7955f3225c3db;18;thomasvl@google.com;thomasvl@google.com
GPBUtilities.m;MODIFY;1497;0.0;Decreased;True;2022-09-27 19:31:15+00:00;False;404;72;10122;388e3d744f27d08e573c2325e3e221d7dff13f13;102;mkruskal@google.com;mkruskal@google.com
GPBUtilities.m;MODIFY;1496;-1.0;Decreased;True;2022-11-15 17:02:01+00:00;False;404;72;10111;7bb699be43e230315cf23808eff28bd694df7c17;6;copybara-worker@google.com;protobuf-github-bot@google.com
GPBUtilities.m;MODIFY;1496;0.0;Equal;True;2023-01-31 17:09:10+00:00;False;404;72;10111;663fca1658593e7092bef8fdafc990fed8009760;16;copybara-worker@google.com;protobuf-github-bot@google.com
GPBUtilities.m;MODIFY;1502;6.0;Grew;True;2023-01-31 21:18:12+00:00;False;405;73;10133;6e5a01bf725da3ad358bbff661cadaecab79e54f;4;copybara-worker@google.com;protobuf-github-bot@google.com
GPBUtilities.m;MODIFY;1502;0.0;Decreased;True;2023-09-09 01:47:26+00:00;False;405;73;10133;44bd65b2d3c0470d91a23cc14df5ffb1ab0af7cd;43;copybara-worker@google.com;haberman@google.com
GPBUtilities.m;MODIFY;1502;0.0;Equal;True;2024-01-19 14:55:13+00:00;False;405;73;10133;7d508b41df74fffb327a6c2a3964d3f3f1d05c79;3;copybara-worker@google.com;protobuf-github-bot@google.com
GPBUtilities.m;MODIFY;1503;1.0;Grew;True;2024-04-09 16:14:31+00:00;False;405;73;10146;b375d010bf57a6d673125330ec47f6e6a7e03f5c;4;copybara-worker@google.com;dmaclach@google.com
GPBUtilities.m;MODIFY;1503;0.0;Equal;True;2024-06-28 15:42:11+00:00;False;405;73;10145;de29e3c9aeff8b85913f6bd1a2395e303f932ab4;3;copybara-worker@google.com;thomasvl@google.com
GPBUtilities.m;MODIFY;1566;63.0;Grew;True;2024-07-23 16:03:12+00:00;False;420;74;10530;55e997ea222561c606ba7c59706e6377776c5d9b;4;copybara-worker@google.com;thomasvl@google.com
GPBUtilities.m;MODIFY;1571;5.0;Grew;True;2024-08-27 15:50:22+00:00;False;422;74;10548;cdd3cf7ed4a34d9b01065ffef41988c1aefc663c;4;copybara-worker@google.com;thomasvl@google.com
GPBUtilities.m;MODIFY;1571;0.0;Grew;True;2024-09-05 15:52:31+00:00;False;422;74;10548;5710bfcbb9a67d091ab1cabfad48fdde540e69de;36;copybara-worker@google.com;thomasvl@google.com
GPBUtilities.m;MODIFY;1542;-29.0;Decreased;True;2024-10-09 23:14:56+00:00;False;414;73;10337;2b93422f7eea500b26d1a9aaf7d07b3120f83d39;35;copybara-worker@google.com;thomasvl@google.com
GPBUtilities.m;MODIFY;1527;-15.0;Decreased;True;2024-10-10 16:52:43+00:00;False;410;72;10277;cffa5902606ee3ebf23214b80251722b3654d5be;10;copybara-worker@google.com;thomasvl@google.com
