file_name;change_type;n_loc;lines_balance;size_change;is_large;date;swapped_classification;complexity;methods;tokens;hash;files_on_commit;committer_email;author_email
JsonFormatTest.java;ADD;840;0.0;Equal;False;2015-08-25 21:32:09+00:00;False;35;27;5491;fbb3ef28c91026bd56585cb825f40a563301466e;10;xfxyjwf@gmail.com;xfxyjwf@gmail.com
JsonFormatTest.java;MODIFY;991;151.0;Grew;False;2015-12-12 01:10:28+00:00;False;47;32;5799;e841bac4fcf47f809e089a70d5f84ac37b3883df;225;xfxyjwf@gmail.com;xfxyjwf@gmail.com
JsonFormatTest.java;MODIFY;1007;16.0;Grew;False;2016-03-30 18:39:59+00:00;False;48;33;5931;3b3c8abb9635eb3ea078a821a99c9ef29d66dff7;269;jisi.liu@gmail.com;jisi.liu@gmail.com
JsonFormatTest.java;MODIFY;1002;-5.0;Decreased;False;2016-06-29 22:38:03+00:00;False;49;34;5856;d64a2d9941c36a7bc2a7959ea10ab8363192ac14;216;acozzette@google.com;acozzette@google.com
JsonFormatTest.java;MODIFY;1058;56.0;Grew;True;2016-07-01 09:08:16+00:00;True;51;36;6080;454dbf16fc81db3b8367342cf425201294004c23;2;li.rong@skyscanner.net;li.rong@skyscanner.net
JsonFormatTest.java;MODIFY;1074;16.0;Grew;True;2016-07-13 20:48:40+00:00;False;52;37;6181;9086d9643903c608ab015b0b7d903547a4e7b6f3;59;xfxyjwf@gmail.com;xfxyjwf@gmail.com
JsonFormatTest.java;MODIFY;1088;14.0;Grew;True;2016-09-08 19:08:30+00:00;False;55;39;6284;1fc416be21983a024c9e90f43e13152395643b04;2;dprotaso@gmail.com;dprotaso@gmail.com
JsonFormatTest.java;MODIFY;1182;94.0;Grew;True;2016-09-20 00:42:40+00:00;False;57;41;6859;98835fb8f8a8f144f2a1eac0b833ff83f4a05f54;280;teboring@google.com;teboring@google.com
JsonFormatTest.java;MODIFY;1182;0.0;Equal;True;2016-10-10 18:23:36+00:00;False;57;41;6859;cc8ca5b6a5478b40546d4206392eb1471454460d;280;teboring@google.com;teboring@google.com
JsonFormatTest.java;MODIFY;1213;31.0;Grew;True;2016-11-18 00:59:59+00:00;False;59;42;7053;5a76e633ea9b5adb215e93fdc11e1c0c08b3fc74;286;acozzette@google.com;acozzette@google.com
JsonFormatTest.java;MODIFY;1196;-17.0;Decreased;True;2016-12-06 02:01:20+00:00;False;57;41;7023;1a56251a3582d8b060ca65db6ef1d178c744f81f;2;cwelton@apache.org;caleb@autonomic.ai
JsonFormatTest.java;MODIFY;1231;35.0;Grew;True;2017-03-09 00:56:43+00:00;False;60;43;7242;4ae8656b6dca8ad788efa2f8883f421676e62d8c;2;xfxyjwf@gmail.com;xfxyjwf@gmail.com
JsonFormatTest.java;MODIFY;1253;22.0;Grew;True;2017-03-09 22:42:45+00:00;False;62;43;7387;075475f8341393e78d8cd664f8500f6397ee9941;2;xfxyjwf@gmail.com;xfxyjwf@gmail.com
JsonFormatTest.java;MODIFY;1354;101.0;Grew;True;2017-03-29 21:33:05+00:00;False;74;44;7964;d36c0c538a545fac5d9db6ba65c525246d4efa95;251;xfxyjwf@gmail.com;xfxyjwf@gmail.com
JsonFormatTest.java;MODIFY;1354;0.0;Equal;True;2017-03-29 23:03:53+00:00;False;74;44;7967;84f6954ca91e7dbe57e4c972f9ac260361beaa49;4;xfxyjwf@gmail.com;xfxyjwf@gmail.com
JsonFormatTest.java;MODIFY;1264;-90.0;Decreased;True;2017-04-04 08:27:53+00:00;False;64;44;7450;662f97841e838802987e5d208c1d898226c06ef1;1;anuraaga@gmail.com;anuraaga@gmail.com
JsonFormatTest.java;MODIFY;1264;0.0;Equal;True;2017-04-05 08:44:26+00:00;False;64;44;7450;09328db1ff546e5c535ee0c3fbbe2b1f3ec07b63;1;anuraaga@gmail.com;anuraaga@gmail.com
JsonFormatTest.java;MODIFY;1262;-2.0;Decreased;True;2017-04-07 05:50:52+00:00;False;64;44;7425;bf483dfb99a5b7c57ee0a222bd041275cda9cf98;4;anuraaga@gmail.com;anuraaga@gmail.com
JsonFormatTest.java;MODIFY;1359;97.0;Grew;True;2017-07-18 22:38:30+00:00;False;75;44;7980;09354db1434859a31a3c81abebcc4018d42f2715;272;jisi.liu@gmail.com;jisi.liu@gmail.com
JsonFormatTest.java;MODIFY;1371;12.0;Grew;True;2017-12-01 18:05:10+00:00;False;77;46;8095;92a7e778e7394386f413cec28d67a07630f784b1;143;acozzette@google.com;acozzette@google.com
JsonFormatTest.java;MODIFY;1411;40.0;Grew;True;2018-07-30 20:36:46+00:00;False;82;51;8409;0f56f27ffc3a8317a13c1eb5dcec61de538a4fff;2;xfxyjwf@gmail.com;vijayjb@gmail.com
JsonFormatTest.java;MODIFY;1372;-39.0;Decreased;True;2018-08-09 00:00:41+00:00;False;77;46;8120;6bbe197e9c1b6fc38cbdc45e3bf83fa7ced792a3;443;xfxyjwf@gmail.com;xfxyjwf@gmail.com
JsonFormatTest.java;MODIFY;1407;35.0;Grew;True;2018-09-04 17:58:54+00:00;False;82;51;8437;d61aede89cf188367766b971f59cf57d7835d8e8;363;jhaberman@gmail.com;jhaberman@gmail.com
JsonFormatTest.java;MODIFY;1454;47.0;Grew;True;2018-11-09 19:28:22+00:00;False;84;53;8699;0894e07536af88065d462cdc9d8e807c0723ef4d;206;acozzette@google.com;acozzette@google.com
JsonFormatTest.java;MODIFY;1470;16.0;Grew;True;2018-12-20 22:21:20+00:00;False;85;54;8883;624a40a387e1b2da4c6bbde44ad3d0a5efb9879b;118;teboring@google.com;teboring@google.com
JsonFormatTest.java;MODIFY;1471;1.0;Grew;True;2019-03-20 18:45:01+00:00;False;85;54;8894;2f864fdfdf18318ef24b02141733adb356508370;90;haon@google.com;haon@google.com
JsonFormatTest.java;MODIFY;1481;10.0;Grew;True;2019-04-05 23:39:18+00:00;False;87;55;8953;a48a574f7e890436363ca8ac71d866252b216052;388;haon@google.com;haon@google.com
JsonFormatTest.java;MODIFY;1471;-10.0;Decreased;True;2019-04-06 00:09:42+00:00;False;85;54;8894;c163a2d1a431712c31916dadfbb5727f7c5cb4f5;398;haon@google.com;haon@google.com
JsonFormatTest.java;MODIFY;1481;10.0;Grew;True;2019-04-09 13:23:32+00:00;False;87;55;8953;176f7db11d8242b36a3ea6abb1cc436fca5bf75d;392;haon@google.com;haon@google.com
JsonFormatTest.java;MODIFY;1483;2.0;Grew;True;2019-04-30 22:30:49+00:00;False;87;56;8988;76b4b4b331e7e4088a9ca215ba57e42f8d2edd73;34;haon@google.com;haon@google.com
JsonFormatTest.java;MODIFY;1523;40.0;Grew;True;2019-07-19 21:49:01+00:00;False;89;58;9309;7bff8393cab939bfbb9b5c69b3fe76b4d83c41ee;168;noreply@github.com;TeBoring@users.noreply.github.com
JsonFormatTest.java;MODIFY;1536;13.0;Grew;True;2019-09-12 18:03:27+00:00;False;91;59;9354;763c3588740b97e8e80b1b1a1a2dc4f417647133;93;noreply@github.com;TeBoring@users.noreply.github.com
JsonFormatTest.java;MODIFY;1547;11.0;Grew;True;2020-03-31 23:25:37+00:00;False;92;60;9435;b99994d994e399174fe688a5efbcb6d91f36952a;229;jhaberman@gmail.com;jhaberman@gmail.com
JsonFormatTest.java;MODIFY;1547;0.0;Equal;True;2020-10-21 17:04:14+00:00;False;92;60;9435;de371235c9f50eadad7a3562572b79a9422cd754;141;jhaberman@gmail.com;jhaberman@gmail.com
JsonFormatTest.java;MODIFY;1606;59.0;Grew;True;2021-08-03 18:58:05+00:00;False;92;60;9961;562fc946c748d0ddb451ad1ce48570685f23a4f1;355;acozzette@google.com;acozzette@google.com
JsonFormatTest.java;MODIFY;1750;144.0;Grew;True;2022-04-04 20:42:37+00:00;False;115;72;10910;a29e0e3f449487f776b54b2afc78ac2e60bf4fca;210;mkruskal@google.com;mkruskal@google.com
JsonFormatTest.java;MODIFY;1750;0.0;Equal;True;2023-09-09 07:37:12+00:00;False;115;72;10910;7853a5e3018d07d8ab86cf901d8d711e18fff472;16;copybara-worker@google.com;haberman@google.com
JsonFormatTest.java;MODIFY;1750;0.0;Equal;True;2023-09-18 22:17:56+00:00;False;115;72;10910;81068e8e8cf00f25559112a562661064d59bfa87;292;copybara-worker@google.com;sandyzhang@google.com
JsonFormatTest.java;MODIFY;1879;129.0;Grew;True;2024-01-30 14:53:44+00:00;False;125;78;11489;58baeb4c3b664f8918d24cef5151083d9da9767c;4;copybara-worker@google.com;protobuf-github-bot@google.com
JsonFormatTest.java;MODIFY;1750;-129.0;Decreased;True;2024-01-30 18:35:11+00:00;False;115;72;10910;44ec9d9e86ebdd410a4b613682fb57506d6a113b;4;copybara-worker@google.com;protobuf-github-bot@google.com
JsonFormatTest.java;MODIFY;1889;139.0;Grew;True;2024-02-01 20:35:14+00:00;False;126;79;11566;d111589bc05f0c11d9d2b0e230bc3217f24feb40;4;copybara-worker@google.com;protobuf-github-bot@google.com
JsonFormatTest.java;MODIFY;1886;-3.0;Decreased;True;2024-02-05 13:53:59+00:00;False;126;79;11566;7d43131a0a3a2a7640208849eeac016c6c61374e;9;copybara-worker@google.com;protobuf-github-bot@google.com
JsonFormatTest.java;MODIFY;1614;-272.0;Decreased;True;2024-02-05 19:35:16+00:00;False;107;73;10154;26995798757fbfef5cf6648610848e389db1fecf;9;copybara-worker@google.com;protobuf-github-bot@google.com
