file_name;change_type;n_loc;lines_balance;size_change;is_large;date;swapped_classification;complexity;methods;tokens;hash;files_on_commit;committer_email;author_email
RubyMessage.java;ADD;557;0.0;Grew;False;2015-03-10 22:14:08+00:00;False;142;34;4676;27e2b57830c328b83286e055752bf92790587953;28;issaria@gmail.com;issaria@gmail.com
RubyMessage.java;MODIFY;557;0.0;Equal;False;2015-05-02 05:50:57+00:00;False;142;34;4682;d55733c76ee1db702529f38f602548ffe48a4ab1;7;adam.greene@gmail.com;adam.greene@gmail.com
RubyMessage.java;MODIFY;563;6.0;Grew;False;2015-05-02 20:48:23+00:00;False;143;34;4699;64678265c5ae28998d031900c2de52419a8ed7e4;4;adam.greene@gmail.com;adam.greene@gmail.com
RubyMessage.java;MODIFY;567;4.0;Grew;False;2015-05-13 17:03:56+00:00;False;145;34;4745;d1b52a00e002fd7a4adbcdeafa0634de6088a88f;11;adam.greene@gmail.com;adam.greene@gmail.com
RubyMessage.java;MODIFY;577;10.0;Grew;False;2015-11-20 20:55:18+00:00;False;148;35;4879;0df1e398eb6022602b2909acdfe06c668ae6a8a2;3;lowe@lowe.nu;lowe@lowe.nu
RubyMessage.java;MODIFY;577;0.0;Equal;False;2015-11-20 20:56:04+00:00;False;148;35;4879;8bcd0d7fc766c6c2cba3aa2bbc20750ec72728c6;1;lowe@lowe.nu;lowe@lowe.nu
RubyMessage.java;MODIFY;577;0.0;Equal;False;2015-11-20 20:57:28+00:00;False;148;35;4895;0559f3ee9e1cae9e2dfc9893567cb0ac229727bf;3;lowe@lowe.nu;lowe@lowe.nu
RubyMessage.java;MODIFY;577;0.0;Equal;False;2015-11-23 13:53:33+00:00;False;148;35;4859;3a5f213cca8dc7a541bd4fe63ea61c7634e44d5a;1;lowe@lowe.nu;lowe@lowe.nu
RubyMessage.java;MODIFY;581;4.0;Grew;False;2016-05-18 22:39:29+00:00;False;148;35;4878;2d514ce2d8b1f5fb00c6031a1a8e4dab968e4927;3;jhaberman@gmail.com;jhaberman@gmail.com
RubyMessage.java;MODIFY;581;0.0;Equal;False;2016-07-25 08:26:14+00:00;False;148;35;4878;d07a9963df7c01d978c0749eb5753f98a3f0dc65;5;jhaberman@gmail.com;jhaberman@gmail.com
RubyMessage.java;MODIFY;596;15.0;Grew;False;2016-09-20 18:07:42+00:00;False;152;35;5006;05aa0df532b263bdfca1ac3f8493db7022950239;1;brendan.ribera@gmail.com;brendan.ribera@gmail.com
RubyMessage.java;MODIFY;596;0.0;Grew;False;2016-09-22 00:18:12+00:00;False;152;35;5006;525c6327ab45c60bcd7804804eb0dd74c0ba86fe;1;teboring@google.com;brendan.ribera@gmail.com
RubyMessage.java;MODIFY;607;11.0;Grew;False;2017-09-20 18:38:05+00:00;False;156;35;5123;83264bd160326fe808c2d5bfbebe54e77f781152;3;zanker@squareup.com;zanker@squareup.com
RubyMessage.java;MODIFY;603;-4.0;Grew;False;2017-09-20 18:39:46+00:00;False;157;35;5161;87714836e328ca3f98c93a451be26bfd35e804b7;5;zanker@squareup.com;zanker@squareup.com
RubyMessage.java;MODIFY;615;12.0;Grew;False;2018-06-27 03:27:24+00:00;False;162;35;5288;70544627cb89a61652d688c53984c68013ab985e;3;TeBoring@users.noreply.github.com;zach.anker@gmail.com
RubyMessage.java;MODIFY;615;0.0;Equal;False;2019-05-22 19:21:51+00:00;False;162;35;5284;565154af78c01c0424833022179dbfbe43fb081c;4;mike@blowmage.com;mike@blowmage.com
RubyMessage.java;MODIFY;822;207.0;Grew;False;2020-12-12 00:02:41+00:00;False;240;45;7030;8313e577e572566308eb5c3768ec9d2cd807658a;21;acozzette@google.com;robert.widmer@finalsite.com
RubyMessage.java;MODIFY;833;11.0;Grew;False;2020-12-12 00:02:41+00:00;False;241;45;7098;7b1d6abbe452c64958de7ef52ce596cf3640b7db;4;acozzette@google.com;robert.widmer@finalsite.com
RubyMessage.java;MODIFY;905;72.0;Grew;False;2021-10-03 22:25:43+00:00;False;271;44;7587;3581d85ced36aa468fbf90f22ed021ce23f3c24d;21;jason.lunn@gmail.com;jason.lunn@gmail.com
RubyMessage.java;MODIFY;905;0.0;Equal;False;2021-10-04 13:57:47+00:00;False;271;44;7580;a09c8e1c795d87993e2795fa865728f1c9a34c55;1;jason.lunn@gmail.com;jason.lunn@gmail.com
RubyMessage.java;MODIFY;907;2.0;Grew;False;2021-10-04 15:43:21+00:00;False;272;44;7590;b5687819a62eb06a86a94320feb2ec84b9979428;1;jason.lunn@gmail.com;jason.lunn@gmail.com
RubyMessage.java;MODIFY;925;18.0;Grew;False;2022-02-09 16:44:12+00:00;False;276;43;7800;fbe6ab248787743f2f72a5bd477808244067f2d4;6;noreply@github.com;lukas@fittl.com
RubyMessage.java;MODIFY;925;0.0;Equal;False;2022-02-09 18:21:13+00:00;False;276;43;7800;d5ef16c6eb6ee2f2a998926b702a6c54cc4f2f88;5;noreply@github.com;acozzette@google.com
RubyMessage.java;MODIFY;932;7.0;Grew;False;2022-03-08 18:38:52+00:00;False;278;43;7856;24a0659f95ccde38c62de565af1363f47d9575e7;3;noreply@github.com;luka.dornhecker@hey.com
RubyMessage.java;MODIFY;932;0.0;Grew;False;2022-03-10 18:36:42+00:00;False;278;43;7856;b20209f321bbbbde8eaf193427103218da9df2be;184;acozzette@google.com;acozzette@google.com
RubyMessage.java;MODIFY;934;2.0;Grew;False;2022-03-16 17:37:46+00:00;False;276;43;7869;58e320a7323b55f65137222064ed0e72fe423e23;2;jason.lunn@gmail.com;jason.lunn@gmail.com
RubyMessage.java;MODIFY;1012;78.0;Grew;False;2022-03-28 22:43:53+00:00;False;307;44;8554;8e7f93669612a06cafc39625f61258b9d6b77a3c;5;noreply@github.com;jason.lunn@gmail.com
RubyMessage.java;MODIFY;1131;119.0;Grew;True;2022-03-28 22:58:54+00:00;True;307;44;8554;5b28ae70c0a231359008c1c228bc872e99610ccd;14;jason.lunn@gmail.com;jason.lunn@gmail.com
RubyMessage.java;MODIFY;934;-197.0;Grew;False;2022-03-31 20:00:09+00:00;True;276;43;7869;7fa212bba15da2fd725860dcc2e511a89eadba89;2;jason.lunn@gmail.com;jason.lunn@gmail.com
RubyMessage.java;MODIFY;1012;78.0;Grew;False;2022-03-31 20:00:26+00:00;False;307;44;8554;31a6482b8597099547769323878f27fef498e3d3;5;jason.lunn@gmail.com;jason.lunn@gmail.com
RubyMessage.java;MODIFY;1131;119.0;Grew;True;2022-04-04 20:42:37+00:00;True;307;44;8554;a29e0e3f449487f776b54b2afc78ac2e60bf4fca;210;mkruskal@google.com;mkruskal@google.com
RubyMessage.java;MODIFY;1131;0.0;Decreased;True;2022-04-22 17:18:36+00:00;False;307;44;8554;a2a0c3c118640367803dac98e3b92c4b410b6b3b;2;jhaberman@gmail.com;jhaberman@gmail.com
RubyMessage.java;MODIFY;1123;-8.0;Decreased;True;2023-01-31 21:13:28+00:00;False;301;44;8508;d1a3c6d08b3238415cb5c08609f42d88d9b227d3;3;copybara-worker@google.com;shaldengeki@gmail.com
RubyMessage.java;MODIFY;1128;5.0;Grew;True;2023-03-07 19:22:00+00:00;False;303;44;8545;8aa2b177f156393ce607b4ffea8c1ac28560c746;3;copybara-worker@google.com;sugiacupit@gmail.com
RubyMessage.java;MODIFY;1129;1.0;Grew;True;2023-03-29 20:56:22+00:00;False;303;44;8546;8c8b2be3a830755014d338d023c8b60779f70b8b;5;copybara-worker@google.com;sandyzhang@google.com
RubyMessage.java;MODIFY;1133;4.0;Grew;True;2023-05-10 21:15:51+00:00;False;304;44;8591;dc1387e41db6862934f5d6ec6d32457b4021ed29;2;copybara-worker@google.com;jason.lunn@gmail.com
RubyMessage.java;MODIFY;1155;22.0;Grew;True;2023-11-09 11:48:30+00:00;False;312;46;8762;ae1f2b7e1b329aba1d204e6d3ddc61a88bc35dd9;27;copybara-worker@google.com;jason.lunn@gmail.com
RubyMessage.java;MODIFY;1171;16.0;Grew;True;2023-11-14 23:37:16+00:00;False;315;48;8870;42f8b7782ed539d56d0f0e13da4e85603553e828;13;copybara-worker@google.com;jason.lunn@gmail.com
RubyMessage.java;MODIFY;1172;1.0;Grew;True;2023-11-30 05:26:28+00:00;False;315;48;8882;1aeacd4f4eb4e0aa05d6336e2988a565e475e9a0;2;mkruskal@google.com;sandyzhang@google.com
RubyMessage.java;MODIFY;1168;-4.0;Decreased;True;2024-01-04 18:02:30+00:00;False;310;48;8865;fd699383f44d6847fa6ddc3e0c9c94e77e3cf8dc;7;copybara-worker@google.com;haberman@google.com
RubyMessage.java;MODIFY;1172;4.0;Grew;True;2024-01-04 20:54:10+00:00;False;311;48;8878;31313b16522b36394d460055f6a49000ae939153;18;copybara-worker@google.com;haberman@google.com
RubyMessage.java;MODIFY;1173;1.0;Grew;True;2024-01-05 18:41:01+00:00;False;312;48;8887;bb38ba55753a27a78abd8cc1d5211eb8950dabfe;3;copybara-worker@google.com;jason.lunn@gmail.com
RubyMessage.java;MODIFY;1168;-5.0;Decreased;True;2024-01-12 14:27:30+00:00;False;312;48;8846;519284a55961fca339d69d516c31bd62082c177b;5;copybara-worker@google.com;sandyzhang@google.com
RubyMessage.java;MODIFY;1168;0.0;Equal;True;2024-02-05 18:14:15+00:00;False;312;48;8846;4d23fa068a5eed1284645ef0d5ed32068986068f;1;copybara-worker@google.com;protobuf-github-bot@google.com
