file_name;change_type;n_loc;lines_balance;size_change;is_large;date;swapped_classification;complexity;methods;tokens;hash;files_on_commit;committer_email;author_email
TextFormatTest.java;RENAME;not calculated;0.0;Equal;False;2016-01-13 16:15:15+00:00;False;not calculated;0;not calculated;49efe9d7db877022e76375df2d4daadab98619b6;146;nathanmittler@google.com;nathanmittler@google.com
TextFormatTest.java;RENAME;not calculated;0.0;Equal;False;2016-01-28 21:59:14+00:00;False;not calculated;0;not calculated;cb3f428810456dbb31211ed421401b90fb3b6586;141;jisi.liu@gmail.com;jisi.liu@gmail.com
TextFormatTest.java;RENAME;not calculated;0.0;Equal;False;2016-01-29 21:51:05+00:00;False;not calculated;0;not calculated;5221dcbe479ed765d8103ed7601c69b6d8d6ca4f;157;jisi.liu@gmail.com;jisi.liu@gmail.com
TextFormatTest.java;MODIFY;885.0;0.0;Equal;False;2016-03-30 18:39:59+00:00;False;69;46;5174;3b3c8abb9635eb3ea078a821a99c9ef29d66dff7;269;jisi.liu@gmail.com;jisi.liu@gmail.com
TextFormatTest.java;MODIFY;888.0;3.0;Grew;False;2016-04-28 21:34:59+00:00;False;69;46;5180;cf14183bcd5485b4a71541599ddce0b35eb71352;228;jisi.liu@gmail.com;jisi.liu@gmail.com
TextFormatTest.java;MODIFY;889.0;1.0;Grew;False;2016-06-29 22:38:03+00:00;False;69;46;5182;d64a2d9941c36a7bc2a7959ea10ab8363192ac14;216;acozzette@google.com;acozzette@google.com
TextFormatTest.java;MODIFY;912.0;23.0;Grew;False;2016-09-20 00:42:40+00:00;False;71;48;5255;98835fb8f8a8f144f2a1eac0b833ff83f4a05f54;280;teboring@google.com;teboring@google.com
TextFormatTest.java;MODIFY;912.0;0.0;Equal;False;2016-10-10 18:23:36+00:00;False;71;48;5255;cc8ca5b6a5478b40546d4206392eb1471454460d;280;teboring@google.com;teboring@google.com
TextFormatTest.java;MODIFY;985.0;73.0;Grew;False;2017-03-29 21:33:05+00:00;False;77;53;5834;d36c0c538a545fac5d9db6ba65c525246d4efa95;251;xfxyjwf@gmail.com;xfxyjwf@gmail.com
TextFormatTest.java;MODIFY;984.0;-1.0;Decreased;False;2017-05-12 22:29:08+00:00;False;77;53;5785;129a6e2aca95dcfb6c3e717d7b9cca1f104fde39;3;xfxyjwf@gmail.com;xfxyjwf@gmail.com
TextFormatTest.java;MODIFY;984.0;0.0;Equal;False;2017-07-18 22:38:30+00:00;False;77;53;5785;09354db1434859a31a3c81abebcc4018d42f2715;272;jisi.liu@gmail.com;jisi.liu@gmail.com
TextFormatTest.java;MODIFY;993.0;9.0;Grew;False;2017-09-14 17:03:57+00:00;False;77;53;5830;13fd045dbb2b4dacea32be162a41d5a4b0d1802f;173;acozzette@google.com;acozzette@google.com
TextFormatTest.java;MODIFY;1047.0;54.0;Grew;False;2017-12-01 18:05:10+00:00;False;85;59;6225;92a7e778e7394386f413cec28d67a07630f784b1;143;acozzette@google.com;acozzette@google.com
TextFormatTest.java;MODIFY;1044.0;-3.0;Decreased;False;2018-03-13 23:37:29+00:00;False;85;59;6225;0400cca3236de1ca303af38bf81eab332d042b7c;282;acozzette@google.com;acozzette@google.com
TextFormatTest.java;MODIFY;1037.0;-7.0;Decreased;False;2018-08-09 00:00:41+00:00;False;85;59;6225;6bbe197e9c1b6fc38cbdc45e3bf83fa7ced792a3;443;xfxyjwf@gmail.com;xfxyjwf@gmail.com
TextFormatTest.java;MODIFY;967.0;-70.0;Decreased;False;2018-09-04 17:58:54+00:00;False;85;59;6205;d61aede89cf188367766b971f59cf57d7835d8e8;363;jhaberman@gmail.com;jhaberman@gmail.com
TextFormatTest.java;MODIFY;1028.0;61.0;Grew;False;2018-11-09 19:28:22+00:00;False;89;62;6499;0894e07536af88065d462cdc9d8e807c0723ef4d;206;acozzette@google.com;acozzette@google.com
TextFormatTest.java;MODIFY;1046.0;18.0;Grew;False;2019-04-05 23:39:18+00:00;False;92;64;6640;a48a574f7e890436363ca8ac71d866252b216052;388;haon@google.com;haon@google.com
TextFormatTest.java;MODIFY;1028.0;-18.0;Decreased;False;2019-04-06 00:09:42+00:00;False;89;62;6499;c163a2d1a431712c31916dadfbb5727f7c5cb4f5;398;haon@google.com;haon@google.com
TextFormatTest.java;MODIFY;1046.0;18.0;Grew;False;2019-04-09 13:23:32+00:00;False;92;64;6640;176f7db11d8242b36a3ea6abb1cc436fca5bf75d;392;haon@google.com;haon@google.com
TextFormatTest.java;MODIFY;1046.0;0.0;Equal;False;2019-04-30 22:30:49+00:00;False;92;64;6640;76b4b4b331e7e4088a9ca215ba57e42f8d2edd73;34;haon@google.com;haon@google.com
TextFormatTest.java;MODIFY;1067.0;21.0;Grew;True;2019-06-11 23:00:16+00:00;True;92;64;6788;09cab821a96c52b7b3482bd993177a33098012a8;64;haon@google.com;haon@google.com
TextFormatTest.java;MODIFY;1250.0;183.0;Grew;True;2019-07-19 21:49:01+00:00;False;99;71;7900;7bff8393cab939bfbb9b5c69b3fe76b4d83c41ee;168;noreply@github.com;TeBoring@users.noreply.github.com
TextFormatTest.java;MODIFY;1287.0;37.0;Grew;True;2020-03-31 23:25:37+00:00;False;100;72;8031;b99994d994e399174fe688a5efbcb6d91f36952a;229;jhaberman@gmail.com;jhaberman@gmail.com
TextFormatTest.java;MODIFY;1305.0;18.0;Grew;True;2020-05-11 07:12:20+00:00;False;101;73;8184;6b5fb807c00603ff3fbb392d2a002fac2444d5c5;42;jhaberman@gmail.com;jhaberman@gmail.com
TextFormatTest.java;MODIFY;1305.0;0.0;Equal;True;2020-05-12 18:34:02+00:00;False;101;73;8184;01e8c0fa348d38caddc25619d50d346a376172ff;6;jhaberman@gmail.com;jhaberman@gmail.com
TextFormatTest.java;MODIFY;1325.0;20.0;Grew;True;2020-05-15 00:04:20+00:00;False;102;74;8287;7276738e79e4584ede41504e3aef15428b11ecb4;2;noreply@github.com;jhaberman@gmail.com
TextFormatTest.java;MODIFY;1325.0;0.0;Equal;True;2020-05-16 23:42:02+00:00;False;102;74;8287;9952e36f92cfff9ca0ec4d43a5ff146d26f64a01;20;noreply@github.com;jhaberman@gmail.com
TextFormatTest.java;MODIFY;1325.0;0.0;Equal;True;2020-05-26 07:26:15+00:00;False;102;74;8287;0a737d8eb049dbfa5875a8c53f41fb6d777c1588;70;jhaberman@gmail.com;jhaberman@gmail.com
TextFormatTest.java;MODIFY;1334.0;9.0;Grew;True;2020-08-17 22:26:13+00:00;False;102;74;8373;95e6c5b4746dd7474d540ce4fb375e3f79a086f8;229;jhaberman@gmail.com;jhaberman@gmail.com
TextFormatTest.java;MODIFY;1413.0;79.0;Grew;True;2020-10-21 17:04:14+00:00;False;111;74;8826;de371235c9f50eadad7a3562572b79a9422cd754;141;jhaberman@gmail.com;jhaberman@gmail.com
TextFormatTest.java;MODIFY;1479.0;66.0;Grew;True;2021-08-03 18:58:05+00:00;False;111;74;9562;562fc946c748d0ddb451ad1ce48570685f23a4f1;355;acozzette@google.com;acozzette@google.com
TextFormatTest.java;MODIFY;1513.0;34.0;Grew;True;2021-09-09 15:21:42+00:00;False;114;77;9809;e5c570bb572bebe706d0389f2ea734a3e1a7d821;119;jhaberman@gmail.com;jhaberman@gmail.com
TextFormatTest.java;MODIFY;1524.0;11.0;Grew;True;2021-10-25 17:46:34+00:00;False;115;78;9885;3370cc4456deaeb97ca6ae4aa10b0be1f2610c7f;24;dmollitor@apache.org;dmollitor@apache.org
TextFormatTest.java;MODIFY;1523.0;-1.0;Decreased;True;2022-01-07 18:19:51+00:00;False;115;78;9876;d8ccfbf00541eb0705bbba640d65e3df814b3d2a;24;noreply@github.com;elharo@users.noreply.github.com
TextFormatTest.java;MODIFY;1528.0;5.0;Grew;True;2022-02-09 04:53:31+00:00;False;116;79;9913;dce403a8b3fe23f812f2d5a841a1d63ac27c0702;107;jhaberman@gmail.com;jhaberman@gmail.com
TextFormatTest.java;MODIFY;1528.0;0.0;Equal;True;2022-03-02 17:37:55+00:00;False;116;79;9913;76398dab31e7e14c4f98a26612a6f09dec2f8106;123;acozzette@google.com;acozzette@google.com
TextFormatTest.java;MODIFY;1540.0;12.0;Grew;True;2022-07-11 15:02:06+00:00;False;117;80;9943;6cf86ac37a77a7e94634b2d085737d97186befb5;11;theodorerose@google.com;theodorerose@google.com
TextFormatTest.java;MODIFY;1541.0;1.0;Grew;True;2022-08-24 17:46:33+00:00;False;117;80;9948;a3c8e2deb05186334b7ee8c1174f44802e38b43d;273;noreply@github.com;62662355+mkruskal-google@users.noreply.github.com
TextFormatTest.java;MODIFY;1542.0;1.0;Grew;True;2023-02-28 19:38:12+00:00;False;117;80;9955;d27df9288474981259aae320dbd3650028b04755;1;copybara-worker@google.com;protobuf-github-bot@google.com
TextFormatTest.java;MODIFY;1633.0;91.0;Grew;True;2023-07-31 18:36:23+00:00;False;129;86;10609;bca3bed137d013d4a654ffec52c0d44a3202aab2;2;copybara-worker@google.com;acozzette@google.com
TextFormatTest.java;MODIFY;1633.0;0.0;Equal;True;2023-07-31 20:17:35+00:00;False;129;86;10609;43e1657cdff986eda44bf2ea437fa75c2d2a22b0;2;copybara-worker@google.com;acozzette@google.com
TextFormatTest.java;MODIFY;1633.0;0.0;Equal;True;2023-09-09 07:12:07+00:00;False;129;86;10609;40d69fd51fc5786a24dc44f2c1a9eab31d53e80c;125;copybara-worker@google.com;haberman@google.com
TextFormatTest.java;MODIFY;1633.0;0.0;Equal;True;2023-09-18 22:17:56+00:00;False;129;86;10609;81068e8e8cf00f25559112a562661064d59bfa87;292;copybara-worker@google.com;sandyzhang@google.com
TextFormatTest.java;MODIFY;1709.0;76.0;Grew;True;2023-11-30 23:40:36+00:00;False;131;88;11052;c8e01607aec4c09f510aa7e0d5df6a204e74189e;2;copybara-worker@google.com;protobuf-github-bot@google.com
TextFormatTest.java;MODIFY;1891.0;182.0;Grew;True;2024-04-05 20:08:43+00:00;False;151;104;12193;29c69ff00b58b60e67fcf40fd810009bd39b86c6;11;copybara-worker@google.com;mkruskal@google.com
TextFormatTest.java;MODIFY;1887.0;-4.0;Decreased;True;2024-09-03 16:53:46+00:00;False;151;104;12150;90c3fa2c393634a525bc4ad1957149668f6967f8;2;copybara-worker@google.com;mkruskal@google.com
TextFormatTest.java;MODIFY;1919.0;32.0;Grew;True;2024-10-19 00:28:42+00:00;False;153;106;12326;b8d356701a788951d92a1b4f04881fb539ca62d7;2;copybara-worker@google.com;protobuf-github-bot@google.com
TextFormatTest.java;MODIFY;1924.0;5.0;Grew;True;2024-10-24 04:53:17+00:00;False;153;106;12348;7f6e90ba46a25755b0e2ba8ff8f21908c80074ed;2;copybara-worker@google.com;nickreid@google.com
