file_name;change_type;n_loc;lines_balance;size_change;is_large;date;swapped_classification;complexity;methods;tokens;hash;files_on_commit;committer_email;author_email
dnSpy.AsmEditor.Resources.Designer.cs;RENAME;not calculated;0.0;Equal;False;2016-08-21 14:35:29+00:00;False;not calculated;0;not calculated;e05cb9eb16f388d04b867f5003cc92820a3c8173;1159;de4dot@gmail.com;de4dot@gmail.com
dnSpy.AsmEditor.Resources.Designer.cs;MODIFY;3993.0;0.0;Grew;True;2016-08-26 19:16:58+00:00;True;2;2;15277;864c1950d31d61b6529116ea3841daa0586ed289;7;de4dot@gmail.com;de4dot@gmail.com
dnSpy.AsmEditor.Resources.Designer.cs;MODIFY;3998.0;5.0;Grew;True;2016-08-26 19:18:00+00:00;False;2;2;15296;bf854670aa8a0846520e237275e252488208e6b3;13;de4dot@gmail.com;de4dot@gmail.com
dnSpy.AsmEditor.Resources.Designer.cs;MODIFY;4003.0;5.0;Grew;True;2016-09-04 14:42:59+00:00;False;2;2;15315;5c2f1200bffa25f4fff3458a3217844a59d3aed1;3;de4dot@gmail.com;de4dot@gmail.com
dnSpy.AsmEditor.Resources.Designer.cs;MODIFY;4003.0;0.0;Equal;True;2016-09-09 19:44:57+00:00;False;2;2;15315;720e5f035d698b583853c12e9f472062ccea6818;4;de4dot@gmail.com;de4dot@gmail.com
dnSpy.AsmEditor.Resources.Designer.cs;MODIFY;3993.0;-10.0;Decreased;True;2016-09-28 21:56:39+00:00;False;2;2;15277;0ae6890b1e0372c985051d8765cd121d51e26b2a;734;de4dot@gmail.com;de4dot@gmail.com
dnSpy.AsmEditor.Resources.Designer.cs;MODIFY;3998.0;5.0;Grew;True;2016-10-30 16:52:43+00:00;False;2;2;15296;f18a45e4c54dda80893b2137d2b73e11ae6f262c;16;de4dot@gmail.com;de4dot@gmail.com
dnSpy.AsmEditor.Resources.Designer.cs;MODIFY;4003.0;5.0;Grew;True;2016-10-30 16:52:54+00:00;False;2;2;15315;b6f3b48695d3089fd21eadf6a40381378d24f9bd;12;de4dot@gmail.com;de4dot@gmail.com
dnSpy.AsmEditor.Resources.Designer.cs;MODIFY;4013.0;10.0;Grew;True;2016-10-31 20:32:24+00:00;False;2;2;15353;7c265e0be2103da3b6634c7147b251a51de46612;12;de4dot@gmail.com;de4dot@gmail.com
dnSpy.AsmEditor.Resources.Designer.cs;MODIFY;4023.0;10.0;Grew;True;2016-11-02 20:48:36+00:00;False;2;2;15391;eed4a78ce61db523ae720ef35ffb244c87a2122b;4;de4dot@gmail.com;de4dot@gmail.com
dnSpy.AsmEditor.Resources.Designer.cs;MODIFY;4038.0;15.0;Grew;True;2016-11-06 11:34:46+00:00;False;2;2;15448;67b9c26fed1a35d50137544270503598afc58067;28;de4dot@gmail.com;de4dot@gmail.com
dnSpy.AsmEditor.Resources.Designer.cs;MODIFY;4043.0;5.0;Grew;True;2016-11-06 11:34:57+00:00;False;2;2;15467;8627e56d4a168064cebb9d54a6718c8fedeffeeb;11;de4dot@gmail.com;de4dot@gmail.com
dnSpy.AsmEditor.Resources.Designer.cs;MODIFY;4038.0;-5.0;Decreased;True;2016-11-06 17:15:39+00:00;False;2;2;15448;e1ff67d106e0a880dc203d044e0faa5392cb0257;14;de4dot@gmail.com;de4dot@gmail.com
dnSpy.AsmEditor.Resources.Designer.cs;MODIFY;3993.0;-45.0;Decreased;True;2016-12-03 19:49:32+00:00;False;2;2;15277;cfcb5cee88cab5005ce65923b1bc05272f7a0e08;66;de4dot@gmail.com;de4dot@gmail.com
dnSpy.AsmEditor.Resources.Designer.cs;MODIFY;3998.0;5.0;Grew;True;2016-12-13 23:07:31+00:00;False;2;2;15296;51eab6fddd732ffd9611ef75cd235273e04af289;4;de4dot@gmail.com;de4dot@gmail.com
dnSpy.AsmEditor.Resources.Designer.cs;MODIFY;3988.0;-10.0;Decreased;True;2016-12-26 12:38:24+00:00;False;2;2;15258;86640912cfc3847d36150945f8d13093fa16b5a3;35;de4dot@gmail.com;de4dot@gmail.com
dnSpy.AsmEditor.Resources.Designer.cs;MODIFY;3988.0;0.0;Equal;True;2017-02-15 23:32:12+00:00;False;2;2;15258;445b343f4b2ef3e9ccf8e23c89233ff8b4ff4241;4;de4dot@gmail.com;mirek_vales@email.cz
dnSpy.AsmEditor.Resources.Designer.cs;MODIFY;3988.0;0.0;Equal;True;2017-02-27 21:02:00+00:00;False;2;2;15258;47814983b87cfb03bfc4d4789de90ba5653dfd04;27;de4dot@gmail.com;de4dot@gmail.com
dnSpy.AsmEditor.Resources.Designer.cs;MODIFY;3993.0;5.0;Grew;True;2017-03-09 20:45:07+00:00;False;2;2;15277;8596d3d205f6f5c5e54918a35244cf4efeaad0da;3;de4dot@gmail.com;de4dot@gmail.com
dnSpy.AsmEditor.Resources.Designer.cs;MODIFY;4003.0;10.0;Grew;True;2017-05-30 17:35:01+00:00;False;2;2;15315;5e990731c187ced25e497cda71571ea57edc0649;7;de4dot@gmail.com;de4dot@gmail.com
dnSpy.AsmEditor.Resources.Designer.cs;MODIFY;4023.0;20.0;Grew;True;2018-03-01 19:10:39+00:00;False;2;2;15391;7efbac7b92091c92f6db16aa49f3dfc980033505;7;de4dot@gmail.com;de4dot@gmail.com
dnSpy.AsmEditor.Resources.Designer.cs;MODIFY;4033.0;10.0;Grew;True;2018-03-01 19:10:48+00:00;False;2;2;15429;07317e51172016aa22cf38729ae9220cb092aa0f;15;de4dot@gmail.com;de4dot@gmail.com
dnSpy.AsmEditor.Resources.Designer.cs;MODIFY;4038.0;5.0;Grew;True;2018-03-29 13:36:13+00:00;False;2;2;15448;e5232a675b682850fc83ccc014485b7ba4e9954a;6;de4dot@gmail.com;de4dot@gmail.com
dnSpy.AsmEditor.Resources.Designer.cs;MODIFY;4043.0;5.0;Grew;True;2018-04-01 10:41:08+00:00;False;2;2;15467;3174f030e020dd9f1c088b4072c807c97c0e0978;3;de4dot@gmail.com;de4dot@gmail.com
dnSpy.AsmEditor.Resources.Designer.cs;MODIFY;4048.0;5.0;Grew;True;2018-06-01 17:03:45+00:00;False;2;2;15486;996be07fef5910b06667f4133b1e0877349d54fc;19;de4dot@gmail.com;de4dot@gmail.com
dnSpy.AsmEditor.Resources.Designer.cs;MODIFY;4058.0;10.0;Grew;True;2018-12-28 18:47:33+00:00;False;2;2;15524;42c902551f5032501a8be452c7a9621fc10bf6ba;4;de4dot@gmail.com;39192928+FailedShack@users.noreply.github.com
dnSpy.AsmEditor.Resources.Designer.cs;MODIFY;4057.0;-1.0;Equal;True;2019-01-01 11:52:57+00:00;False;2;2;15523;824c5abf7c5d20bfc903223a82d6237b2b175fe9;4211;de4dot@gmail.com;de4dot@gmail.com
dnSpy.AsmEditor.Resources.Designer.cs;MODIFY;3678.0;-379.0;Decreased;True;2019-04-20 12:37:59+00:00;False;2;2;14080;def34b0010337e7348601ee4488ba614f48757ca;16;de4dot@gmail.com;de4dot@gmail.com
