|File Name|Change Type|Local File PATH Old|Local File PATH New|Complexity|Methods|Tokens|Lines Of Code (nloc)|Lines Added|Lines Deleted
0|flow.c|MODIFY|net/core/flow.c|net/core/flow.c|47|14|1523|273|1|1
