file_name;change_type;n_loc;lines_balance;size_change;is_large;date;swapped_classification;complexity;methods;tokens;hash;files_on_commit;committer_email;author_email
catchError.ts;MODIFY;463;0.0;Grew;False;2023-05-29 12:26:40+00:00;False;1;1;1322;e7ff641b611578de1fadb7dea22a6269c64e34d4;4;pranavxc@gmail.com;pranavxc@gmail.com
catchError.ts;MODIFY;471;8.0;Grew;False;2023-10-05 10:24:47+00:00;False;1;1;1325;26de94bfc1f3a60ae23ae8a533e6c7c92692e573;2;pranavxc@gmail.com;pranavxc@gmail.com
catchError.ts;MODIFY;484;13.0;Grew;False;2023-10-09 04:11:31+00:00;False;1;1;1331;2e2d0c5b36c041f198c59fbf689033f12b9b9516;34;pranavxc@gmail.com;pranavxc@gmail.com
catchError.ts;MODIFY;484;0.0;Equal;False;2023-10-09 13:53:35+00:00;False;1;1;1331;6afc439ffc37607ba2b8c5ea9609cee1c1befc9f;14;pranavxc@gmail.com;pranavxc@gmail.com
catchError.ts;MODIFY;490;6.0;Grew;False;2023-10-24 18:39:30+00:00;False;1;1;1331;c9fc3f35a31317fbf657f651468eab50a7603fbf;2;pranavxc@gmail.com;pranavxc@gmail.com
catchError.ts;MODIFY;491;1.0;Grew;False;2023-11-08 04:37:20+00:00;False;1;1;1342;d61424c3e6617bee78a6f86944f7e86f3007318b;37;pranavxc@gmail.com;pranavxc@gmail.com
catchError.ts;MODIFY;491;0.0;Equal;False;2023-11-08 04:37:20+00:00;False;1;1;1343;def91b99f357ca91bfd1162a84d08eec372d5191;49;pranavxc@gmail.com;pranavxc@gmail.com
catchError.ts;MODIFY;491;0.0;Equal;False;2023-11-18 06:40:33+00:00;False;1;1;1343;733f7c709d949906cdb7ec9c83bf26fc15484609;6;pranavxc@gmail.com;pranavxc@gmail.com
catchError.ts;MODIFY;491;0.0;Equal;False;2023-11-18 16:46:49+00:00;False;1;1;1337;bbde7bba0b795cd9c4116b363dea26e26aa780f3;5;86527202+dstala@users.noreply.github.com;86527202+dstala@users.noreply.github.com
catchError.ts;MODIFY;753;262.0;Grew;False;2024-03-20 14:59:28+00:00;False;1;1;1457;af49ed346f51d01fac7b746e71b4bf138125dc7e;44;noreply@github.com;mertmit99@gmail.com
catchError.ts;MODIFY;700;-53.0;Grew;False;2024-04-08 09:24:23+00:00;False;1;1;1448;8b1e26277cb051d5253d3782ae02c15aefc5d1a0;3;mertmit99@gmail.com;mertmit99@gmail.com
catchError.ts;MODIFY;712;12.0;Grew;False;2024-04-19 05:49:57+00:00;False;1;1;1464;543a44a9c2133b25b1c8fdc435712635ab6bfab3;2;mertmit99@gmail.com;mertmit99@gmail.com
catchError.ts;MODIFY;720;8.0;Grew;False;2024-05-01 06:09:22+00:00;False;2;1;1494;2ee3edee584bb4a92703e7cd1fb3b994c0262dff;64;noreply@github.com;pranavxc@gmail.com
catchError.ts;MODIFY;720;0.0;Equal;False;2024-05-04 06:33:58+00:00;False;2;1;1494;21073b32cc88e3322d1dab352d5f03497fbbbaf0;2;mertmit99@gmail.com;mertmit99@gmail.com
catchError.ts;MODIFY;732;12.0;Grew;False;2024-05-15 09:21:11+00:00;False;2;1;1494;5b2ba2cb7e999c734ecd7c5d326946e8da7cfc8d;4;noreply@github.com;pranavxc@gmail.com
catchError.ts;MODIFY;742;10.0;Grew;False;2024-05-27 15:24:47+00:00;False;1;1;1518;b67ecb313d1d30093b05be89043b9bcfe79458b9;3;pranavxc@gmail.com;pranavxc@gmail.com
catchError.ts;MODIFY;754;12.0;Grew;False;2024-06-04 15:01:52+00:00;False;1;1;1528;2759f1982ae7f66fb2a2a71f216aa98a6bb478ea;3;noreply@github.com;pranavxc@gmail.com
catchError.ts;MODIFY;765;11.0;Grew;False;2024-06-08 12:29:44+00:00;False;1;1;1533;c876b49467945872153753f3e84f233b2d40d5ac;241;noreply@github.com;mertmit99@gmail.com
catchError.ts;MODIFY;791;26.0;Grew;False;2024-06-10 10:59:24+00:00;False;1;1;1546;f4dcddf88c6b6b569f8ce9f1b653353ec531c8d7;8;noreply@github.com;mertmit99@gmail.com
catchError.ts;MODIFY;793;2.0;Grew;False;2024-06-14 11:05:27+00:00;False;1;1;1548;486c29bdd41d1bbb35bf6d59959e5e2b8a3d7fa4;2;noreply@github.com;mertmit99@gmail.com
catchError.ts;MODIFY;803;10.0;Grew;False;2024-06-18 19:06:17+00:00;False;1;1;1503;308ee8ddf8dd549caa0ab85289bab5ee81dc1c7a;55;pranavxc@gmail.com;pranavxc@gmail.com
catchError.ts;MODIFY;803;0.0;Equal;False;2024-06-18 19:06:17+00:00;False;1;1;1503;76ff5594d197057d7a26bf7a7f585f4131eccbd4;8;pranavxc@gmail.com;pranavxc@gmail.com
catchError.ts;MODIFY;810;7.0;Grew;False;2024-07-12 18:22:03+00:00;False;1;1;1516;d96738888190bf7fa2a136c9014e3eb6c3bbbe33;3;pranavxc@gmail.com;pranavxc@gmail.com
catchError.ts;MODIFY;819;9.0;Grew;False;2024-07-12 18:22:04+00:00;False;1;1;1529;540aa3023636f34a46a6d943d1af7d8abdf2c4a4;3;pranavxc@gmail.com;pranavxc@gmail.com
catchError.ts;MODIFY;810;-9.0;Equal;False;2024-07-12 18:22:04+00:00;False;1;1;1516;628c50edabc0201ffeb88ff443d14678c9351091;3;pranavxc@gmail.com;pranavxc@gmail.com
catchError.ts;MODIFY;861;51.0;Grew;False;2024-08-04 10:06:20+00:00;False;4;3;1627;9de25471b8a0e392e5cb3802f9c0b0ffd9e05657;130;noreply@github.com;pranavxc@gmail.com
catchError.ts;MODIFY;872;11.0;Grew;False;2024-08-14 10:02:19+00:00;False;4;3;1632;0bb5ab99826ea7d614089ba7faf7a45f4346c30e;333;noreply@github.com;anbarasun123@gmail.com
catchError.ts;MODIFY;899;27.0;Grew;False;2024-08-27 19:58:12+00:00;False;4;3;1642;bbaec26544f6dd12a63429ca7601b4dc3243952f;3;pranavxc@gmail.com;pranavxc@gmail.com
catchError.ts;MODIFY;891;-8.0;Grew;False;2024-08-27 19:58:12+00:00;False;4;3;1639;f96d78bb407f165afaa97c7e26eefc6f92877949;3;pranavxc@gmail.com;pranavxc@gmail.com
catchError.ts;MODIFY;950;59.0;Grew;True;2024-08-28 14:07:11+00:00;True;4;3;1816;dd499d1d13ef722a1158fa81c307bf9ef2eb37d8;9;noreply@github.com;anbarasun123@gmail.com
catchError.ts;MODIFY;959;9.0;Grew;True;2024-08-28 17:58:44+00:00;False;4;3;1816;c9f56650e7087cb285bde72904dd1a6fc54ff8d3;4;noreply@github.com;86527202+dstala@users.noreply.github.com
catchError.ts;MODIFY;966;7.0;Grew;True;2024-10-17 20:03:55+00:00;False;4;3;1820;a2f98af534be52f12b7b0e9007c239976febb5b0;2;mertmit99@gmail.com;mertmit99@gmail.com
catchError.ts;MODIFY;987;21.0;Grew;True;2024-10-22 17:35:10+00:00;False;4;3;1837;1107111e6dccace3aeac59fca25c8581a661c5d6;7;pranavxc@gmail.com;pranavxc@gmail.com
catchError.ts;MODIFY;987;0.0;Equal;True;2024-10-22 17:35:10+00:00;False;4;3;1837;76b04bb0e51dd3151c75eeda79c711f6777e59be;1;pranavxc@gmail.com;pranavxc@gmail.com
catchError.ts;MODIFY;1003;16.0;Grew;True;2024-10-25 12:57:51+00:00;False;4;3;1844;aae5d9663e1b29d98000543ff5974172bae60da5;7;pranavxc@gmail.com;pranavxc@gmail.com
catchError.ts;MODIFY;1010;7.0;Grew;True;2024-11-20 17:11:14+00:00;False;4;3;1869;b9afd0ba509901043d8ba22961a67f6ca80780a7;3;101566080+rameshmane7218@users.noreply.github.com;101566080+rameshmane7218@users.noreply.github.com
