file_name;change_type;n_loc;lines_balance;size_change;is_large;date;swapped_classification;complexity;methods;tokens;hash;files_on_commit;committer_email;author_email
InteropTests.m;RENAME;761;0.0;Equal;False;2019-04-30 18:02:27+00:00;False;68;35;5296;99533ab52b30e4055eb6ee034a8de81f7cb863a8;51;mxyan@google.com;mxyan@google.com
InteropTests.m;MODIFY;764;3.0;Grew;False;2019-04-30 23:56:43+00:00;False;68;35;5310;2e8e7e4838ecf179cbb2ee8e943c27cec6dc7668;1;mxyan@google.com;mxyan@google.com
InteropTests.m;MODIFY;765;1.0;Grew;False;2019-05-01 01:25:06+00:00;False;70;36;5307;d6c98bf82e46daed0841382d59d112a36979fb17;9;mxyan@google.com;mxyan@google.com
InteropTests.m;MODIFY;765;0.0;Equal;False;2019-05-01 21:20:26+00:00;False;70;36;5307;bcbff503ec3f3afd87978822a29b19dc9b4fddf6;1;mxyan@google.com;mxyan@google.com
InteropTests.m;MODIFY;765;0.0;Equal;False;2019-05-23 20:25:04+00:00;False;70;36;5307;fb1a6b1d4804782f8ee9b6e1a563a4397f436714;4;mxyan@google.com;mxyan@google.com
InteropTests.m;MODIFY;765;0.0;Equal;False;2019-05-24 16:25:17+00:00;False;70;36;5307;caa965bd1d0b12e388cd95da5593880049675b1b;9;mxyan@google.com;mxyan@google.com
InteropTests.m;MODIFY;1236;471.0;Grew;True;2019-05-31 14:27:18+00:00;True;5;5;8460;e3f976f4d5885d6645e0b5fa57f2eeb9af74652d;1;mxyan@google.com;mxyan@google.com
InteropTests.m;MODIFY;1389;153.0;Grew;True;2019-06-07 17:26:55+00:00;False;5;5;9462;2b6e7c44235522c125dbc14e6b82e18c8aab62cd;13;pjaikumar@google.com;pjaikumar@google.com
InteropTests.m;MODIFY;1237;-152.0;Decreased;True;2019-06-07 22:10:49+00:00;False;5;5;8458;9601b46ffa10b68ea54453ac5cdf62bcf19f834f;1;mxyan@google.com;mxyan@google.com
InteropTests.m;MODIFY;1237;0.0;Equal;True;2019-06-08 00:40:56+00:00;False;5;5;8458;cbf70f2db208f97589aeb7d35707c9db33a056e7;1;noreply@github.com;muxi@users.noreply.github.com
InteropTests.m;MODIFY;1379;142.0;Grew;True;2019-06-12 15:59:40+00:00;False;5;5;9304;93c8088b332c02e505743e3ad06ecbd31ccb863a;4;mxyan@google.com;mxyan@google.com
InteropTests.m;MODIFY;1237;-142.0;Decreased;True;2019-06-12 20:49:17+00:00;False;5;5;8458;f5551f11386f149581aa9898fc9ec3ce2dc1f1fe;13;noreply@github.com;muxi@users.noreply.github.com
InteropTests.m;MODIFY;1379;142.0;Grew;True;2019-06-13 23:11:17+00:00;False;5;5;9304;94a18020eb6652976e73d386f355cf0b08c28fc3;2;mxyan@google.com;mxyan@google.com
InteropTests.m;MODIFY;1539;160.0;Grew;True;2019-06-13 23:11:51+00:00;False;5;5;10344;f08aab26bf132258a75e04266fd217196c5033d6;1;mxyan@google.com;mxyan@google.com
InteropTests.m;MODIFY;1539;0.0;Equal;True;2019-06-14 15:11:39+00:00;False;5;5;10344;19c9b193c560895292917415aac7ffe5333229f1;1;noreply@github.com;muxi@users.noreply.github.com
InteropTests.m;MODIFY;1238;-301.0;Decreased;True;2019-06-14 21:58:51+00:00;False;5;5;8463;0719ebd2ed3dd057d9630c26c013cdcd186cbede;2;mxyan@google.com;mxyan@google.com
InteropTests.m;MODIFY;1604;366.0;Grew;True;2019-06-18 17:13:13+00:00;False;5;5;10774;a9ad58e0374ab83b511c6be5be45ae7f75f74b95;2;mxyan@google.com;mxyan@google.com
InteropTests.m;MODIFY;1607;3.0;Grew;True;2019-06-18 21:17:15+00:00;False;5;5;10792;9640bcddc24f9ec32e3ec967ca83986cf35814bf;1;mxyan@google.com;mxyan@google.com
InteropTests.m;MODIFY;1606;-1.0;Decreased;True;2019-06-18 21:23:06+00:00;False;5;5;10792;ad61ae12359a0c493170499220e89530e6185c10;3;mxyan@google.com;mxyan@google.com
InteropTests.m;MODIFY;1596;-10.0;Decreased;True;2019-07-20 21:22:13+00:00;False;5;5;10823;3b5f0fd7658c1d9713665051ddb0743ffe022f22;74;mxyan@google.com;mxyan@google.com
InteropTests.m;MODIFY;1607;11.0;Grew;True;2019-07-24 01:49:15+00:00;False;5;5;10797;8b3da5a69863c62b1358b5d8a02d27bd3483733c;17;tonyzhehaolu@google.com;tonyzhehaolu@google.com
InteropTests.m;MODIFY;1596;-11.0;Decreased;True;2019-07-25 15:45:02+00:00;False;5;5;10829;5e1f96c5b8588b48cfdd1d86dd2f411670c58275;4;mxyan@google.com;mxyan@google.com
InteropTests.m;MODIFY;1594;-2.0;Decreased;True;2019-07-25 16:53:15+00:00;False;5;5;10829;08b21aed41d92e0e1b8477cd89a5a7b80ecbf75c;32;mxyan@google.com;mxyan@google.com
InteropTests.m;MODIFY;1607;13.0;Grew;True;2019-07-26 00:05:07+00:00;False;5;5;10797;e76a5dd73cb719aa588e4844cb4f69956b39b89b;8;tonyzhehaolu@google.com;tonyzhehaolu@google.com
InteropTests.m;MODIFY;1614;7.0;Grew;True;2019-08-05 23:45:24+00:00;False;5;5;10833;81719815927e4d8a0621ab97d5fde5a0af6c61f3;9;tonyzhehaolu@google.com;tonyzhehaolu@google.com
InteropTests.m;MODIFY;1614;0.0;Equal;True;2019-08-28 18:37:59+00:00;False;5;5;10833;d1f4456dc656264c3413dd9596b910cad3539e33;102;mxyan@google.com;mxyan@google.com
InteropTests.m;MODIFY;1601;-13.0;Decreased;True;2019-08-28 20:35:40+00:00;False;5;5;10865;96c11d153ff2247293bef1896aa5cc9496335950;102;noreply@github.com;muxi@users.noreply.github.com
InteropTests.m;MODIFY;1601;0.0;Equal;True;2019-09-01 05:10:33+00:00;False;5;5;10865;e5e2b79c01cec333257ea5ec011128348e6d2a88;16;mxyan@google.com;mxyan@google.com
InteropTests.m;MODIFY;1601;0.0;Equal;True;2019-09-06 20:53:31+00:00;False;5;5;10865;f89e11d03735a3a0df4de96bc6c156904caff2ae;19;mxyan@google.com;mxyan@google.com
InteropTests.m;MODIFY;1636;35.0;Grew;True;2019-10-10 15:47:49+00:00;False;5;5;11193;48d0d6f5ad44e6b0f4eeb4580ddd6bcf9d1001fe;7;mxyan@google.com;mxyan@google.com
InteropTests.m;MODIFY;1651;15.0;Grew;True;2019-10-14 17:13:16+00:00;False;5;5;11328;0b2b94e2b8ce8ce54bb15dd32595a7dd0fe2a1ac;2;mxyan@google.com;mxyan@google.com
InteropTests.m;MODIFY;1654;3.0;Grew;True;2019-10-14 17:43:54+00:00;False;5;5;11328;37c36e843a5751bb2007d695bfc91c521dcd1dcf;1;mxyan@google.com;mxyan@google.com
InteropTests.m;MODIFY;1693;39.0;Grew;True;2020-02-28 22:09:52+00:00;False;5;5;11591;b5ea30b7b1fd15cbdd95eab9e0aa13dd15537dd4;1;mxyan@google.com;mxyan@google.com
InteropTests.m;MODIFY;1658;-35.0;Decreased;True;2020-03-03 18:46:55+00:00;False;5;5;11328;415d41f9e88a2ed1da868fee75e97e025541a809;91;veblush@google.com;veblush@google.com
InteropTests.m;MODIFY;1661;3.0;Grew;True;2020-09-01 18:25:55+00:00;False;5;5;11350;c57f7cdc32d71a2160e2567315a1c5f9a92d9474;1;yashkt@google.com;yashkt@google.com
InteropTests.m;MODIFY;1697;36.0;Grew;True;2020-11-03 10:52:24+00:00;False;5;5;11591;2042c703be2c5451a6ccb8b1445d43c84b9667d0;1;yashkt@google.com;yashkt@google.com
InteropTests.m;MODIFY;1697;0.0;Equal;True;2021-02-12 19:47:42+00:00;False;5;5;11591;3f32e24753e70937bf74090001d186dc4bb4d620;1;yliangsysu@gmail.com;yliangsysu@gmail.com
InteropTests.m;MODIFY;1694;-3.0;Decreased;True;2021-04-14 18:11:54+00:00;False;5;5;11573;338349726d4d0bc0ab36297e91a6900e24c99690;1;noreply@github.com;64815511+yulin-liang@users.noreply.github.com
InteropTests.m;MODIFY;1700;6.0;Grew;True;2021-04-21 00:06:19+00:00;False;5;5;11585;706a65ed34cba0e4b2c43f7eef7bf2a07b0d403e;1;noreply@github.com;64815511+yulin-liang@users.noreply.github.com
InteropTests.m;MODIFY;1700;0.0;Equal;True;2021-07-29 17:19:16+00:00;False;5;5;11585;a325d7f77a861c5543e5360b48bc2e7fc37b4862;28;noreply@github.com;nicolasnoble@users.noreply.github.com
InteropTests.m;MODIFY;1822;122.0;Grew;True;2021-08-17 09:14:31+00:00;False;5;5;12444;52fece38e625418cdc922b1523b3288405c57532;3;noreply@github.com;dennycd@me.com
InteropTests.m;MODIFY;1700;-122.0;Decreased;True;2021-08-17 20:50:09+00:00;False;5;5;11585;d17884b7d6a40c73c1a04dd978560ef059340c83;3;noreply@github.com;dennycd@me.com
InteropTests.m;MODIFY;1703;3.0;Grew;True;2021-08-26 22:01:34+00:00;False;5;5;11603;cef46fe7aea262a5b920e144218c29234bac5f3a;1;noreply@github.com;dennycd@google.com
InteropTests.m;MODIFY;1694;-9.0;Decreased;True;2021-09-02 20:14:01+00:00;False;5;5;11584;837ee24f66bdee2f17a61bf7484a9e21e0c6e88b;1;noreply@github.com;dennycd@google.com
InteropTests.m;MODIFY;1697;3.0;Grew;True;2021-09-08 06:21:04+00:00;False;5;5;11584;7da167175749a903bb1de4d598d5f59cb46bdadb;1;noreply@github.com;dennycd@google.com
InteropTests.m;MODIFY;1697;0.0;Equal;True;2021-09-09 07:52:21+00:00;False;5;5;11584;1eaea530d715ff12ab55ee20b21b7122f12f023f;1;noreply@github.com;dennycd@google.com
InteropTests.m;MODIFY;1693;-4.0;Decreased;True;2021-09-14 04:47:00+00:00;False;5;5;11600;fc16798c70c034c43f16e1a8397001a40981b4b2;1;noreply@github.com;dennycd@google.com
InteropTests.m;MODIFY;1692;-1.0;Decreased;True;2021-10-18 16:25:20+00:00;False;5;5;11603;30ffe62efdeeb26c1081d32277ccce1c3ef71972;1;noreply@github.com;dennycd@google.com
InteropTests.m;MODIFY;1864;172.0;Grew;True;2022-07-07 02:39:48+00:00;False;5;5;12291;7565f58a39b979cd51a9a6c74125252738dad642;1;noreply@github.com;dennycd@google.com
InteropTests.m;MODIFY;1866;2.0;Grew;True;2022-07-14 20:34:33+00:00;False;5;5;12309;67be31c38c8df0eecbcfd8e5dca84a6bd3f049a3;5;noreply@github.com;dennycd@google.com
InteropTests.m;MODIFY;1928;62.0;Grew;True;2022-07-14 21:57:38+00:00;False;5;5;12831;50379c60421bbb7fcadd1dd702e524ce282f4ffb;1;noreply@github.com;dennycd@google.com
InteropTests.m;MODIFY;1945;17.0;Grew;True;2022-07-18 22:34:28+00:00;False;5;5;12904;1cad82802b73cb95b79c6e30665618500cabeeee;2;noreply@github.com;dennycd@google.com
InteropTests.m;MODIFY;1988;43.0;Grew;True;2022-07-20 20:05:38+00:00;False;5;5;13745;a0ce815f342c32d8bd78f8d2ec15057c01010824;4;noreply@github.com;dennycd@google.com
InteropTests.m;MODIFY;1987;-1.0;Decreased;True;2022-07-21 23:28:14+00:00;False;5;5;13745;daee661f3c6f2446dbad1285ae465dc52ba2eed9;4;noreply@github.com;dennycd@google.com
InteropTests.m;MODIFY;1990;3.0;Grew;True;2022-09-09 09:22:23+00:00;False;5;5;13759;b9dfcc092ec743e08ff1263c3ea400b3767622ed;1;noreply@github.com;jtattermusch@google.com
InteropTests.m;MODIFY;1988;-2.0;Decreased;True;2023-02-11 01:42:34+00:00;False;5;5;13747;82f7405595817656620bcdb52c834d39b07a17c4;1;noreply@github.com;yijiem@google.com
InteropTests.m;MODIFY;1988;0.0;Equal;True;2024-01-23 18:19:25+00:00;False;5;5;13747;af95eafb34c20f980b65342cac0ee7cea534b161;15;copybara-worker@google.com;veblush@google.com
InteropTests.m;MODIFY;1988;0.0;Equal;True;2024-03-13 22:36:00+00:00;False;5;5;13747;424e95ccbb2099242a2c71b2d0154eb537b3cb41;7;copybara-worker@google.com;yashkt@google.com
