file_name;change_type;n_loc;lines_balance;size_change;is_large;date;swapped_classification;complexity;methods;tokens;hash;files_on_commit;committer_email;author_email
whisper.cpp;RENAME;5101;0.0;Grew;True;2024-06-26 16:34:09+00:00;True;962;191;42020;e30c6799283225e1dcf574924b79cb49ebc2a209;361;noreply@github.com;ggerganov@gmail.com
whisper.cpp;MODIFY;5101;0.0;Grew;True;2024-06-26 17:11:38+00:00;False;962;191;42020;dc8cc2dd6fcba4629af7ec751ca42ab13f7d6e4e;6;ggerganov@gmail.com;ggerganov@gmail.com
whisper.cpp;MODIFY;5100;-1.0;Equal;True;2024-07-08 11:53:55+00:00;False;962;191;42007;dbf9c15e30dcd48ca9b9a84f9a2d8b84c58fe6e0;7;ggerganov@gmail.com;ggerganov@gmail.com
whisper.cpp;MODIFY;5101;1.0;Grew;True;2024-07-15 12:50:36+00:00;False;963;191;42003;7ae885c1efd29b9857cb9aead5561e572c2424b3;1;noreply@github.com;40765267+arizhih@users.noreply.github.com
whisper.cpp;MODIFY;5110;9.0;Grew;True;2024-07-16 07:21:09+00:00;False;968;191;42056;f68298ce06ca3edd6e6f3f21c3d0bb5f073942c3;2;noreply@github.com;mstephenson6@users.noreply.github.com
whisper.cpp;MODIFY;5112;2.0;Grew;True;2024-07-27 17:35:04+00:00;False;969;191;42083;6739eb83c3ca5cf40d24c6fe8442a761a1eb6248;1;noreply@github.com;ggerganov@gmail.com
whisper.cpp;MODIFY;5112;0.0;Equal;True;2024-08-09 06:58:16+00:00;False;969;191;42082;4b7de08bfdc1bdd07d7727bc4f299b9bffec8f2a;1;ggerganov@gmail.com;ggerganov@gmail.com
whisper.cpp;MODIFY;5122;10.0;Grew;True;2024-08-09 12:21:56+00:00;False;974;191;42150;81c999fe0a25c4ebbfef10ed8a1a96df9cfc10fd;3;noreply@github.com;cmq0113@163.com
whisper.cpp;MODIFY;5123;1.0;Grew;True;2024-08-28 08:40:11+00:00;False;974;191;42155;6e9596f6de084ee07035ea8c5cfdd6966403800c;1;ggerganov@gmail.com;ggerganov@gmail.com
whisper.cpp;MODIFY;5123;0.0;Equal;True;2024-08-28 10:22:20+00:00;False;974;191;42167;9d754a56cf628cb5e487bc134078b4b04ee14b98;1;ggerganov@gmail.com;ggerganov@gmail.com
whisper.cpp;MODIFY;5123;0.0;Equal;True;2024-09-24 16:45:08+00:00;False;974;191;42166;fe18c29ab8309a3c4527598fac35153c13554ee5;14;ggerganov@gmail.com;ggerganov@gmail.com
whisper.cpp;MODIFY;5120;-3.0;Decreased;True;2024-10-03 09:22:17+00:00;False;972;191;42150;ccc2547210e09e3a1785817383ab770389bb442b;5;ggerganov@gmail.com;ggerganov@gmail.com
whisper.cpp;MODIFY;5123;3.0;Grew;True;2024-10-05 09:36:40+00:00;False;974;191;42187;f62a546e03a0bae558eead57113056ee5614ea4c;1;noreply@github.com;ggerganov@gmail.com
whisper.cpp;MODIFY;5072;-51.0;Decreased;True;2024-10-05 12:23:51+00:00;False;967;186;41783;396089f3cff451363654067951c4ff0f17d7105e;8;ggerganov@gmail.com;ggerganov@gmail.com
whisper.cpp;MODIFY;5073;1.0;Grew;True;2024-10-05 12:23:51+00:00;False;967;186;41792;847f94fdeb9dc1f750ba9deebc763d4d6aedd129;1;ggerganov@gmail.com;ggerganov@gmail.com
whisper.cpp;MODIFY;5123;50.0;Grew;True;2024-10-05 12:23:51+00:00;False;974;191;42187;941912467d400c0ba3df42a735ac382c862a5d93;13;ggerganov@gmail.com;ggerganov@gmail.com
whisper.cpp;MODIFY;5082;-41.0;Grew;True;2024-10-08 17:08:00+00:00;False;968;187;41841;fdbfb460ed546452a5d53611bba66d10d842e719;2;noreply@github.com;40202887+sandrohanea@users.noreply.github.com
whisper.cpp;MODIFY;5084;2.0;Grew;True;2024-10-15 18:00:21+00:00;False;968;187;41896;b6049060dd2341b7816d2bce7dc7451c1665828e;3;noreply@github.com;rotemdan@gmail.com
whisper.cpp;MODIFY;5084;0.0;Equal;True;2024-10-23 12:14:03+00:00;False;968;187;41896;0fbaac9c891055796456df7b9122a70c220f9ca1;1;noreply@github.com;jossciiweiyi@gmail.com
whisper.cpp;MODIFY;5089;5.0;Grew;True;2024-10-29 06:47:21+00:00;False;972;187;41958;1626b73b035ff9aa2b8d6d7bc9eccfdcd783be24;1;noreply@github.com;jettoblack@gmail.com
whisper.cpp;MODIFY;5089;0.0;Equal;True;2024-10-29 17:30:26+00:00;False;972;187;41958;3f020fac9d459da944a805ae572042d571c3418e;1;ggerganov@gmail.com;ggerganov@gmail.com
whisper.cpp;MODIFY;5089;0.0;Grew;True;2024-10-31 20:00:09+00:00;False;972;187;41965;aa037a60f32018f32e54be3531ec6cc7802899eb;4;noreply@github.com;ggerganov@gmail.com
whisper.cpp;MODIFY;5090;1.0;Grew;True;2024-11-01 08:19:05+00:00;False;972;187;41976;0377596b77a3602e36430320cbe45f8c305ef04a;1;ggerganov@gmail.com;ggerganov@gmail.com
whisper.cpp;MODIFY;5090;0.0;Equal;True;2024-11-06 21:02:11+00:00;False;972;187;41981;31aea563a83803c710691fed3e8d700e06ae6788;1;noreply@github.com;vinith@alum.mit.edu
whisper.cpp;MODIFY;5091;1.0;Grew;True;2024-11-13 19:47:15+00:00;False;972;187;41992;5ccca19f0cf846a536a07cd60f9ff19ce343d906;2;noreply@github.com;61390950+thewh1teagle@users.noreply.github.com
whisper.cpp;MODIFY;5103;12.0;Grew;True;2024-11-13 19:51:34+00:00;False;974;188;42162;5f8a086e22c412ae00679f2c7b6417dd2512fe0e;9;noreply@github.com;developer@jhen.me
whisper.cpp;MODIFY;5104;1.0;Grew;True;2024-11-15 13:21:04+00:00;False;974;188;42164;5089ab2d6a544a6624fb4d7873328d24e4132253;2;ggerganov@gmail.com;ggerganov@gmail.com
whisper.cpp;MODIFY;5075;-29.0;Decreased;True;2024-11-20 19:00:08+00:00;False;954;188;42027;37c88027e1cb7c4d8f9c7bc874f7da6d3e179984;1;ggerganov@gmail.com;ggerganov@gmail.com
whisper.cpp;MODIFY;5100;25.0;Decreased;True;2024-11-20 19:00:08+00:00;False;974;188;42106;7fd8d9c220a638eaf54925117de9fdcaf5f0263b;9;ggerganov@gmail.com;ggerganov@gmail.com
whisper.cpp;MODIFY;5082;-18.0;Grew;True;2024-12-17 17:07:08+00:00;False;957;188;42100;2f2841bfcef68c2d06fe2b80bd79dabfd3351962;1;noreply@github.com;j.karthic2004@gmail.com
whisper.cpp;MODIFY;5103;21.0;Grew;True;2024-12-17 17:15:47+00:00;False;963;190;42313;f897eb767041bdd4d14ab7497d1d156e10149698;2;noreply@github.com;j.karthic2004@gmail.com
whisper.cpp;MODIFY;5103;0.0;Equal;True;2024-12-21 10:54:35+00:00;False;963;190;42313;f4668169a013c5b788c62a38d6ca8036e6685b10;7;noreply@github.com;ggerganov@gmail.com
whisper.cpp;MODIFY;5107;4.0;Grew;True;2024-12-21 15:00:08+00:00;False;964;191;42349;4183517076d6f8de8f89d6b2eae3a1456ce5e29c;3;noreply@github.com;sacha.arbonel@hotmail.fr
