|File Name|Change Type|Local File PATH Old|Local File PATH New|Complexity|Methods|Tokens|Lines Of Code (nloc)|Lines Added|Lines Deleted
0|f2fs.h|MODIFY|fs/f2fs/f2fs.h|fs/f2fs/f2fs.h|305|169|12741|2116|2|0
