file_name;change_type;n_loc;lines_balance;size_change;is_large;date;swapped_classification;complexity;methods;tokens;hash;files_on_commit;committer_email;author_email
audit.js;RENAME;170;0.0;Equal;False;2021-11-11 00:48:41+00:00;False;27;24;892;6e1629786fe16058e0f12bc1613fae7734bff9b0;285;rtrott@gmail.com;ops+robot@npmjs.com
audit.js;MODIFY;148;-22.0;Decreased;False;2021-11-22 08:37:01+00:00;False;25;24;882;8a03482cf1d43df915456cfb067bbb757558ce35;353;targos@protonmail.com;ops+robot@npmjs.com
audit.js;MODIFY;147;-1.0;Decreased;False;2021-12-05 16:31:02+00:00;False;26;25;874;b323cec78f713bc113be7f6030d787804a9af5a0;287;rtrott@gmail.com;ops+robot@npmjs.com
audit.js;MODIFY;160;13.0;Grew;False;2022-04-17 05:27:48+00:00;False;8;8;1031;c0d5f4b3d7a50703c7ededf1d6b1440cb37325ad;340;luigipinca@gmail.com;npm team
audit.js;MODIFY;224;64.0;Grew;False;2022-04-28 13:11:15+00:00;False;12;12;1449;63503a4f72067959b02f88f17a1ef333a1b6daed;174;noreply@github.com;ops+robot@npmjs.com
audit.js;MODIFY;1560;1336.0;Grew;True;2022-07-19 15:51:49+00:00;True;53;52;8677;dd167ff0ee90fa47e0d92c514c20f1aaa53363bc;133;noreply@github.com;npm-cli+bot@github.com
audit.js;MODIFY;1587;27.0;Grew;True;2022-12-07 03:18:33+00:00;False;54;53;8828;3bef54918b9a8fae42d24520e59214239b3a5386;848;noreply@github.com;npm-cli+bot@github.com
audit.js;MODIFY;1566;-21.0;Decreased;True;2023-01-17 03:38:23+00:00;False;54;53;8715;66b1356ebcf55e477639a52baba3067afd9ea7a0;319;noreply@github.com;npm-cli+bot@github.com
audit.js;MODIFY;1842;276.0;Grew;True;2023-02-18 22:09:39+00:00;False;66;65;10252;005170c95d764228946ce014a0d437716d5d5b91;550;noreply@github.com;npm-cli+bot@github.com
audit.js;MODIFY;1983;141.0;Grew;True;2023-06-08 12:24:49+00:00;False;72;71;10821;8c8e7e9e2c13eb89ec73cbe174a5695ee2365aa3;321;noreply@github.com;npm-cli+bot@github.com
audit.js;MODIFY;1969;-14.0;Decreased;True;2023-09-06 19:54:44+00:00;False;72;71;10786;306de763f29f68d66eddfa2308198b7831afdb0b;509;noreply@github.com;npm-cli+bot@github.com
audit.js;MODIFY;1980;11.0;Grew;True;2023-10-13 13:55:37+00:00;False;73;72;10842;ca25d564c654cbc8d779f9ae5c3fbba5f56dd720;303;noreply@github.com;npm-cli+bot@github.com
audit.js;MODIFY;1980;0.0;Equal;True;2023-11-03 14:03:57+00:00;False;73;72;10842;fd2368eafc2dc7df5b0b988e2057b9bf95991258;556;noreply@github.com;npm-cli+bot@github.com
audit.js;MODIFY;1980;0.0;Equal;True;2024-02-29 15:28:15+00:00;False;73;72;10844;c08b7975735aaa633e2573da692a05aa3f13d700;396;noreply@github.com;npm-cli+bot@github.com
audit.js;MODIFY;1980;0.0;Equal;True;2024-05-01 06:53:22+00:00;False;73;72;10806;c923ce7414e2c7135afb00847d7b2e071a4f2317;418;noreply@github.com;npm-cli+bot@github.com
audit.js;MODIFY;1981;1.0;Grew;True;2024-05-16 12:38:49+00:00;False;73;72;10810;dad539f0c3a6b982f95cd51c80d3f987330b4831;361;noreply@github.com;npm-cli+bot@github.com
audit.js;MODIFY;1981;0.0;Equal;True;2024-05-30 11:21:05+00:00;False;73;72;10810;063afa85fef6e159acc35d82f3b302388530c45c;421;noreply@github.com;npm-cli+bot@github.com
