file_name;change_type;n_loc;lines_balance;size_change;is_large;date;swapped_classification;complexity;methods;tokens;hash;files_on_commit;committer_email;author_email
build-ideal-tree.js;ADD;889;0.0;Equal;False;2020-10-07 13:59:49+00:00;False;44;30;6296;2e545249557c265f7d5f338cc3a382985211603c;4238;mylesborins@github.com;mylesborins@github.com
build-ideal-tree.js;MODIFY;893;4.0;Grew;False;2020-10-10 08:33:05+00:00;False;46;31;6309;dabc6ddddc4d183e5f36698654d32925aec08383;107;technicalcute@gmail.com;mylesborins@github.com
build-ideal-tree.js;MODIFY;952;59.0;Grew;False;2020-10-14 14:36:44+00:00;False;42;27;6782;3ddcad55fb506612470d7c6b4a5f616b8cf81024;156;mylesborins@github.com;mylesborins@github.com
build-ideal-tree.js;MODIFY;948;-4.0;Decreased;False;2020-10-18 17:17:41+00:00;False;41;26;6828;5b9593f7270e7657ebdd5c704f0971da502862b1;212;github-bot@iojs.org;mylesborins@github.com
build-ideal-tree.js;MODIFY;961;13.0;Grew;True;2020-11-02 21:18:50+00:00;True;46;28;6939;dc05c70c8f9a84f88e5dd78471082ac1a86099d4;531;mylesborins@github.com;luigipinca@gmail.com
build-ideal-tree.js;MODIFY;972;11.0;Grew;True;2020-11-04 04:19:41+00:00;False;50;30;7015;58280ff24f964e3bd421dbdc06657c1983a284bc;147;mylesborins@github.com;mylesborins@github.com
build-ideal-tree.js;MODIFY;999;27.0;Grew;True;2020-11-16 14:27:36+00:00;False;53;32;7288;b89d4090e7d3a87c4b8e1114541cfd925c68ca04;55;rtrott@gmail.com;darcy@darcyclarke.me
build-ideal-tree.js;MODIFY;993;-6.0;Decreased;True;2020-12-11 22:59:18+00:00;False;56;32;7263;f51a0e4b85370c00710cda961d040a0fbd70892a;127;mylesborins@github.com;ruyadorno@hotmail.com
build-ideal-tree.js;MODIFY;996;3.0;Grew;True;2020-12-17 01:05:51+00:00;False;57;32;7280;d0b1b135b2b0197d93f4fb12649e0970ab68eeb0;41;github-bot@iojs.org;mylesborins@github.com
build-ideal-tree.js;MODIFY;1027;31.0;Grew;True;2021-01-30 04:49:44+00:00;False;56;32;7507;d3906ae29414430c5df28858e23783b91b15ab52;133;ruyadorno@hotmail.com;ruyadorno@hotmail.com
build-ideal-tree.js;MODIFY;1028;1.0;Grew;True;2021-02-02 09:31:47+00:00;False;56;32;7525;3c0672e3f676a3053f6426a025c5cc2f8356fff7;104;targos@protonmail.com;ruyadorno@hotmail.com
build-ideal-tree.js;MODIFY;1029;1.0;Grew;True;2021-02-09 15:23:19+00:00;False;56;32;7539;730ba5c039897593e9c07e31adee0352d55af45d;92;mylesborins@github.com;ruyadorno@hotmail.com
build-ideal-tree.js;MODIFY;1046;17.0;Grew;True;2021-02-25 14:52:12+00:00;False;57;33;7697;43e29418c4e80346870275036c5f3e2d023e7bca;301;ruyadorno@hotmail.com;ruyadorno@hotmail.com
build-ideal-tree.js;MODIFY;1055;9.0;Grew;True;2021-03-13 16:47:05+00:00;False;57;33;7747;5fdcfb33d776f8848f4cda0430cf3e0019d1746c;186;rtrott@gmail.com;ruyadorno@hotmail.com
build-ideal-tree.js;MODIFY;1097;42.0;Grew;True;2021-04-08 18:18:11+00:00;False;57;35;8054;bc531d1860e822db4e12ef424073ce438234fbe5;132;ruyadorno@hotmail.com;darcy@darcyclarke.me
build-ideal-tree.js;MODIFY;1162;65.0;Grew;True;2021-04-30 21:39:15+00:00;False;57;35;8428;c975dff3c0f0f1ecb1574f3b10dd1d135a7704db;112;ruyadorno@hotmail.com;ruyadorno@hotmail.com
build-ideal-tree.js;MODIFY;1163;1.0;Grew;True;2021-05-12 18:20:21+00:00;False;57;35;8440;aefc621e67e7b39874d0da0b75c3a43d647b59c1;182;ruyadorno@hotmail.com;ruyadorno@hotmail.com
build-ideal-tree.js;MODIFY;1162;-1.0;Decreased;True;2021-05-21 14:58:00+00:00;False;57;35;8469;aa0e4eb27f922017d7a05f41b483e57188dbd3e7;283;ruyadorno@hotmail.com;ruyadorno@hotmail.com
build-ideal-tree.js;MODIFY;1164;2.0;Grew;True;2021-06-18 15:51:54+00:00;False;58;35;8471;98139dfef1858b3879570d7edbd5afd3259c7de3;108;ruyadorno@hotmail.com;ops+robot@npmjs.com
build-ideal-tree.js;MODIFY;1169;5.0;Grew;True;2021-07-21 02:50:42+00:00;False;57;35;8487;65234bbce024dec9d5490b17137abe381a979a28;162;ruyadorno@hotmail.com;ops+robot@npmjs.com
build-ideal-tree.js;MODIFY;895;-274.0;Decreased;False;2021-07-30 12:35:22+00:00;True;60;30;6343;317e71b142fcc5892f102c3a0220577e50cec55f;26;github-bot@iojs.org;ops+robot@npmjs.com
build-ideal-tree.js;MODIFY;902;7.0;Grew;False;2021-08-20 12:53:49+00:00;False;61;31;6385;248f4c376444d0202f1d08f039c59485d6aea2e9;405;luigipinca@gmail.com;ops+robot@npmjs.com
build-ideal-tree.js;MODIFY;963;61.0;Grew;True;2021-09-15 13:03:18+00:00;True;62;32;6501;8468bdbefce8c8a5f93d9181c1b4aec62c583194;203;luigipinca@gmail.com;ops+robot@npmjs.com
build-ideal-tree.js;MODIFY;977;14.0;Grew;True;2021-10-08 00:39:53+00:00;False;63;32;6576;dbc91de0115bddaa7b90f9675f12de6748363ba2;748;mylesborins@github.com;ops+robot@npmjs.com
build-ideal-tree.js;MODIFY;988;11.0;Grew;True;2021-10-18 16:36:38+00:00;False;63;32;6635;a35b7e042772e1e511b228503518eb6a5fa2d08a;180;rlau@redhat.com;ops+robot@npmjs.com
build-ideal-tree.js;MODIFY;988;0.0;Equal;True;2021-11-22 08:37:01+00:00;False;63;32;6635;8a03482cf1d43df915456cfb067bbb757558ce35;353;targos@protonmail.com;ops+robot@npmjs.com
build-ideal-tree.js;MODIFY;991;3.0;Grew;True;2021-12-12 19:46:54+00:00;False;63;32;6650;0f5aedb4a8ee1da78fd4ce2472d88d4a58875ac5;39;luigipinca@gmail.com;ops+robot@npmjs.com
build-ideal-tree.js;MODIFY;994;3.0;Grew;True;2022-01-24 14:26:39+00:00;False;63;32;6660;c0ef0d5a66e079349803fb8890f98745919d4803;53;targos@protonmail.com;ops+robot@npmjs.com
build-ideal-tree.js;MODIFY;1006;12.0;Grew;True;2022-02-07 20:15:05+00:00;False;65;32;6719;af7caf8d4746ca527f7fee97b0dea18c026538d0;229;noreply@github.com;ops+robot@npmjs.com
build-ideal-tree.js;MODIFY;1013;7.0;Grew;True;2022-02-11 09:51:11+00:00;False;65;32;6784;69ffb3e77f3b75dec6ec18a1090e5349b78c03c6;48;noreply@github.com;ops+robot@npmjs.com
build-ideal-tree.js;MODIFY;1012;-1.0;Decreased;True;2022-02-26 07:15:26+00:00;False;65;32;6754;1b8300b238923822ea0934b196e3a9e97e0a0893;421;luigipinca@gmail.com;ops+robot@npmjs.com
build-ideal-tree.js;MODIFY;1027;15.0;Grew;True;2022-04-09 10:56:30+00:00;False;68;34;6847;2d84620f867cfc18be1a50f4e5f076dd79ba22e4;203;targos@protonmail.com;ops+robot@npmjs.com
build-ideal-tree.js;MODIFY;1035;8.0;Grew;True;2022-04-28 13:11:15+00:00;False;68;34;6901;63503a4f72067959b02f88f17a1ef333a1b6daed;174;noreply@github.com;ops+robot@npmjs.com
build-ideal-tree.js;MODIFY;1037;2.0;Grew;True;2022-05-18 17:13:24+00:00;False;68;34;6913;06dd8c31fd7e736f1d0e57d8ae4a41227661bbc3;102;luigipinca@gmail.com;npm CLI robot
build-ideal-tree.js;MODIFY;1037;0.0;Equal;True;2022-06-25 01:21:50+00:00;False;68;34;6913;687e50aded0d264873911847717e7567382b1401;141;noreply@github.com;npm-cli+bot@github.com
build-ideal-tree.js;MODIFY;1037;0.0;Equal;True;2022-07-28 18:03:27+00:00;False;68;34;6921;0616eafbc8808b6c476d268608e5e33cde3253e4;46;noreply@github.com;npm-cli+bot@github.com
build-ideal-tree.js;MODIFY;1036;-1.0;Decreased;True;2022-08-05 04:23:58+00:00;False;68;34;6919;96601cc759aa6f54f9cf9db466a004cb57ede651;191;noreply@github.com;npm-cli+bot@github.com
build-ideal-tree.js;MODIFY;998;-38.0;Decreased;True;2022-09-02 12:48:00+00:00;False;61;27;6695;e0d2bfd4840934154772f6fc769b5e39a5d226be;188;noreply@github.com;npm-cli+bot@github.com
build-ideal-tree.js;MODIFY;992;-6.0;Decreased;True;2022-12-07 03:18:33+00:00;False;63;28;6689;3bef54918b9a8fae42d24520e59214239b3a5386;848;noreply@github.com;npm-cli+bot@github.com
build-ideal-tree.js;MODIFY;992;0.0;Equal;True;2022-12-09 13:38:13+00:00;False;63;28;6693;7d80ca36833905d315560fc84f7245a3684d5189;166;noreply@github.com;npm-cli+bot@github.com
build-ideal-tree.js;MODIFY;994;2.0;Grew;True;2023-01-17 03:38:23+00:00;False;63;28;6720;66b1356ebcf55e477639a52baba3067afd9ea7a0;319;noreply@github.com;npm-cli+bot@github.com
build-ideal-tree.js;MODIFY;994;0.0;Equal;True;2023-01-27 18:34:28+00:00;False;63;28;6720;b6531696fa75a77ea7a153cfac33111842c8f47f;61;noreply@github.com;npm-cli+bot@github.com
build-ideal-tree.js;MODIFY;994;0.0;Equal;True;2023-03-27 18:41:08+00:00;False;63;28;6718;a4808b6c3b111608e0b9945c7f62534b285b0c96;260;mylesborins@github.com;npm-cli+bot@github.com
build-ideal-tree.js;MODIFY;987;-7.0;Decreased;True;2023-05-07 10:37:34+00:00;False;91;30;5602;b7c82a3480a0c3699ab97a5d8b4c0588709a38ff;533;noreply@github.com;npm-cli+bot@github.com
build-ideal-tree.js;MODIFY;1012;25.0;Grew;True;2024-02-29 15:28:15+00:00;False;132;31;5701;c08b7975735aaa633e2573da692a05aa3f13d700;396;noreply@github.com;npm-cli+bot@github.com
build-ideal-tree.js;MODIFY;1012;0.0;Equal;True;2024-04-12 01:24:57+00:00;False;132;31;5701;abb46cfbc3680931ba0363a27044d8134ce59096;89;noreply@github.com;npm-cli+bot@github.com
build-ideal-tree.js;MODIFY;1011;-1.0;Decreased;True;2024-05-01 06:53:22+00:00;False;131;30;5669;c923ce7414e2c7135afb00847d7b2e071a4f2317;418;noreply@github.com;npm-cli+bot@github.com
build-ideal-tree.js;MODIFY;988;-23.0;Decreased;True;2024-05-16 12:38:49+00:00;False;89;29;5543;dad539f0c3a6b982f95cd51c80d3f987330b4831;361;noreply@github.com;npm-cli+bot@github.com
build-ideal-tree.js;MODIFY;988;0.0;Equal;True;2024-05-30 11:21:05+00:00;False;89;29;5543;063afa85fef6e159acc35d82f3b302388530c45c;421;noreply@github.com;npm-cli+bot@github.com
build-ideal-tree.js;MODIFY;990;2.0;Grew;True;2024-10-05 13:54:06+00:00;False;89;29;5560;20d8b85d3493bec944de541a896e0165dd356345;813;noreply@github.com;npm-cli+bot@github.com
