file_name;change_type;n_loc;lines_balance;size_change;is_large;date;swapped_classification;complexity;methods;tokens;hash;files_on_commit;committer_email;author_email
function-body-decoder-unittest.cc;RENAME;2284;0.0;Grew;False;2017-03-25 08:44:10+00:00;False;367;249;19513;c459d8ea5d402c702948c860d9497b2230ff7e8a;1726;targos@protonmail.com;targos@protonmail.com
function-body-decoder-unittest.cc;MODIFY;2287;3.0;Grew;False;2017-05-06 18:02:35+00:00;False;367;249;19519;60d1aac8d225e844e68ae48e8f3d58802e635fbe;1492;targos@protonmail.com;targos@protonmail.com
function-body-decoder-unittest.cc;MODIFY;2296;9.0;Grew;False;2017-06-07 08:33:31+00:00;False;367;250;19570;3dc8c3bed4cf3a77607edbb0b015e33f8b60fc09;1500;targos@protonmail.com;targos@protonmail.com
function-body-decoder-unittest.cc;MODIFY;2300;4.0;Grew;False;2017-08-01 20:23:15+00:00;False;367;250;19627;0a66b223e149a841669bfad5598e4254589730cb;1529;mylesborins@google.com;mylesborins@google.com
function-body-decoder-unittest.cc;MODIFY;2284;-16.0;Decreased;False;2017-09-13 14:15:18+00:00;False;364;248;19569;d82e1075dbc2cec2d6598ade10c1f43805f690fd;2007;anna@addaleax.net;targos@protonmail.com
function-body-decoder-unittest.cc;MODIFY;2304;20.0;Grew;False;2017-10-19 00:01:41+00:00;False;365;250;19832;3d1b3df9486c0e7708065257f7311902f6b7b366;1521;targos@protonmail.com;targos@protonmail.com
function-body-decoder-unittest.cc;MODIFY;2370;66.0;Grew;False;2017-12-06 11:52:07+00:00;False;375;260;20204;1854ba04e9a68f062beb299dd6e1479279b26363;1209;targos@protonmail.com;targos@protonmail.com
function-body-decoder-unittest.cc;MODIFY;2547;177.0;Grew;False;2018-01-24 23:02:20+00:00;False;380;265;21833;4c4af643e5042d615a60c6bbc05aee9d81b903e5;2123;mylesborins@google.com;targos@protonmail.com
function-body-decoder-unittest.cc;MODIFY;2584;37.0;Grew;False;2018-03-07 15:48:52+00:00;False;385;268;22174;88786fecff336342a56e6f2e7ff3b286be716e47;1284;targos@protonmail.com;targos@protonmail.com
function-body-decoder-unittest.cc;MODIFY;2585;1.0;Grew;False;2018-04-11 17:22:42+00:00;False;385;268;22179;12a1b9b8049462e47181a298120243dc83e81c55;1331;mylesborins@google.com;mylesborins@google.com
function-body-decoder-unittest.cc;MODIFY;2596;11.0;Grew;False;2018-06-01 07:58:27+00:00;False;386;269;22247;352a525eb984b8fa2d6f0f6fd68395e6a080bba4;1596;mylesborins@google.com;targos@protonmail.com
function-body-decoder-unittest.cc;MODIFY;2597;1.0;Grew;False;2018-07-26 06:31:50+00:00;False;386;269;22245;6a31d05340b22fc413ee83eaacd0a5565bbbe799;1113;targos@protonmail.com;targos@protonmail.com
function-body-decoder-unittest.cc;MODIFY;2596;-1.0;Decreased;False;2018-09-07 18:59:13+00:00;False;386;269;22237;586db2414a338e1bf6eaf6e672a3adc7ce309f6a;1543;targos@protonmail.com;targos@protonmail.com
function-body-decoder-unittest.cc;MODIFY;2615;19.0;Grew;False;2018-09-22 16:29:25+00:00;False;389;272;22352;0e7ddbd3d7e9439c67573b854c49cf82c398ae82;1600;targos@protonmail.com;targos@protonmail.com
function-body-decoder-unittest.cc;MODIFY;2647;32.0;Grew;False;2018-12-06 14:23:33+00:00;False;391;274;22746;9b4bf7de6c9a7c25f116c7a502384c20b5cfaea3;1526;targos@protonmail.com;targos@protonmail.com
function-body-decoder-unittest.cc;MODIFY;2779;132.0;Grew;False;2019-03-14 17:49:21+00:00;False;410;289;23772;7b48713334469818661fe276cf571de9c7899f2d;2732;targos@protonmail.com;targos@protonmail.com
function-body-decoder-unittest.cc;MODIFY;2969;190.0;Grew;False;2019-03-28 20:36:18+00:00;False;414;307;27983;f579e1194046c50f2e6bb54348d48c8e7d1a53cf;2265;refack@gmail.com;usharma1998@gmail.com
function-body-decoder-unittest.cc;MODIFY;2983;14.0;Grew;False;2019-06-01 13:55:12+00:00;False;415;308;28147;ed74896b1fae1c163b3906163f3bf46326618ddb;1302;refack@gmail.com;refack@gmail.com
function-body-decoder-unittest.cc;MODIFY;3088;105.0;Grew;False;2019-08-01 10:53:56+00:00;False;423;315;29190;2dcc3665abf57c3607cebffdeeca062f5894885d;2692;targos@protonmail.com;targos@protonmail.com
function-body-decoder-unittest.cc;MODIFY;3167;79.0;Grew;False;2019-08-19 07:25:23+00:00;False;426;317;29736;e31f0a7d25668d3c1531294d2ef44a9f3bde4ef4;2612;targos@protonmail.com;targos@protonmail.com
function-body-decoder-unittest.cc;MODIFY;3185;18.0;Grew;False;2019-10-07 07:19:23+00:00;False;426;317;29969;f7f6c928c1c9c136b7926f892b8a2fda11d8b4b2;1200;myles.borins@gmail.com;mylesborins@google.com
function-body-decoder-unittest.cc;MODIFY;3185;0.0;Equal;False;2019-11-08 14:46:25+00:00;False;426;317;29969;6ca81ad72a3c6fdf16c683335be748f22aaa9a0d;1433;targos@protonmail.com;targos@protonmail.com
function-body-decoder-unittest.cc;MODIFY;3261;76.0;Grew;False;2020-03-18 23:23:22+00:00;False;429;317;30793;2883c855e0105b51e5c8020d21458af109ffe3d4;2056;mmarchini@netflix.com;mmarchini@netflix.com
function-body-decoder-unittest.cc;MODIFY;3325;64.0;Grew;False;2020-05-12 14:12:13+00:00;False;437;324;31437;1d6adf7432defeb39b751a19c68335e8afb0d8ee;1524;targos@protonmail.com;targos@protonmail.com
function-body-decoder-unittest.cc;MODIFY;3342;17.0;Grew;False;2020-07-13 12:41:41+00:00;False;438;325;31572;12478684aab233942e0d5dc24f195930c8a5e59d;1406;targos@protonmail.com;targos@protonmail.com
function-body-decoder-unittest.cc;MODIFY;3885;543.0;Grew;True;2020-10-18 18:16:47+00:00;True;472;348;35563;a1d639ba5de4ff34e34fb575fbb6cc1d41ec3cce;2311;targos@protonmail.com;targos@protonmail.com
function-body-decoder-unittest.cc;MODIFY;3935;50.0;Grew;True;2020-11-15 15:46:54+00:00;False;472;349;35976;48db20f6f53060e38b2272566b014741eb4f519f;1094;targos@protonmail.com;targos@protonmail.com
function-body-decoder-unittest.cc;MODIFY;4090;155.0;Grew;True;2021-02-11 18:09:18+00:00;False;480;357;37390;c7b329225126ad3b9eeb2408e0f0801f1aea5eb1;1623;targos@protonmail.com;targos@protonmail.com
function-body-decoder-unittest.cc;MODIFY;4229;139.0;Grew;True;2021-02-24 23:14:47+00:00;False;488;361;38353;c5ff019a4e93891106859cb272ded1197a92c7e5;1619;targos@protonmail.com;targos@protonmail.com
function-body-decoder-unittest.cc;MODIFY;4142;-87.0;Decreased;True;2021-03-15 14:54:50+00:00;False;486;361;37639;732ad99e47bae5deffa3a22d2ebe5500284106f0;1487;targos@protonmail.com;targos@protonmail.com
function-body-decoder-unittest.cc;MODIFY;4163;21.0;Grew;True;2021-06-10 09:10:13+00:00;False;488;363;37890;a7cbf19a82c75e9a65e90fb8ba4947e2fc52ef39;1300;targos@protonmail.com;targos@protonmail.com
function-body-decoder-unittest.cc;MODIFY;4283;120.0;Grew;True;2021-07-20 13:24:51+00:00;False;492;367;39042;6cdd310275bb0f8056aa0ae6d95614e9ca5b70c7;1435;targos@protonmail.com;targos@protonmail.com
function-body-decoder-unittest.cc;MODIFY;4385;102.0;Grew;True;2021-08-30 19:02:51+00:00;False;493;368;40024;50930a0fa08297d0ce7e67fa6594fe47937b99ff;2236;targos@protonmail.com;targos@protonmail.com
function-body-decoder-unittest.cc;MODIFY;4373;-12.0;Decreased;True;2021-10-02 06:40:27+00:00;False;494;369;39991;4f722915218862b108c90371503d26a3fe89f4c9;957;targos@protonmail.com;targos@protonmail.com
function-body-decoder-unittest.cc;MODIFY;4394;21.0;Grew;True;2021-10-12 06:07:50+00:00;False;495;370;40221;62719c5fd2ab7dee1ac4019c1715061d556ac457;1269;targos@protonmail.com;targos@protonmail.com
function-body-decoder-unittest.cc;MODIFY;4450;56.0;Grew;True;2021-11-21 15:04:41+00:00;False;497;372;40567;3e9939e38cb4ecc7c8a9bd7cff64baca3a897eb3;877;targos@protonmail.com;targos@protonmail.com
function-body-decoder-unittest.cc;MODIFY;4466;16.0;Grew;True;2022-01-20 09:38:37+00:00;False;497;372;40675;270253c4e268c2bef2e5995a95cbd92b75ed698d;962;targos@protonmail.com;targos@protonmail.com
function-body-decoder-unittest.cc;MODIFY;4320;-146.0;Decreased;True;2022-04-12 20:08:39+00:00;False;497;373;39801;fd4f80ce54d7f7b7503e0999f6a9d293d493846d;2040;targos@protonmail.com;targos@protonmail.com
function-body-decoder-unittest.cc;MODIFY;4303;-17.0;Decreased;True;2022-04-21 09:54:15+00:00;False;496;372;39668;6bbc5596b13828a5274a8aeaea4929bdc22168a4;882;targos@protonmail.com;targos@protonmail.com
function-body-decoder-unittest.cc;MODIFY;4327;24.0;Grew;True;2022-10-11 05:24:33+00:00;False;504;377;40194;6bd756d7c6dfb7dc25daee329ad70df68c14223e;3737;targos@protonmail.com;targos@protonmail.com
function-body-decoder-unittest.cc;MODIFY;4354;27.0;Grew;True;2022-11-19 09:11:32+00:00;False;505;377;40355;edd537ca2f38b94738fe25c2dc9b8c21bc7847f2;1255;github-bot@iojs.org;targos@protonmail.com
function-body-decoder-unittest.cc;MODIFY;4379;25.0;Grew;True;2022-11-27 17:27:13+00:00;False;505;377;40576;16e03e79688d51f95dfdbc90f5b8f56e3e995c6c;876;github-bot@iojs.org;yagiz@nizipli.com
function-body-decoder-unittest.cc;MODIFY;4338;-41.0;Decreased;True;2023-03-31 14:15:23+00:00;False;500;375;40299;f226350fcbebd4449fb0034fdaffa147e4de28ea;2560;github-bot@iojs.org;targos@protonmail.com
function-body-decoder-unittest.cc;MODIFY;4435;97.0;Grew;True;2023-10-10 06:25:41+00:00;False;509;381;41002;17a74ddd3dad2d0e6fe900dc466cfb964f9341b6;3364;targos@protonmail.com;targos@protonmail.com
function-body-decoder-unittest.cc;MODIFY;4399;-36.0;Decreased;True;2024-01-04 08:30:13+00:00;False;508;381;40730;d8c97e48573ef9679751be0c7a308e08d0101c47;1027;targos@protonmail.com;targos@protonmail.com
function-body-decoder-unittest.cc;MODIFY;4483;84.0;Grew;True;2024-03-31 13:36:07+00:00;False;511;384;41430;09a8440b45f69651ff52110cb1bc2dde9e14e2e8;3635;targos@protonmail.com;targos@protonmail.com
function-body-decoder-unittest.cc;MODIFY;4434;-49.0;Decreased;True;2024-04-19 08:39:47+00:00;False;511;384;41207;1d29d81c69a5e03d99a3d3e597bc0eeed433e47d;1088;github-bot@iojs.org;targos@protonmail.com
function-body-decoder-unittest.cc;MODIFY;4470;36.0;Grew;True;2024-04-22 21:25:15+00:00;False;512;385;41399;cfbf9e0d14c5d0d7465025b39664d3fbcda39dd0;1119;github-bot@iojs.org;targos@protonmail.com
function-body-decoder-unittest.cc;MODIFY;4634;164.0;Grew;True;2024-08-16 14:03:01+00:00;False;530;396;42792;9d7cd9b864cacb72409e693aa26c36338efa05ca;3126;targos@protonmail.com;targos@protonmail.com
