file_name;change_type;n_loc;lines_balance;size_change;is_large;date;swapped_classification;complexity;methods;tokens;hash;files_on_commit;committer_email;author_email
grokdump.py;ADD;654;0.0;Grew;False;2011-02-24 21:14:59+00:00;False;111;58;4583;e33e7d1a3712add02cd08c0069bb56ba76e49aa5;125;ry@tinyclouds.org;ry@tinyclouds.org
grokdump.py;MODIFY;657;3.0;Grew;False;2011-06-29 15:26:51+00:00;False;111;58;4595;33af2720f26c2b25bc7f75ce7eb454ff99db6d35;738;ry@tinyclouds.org;ry@tinyclouds.org
grokdump.py;MODIFY;657;0.0;Equal;False;2011-07-05 18:41:56+00:00;False;111;58;4595;6054dcc1302d1a1ef51e215dcf1ad16fb967f1ba;121;ry@tinyclouds.org;ry@tinyclouds.org
grokdump.py;MODIFY;654;-3.0;Decreased;False;2011-07-05 21:51:29+00:00;False;111;58;4583;149562555c9bf56457dee9a1ad70c53ed670a776;755;ry@tinyclouds.org;ry@tinyclouds.org
grokdump.py;MODIFY;657;3.0;Grew;False;2011-07-08 23:40:11+00:00;False;111;58;4595;e5564a3f29e0a818832a97c7c3b28d7c8b3b0460;760;ry@tinyclouds.org;ry@tinyclouds.org
grokdump.py;MODIFY;664;7.0;Grew;False;2011-07-22 05:20:37+00:00;False;114;58;4668;f319e126218dcaafdb0ccf7e968ff839f8327bba;111;ry@tinyclouds.org;ry@tinyclouds.org
grokdump.py;MODIFY;665;1.0;Grew;False;2011-08-12 06:59:21+00:00;False;114;58;4672;89bed195134317a10e6ffffe23a90473790f0a7f;103;ry@tinyclouds.org;ry@tinyclouds.org
grokdump.py;MODIFY;815;150.0;Grew;False;2011-12-19 21:06:37+00:00;False;159;85;6099;21e7292ea0ec1054fef8ad2af2ff68f6822c2449;57;ry@tinyclouds.org;ry@tinyclouds.org
grokdump.py;MODIFY;842;27.0;Grew;False;2012-01-06 21:03:06+00:00;False;167;89;6273;8e5674fb5cb31fd872b9b74fde0430603806a48a;47;ry@tinyclouds.org;ry@tinyclouds.org
grokdump.py;MODIFY;843;1.0;Grew;False;2012-01-16 22:37:57+00:00;False;167;89;6277;60040a4f366d436d759729530f4d19e7e1958e51;177;ry@tinyclouds.org;ry@tinyclouds.org
grokdump.py;MODIFY;922;79.0;Grew;False;2012-05-16 21:22:33+00:00;False;193;100;6896;3f3f958c14cf4e963a73d6f037ac381c77fe78bb;297;i@izs.me;i@izs.me
grokdump.py;MODIFY;1021;99.0;Grew;False;2012-06-02 05:31:04+00:00;False;243;104;7498;cbdf3393a21690178822c2d6ce2513270d70a02e;167;i@izs.me;i@izs.me
grokdump.py;MODIFY;843;-178.0;Decreased;False;2012-06-08 00:54:21+00:00;False;167;89;6277;46b09e419039d2fbfde4029606de3d3aaef7af25;192;i@izs.me;i@izs.me
grokdump.py;MODIFY;1285;442.0;Grew;False;2012-06-13 23:37:13+00:00;False;294;132;9516;50464cd4f49e40f4fe792ff46a81052319a222e9;373;bertbelder@gmail.com;bertbelder@gmail.com
grokdump.py;MODIFY;1331;46.0;Grew;False;2012-09-20 23:52:24+00:00;False;304;136;9800;3411a03dd114d635800cc50749d2351cd734eb2a;380;bertbelder@gmail.com;i@izs.me
grokdump.py;MODIFY;1439;108.0;Grew;False;2013-01-01 12:07:02+00:00;False;331;145;10658;7b4d95a976f1b76e6dcefb6ca91dff738c80ab7a;494;fedor.indutny@gmail.com;fedor.indutny@gmail.com
grokdump.py;MODIFY;1436;-3.0;Decreased;False;2013-02-25 22:45:02+00:00;False;331;145;10634;b15a10e7a014674ef6f71c51ad84032fb7b802e2;349;info@bnoordhuis.nl;info@bnoordhuis.nl
grokdump.py;MODIFY;1680;244.0;Grew;True;2013-03-20 00:11:01+00:00;True;396;184;12809;83261e789eb903da39f279cb5a161611482e7df5;543;info@bnoordhuis.nl;trev.norris@gmail.com
grokdump.py;MODIFY;1681;1.0;Grew;True;2013-04-08 18:35:27+00:00;False;396;184;12817;587e83c6d6fa9bba14f5b629fa2ee905dc6881e8;203;info@bnoordhuis.nl;info@bnoordhuis.nl
grokdump.py;MODIFY;1689;8.0;Grew;True;2013-05-13 01:28:40+00:00;False;400;185;12857;7ee538ddfe15b2de2e325f55d208b725ec1f8ea3;197;info@bnoordhuis.nl;info@bnoordhuis.nl
grokdump.py;MODIFY;1742;53.0;Grew;True;2013-07-06 14:53:06+00:00;False;411;188;13269;704fd8f3745527fc080f96e54e5ec1857c505399;1184;info@bnoordhuis.nl;info@bnoordhuis.nl
grokdump.py;MODIFY;1743;1.0;Grew;True;2013-07-22 22:53:10+00:00;False;411;188;13273;5777d7ab3038983d368046ab40eb34075f635348;463;trev.norris@gmail.com;trev.norris@gmail.com
grokdump.py;MODIFY;1563;-180.0;Decreased;False;2013-08-10 14:27:43+00:00;True;416;189;12133;f69be329f0d78f19e71ac9e75d6e4ee816e13c97;217;info@bnoordhuis.nl;info@bnoordhuis.nl
grokdump.py;MODIFY;1563;0.0;Equal;False;2013-10-23 16:17:31+00:00;False;416;189;12132;a53c763c16eeabb0901a05dbcf38a72fa96d2f26;433;tjfontaine@gmail.com;tjfontaine@gmail.com
grokdump.py;MODIFY;1563;0.0;Grew;False;2013-11-11 01:40:36+00:00;False;416;189;12134;f230a1cf749e984439b5bb9729d9db9f48472827;474;info@bnoordhuis.nl;info@bnoordhuis.nl
grokdump.py;MODIFY;1570;7.0;Grew;False;2014-03-13 16:56:54+00:00;False;420;189;12225;1c7bf245dc2d520c005e01bcb56ecb3275971395;1130;fedor.indutny@gmail.com;fedor.indutny@gmail.com
grokdump.py;MODIFY;2594;1024.0;Grew;True;2014-04-01 20:05:24+00:00;True;607;237;18078;67e078094b53861a5aa7e9354e33487d0bd4f73b;689;fedor@indutny.com;info@bnoordhuis.nl
grokdump.py;MODIFY;2597;3.0;Grew;True;2014-10-08 11:35:57+00:00;False;610;237;18115;939278ac059b44439d41aab12bf552c8ae3c52d0;1662;fedor@indutny.com;refack@gmail.com
grokdump.py;MODIFY;2597;0.0;Grew;True;2014-10-08 11:44:38+00:00;False;610;237;18115;9116b240c924d37627313416b7ee038d0580afbc;1662;fedor@indutny.com;refack@gmail.com
grokdump.py;MODIFY;2597;0.0;Equal;True;2014-10-10 10:49:02+00:00;False;610;237;18115;6bcea4ff932144a5fd02affefd45164fbf471e67;1288;fedor@indutny.com;fedor@indutny.com
grokdump.py;MODIFY;2627;30.0;Grew;True;2015-04-28 21:38:16+00:00;False;616;237;18388;36cd5fb9d27b830320e57213f5b8829ffbb93324;975;christopher.s.dickinson@gmail.com;info@bnoordhuis.nl
grokdump.py;MODIFY;2611;-16.0;Decreased;True;2015-08-04 18:56:14+00:00;False;613;236;18273;70d1f32f5605465a1a630a64f6f0d35f96c7709d;986;rod@vagg.org;info@bnoordhuis.nl
grokdump.py;MODIFY;2716;105.0;Grew;True;2015-09-06 11:38:01+00:00;False;632;236;19141;9fddd83cf9adf505bce2e2373881df0c4d41b261;1284;rod@vagg.org;ofrobots@google.com
grokdump.py;MODIFY;2738;22.0;Grew;True;2017-01-26 21:46:17+00:00;False;633;236;19272;2739185b790e040c3b044c577327f5d44bffad4a;1522;targos@protonmail.com;targos@protonmail.com
grokdump.py;MODIFY;3099;361.0;Grew;True;2017-06-07 08:33:31+00:00;False;765;289;21973;3dc8c3bed4cf3a77607edbb0b015e33f8b60fc09;1500;targos@protonmail.com;targos@protonmail.com
grokdump.py;MODIFY;3099;0.0;Grew;True;2017-08-01 20:23:15+00:00;False;765;289;21967;0a66b223e149a841669bfad5598e4254589730cb;1529;mylesborins@google.com;mylesborins@google.com
grokdump.py;MODIFY;3100;1.0;Grew;True;2017-10-19 00:01:41+00:00;False;765;289;21971;3d1b3df9486c0e7708065257f7311902f6b7b366;1521;targos@protonmail.com;targos@protonmail.com
grokdump.py;MODIFY;3129;29.0;Grew;True;2017-12-06 11:52:07+00:00;False;774;290;22187;1854ba04e9a68f062beb299dd6e1479279b26363;1209;targos@protonmail.com;targos@protonmail.com
grokdump.py;MODIFY;3168;39.0;Grew;True;2018-01-24 23:02:20+00:00;False;788;294;22419;4c4af643e5042d615a60c6bbc05aee9d81b903e5;2123;mylesborins@google.com;targos@protonmail.com
grokdump.py;MODIFY;3220;52.0;Grew;True;2018-04-11 17:22:42+00:00;False;801;299;22900;12a1b9b8049462e47181a298120243dc83e81c55;1331;mylesborins@google.com;mylesborins@google.com
grokdump.py;MODIFY;3224;4.0;Grew;True;2018-06-01 07:58:27+00:00;False;801;299;22924;352a525eb984b8fa2d6f0f6fd68395e6a080bba4;1596;mylesborins@google.com;targos@protonmail.com
grokdump.py;MODIFY;3224;0.0;Equal;True;2018-07-26 06:31:50+00:00;False;801;299;22924;6a31d05340b22fc413ee83eaacd0a5565bbbe799;1113;targos@protonmail.com;targos@protonmail.com
grokdump.py;MODIFY;3224;0.0;Equal;True;2018-09-07 18:59:13+00:00;False;801;299;22924;586db2414a338e1bf6eaf6e672a3adc7ce309f6a;1543;targos@protonmail.com;targos@protonmail.com
grokdump.py;MODIFY;3222;-2.0;Decreased;True;2018-09-22 16:29:25+00:00;False;800;298;22904;0e7ddbd3d7e9439c67573b854c49cf82c398ae82;1600;targos@protonmail.com;targos@protonmail.com
grokdump.py;MODIFY;3222;0.0;Equal;True;2018-12-06 14:23:33+00:00;False;800;298;22904;9b4bf7de6c9a7c25f116c7a502384c20b5cfaea3;1526;targos@protonmail.com;targos@protonmail.com
grokdump.py;MODIFY;3224;2.0;Grew;True;2019-03-28 20:36:18+00:00;False;800;298;23130;f579e1194046c50f2e6bb54348d48c8e7d1a53cf;2265;refack@gmail.com;usharma1998@gmail.com
grokdump.py;MODIFY;3227;3.0;Grew;True;2019-08-19 07:25:23+00:00;False;801;298;23145;e31f0a7d25668d3c1531294d2ef44a9f3bde4ef4;2612;targos@protonmail.com;targos@protonmail.com
grokdump.py;MODIFY;3231;4.0;Grew;True;2020-03-18 23:23:22+00:00;False;802;298;23182;2883c855e0105b51e5c8020d21458af109ffe3d4;2056;mmarchini@netflix.com;mmarchini@netflix.com
grokdump.py;MODIFY;3227;-4.0;Decreased;True;2021-03-15 14:54:50+00:00;False;800;297;23135;732ad99e47bae5deffa3a22d2ebe5500284106f0;1487;targos@protonmail.com;targos@protonmail.com
grokdump.py;MODIFY;3288;61.0;Grew;True;2022-04-12 20:08:39+00:00;False;823;306;23565;fd4f80ce54d7f7b7503e0999f6a9d293d493846d;2040;targos@protonmail.com;targos@protonmail.com
grokdump.py;MODIFY;3287;-1.0;Grew;True;2022-04-21 09:54:15+00:00;False;825;308;23559;6bbc5596b13828a5274a8aeaea4929bdc22168a4;882;targos@protonmail.com;targos@protonmail.com
grokdump.py;MODIFY;3283;-4.0;Decreased;True;2022-10-11 05:24:33+00:00;False;825;308;23524;6bd756d7c6dfb7dc25daee329ad70df68c14223e;3737;targos@protonmail.com;targos@protonmail.com
grokdump.py;MODIFY;3287;4.0;Grew;True;2023-10-10 06:25:41+00:00;False;825;308;23530;17a74ddd3dad2d0e6fe900dc466cfb964f9341b6;3364;targos@protonmail.com;targos@protonmail.com
grokdump.py;MODIFY;3287;0.0;Equal;True;2024-01-04 08:30:13+00:00;False;825;308;23530;d8c97e48573ef9679751be0c7a308e08d0101c47;1027;targos@protonmail.com;targos@protonmail.com
grokdump.py;MODIFY;3361;74.0;Grew;True;2024-03-31 13:36:07+00:00;False;844;312;24105;09a8440b45f69651ff52110cb1bc2dde9e14e2e8;3635;targos@protonmail.com;targos@protonmail.com
grokdump.py;MODIFY;3420;59.0;Grew;True;2024-09-19 14:25:34+00:00;False;860;318;24406;5ab3140dfbf0dfa33a66a6af62942b4290f370c1;1270;github-bot@iojs.org;targos@protonmail.com
