file_name;change_type;n_loc;lines_balance;size_change;is_large;date;swapped_classification;complexity;methods;tokens;hash;files_on_commit;committer_email;author_email
isolate.cc;RENAME;3520;0.0;Equal;True;2019-08-01 10:53:56+00:00;True;670;77;24536;2dcc3665abf57c3607cebffdeeca062f5894885d;2692;targos@protonmail.com;targos@protonmail.com
isolate.cc;MODIFY;3520;0.0;Equal;True;2019-08-19 07:25:23+00:00;False;670;77;24884;e31f0a7d25668d3c1531294d2ef44a9f3bde4ef4;2612;targos@protonmail.com;targos@protonmail.com
isolate.cc;MODIFY;3553;33.0;Grew;True;2019-10-07 07:19:23+00:00;False;674;77;25036;f7f6c928c1c9c136b7926f892b8a2fda11d8b4b2;1200;myles.borins@gmail.com;mylesborins@google.com
isolate.cc;MODIFY;3556;3.0;Grew;True;2019-10-13 18:25:13+00:00;False;674;77;25053;7de5a557103dd689bd9a757720eca72459d86e66;5;targos@protonmail.com;targos@protonmail.com
isolate.cc;MODIFY;3316;-240.0;Decreased;False;2019-11-08 14:46:25+00:00;True;650;77;23320;6ca81ad72a3c6fdf16c683335be748f22aaa9a0d;1433;targos@protonmail.com;targos@protonmail.com
isolate.cc;MODIFY;3315;-1.0;Decreased;False;2019-11-21 18:36:13+00:00;False;650;77;23309;cf1f1de1e621b311c7c50fc231159b8b918169f0;9;mylesborins@google.com;mylesborins@google.com
isolate.cc;MODIFY;3342;27.0;Grew;False;2020-03-18 23:23:22+00:00;False;641;76;23564;2883c855e0105b51e5c8020d21458af109ffe3d4;2056;mmarchini@netflix.com;mmarchini@netflix.com
isolate.cc;MODIFY;3363;21.0;Grew;False;2020-05-12 14:12:13+00:00;False;647;76;23738;1d6adf7432defeb39b751a19c68335e8afb0d8ee;1524;targos@protonmail.com;targos@protonmail.com
isolate.cc;MODIFY;3363;0.0;Equal;False;2020-06-08 15:20:12+00:00;False;645;76;23738;de501d281cc96582f82dc56364a10019bb62c912;6;riclau@uk.ibm.com;miladfar@ca.ibm.com
isolate.cc;MODIFY;3324;-39.0;Decreased;False;2020-06-19 16:04:52+00:00;False;640;77;23427;8f000ea09f6ee20b50cb83e6f7b2cb25671ef6f2;8;anna@addaleax.net;me@gus.host
isolate.cc;MODIFY;3310;-14.0;Decreased;False;2020-07-13 12:41:41+00:00;False;635;76;23355;12478684aab233942e0d5dc24f195930c8a5e59d;1406;targos@protonmail.com;targos@protonmail.com
isolate.cc;MODIFY;3537;227.0;Grew;True;2020-10-18 18:16:47+00:00;True;660;84;24806;a1d639ba5de4ff34e34fb575fbb6cc1d41ec3cce;2311;targos@protonmail.com;targos@protonmail.com
isolate.cc;MODIFY;3562;25.0;Grew;True;2020-11-15 15:46:54+00:00;False;667;84;25024;48db20f6f53060e38b2272566b014741eb4f519f;1094;targos@protonmail.com;targos@protonmail.com
isolate.cc;MODIFY;3586;24.0;Grew;True;2021-02-11 18:09:18+00:00;False;672;84;25223;c7b329225126ad3b9eeb2408e0f0801f1aea5eb1;1623;targos@protonmail.com;targos@protonmail.com
isolate.cc;MODIFY;3623;37.0;Grew;True;2021-02-24 23:14:47+00:00;False;677;84;25515;c5ff019a4e93891106859cb272ded1197a92c7e5;1619;targos@protonmail.com;targos@protonmail.com
isolate.cc;MODIFY;3652;29.0;Grew;True;2021-03-15 14:54:50+00:00;False;677;83;25633;732ad99e47bae5deffa3a22d2ebe5500284106f0;1487;targos@protonmail.com;targos@protonmail.com
isolate.cc;MODIFY;3655;3.0;Grew;True;2021-03-29 21:33:22+00:00;False;677;83;25642;8e46568b1e12fe00581b1292bd6c2b01373f17bd;18;guybedford@gmail.com;guybedford@gmail.com
isolate.cc;MODIFY;3669;14.0;Grew;True;2021-05-06 22:17:35+00:00;False;678;83;25758;50dd62ed96e745a087c9289a76721e5f5e0fecbb;32;stephen.belanger@datadoghq.com;stephen.belanger@datadoghq.com
isolate.cc;MODIFY;3683;14.0;Grew;True;2021-06-10 09:10:13+00:00;False;695;83;25783;a7cbf19a82c75e9a65e90fb8ba4947e2fc52ef39;1300;targos@protonmail.com;targos@protonmail.com
isolate.cc;MODIFY;3697;14.0;Grew;True;2021-06-10 09:11:06+00:00;False;696;83;25899;5151d9d88d1225a2a717015e67a099806dcdde30;32;targos@protonmail.com;targos@protonmail.com
isolate.cc;MODIFY;3821;124.0;Grew;True;2021-07-20 13:24:51+00:00;False;713;83;26738;6cdd310275bb0f8056aa0ae6d95614e9ca5b70c7;1435;targos@protonmail.com;targos@protonmail.com
isolate.cc;MODIFY;3816;-5.0;Decreased;True;2021-08-30 19:02:51+00:00;False;713;83;26713;50930a0fa08297d0ce7e67fa6594fe47937b99ff;2236;targos@protonmail.com;targos@protonmail.com
isolate.cc;MODIFY;3816;0.0;Equal;True;2021-10-02 06:40:27+00:00;False;714;83;26704;4f722915218862b108c90371503d26a3fe89f4c9;957;targos@protonmail.com;targos@protonmail.com
isolate.cc;MODIFY;3791;-25.0;Decreased;True;2021-10-12 06:07:50+00:00;False;706;79;26571;62719c5fd2ab7dee1ac4019c1715061d556ac457;1269;targos@protonmail.com;targos@protonmail.com
isolate.cc;MODIFY;3777;-14.0;Decreased;True;2021-10-14 06:42:51+00:00;False;703;79;26518;795108a63d14aedfcc1b320b0754c464ea794e49;42;targos@protonmail.com;targos@protonmail.com
isolate.cc;MODIFY;3805;28.0;Grew;True;2021-11-21 15:04:41+00:00;False;706;79;26755;3e9939e38cb4ecc7c8a9bd7cff64baca3a897eb3;877;targos@protonmail.com;targos@protonmail.com
isolate.cc;MODIFY;3871;66.0;Grew;True;2022-01-20 09:38:37+00:00;False;722;80;27152;270253c4e268c2bef2e5995a95cbd92b75ed698d;962;targos@protonmail.com;targos@protonmail.com
isolate.cc;MODIFY;3992;121.0;Grew;True;2022-02-02 16:23:18+00:00;False;744;81;27869;974ab4060fe3eff74dc0a62a5a27d516738f4c55;1131;targos@protonmail.com;targos@protonmail.com
isolate.cc;MODIFY;4137;145.0;Grew;True;2022-04-12 20:08:39+00:00;False;769;89;28778;fd4f80ce54d7f7b7503e0999f6a9d293d493846d;2040;targos@protonmail.com;targos@protonmail.com
isolate.cc;MODIFY;4163;26.0;Grew;True;2022-04-21 09:54:15+00:00;False;774;89;29010;6bbc5596b13828a5274a8aeaea4929bdc22168a4;882;targos@protonmail.com;targos@protonmail.com
isolate.cc;MODIFY;4163;0.0;Equal;True;2022-09-01 08:15:49+00:00;False;775;89;29010;767a78a2c604c45710299634528a273ef069c33e;9;noreply@github.com;targos@protonmail.com
isolate.cc;MODIFY;4486;323.0;Grew;True;2022-10-11 05:24:33+00:00;False;825;89;31354;6bd756d7c6dfb7dc25daee329ad70df68c14223e;3737;targos@protonmail.com;targos@protonmail.com
isolate.cc;MODIFY;4488;2.0;Grew;True;2022-10-18 12:13:51+00:00;False;826;89;31364;1364fd8790c46c0598ade8ffb65a11438958a0b1;7;noreply@github.com;targos@protonmail.com
isolate.cc;MODIFY;4492;4.0;Grew;True;2022-11-11 07:20:17+00:00;False;828;89;31396;4107ce0dadbb5ee4fbd2736cef7dfb5a2ae124e6;4;noreply@github.com;targos@protonmail.com
isolate.cc;MODIFY;4551;59.0;Grew;True;2022-11-19 09:11:32+00:00;False;835;89;31809;edd537ca2f38b94738fe25c2dc9b8c21bc7847f2;1255;github-bot@iojs.org;targos@protonmail.com
isolate.cc;MODIFY;4519;-32.0;Decreased;True;2022-11-27 17:27:13+00:00;False;831;88;31569;16e03e79688d51f95dfdbc90f5b8f56e3e995c6c;876;github-bot@iojs.org;yagiz@nizipli.com
isolate.cc;MODIFY;4558;39.0;Grew;True;2023-03-31 14:15:23+00:00;False;830;88;32001;f226350fcbebd4449fb0034fdaffa147e4de28ea;2560;github-bot@iojs.org;targos@protonmail.com
isolate.cc;MODIFY;4740;182.0;Grew;True;2023-10-10 06:25:41+00:00;False;885;91;33139;17a74ddd3dad2d0e6fe900dc466cfb964f9341b6;3364;targos@protonmail.com;targos@protonmail.com
isolate.cc;MODIFY;4741;1.0;Grew;True;2023-10-15 16:30:13+00:00;False;886;91;33158;00de2faf784718c5218100c9897401804f6502fc;3;noreply@github.com;joyeec9h3@gmail.com
isolate.cc;MODIFY;4742;1.0;Grew;True;2023-11-20 23:08:08+00:00;False;887;91;33166;ec023a7a793f2e2e457e811e4c6ab9e81d5feeb0;27;kvakil@sylph.kvakil.me;kvakil@sylph.kvakil.me
isolate.cc;MODIFY;4779;37.0;Grew;True;2024-01-04 08:30:13+00:00;False;892;91;33506;d8c97e48573ef9679751be0c7a308e08d0101c47;1027;targos@protonmail.com;targos@protonmail.com
isolate.cc;MODIFY;4780;1.0;Grew;True;2024-01-04 08:31:35+00:00;False;893;91;33525;a60090c52f147d920a963ba8fef8f30a3c70b567;3;targos@protonmail.com;joyeec9h3@gmail.com
isolate.cc;MODIFY;4874;94.0;Grew;True;2024-03-31 13:36:07+00:00;False;916;94;34149;09a8440b45f69651ff52110cb1bc2dde9e14e2e8;3635;targos@protonmail.com;targos@protonmail.com
isolate.cc;MODIFY;4869;-5.0;Decreased;True;2024-04-19 08:39:47+00:00;False;913;95;34080;1d29d81c69a5e03d99a3d3e597bc0eeed433e47d;1088;github-bot@iojs.org;targos@protonmail.com
isolate.cc;MODIFY;4866;-3.0;Decreased;True;2024-04-22 21:25:15+00:00;False;913;95;34081;cfbf9e0d14c5d0d7465025b39664d3fbcda39dd0;1119;github-bot@iojs.org;targos@protonmail.com
isolate.cc;MODIFY;5289;423.0;Grew;True;2024-08-16 14:03:01+00:00;False;1021;98;36994;9d7cd9b864cacb72409e693aa26c36338efa05ca;3126;targos@protonmail.com;targos@protonmail.com
isolate.cc;MODIFY;5302;13.0;Grew;True;2024-09-11 07:14:27+00:00;False;1024;98;37098;9087056060a71f2b274295ad6cbe1a5c8068bc98;86;github-bot@iojs.org;targos@protonmail.com
isolate.cc;MODIFY;5325;23.0;Grew;True;2024-09-13 07:31:12+00:00;False;1026;98;37348;b887942e6b430e5f28ea7cb6c43841730161641c;5;noreply@github.com;github-bot@iojs.org
isolate.cc;MODIFY;5432;107.0;Grew;True;2024-09-19 14:25:34+00:00;False;1061;104;38206;5ab3140dfbf0dfa33a66a6af62942b4290f370c1;1270;github-bot@iojs.org;targos@protonmail.com
isolate.cc;MODIFY;5435;3.0;Grew;True;2024-10-15 00:45:44+00:00;False;1062;104;38222;87da1f39298b1b1ea7b05a88e4c9ba956df54020;6;noreply@github.com;github-bot@iojs.org
