file_name;change_type;n_loc;lines_balance;size_change;is_large;date;swapped_classification;complexity;methods;tokens;hash;files_on_commit;committer_email;author_email
js-call-reducer.cc;ADD;411;0.0;Equal;False;2016-03-04 04:35:20+00:00;False;73;13;3903;069e02ab47656b3efd1b6829c65856b2e1c2d1db;1562;ofrobots@lemonhope.roam.corp.google.com;ofrobots@google.com
js-call-reducer.cc;MODIFY;415;4.0;Grew;False;2016-04-14 17:03:39+00:00;False;75;13;3967;52af5c4eebf4de8638aef0338bd826656312a02a;1008;ofrobots@google.com;ofrobots@google.com
js-call-reducer.cc;MODIFY;387;-28.0;Decreased;False;2016-06-29 07:04:28+00:00;False;75;13;3587;2cc29517966de7257a2f1b34c58c77225a21e05d;1487;targos@protonmail.com;targos@protonmail.com
js-call-reducer.cc;MODIFY;373;-14.0;Decreased;False;2016-09-22 07:51:19+00:00;False;76;14;3456;ec02b811a8a5c999bab4de312be2d732b7d9d50b;2386;targos@protonmail.com;targos@protonmail.com
js-call-reducer.cc;MODIFY;369;-4.0;Decreased;False;2017-01-26 21:46:17+00:00;False;75;13;3448;2739185b790e040c3b044c577327f5d44bffad4a;1522;targos@protonmail.com;targos@protonmail.com
js-call-reducer.cc;MODIFY;384;15.0;Grew;False;2017-02-22 14:55:42+00:00;False;88;15;3574;7a77daf24344db7942e34c962b0f1ee729ab7af5;1607;targos@protonmail.com;targos@protonmail.com
js-call-reducer.cc;MODIFY;521;137.0;Grew;False;2017-03-25 08:44:10+00:00;False;113;19;4880;c459d8ea5d402c702948c860d9497b2230ff7e8a;1726;targos@protonmail.com;targos@protonmail.com
js-call-reducer.cc;MODIFY;521;0.0;Equal;False;2017-03-25 08:44:12+00:00;False;113;19;4880;9c9e2d7f4a576310eb652a620db090f00a320243;123;targos@protonmail.com;targos@protonmail.com
js-call-reducer.cc;MODIFY;596;75.0;Grew;False;2017-05-06 18:02:35+00:00;False;131;21;5570;60d1aac8d225e844e68ae48e8f3d58802e635fbe;1492;targos@protonmail.com;targos@protonmail.com
js-call-reducer.cc;MODIFY;636;40.0;Grew;False;2017-06-07 08:33:31+00:00;False;146;23;5915;3dc8c3bed4cf3a77607edbb0b015e33f8b60fc09;1500;targos@protonmail.com;targos@protonmail.com
js-call-reducer.cc;MODIFY;659;23.0;Grew;False;2017-08-01 20:23:15+00:00;False;161;25;6129;0a66b223e149a841669bfad5598e4254589730cb;1529;mylesborins@google.com;mylesborins@google.com
js-call-reducer.cc;MODIFY;1126;467.0;Grew;False;2017-09-13 14:15:18+00:00;False;261;38;10412;d82e1075dbc2cec2d6598ade10c1f43805f690fd;2007;anna@addaleax.net;targos@protonmail.com
js-call-reducer.cc;MODIFY;1214;88.0;Grew;False;2017-10-19 00:01:41+00:00;False;269;39;11321;3d1b3df9486c0e7708065257f7311902f6b7b366;1521;targos@protonmail.com;targos@protonmail.com
js-call-reducer.cc;MODIFY;1302;88.0;Grew;False;2017-12-06 11:52:07+00:00;False;285;41;12009;1854ba04e9a68f062beb299dd6e1479279b26363;1209;targos@protonmail.com;targos@protonmail.com
js-call-reducer.cc;MODIFY;1732;430.0;Grew;False;2018-01-24 23:02:20+00:00;False;316;48;16589;4c4af643e5042d615a60c6bbc05aee9d81b903e5;2123;mylesborins@google.com;targos@protonmail.com
js-call-reducer.cc;MODIFY;3070;1338.0;Grew;False;2018-03-07 15:48:52+00:00;False;472;62;29887;88786fecff336342a56e6f2e7ff3b286be716e47;1284;targos@protonmail.com;targos@protonmail.com
js-call-reducer.cc;MODIFY;3920;850.0;Grew;True;2018-04-11 17:22:42+00:00;True;614;86;38217;12a1b9b8049462e47181a298120243dc83e81c55;1331;mylesborins@google.com;mylesborins@google.com
js-call-reducer.cc;MODIFY;3920;0.0;Equal;True;2018-04-16 19:59:39+00:00;False;614;86;38217;daed72f224af5454269362b3d3e3e8d1b80ceb55;3;mylesborins@google.com;mylesborins@google.com
js-call-reducer.cc;MODIFY;3921;1.0;Grew;True;2018-05-15 16:10:46+00:00;False;614;86;38230;1e987874be2d0388293d03d4f59fd5955f82755b;17;mylesborins@google.com;mylesborins@google.com
js-call-reducer.cc;MODIFY;4970;1049.0;Grew;True;2018-06-01 07:58:27+00:00;False;756;110;47669;352a525eb984b8fa2d6f0f6fd68395e6a080bba4;1596;mylesborins@google.com;targos@protonmail.com
js-call-reducer.cc;MODIFY;4884;-86.0;Decreased;True;2018-07-19 06:49:26+00:00;False;750;108;46762;4ce35fa3399604fb691456ffc85645375eee3e67;3;targos@protonmail.com;targos@protonmail.com
js-call-reducer.cc;MODIFY;4888;4.0;Grew;True;2018-07-19 06:49:33+00:00;False;750;108;46801;d0a545ca3807928e80bb48eb6a7037dd13bebcb3;9;targos@protonmail.com;targos@protonmail.com
js-call-reducer.cc;MODIFY;5114;226.0;Grew;True;2018-07-26 06:31:50+00:00;False;781;117;48948;6a31d05340b22fc413ee83eaacd0a5565bbbe799;1113;targos@protonmail.com;targos@protonmail.com
js-call-reducer.cc;MODIFY;5028;-86.0;Decreased;True;2018-07-26 06:34:28+00:00;False;775;115;48041;728078074439996d9f2d0f53e5fce12152540926;3;targos@protonmail.com;targos@protonmail.com
js-call-reducer.cc;MODIFY;5032;4.0;Grew;True;2018-07-26 06:34:33+00:00;False;775;115;48080;68aa129ac1989d9dbb62c408ea4d478d3a7fc20e;9;targos@protonmail.com;targos@protonmail.com
js-call-reducer.cc;MODIFY;5470;438.0;Grew;True;2018-09-07 18:59:13+00:00;False;819;119;51694;586db2414a338e1bf6eaf6e672a3adc7ce309f6a;1543;targos@protonmail.com;targos@protonmail.com
js-call-reducer.cc;MODIFY;5526;56.0;Grew;True;2018-09-22 16:29:25+00:00;False;852;121;52125;0e7ddbd3d7e9439c67573b854c49cf82c398ae82;1600;targos@protonmail.com;targos@protonmail.com
js-call-reducer.cc;MODIFY;5462;-64.0;Decreased;True;2018-12-06 14:23:33+00:00;False;847;120;51484;9b4bf7de6c9a7c25f116c7a502384c20b5cfaea3;1526;targos@protonmail.com;targos@protonmail.com
js-call-reducer.cc;MODIFY;5434;-28.0;Decreased;True;2019-03-14 17:49:21+00:00;False;810;117;51059;7b48713334469818661fe276cf571de9c7899f2d;2732;targos@protonmail.com;targos@protonmail.com
js-call-reducer.cc;MODIFY;5404;-30.0;Decreased;True;2019-03-28 20:36:18+00:00;False;829;117;50641;f579e1194046c50f2e6bb54348d48c8e7d1a53cf;2265;refack@gmail.com;usharma1998@gmail.com
js-call-reducer.cc;MODIFY;5327;-77.0;Decreased;True;2019-06-01 13:55:12+00:00;False;804;118;50181;ed74896b1fae1c163b3906163f3bf46326618ddb;1302;refack@gmail.com;refack@gmail.com
js-call-reducer.cc;MODIFY;5324;-3.0;Decreased;True;2019-08-01 10:53:56+00:00;False;820;117;50755;2dcc3665abf57c3607cebffdeeca062f5894885d;2692;targos@protonmail.com;targos@protonmail.com
js-call-reducer.cc;MODIFY;5589;265.0;Grew;True;2019-08-19 07:25:23+00:00;False;850;124;53088;e31f0a7d25668d3c1531294d2ef44a9f3bde4ef4;2612;targos@protonmail.com;targos@protonmail.com
js-call-reducer.cc;MODIFY;5552;-37.0;Decreased;True;2019-10-07 07:19:23+00:00;False;860;122;52520;f7f6c928c1c9c136b7926f892b8a2fda11d8b4b2;1200;myles.borins@gmail.com;mylesborins@google.com
js-call-reducer.cc;MODIFY;5547;-5.0;Decreased;True;2019-11-08 14:46:25+00:00;False;859;122;52516;6ca81ad72a3c6fdf16c683335be748f22aaa9a0d;1433;targos@protonmail.com;targos@protonmail.com
js-call-reducer.cc;MODIFY;5546;-1.0;Decreased;True;2019-11-30 00:26:32+00:00;False;858;122;52527;ea2668d2db76beda812631d73fbcd164aee5fe02;7;anna@addaleax.net;mylesborins@google.com
js-call-reducer.cc;MODIFY;5726;180.0;Grew;True;2020-03-18 23:23:22+00:00;False;919;249;51078;2883c855e0105b51e5c8020d21458af109ffe3d4;2056;mmarchini@netflix.com;mmarchini@netflix.com
js-call-reducer.cc;MODIFY;5830;104.0;Grew;True;2020-05-12 14:12:13+00:00;False;936;254;51899;1d6adf7432defeb39b751a19c68335e8afb0d8ee;1524;targos@protonmail.com;targos@protonmail.com
js-call-reducer.cc;MODIFY;5886;56.0;Grew;True;2020-07-13 12:41:41+00:00;False;936;255;52281;12478684aab233942e0d5dc24f195930c8a5e59d;1406;targos@protonmail.com;targos@protonmail.com
js-call-reducer.cc;MODIFY;5936;50.0;Grew;True;2020-10-18 18:16:47+00:00;False;903;259;51385;a1d639ba5de4ff34e34fb575fbb6cc1d41ec3cce;2311;targos@protonmail.com;targos@protonmail.com
js-call-reducer.cc;MODIFY;5941;5.0;Grew;True;2020-11-15 15:46:54+00:00;False;907;259;51315;48db20f6f53060e38b2272566b014741eb4f519f;1094;targos@protonmail.com;targos@protonmail.com
js-call-reducer.cc;MODIFY;5974;33.0;Grew;True;2021-02-11 18:09:18+00:00;False;921;262;51580;c7b329225126ad3b9eeb2408e0f0801f1aea5eb1;1623;targos@protonmail.com;targos@protonmail.com
js-call-reducer.cc;MODIFY;5958;-16.0;Decreased;True;2021-02-24 23:14:47+00:00;False;923;261;51427;c5ff019a4e93891106859cb272ded1197a92c7e5;1619;targos@protonmail.com;targos@protonmail.com
js-call-reducer.cc;MODIFY;6022;64.0;Grew;True;2021-03-15 14:54:50+00:00;False;943;263;51875;732ad99e47bae5deffa3a22d2ebe5500284106f0;1487;targos@protonmail.com;targos@protonmail.com
js-call-reducer.cc;MODIFY;6029;7.0;Grew;True;2021-04-14 15:09:27+00:00;False;943;263;51940;5b358d57e1700170a176577f69fc3d3de36776d8;6;targos@protonmail.com;targos@protonmail.com
js-call-reducer.cc;MODIFY;6038;9.0;Grew;True;2021-04-26 18:55:03+00:00;False;943;263;52016;3b86138f0062cc96c1f53f5d7cf820d4e345f351;3;jasnell@gmail.com;targos@protonmail.com
js-call-reducer.cc;MODIFY;6035;-3.0;Decreased;True;2021-06-10 09:10:13+00:00;False;943;263;52004;a7cbf19a82c75e9a65e90fb8ba4947e2fc52ef39;1300;targos@protonmail.com;targos@protonmail.com
js-call-reducer.cc;MODIFY;6038;3.0;Grew;True;2021-07-20 13:24:51+00:00;False;941;263;52204;6cdd310275bb0f8056aa0ae6d95614e9ca5b70c7;1435;targos@protonmail.com;targos@protonmail.com
js-call-reducer.cc;MODIFY;6209;171.0;Grew;True;2021-08-30 19:02:51+00:00;False;964;268;53661;50930a0fa08297d0ce7e67fa6594fe47937b99ff;2236;targos@protonmail.com;targos@protonmail.com
js-call-reducer.cc;MODIFY;6176;-33.0;Decreased;True;2021-10-02 06:40:27+00:00;False;956;270;53321;4f722915218862b108c90371503d26a3fe89f4c9;957;targos@protonmail.com;targos@protonmail.com
js-call-reducer.cc;MODIFY;6166;-10.0;Decreased;True;2021-10-12 06:07:50+00:00;False;952;270;53180;62719c5fd2ab7dee1ac4019c1715061d556ac457;1269;targos@protonmail.com;targos@protonmail.com
js-call-reducer.cc;MODIFY;6165;-1.0;Decreased;True;2021-11-21 15:04:41+00:00;False;952;270;53169;3e9939e38cb4ecc7c8a9bd7cff64baca3a897eb3;877;targos@protonmail.com;targos@protonmail.com
js-call-reducer.cc;MODIFY;6200;35.0;Grew;True;2022-01-20 09:38:37+00:00;False;964;271;53444;270253c4e268c2bef2e5995a95cbd92b75ed698d;962;targos@protonmail.com;targos@protonmail.com
js-call-reducer.cc;MODIFY;6268;68.0;Grew;True;2022-02-02 16:23:18+00:00;False;977;272;53961;974ab4060fe3eff74dc0a62a5a27d516738f4c55;1131;targos@protonmail.com;targos@protonmail.com
js-call-reducer.cc;MODIFY;6442;174.0;Grew;True;2022-04-12 20:08:39+00:00;False;974;273;55382;fd4f80ce54d7f7b7503e0999f6a9d293d493846d;2040;targos@protonmail.com;targos@protonmail.com
js-call-reducer.cc;MODIFY;6278;-164.0;Decreased;True;2022-04-21 09:54:15+00:00;False;963;272;53956;6bbc5596b13828a5274a8aeaea4929bdc22168a4;882;targos@protonmail.com;targos@protonmail.com
js-call-reducer.cc;MODIFY;6391;113.0;Grew;True;2022-10-11 05:24:33+00:00;False;984;276;54948;6bd756d7c6dfb7dc25daee329ad70df68c14223e;3737;targos@protonmail.com;targos@protonmail.com
js-call-reducer.cc;MODIFY;6388;-3.0;Decreased;True;2022-11-16 16:56:12+00:00;False;983;276;54946;8f9dc2732e38eb399a401a02d4ad409f8bfa1fd4;3;noreply@github.com;targos@protonmail.com
js-call-reducer.cc;MODIFY;6401;13.0;Grew;True;2022-11-19 09:11:32+00:00;False;991;278;55021;edd537ca2f38b94738fe25c2dc9b8c21bc7847f2;1255;github-bot@iojs.org;targos@protonmail.com
js-call-reducer.cc;MODIFY;6441;40.0;Grew;True;2022-11-27 17:27:13+00:00;False;1000;254;55446;16e03e79688d51f95dfdbc90f5b8f56e3e995c6c;876;github-bot@iojs.org;yagiz@nizipli.com
js-call-reducer.cc;MODIFY;6523;82.0;Grew;True;2023-03-31 14:15:23+00:00;False;1018;255;56214;f226350fcbebd4449fb0034fdaffa147e4de28ea;2560;github-bot@iojs.org;targos@protonmail.com
js-call-reducer.cc;MODIFY;6665;142.0;Grew;True;2023-10-10 06:25:41+00:00;False;1045;260;57260;17a74ddd3dad2d0e6fe900dc466cfb964f9341b6;3364;targos@protonmail.com;targos@protonmail.com
js-call-reducer.cc;MODIFY;6665;0.0;Equal;True;2023-10-17 15:16:23+00:00;False;1045;260;57266;9f46adf5bc14a7af8ec55be1d02fa46ed80720f2;4;noreply@github.com;targos@protonmail.com
js-call-reducer.cc;MODIFY;6665;0.0;Equal;True;2024-01-04 08:30:13+00:00;False;1045;260;57266;d8c97e48573ef9679751be0c7a308e08d0101c47;1027;targos@protonmail.com;targos@protonmail.com
js-call-reducer.cc;MODIFY;6711;46.0;Grew;True;2024-03-31 13:36:07+00:00;False;1054;261;57640;09a8440b45f69651ff52110cb1bc2dde9e14e2e8;3635;targos@protonmail.com;targos@protonmail.com
js-call-reducer.cc;MODIFY;6696;-15.0;Decreased;True;2024-04-19 08:39:47+00:00;False;1052;261;57539;1d29d81c69a5e03d99a3d3e597bc0eeed433e47d;1088;github-bot@iojs.org;targos@protonmail.com
js-call-reducer.cc;MODIFY;6695;-1.0;Decreased;True;2024-04-22 21:25:15+00:00;False;1052;261;57521;cfbf9e0d14c5d0d7465025b39664d3fbcda39dd0;1119;github-bot@iojs.org;targos@protonmail.com
js-call-reducer.cc;MODIFY;6691;-4.0;Decreased;True;2024-06-23 22:31:33+00:00;False;1048;261;57477;4c730aed7f825af1691740663d599e9de5958f89;58;noreply@github.com;cwu631@bloomberg.net
js-call-reducer.cc;MODIFY;6695;4.0;Grew;True;2024-06-25 16:44:47+00:00;False;1052;261;57521;8e33f20a64fedf234aa6e48a82fdfdb2928a541a;58;noreply@github.com;joyeec9h3@gmail.com
js-call-reducer.cc;MODIFY;6691;-4.0;Decreased;True;2024-07-09 18:34:01+00:00;False;1048;261;57477;1a1639de3e2508cfa428f0aab90e1fc71c6233cc;57;github-bot@iojs.org;cwu631@bloomberg.net
js-call-reducer.cc;MODIFY;6718;27.0;Grew;True;2024-07-26 14:35:44+00:00;False;1054;263;57679;5e533710c801b736248f03bb9340370a44e1f7bf;28;noreply@github.com;stephen.belanger@datadoghq.com
js-call-reducer.cc;MODIFY;6817;99.0;Grew;True;2024-08-16 14:03:01+00:00;False;1068;264;58620;9d7cd9b864cacb72409e693aa26c36338efa05ca;3126;targos@protonmail.com;targos@protonmail.com
js-call-reducer.cc;MODIFY;6849;32.0;Grew;True;2024-09-19 14:25:34+00:00;False;1077;264;58781;5ab3140dfbf0dfa33a66a6af62942b4290f370c1;1270;github-bot@iojs.org;targos@protonmail.com
