file_name;change_type;n_loc;lines_balance;size_change;is_large;date;swapped_classification;complexity;methods;tokens;hash;files_on_commit;committer_email;author_email
macro-assembler-ppc.cc;RENAME;2329;0.0;Equal;False;2019-08-01 10:53:56+00:00;False;477;192;16754;2dcc3665abf57c3607cebffdeeca062f5894885d;2692;targos@protonmail.com;targos@protonmail.com
macro-assembler-ppc.cc;MODIFY;2332;3.0;Grew;False;2019-08-19 07:25:23+00:00;False;479;193;16773;e31f0a7d25668d3c1531294d2ef44a9f3bde4ef4;2612;targos@protonmail.com;targos@protonmail.com
macro-assembler-ppc.cc;MODIFY;2339;7.0;Grew;False;2019-10-07 07:19:23+00:00;False;481;194;16816;f7f6c928c1c9c136b7926f892b8a2fda11d8b4b2;1200;myles.borins@gmail.com;mylesborins@google.com
macro-assembler-ppc.cc;MODIFY;2339;0.0;Equal;False;2019-11-08 14:46:25+00:00;False;482;194;16831;6ca81ad72a3c6fdf16c683335be748f22aaa9a0d;1433;targos@protonmail.com;targos@protonmail.com
macro-assembler-ppc.cc;MODIFY;2350;11.0;Grew;False;2019-11-08 14:53:20+00:00;False;484;194;16889;a9bed0b72b088b5ae8eef625a41b76225686c3f7;19;targos@protonmail.com;targos@protonmail.com
macro-assembler-ppc.cc;MODIFY;2292;-58.0;Decreased;False;2020-03-18 23:23:22+00:00;False;464;195;16408;2883c855e0105b51e5c8020d21458af109ffe3d4;2056;mmarchini@netflix.com;mmarchini@netflix.com
macro-assembler-ppc.cc;MODIFY;2300;8.0;Grew;False;2020-05-12 14:12:13+00:00;False;461;195;16430;1d6adf7432defeb39b751a19c68335e8afb0d8ee;1524;targos@protonmail.com;targos@protonmail.com
macro-assembler-ppc.cc;MODIFY;2415;115.0;Grew;False;2020-07-13 12:41:41+00:00;False;479;207;17022;12478684aab233942e0d5dc24f195930c8a5e59d;1406;targos@protonmail.com;targos@protonmail.com
macro-assembler-ppc.cc;MODIFY;2478;63.0;Grew;False;2020-10-18 18:16:47+00:00;False;485;212;17667;a1d639ba5de4ff34e34fb575fbb6cc1d41ec3cce;2311;targos@protonmail.com;targos@protonmail.com
macro-assembler-ppc.cc;MODIFY;2504;26.0;Grew;False;2020-11-15 15:46:54+00:00;False;487;213;17857;48db20f6f53060e38b2272566b014741eb4f519f;1094;targos@protonmail.com;targos@protonmail.com
macro-assembler-ppc.cc;MODIFY;2509;5.0;Grew;False;2021-02-11 18:09:18+00:00;False;486;213;17902;c7b329225126ad3b9eeb2408e0f0801f1aea5eb1;1623;targos@protonmail.com;targos@protonmail.com
macro-assembler-ppc.cc;MODIFY;2582;73.0;Grew;False;2021-02-24 23:14:47+00:00;False;492;215;18411;c5ff019a4e93891106859cb272ded1197a92c7e5;1619;targos@protonmail.com;targos@protonmail.com
macro-assembler-ppc.cc;MODIFY;2613;31.0;Grew;False;2021-03-15 14:54:50+00:00;False;498;218;18692;732ad99e47bae5deffa3a22d2ebe5500284106f0;1487;targos@protonmail.com;targos@protonmail.com
macro-assembler-ppc.cc;MODIFY;2614;1.0;Grew;False;2021-06-10 09:10:13+00:00;False;391;106;18697;a7cbf19a82c75e9a65e90fb8ba4947e2fc52ef39;1300;targos@protonmail.com;targos@protonmail.com
macro-assembler-ppc.cc;MODIFY;2590;-24.0;Decreased;False;2021-07-20 13:24:51+00:00;False;390;105;18434;6cdd310275bb0f8056aa0ae6d95614e9ca5b70c7;1435;targos@protonmail.com;targos@protonmail.com
macro-assembler-ppc.cc;MODIFY;2511;-79.0;Decreased;False;2021-08-30 19:02:51+00:00;False;338;51;17823;50930a0fa08297d0ce7e67fa6594fe47937b99ff;2236;targos@protonmail.com;targos@protonmail.com
macro-assembler-ppc.cc;MODIFY;2696;185.0;Grew;False;2021-10-02 06:40:27+00:00;False;343;51;19250;4f722915218862b108c90371503d26a3fe89f4c9;957;targos@protonmail.com;targos@protonmail.com
macro-assembler-ppc.cc;MODIFY;2738;42.0;Grew;False;2021-10-12 06:07:50+00:00;False;346;51;19569;62719c5fd2ab7dee1ac4019c1715061d556ac457;1269;targos@protonmail.com;targos@protonmail.com
macro-assembler-ppc.cc;MODIFY;2741;3.0;Grew;False;2021-10-14 06:42:51+00:00;False;347;52;19597;795108a63d14aedfcc1b320b0754c464ea794e49;42;targos@protonmail.com;targos@protonmail.com
macro-assembler-ppc.cc;MODIFY;2768;27.0;Grew;False;2021-11-21 15:04:41+00:00;False;348;52;19822;3e9939e38cb4ecc7c8a9bd7cff64baca3a897eb3;877;targos@protonmail.com;targos@protonmail.com
macro-assembler-ppc.cc;MODIFY;2852;84.0;Grew;False;2021-11-29 14:56:51+00:00;False;360;52;20447;648c5cb92ba4898583639de05479d98bb871e31c;4;noreply@github.com;targos@protonmail.com
macro-assembler-ppc.cc;MODIFY;2865;13.0;Grew;False;2022-01-20 09:38:37+00:00;False;361;52;20531;270253c4e268c2bef2e5995a95cbd92b75ed698d;962;targos@protonmail.com;targos@protonmail.com
macro-assembler-ppc.cc;MODIFY;2888;23.0;Grew;False;2022-02-02 16:23:18+00:00;False;365;52;20647;974ab4060fe3eff74dc0a62a5a27d516738f4c55;1131;targos@protonmail.com;targos@protonmail.com
macro-assembler-ppc.cc;MODIFY;2842;-46.0;Decreased;False;2022-04-12 20:08:39+00:00;False;345;52;20344;fd4f80ce54d7f7b7503e0999f6a9d293d493846d;2040;targos@protonmail.com;targos@protonmail.com
macro-assembler-ppc.cc;MODIFY;2837;-5.0;Decreased;False;2022-04-12 20:10:34+00:00;False;344;52;20317;58f3fdcccde30c115e68e7b9877f55bad1984545;116;targos@protonmail.com;targos@protonmail.com
macro-assembler-ppc.cc;MODIFY;2862;25.0;Grew;False;2022-04-21 09:54:15+00:00;False;347;54;20465;6bbc5596b13828a5274a8aeaea4929bdc22168a4;882;targos@protonmail.com;targos@protonmail.com
macro-assembler-ppc.cc;MODIFY;3324;462.0;Grew;False;2022-10-11 05:24:33+00:00;False;380;57;23404;6bd756d7c6dfb7dc25daee329ad70df68c14223e;3737;targos@protonmail.com;targos@protonmail.com
macro-assembler-ppc.cc;MODIFY;3369;45.0;Grew;False;2022-11-19 09:11:32+00:00;False;380;57;23718;edd537ca2f38b94738fe25c2dc9b8c21bc7847f2;1255;github-bot@iojs.org;targos@protonmail.com
macro-assembler-ppc.cc;MODIFY;3536;167.0;Grew;True;2022-11-27 17:27:13+00:00;True;379;57;24809;16e03e79688d51f95dfdbc90f5b8f56e3e995c6c;876;github-bot@iojs.org;yagiz@nizipli.com
macro-assembler-ppc.cc;MODIFY;3790;254.0;Grew;True;2023-03-31 14:15:23+00:00;False;382;56;26556;f226350fcbebd4449fb0034fdaffa147e4de28ea;2560;github-bot@iojs.org;targos@protonmail.com
macro-assembler-ppc.cc;MODIFY;3959;169.0;Grew;True;2023-10-10 06:25:41+00:00;False;389;56;27658;17a74ddd3dad2d0e6fe900dc466cfb964f9341b6;3364;targos@protonmail.com;targos@protonmail.com
macro-assembler-ppc.cc;MODIFY;3979;20.0;Grew;True;2024-01-04 08:30:13+00:00;False;390;56;27850;d8c97e48573ef9679751be0c7a308e08d0101c47;1027;targos@protonmail.com;targos@protonmail.com
macro-assembler-ppc.cc;MODIFY;4284;305.0;Grew;True;2024-03-31 13:36:07+00:00;False;434;71;29836;09a8440b45f69651ff52110cb1bc2dde9e14e2e8;3635;targos@protonmail.com;targos@protonmail.com
macro-assembler-ppc.cc;MODIFY;4285;1.0;Grew;True;2024-04-19 08:39:47+00:00;False;434;71;29839;1d29d81c69a5e03d99a3d3e597bc0eeed433e47d;1088;github-bot@iojs.org;targos@protonmail.com
macro-assembler-ppc.cc;MODIFY;4300;15.0;Grew;True;2024-04-22 21:25:15+00:00;False;436;71;29968;cfbf9e0d14c5d0d7465025b39664d3fbcda39dd0;1119;github-bot@iojs.org;targos@protonmail.com
macro-assembler-ppc.cc;MODIFY;4254;-46.0;Decreased;True;2024-08-16 14:03:01+00:00;False;429;72;29714;9d7cd9b864cacb72409e693aa26c36338efa05ca;3126;targos@protonmail.com;targos@protonmail.com
macro-assembler-ppc.cc;MODIFY;4265;11.0;Grew;True;2024-09-19 14:25:34+00:00;False;429;72;29774;5ab3140dfbf0dfa33a66a6af62942b4290f370c1;1270;github-bot@iojs.org;targos@protonmail.com
