file_name;change_type;n_loc;lines_balance;size_change;is_large;date;swapped_classification;complexity;methods;tokens;hash;files_on_commit;committer_email;author_email
mark-compact.cc;RENAME;3613;0.0;Grew;True;2014-10-08 11:35:57+00:00;True;810;185;25584;939278ac059b44439d41aab12bf552c8ae3c52d0;1662;fedor@indutny.com;refack@gmail.com
mark-compact.cc;RENAME;3613;0.0;Grew;True;2014-10-08 11:44:38+00:00;False;810;185;25584;9116b240c924d37627313416b7ee038d0580afbc;1662;fedor@indutny.com;refack@gmail.com
mark-compact.cc;MODIFY;3453;-160.0;Decreased;False;2014-10-10 10:49:02+00:00;True;773;182;24465;6bcea4ff932144a5fd02affefd45164fbf471e67;1288;fedor@indutny.com;fedor@indutny.com
mark-compact.cc;MODIFY;3366;-87.0;Decreased;False;2014-11-14 15:34:58+00:00;False;725;178;24032;5d1b6d3e0fa4b97a490ef964be48aed9872e3ec1;888;info@bnoordhuis.nl;info@bnoordhuis.nl
mark-compact.cc;MODIFY;3332;-34.0;Decreased;False;2015-01-07 21:11:18+00:00;False;721;178;23729;dad73f645cde6920e79db956e7ef82ed640d7615;827;info@bnoordhuis.nl;info@bnoordhuis.nl
mark-compact.cc;MODIFY;3333;1.0;Grew;False;2015-02-25 18:33:52+00:00;False;721;178;23735;78f4837926105eb238068e12401493f4a7a17dbc;22;info@bnoordhuis.nl;info@bnoordhuis.nl
mark-compact.cc;MODIFY;3328;-5.0;Grew;False;2015-04-28 21:38:16+00:00;False;709;176;23744;36cd5fb9d27b830320e57213f5b8829ffbb93324;975;christopher.s.dickinson@gmail.com;info@bnoordhuis.nl
mark-compact.cc;MODIFY;3585;257.0;Grew;True;2015-08-04 18:56:09+00:00;True;774;186;25693;d58e780504bdba6c5897c48428fd984c5b5f96fe;822;rod@vagg.org;christopher.s.dickinson@gmail.com
mark-compact.cc;MODIFY;3572;-13.0;Grew;True;2015-08-04 18:56:14+00:00;False;774;190;25410;70d1f32f5605465a1a630a64f6f0d35f96c7709d;986;rod@vagg.org;info@bnoordhuis.nl
mark-compact.cc;MODIFY;3508;-64.0;Decreased;True;2015-09-06 11:38:01+00:00;False;732;187;25050;9fddd83cf9adf505bce2e2373881df0c4d41b261;1284;rod@vagg.org;ofrobots@google.com
mark-compact.cc;MODIFY;3508;0.0;Grew;True;2015-09-08 04:26:25+00:00;False;732;187;25050;31450fce7c8fe6804c84a7875d2f85a78b309125;3;fedor@indutny.com;fedor@indutny.com
mark-compact.cc;MODIFY;3532;24.0;Grew;True;2015-09-17 00:32:47+00:00;False;739;187;25245;2b8a06b32347ac16eaac820227a4672dbe05c134;7;fedor@indutny.com;fedor@indutny.com
mark-compact.cc;MODIFY;3565;33.0;Grew;True;2015-10-14 18:20:34+00:00;False;737;189;25458;d8011d1683fe0d977de2bea1147f5213d4490c5a;1058;ofrobots@google.com;mic.besace@gmail.com
mark-compact.cc;MODIFY;3565;0.0;Grew;True;2015-10-14 18:20:35+00:00;False;737;189;25458;1fdec65203c2889d92c9393a6c09b406181b75cf;3;ofrobots@google.com;fedor@indutny.com
mark-compact.cc;MODIFY;3589;24.0;Grew;True;2015-10-14 18:20:35+00:00;False;744;189;25653;972a0c851586ddde30f948d1ea8510f74e141f7c;7;ofrobots@google.com;fedor@indutny.com
mark-compact.cc;MODIFY;3470;-119.0;Decreased;False;2015-12-04 08:06:01+00:00;True;708;182;24786;8a43a3d7619fde59f0d1f2fad05d8ae7d1732b02;978;ofrobots@google.com;ofrobots@google.com
mark-compact.cc;MODIFY;3460;-10.0;Decreased;False;2016-01-22 00:53:58+00:00;False;701;181;24666;ef4170ea03a80b21b2d8a65ce432efaa370fe2fa;1316;ofrobots@google.com;ofrobots@google.com
mark-compact.cc;MODIFY;3019;-441.0;Decreased;False;2016-03-04 04:35:20+00:00;False;666;194;21606;069e02ab47656b3efd1b6829c65856b2e1c2d1db;1562;ofrobots@lemonhope.roam.corp.google.com;ofrobots@google.com
mark-compact.cc;MODIFY;3024;5.0;Decreased;False;2016-04-14 17:03:39+00:00;False;666;200;21485;52af5c4eebf4de8638aef0338bd826656312a02a;1008;ofrobots@google.com;ofrobots@google.com
mark-compact.cc;MODIFY;3024;0.0;Equal;False;2016-04-18 19:49:55+00:00;False;666;200;21493;af4a380d400129560844eecc3bbd1208af19dfe7;5;michael_dawson@ca.ibm.com;michael_dawson@ca.ibm.com
mark-compact.cc;MODIFY;2891;-133.0;Decreased;False;2016-06-29 07:04:28+00:00;False;646;191;20771;2cc29517966de7257a2f1b34c58c77225a21e05d;1487;targos@protonmail.com;targos@protonmail.com
mark-compact.cc;MODIFY;2891;0.0;Equal;False;2016-06-29 07:06:15+00:00;False;646;191;20779;b88dee2768d605e97882b8997ddc518148e638a0;5;targos@protonmail.com;michael_dawson@ca.ibm.com
mark-compact.cc;MODIFY;2898;7.0;Grew;False;2016-08-31 22:14:45+00:00;False;646;191;20817;870faeef95e4cbc38ccc87b9b7906215aac8dbd7;2;ofrobots@google.com;ofrobots@google.com
mark-compact.cc;MODIFY;3110;212.0;Grew;False;2016-09-22 07:51:19+00:00;False;703;224;22430;ec02b811a8a5c999bab4de312be2d732b7d9d50b;2386;targos@protonmail.com;targos@protonmail.com
mark-compact.cc;MODIFY;3117;7.0;Grew;False;2016-09-22 07:55:46+00:00;False;703;224;22468;91b40944a41f8ab1e499ed5bebeed520a215b9a5;1;targos@protonmail.com;targos@protonmail.com
mark-compact.cc;MODIFY;3085;-32.0;Decreased;False;2017-01-26 21:46:17+00:00;False;694;221;22351;2739185b790e040c3b044c577327f5d44bffad4a;1522;targos@protonmail.com;targos@protonmail.com
mark-compact.cc;MODIFY;3054;-31.0;Decreased;False;2017-02-22 14:55:42+00:00;False;684;220;22019;7a77daf24344db7942e34c962b0f1ee729ab7af5;1607;targos@protonmail.com;targos@protonmail.com
mark-compact.cc;MODIFY;3188;134.0;Grew;False;2017-03-25 08:44:10+00:00;False;704;227;23089;c459d8ea5d402c702948c860d9497b2230ff7e8a;1726;targos@protonmail.com;targos@protonmail.com
mark-compact.cc;MODIFY;3168;-20.0;Decreased;False;2017-05-06 18:02:35+00:00;False;705;226;22710;60d1aac8d225e844e68ae48e8f3d58802e635fbe;1492;targos@protonmail.com;targos@protonmail.com
mark-compact.cc;MODIFY;3257;89.0;Grew;False;2017-06-07 08:33:31+00:00;False;715;246;23559;3dc8c3bed4cf3a77607edbb0b015e33f8b60fc09;1500;targos@protonmail.com;targos@protonmail.com
mark-compact.cc;MODIFY;3847;590.0;Grew;True;2017-08-01 20:23:15+00:00;True;840;319;27782;0a66b223e149a841669bfad5598e4254589730cb;1529;mylesborins@google.com;mylesborins@google.com
mark-compact.cc;MODIFY;3858;11.0;Grew;True;2017-08-17 18:26:17+00:00;False;841;319;27883;354a17b0c090f88e29936b3a72dfed673cc68c4d;2;anna@addaleax.net;mattloring@google.com
mark-compact.cc;MODIFY;3805;-53.0;Decreased;True;2017-09-13 14:15:18+00:00;False;844;331;27146;d82e1075dbc2cec2d6598ade10c1f43805f690fd;2007;anna@addaleax.net;targos@protonmail.com
mark-compact.cc;MODIFY;3816;11.0;Grew;True;2017-09-13 14:16:26+00:00;False;845;331;27247;e1c37b3692773a5be9c1c1e0f959f2378fab36ef;2;anna@addaleax.net;mattloring@google.com
mark-compact.cc;MODIFY;3671;-145.0;Decreased;True;2017-10-19 00:01:41+00:00;False;799;309;25799;3d1b3df9486c0e7708065257f7311902f6b7b366;1521;targos@protonmail.com;targos@protonmail.com
mark-compact.cc;MODIFY;3633;-38.0;Decreased;True;2017-12-06 11:52:07+00:00;False;779;304;25429;1854ba04e9a68f062beb299dd6e1479279b26363;1209;targos@protonmail.com;targos@protonmail.com
mark-compact.cc;MODIFY;3344;-289.0;Decreased;False;2018-01-24 23:02:20+00:00;True;705;280;23225;4c4af643e5042d615a60c6bbc05aee9d81b903e5;2123;mylesborins@google.com;targos@protonmail.com
mark-compact.cc;MODIFY;3352;8.0;Grew;False;2018-03-07 15:48:52+00:00;False;706;280;23268;88786fecff336342a56e6f2e7ff3b286be716e47;1284;targos@protonmail.com;targos@protonmail.com
mark-compact.cc;MODIFY;3397;45.0;Grew;False;2018-04-11 17:22:42+00:00;False;705;280;23528;12a1b9b8049462e47181a298120243dc83e81c55;1331;mylesborins@google.com;mylesborins@google.com
mark-compact.cc;MODIFY;3510;113.0;Grew;True;2018-06-01 07:58:27+00:00;True;741;299;24236;352a525eb984b8fa2d6f0f6fd68395e6a080bba4;1596;mylesborins@google.com;targos@protonmail.com
mark-compact.cc;MODIFY;3510;0.0;Equal;True;2018-06-22 16:42:46+00:00;False;741;299;24236;b3627560a94eaf51262cc041aebc9ef150b5fcbc;16;matheus@sthima.com;matheus@sthima.com
mark-compact.cc;MODIFY;3477;-33.0;Decreased;False;2018-07-26 06:31:50+00:00;True;729;292;24054;6a31d05340b22fc413ee83eaacd0a5565bbbe799;1113;targos@protonmail.com;targos@protonmail.com
mark-compact.cc;MODIFY;3477;0.0;Equal;False;2018-07-26 06:33:56+00:00;False;729;292;24054;71fae5e81dc96e5501ddb3e89e4a49c427d89398;16;targos@protonmail.com;targos@protonmail.com
mark-compact.cc;MODIFY;3477;0.0;Equal;False;2018-09-03 17:49:07+00:00;False;729;292;24055;8ac662eb4dddde40b0ecfe278ea7fb55b580e4a8;21;targos@protonmail.com;p.s.marshall0@gmail.com
mark-compact.cc;MODIFY;3577;100.0;Grew;True;2018-09-07 18:59:13+00:00;True;754;297;24714;586db2414a338e1bf6eaf6e672a3adc7ce309f6a;1543;targos@protonmail.com;targos@protonmail.com
mark-compact.cc;MODIFY;3577;0.0;Equal;True;2018-09-07 19:07:09+00:00;False;754;297;24715;7766baf943a61843eaf706f349dd663218639e8c;18;targos@protonmail.com;targos@protonmail.com
mark-compact.cc;MODIFY;3561;-16.0;Decreased;True;2018-09-22 16:29:25+00:00;False;750;296;24537;0e7ddbd3d7e9439c67573b854c49cf82c398ae82;1600;targos@protonmail.com;targos@protonmail.com
mark-compact.cc;MODIFY;3536;-25.0;Decreased;True;2018-12-06 14:23:33+00:00;False;730;282;24362;9b4bf7de6c9a7c25f116c7a502384c20b5cfaea3;1526;targos@protonmail.com;targos@protonmail.com
mark-compact.cc;MODIFY;3782;246.0;Grew;True;2019-03-14 17:49:21+00:00;False;771;315;25666;7b48713334469818661fe276cf571de9c7899f2d;2732;targos@protonmail.com;targos@protonmail.com
mark-compact.cc;MODIFY;3816;34.0;Grew;True;2019-03-28 20:36:18+00:00;False;777;315;25876;f579e1194046c50f2e6bb54348d48c8e7d1a53cf;2265;refack@gmail.com;usharma1998@gmail.com
mark-compact.cc;MODIFY;3817;1.0;Grew;True;2019-04-05 12:45:59+00:00;False;778;315;25885;c1d61f2b4bbaeec7e84cd64d6ef8a15c45586fe0;12;refack@gmail.com;targos@protonmail.com
mark-compact.cc;MODIFY;3903;86.0;Grew;True;2019-06-01 13:55:12+00:00;False;794;319;26486;ed74896b1fae1c163b3906163f3bf46326618ddb;1302;refack@gmail.com;refack@gmail.com
mark-compact.cc;MODIFY;3904;1.0;Equal;True;2019-08-01 10:53:56+00:00;False;794;319;26503;2dcc3665abf57c3607cebffdeeca062f5894885d;2692;targos@protonmail.com;targos@protonmail.com
mark-compact.cc;MODIFY;3958;54.0;Grew;True;2019-08-19 07:25:23+00:00;False;810;324;26801;e31f0a7d25668d3c1531294d2ef44a9f3bde4ef4;2612;targos@protonmail.com;targos@protonmail.com
mark-compact.cc;MODIFY;3975;17.0;Grew;True;2019-10-07 07:19:23+00:00;False;816;324;26977;f7f6c928c1c9c136b7926f892b8a2fda11d8b4b2;1200;myles.borins@gmail.com;mylesborins@google.com
mark-compact.cc;MODIFY;3968;-7.0;Decreased;True;2019-10-07 07:20:36+00:00;False;813;324;26918;80f2b6736724e0a3b90731deb9503013edc7d85e;6;myles.borins@gmail.com;mylesborins@google.com
mark-compact.cc;MODIFY;3994;26.0;Grew;True;2019-11-08 14:46:25+00:00;False;818;324;27133;6ca81ad72a3c6fdf16c683335be748f22aaa9a0d;1433;targos@protonmail.com;targos@protonmail.com
mark-compact.cc;MODIFY;4143;149.0;Grew;True;2020-03-18 23:23:22+00:00;False;846;332;28069;2883c855e0105b51e5c8020d21458af109ffe3d4;2056;mmarchini@netflix.com;mmarchini@netflix.com
mark-compact.cc;MODIFY;4147;4.0;Grew;True;2020-05-12 14:12:13+00:00;False;847;332;28096;1d6adf7432defeb39b751a19c68335e8afb0d8ee;1524;targos@protonmail.com;targos@protonmail.com
mark-compact.cc;MODIFY;4157;10.0;Grew;True;2020-07-13 12:41:41+00:00;False;847;332;28178;12478684aab233942e0d5dc24f195930c8a5e59d;1406;targos@protonmail.com;targos@protonmail.com
mark-compact.cc;MODIFY;4176;19.0;Grew;True;2020-10-18 18:16:47+00:00;False;850;331;28343;a1d639ba5de4ff34e34fb575fbb6cc1d41ec3cce;2311;targos@protonmail.com;targos@protonmail.com
mark-compact.cc;MODIFY;4180;4.0;Grew;True;2020-11-15 15:46:54+00:00;False;849;331;28399;48db20f6f53060e38b2272566b014741eb4f519f;1094;targos@protonmail.com;targos@protonmail.com
mark-compact.cc;MODIFY;4205;25.0;Grew;True;2021-02-11 18:09:18+00:00;False;851;331;28770;c7b329225126ad3b9eeb2408e0f0801f1aea5eb1;1623;targos@protonmail.com;targos@protonmail.com
mark-compact.cc;MODIFY;4229;24.0;Grew;True;2021-02-11 18:10:42+00:00;False;860;332;28953;ee01d6b7fc7746153e47915f2210b453fe0e0530;3;targos@protonmail.com;targos@protonmail.com
mark-compact.cc;MODIFY;4231;2.0;Grew;True;2021-02-11 18:10:48+00:00;False;860;332;28965;00e1c7ea83b6e2cc098e3b123800149047c30c7d;2;targos@protonmail.com;targos@protonmail.com
mark-compact.cc;MODIFY;4224;-7.0;Decreased;True;2021-02-24 23:14:47+00:00;False;860;332;28965;c5ff019a4e93891106859cb272ded1197a92c7e5;1619;targos@protonmail.com;targos@protonmail.com
mark-compact.cc;MODIFY;4226;2.0;Grew;True;2021-02-24 23:16:02+00:00;False;860;332;28977;63ed0b8bfe3759f1b14fe3a805a33081b065288b;2;targos@protonmail.com;targos@protonmail.com
mark-compact.cc;MODIFY;4183;-43.0;Decreased;True;2021-03-15 14:54:50+00:00;False;853;330;28704;732ad99e47bae5deffa3a22d2ebe5500284106f0;1487;targos@protonmail.com;targos@protonmail.com
mark-compact.cc;MODIFY;4180;-3.0;Decreased;True;2021-04-12 21:32:52+00:00;False;852;330;28695;2468e4ed3e7af1f32c8655bede19d9b1207325c7;47;jasnell@gmail.com;duhamelantoine1995@gmail.com
mark-compact.cc;MODIFY;4191;11.0;Grew;True;2021-06-10 09:10:13+00:00;False;854;330;28742;a7cbf19a82c75e9a65e90fb8ba4947e2fc52ef39;1300;targos@protonmail.com;targos@protonmail.com
mark-compact.cc;MODIFY;4188;-3.0;Decreased;True;2021-06-10 09:11:00+00:00;False;853;330;28733;0a04a9d633a8c06866a29d8ad78f84d401aecbf9;47;targos@protonmail.com;targos@protonmail.com
mark-compact.cc;MODIFY;4237;49.0;Grew;True;2021-07-20 13:24:51+00:00;False;878;337;29182;6cdd310275bb0f8056aa0ae6d95614e9ca5b70c7;1435;targos@protonmail.com;targos@protonmail.com
mark-compact.cc;MODIFY;4259;22.0;Grew;True;2021-08-30 19:02:51+00:00;False;879;338;29289;50930a0fa08297d0ce7e67fa6594fe47937b99ff;2236;targos@protonmail.com;targos@protonmail.com
mark-compact.cc;MODIFY;4439;180.0;Grew;True;2021-10-02 06:40:27+00:00;False;916;350;30604;4f722915218862b108c90371503d26a3fe89f4c9;957;targos@protonmail.com;targos@protonmail.com
mark-compact.cc;MODIFY;4430;-9.0;Decreased;True;2021-10-12 06:07:50+00:00;False;914;349;30531;62719c5fd2ab7dee1ac4019c1715061d556ac457;1269;targos@protonmail.com;targos@protonmail.com
mark-compact.cc;MODIFY;4446;16.0;Grew;True;2021-11-21 15:04:41+00:00;False;915;349;30646;3e9939e38cb4ecc7c8a9bd7cff64baca3a897eb3;877;targos@protonmail.com;targos@protonmail.com
mark-compact.cc;MODIFY;4479;33.0;Grew;True;2022-01-20 09:38:37+00:00;False;923;350;30863;270253c4e268c2bef2e5995a95cbd92b75ed698d;962;targos@protonmail.com;targos@protonmail.com
mark-compact.cc;MODIFY;4648;169.0;Grew;True;2022-02-02 16:23:18+00:00;False;964;365;32155;974ab4060fe3eff74dc0a62a5a27d516738f4c55;1131;targos@protonmail.com;targos@protonmail.com
mark-compact.cc;MODIFY;4830;182.0;Grew;True;2022-04-12 20:08:39+00:00;False;1028;385;33560;fd4f80ce54d7f7b7503e0999f6a9d293d493846d;2040;targos@protonmail.com;targos@protonmail.com
mark-compact.cc;MODIFY;4803;-27.0;Decreased;True;2022-04-21 09:54:15+00:00;False;1021;385;33340;6bbc5596b13828a5274a8aeaea4929bdc22168a4;882;targos@protonmail.com;targos@protonmail.com
mark-compact.cc;MODIFY;4800;-3.0;Decreased;True;2022-07-11 20:38:03+00:00;False;1021;385;33313;b1f75d7924030dbea79019df62d5aad40cbb392f;44;noreply@github.com;targos@protonmail.com
mark-compact.cc;MODIFY;5333;533.0;Grew;True;2022-10-11 05:24:33+00:00;False;1149;407;37193;6bd756d7c6dfb7dc25daee329ad70df68c14223e;3737;targos@protonmail.com;targos@protonmail.com
mark-compact.cc;MODIFY;5086;-247.0;Decreased;True;2022-11-19 09:11:32+00:00;False;1083;354;35425;edd537ca2f38b94738fe25c2dc9b8c21bc7847f2;1255;github-bot@iojs.org;targos@protonmail.com
mark-compact.cc;MODIFY;5132;46.0;Grew;True;2022-11-27 17:27:13+00:00;False;1080;364;35614;16e03e79688d51f95dfdbc90f5b8f56e3e995c6c;876;github-bot@iojs.org;yagiz@nizipli.com
mark-compact.cc;MODIFY;4974;-158.0;Decreased;True;2023-03-31 14:15:23+00:00;False;1072;352;34641;f226350fcbebd4449fb0034fdaffa147e4de28ea;2560;github-bot@iojs.org;targos@protonmail.com
mark-compact.cc;MODIFY;4082;-892.0;Decreased;True;2023-10-10 06:25:41+00:00;False;851;274;28165;17a74ddd3dad2d0e6fe900dc466cfb964f9341b6;3364;targos@protonmail.com;targos@protonmail.com
mark-compact.cc;MODIFY;4087;5.0;Grew;True;2023-11-20 23:08:08+00:00;False;851;274;28199;ec023a7a793f2e2e457e811e4c6ab9e81d5feeb0;27;kvakil@sylph.kvakil.me;kvakil@sylph.kvakil.me
mark-compact.cc;MODIFY;4079;-8.0;Decreased;True;2024-01-04 08:30:13+00:00;False;848;274;28173;d8c97e48573ef9679751be0c7a308e08d0101c47;1027;targos@protonmail.com;targos@protonmail.com
mark-compact.cc;MODIFY;4285;206.0;Grew;True;2024-03-31 13:36:07+00:00;False;891;287;29523;09a8440b45f69651ff52110cb1bc2dde9e14e2e8;3635;targos@protonmail.com;targos@protonmail.com
mark-compact.cc;MODIFY;4283;-2.0;Equal;True;2024-04-19 08:39:47+00:00;False;890;287;29519;1d29d81c69a5e03d99a3d3e597bc0eeed433e47d;1088;github-bot@iojs.org;targos@protonmail.com
mark-compact.cc;MODIFY;4303;20.0;Grew;True;2024-04-22 21:25:15+00:00;False;887;285;29729;cfbf9e0d14c5d0d7465025b39664d3fbcda39dd0;1119;github-bot@iojs.org;targos@protonmail.com
mark-compact.cc;MODIFY;4565;262.0;Grew;True;2024-08-16 14:03:01+00:00;False;922;290;31572;9d7cd9b864cacb72409e693aa26c36338efa05ca;3126;targos@protonmail.com;targos@protonmail.com
mark-compact.cc;MODIFY;4551;-14.0;Decreased;True;2024-09-19 14:25:34+00:00;False;918;289;31546;5ab3140dfbf0dfa33a66a6af62942b4290f370c1;1270;github-bot@iojs.org;targos@protonmail.com
