file_name;change_type;n_loc;lines_balance;size_change;is_large;date;swapped_classification;complexity;methods;tokens;hash;files_on_commit;committer_email;author_email
ninja.py;ADD;398.0;0.0;Equal;False;2011-08-23 00:09:57+00:00;False;97;21;2648;80dd8182907314ae99f5572798c86176e2086c47;10;ry@tinyclouds.org;ry@tinyclouds.org
ninja.py;MODIFY;433.0;35.0;Grew;False;2011-09-08 08:11:45+00:00;False;112;24;3103;ee2c12d48e52c066c74fd646d6a38e880b0bfa0a;7;ry@tinyclouds.org;ry@tinyclouds.org
ninja.py;MODIFY;433.0;0.0;Equal;False;2011-09-18 19:25:30+00:00;False;111;24;3103;100fc27ebb071b7833e0c6f0c10145206ad257e7;7;ry@tinyclouds.org;ry@tinyclouds.org
ninja.py;MODIFY;443.0;10.0;Grew;False;2011-10-18 21:39:39+00:00;False;111;24;3163;dbfc8198a6879a0764314db701b610ca2f0c038b;11;ry@tinyclouds.org;ry@tinyclouds.org
ninja.py;MODIFY;456.0;13.0;Grew;False;2011-12-03 20:28:17+00:00;False;109;24;3296;e90623edc2befb06602ff8c3e01809ba0a21d593;527;info@bnoordhuis.nl;info@bnoordhuis.nl
ninja.py;MODIFY;537.0;81.0;Grew;False;2011-12-21 20:39:36+00:00;False;124;24;3701;60a9e1e40fd520a224b4a971a464227e6838e7af;15;ry@tinyclouds.org;ry@tinyclouds.org
ninja.py;MODIFY;880.0;343.0;Grew;False;2012-02-20 10:47:03+00:00;False;194;41;6060;4af673e161138fbed287a8e00cf7b2b0aafdd8b3;130;info@bnoordhuis.nl;info@bnoordhuis.nl
ninja.py;MODIFY;1188.0;308.0;Grew;False;2012-07-03 18:56:35+00:00;False;267;47;8296;fc4e12b8f1d6e3ea010d575504011deee2a97b16;611;info@bnoordhuis.nl;info@bnoordhuis.nl
ninja.py;MODIFY;1245.0;57.0;Grew;False;2012-08-22 19:18:45+00:00;False;278;47;8587;f90c9ce0e255e531fee4f07dbe53f0c6c893e700;24;ry@tinyclouds.org;ry@tinyclouds.org
ninja.py;MODIFY;1310.0;65.0;Grew;False;2012-11-20 15:40:51+00:00;False;295;49;9059;38c52a0575fa92a2413fbefb754bfdc7af144b89;22;info@bnoordhuis.nl;info@bnoordhuis.nl
ninja.py;RENAME;1306.0;-4.0;Decreased;False;2012-12-21 16:42:29+00:00;False;292;49;9016;d30e76e0e834293981dba3b1ef838be24ab4d33a;1161;i@izs.me;i@izs.me
ninja.py;MODIFY;1330.0;24.0;Grew;False;2013-03-24 14:03:09+00:00;False;304;49;9252;8632af381e7086823db764f815cbee53681d450b;23;info@bnoordhuis.nl;info@bnoordhuis.nl
ninja.py;MODIFY;1306.0;-24.0;Decreased;False;2013-04-03 17:17:04+00:00;False;292;49;9016;d46ebffb66edea43d17f4a9799ccd9dba21c4000;210;i@izs.me;i@izs.me
ninja.py;MODIFY;1330.0;24.0;Grew;False;2013-07-12 15:56:26+00:00;False;304;49;9252;ff8a4058bfac4f360992cfe7adf04f910282cedc;385;i@izs.me;i@izs.me
ninja.py;MODIFY;1330.0;0.0;Equal;False;2013-07-12 15:56:59+00:00;False;304;49;9252;9da67fa5198f3c0839904ae05cbfe88c61b3ad09;1579;i@izs.me;i@izs.me
ninja.py;MODIFY;1590.0;260.0;Grew;False;2013-11-10 23:15:34+00:00;False;376;59;11233;201098535443ef6588b0fd176a425fdf3213ee70;40;tjfontaine@gmail.com;tjfontaine@gmail.com
ninja.py;MODIFY;1590.0;0.0;Equal;False;2013-11-20 19:08:52+00:00;False;376;59;11233;c1452f4c6fac17dd8ab974372daee05cd5cdbdec;190;i@izs.me;i@izs.me
ninja.py;MODIFY;1595.0;5.0;Grew;False;2013-12-12 04:06:11+00:00;False;378;59;11311;4ec189b250188e04aad7ba1ccb1c498876df2af6;16;tjfontaine@gmail.com;tjfontaine@gmail.com
ninja.py;MODIFY;1576.0;-19.0;Decreased;False;2013-12-27 16:06:12+00:00;False;372;59;11207;96dffb12177570a1311e97df501142e56b606c02;12;fedor.indutny@gmail.com;fedor.indutny@gmail.com
ninja.py;MODIFY;1576.0;0.0;Equal;False;2013-12-30 23:52:47+00:00;False;372;59;11207;cb5da7b443513627436a276ea4249779930d4648;12;tjfontaine@gmail.com;fedor.indutny@gmail.com
ninja.py;MODIFY;1590.0;14.0;Grew;False;2014-01-14 06:03:40+00:00;False;375;59;11309;346b59e4a3296b92f2f00c2a697819bc56b7df71;8;tjfontaine@gmail.com;fedor.indutny@gmail.com
ninja.py;MODIFY;1590.0;0.0;Equal;False;2014-03-26 00:42:22+00:00;False;375;59;11309;bd547d65983c190eb69ca44d633ea31aca2b7c98;318;i@izs.me;i@izs.me
ninja.py;MODIFY;1780.0;190.0;Grew;True;2015-04-04 02:01:26+00:00;True;420;62;12595;21f4fb62157567eb6e1eac08927d832c7b5b89dd;1471;ohtsu@iij.ad.jp;ohtsu@iij.ad.jp
ninja.py;MODIFY;1780.0;0.0;Equal;True;2015-06-10 16:05:54+00:00;False;420;62;12595;f41b7f12b534393b7e2705eb4c0d21a7536f435f;504;fishrock123@rocketmail.com;kzm@sykosomatic.org
ninja.py;MODIFY;1780.0;0.0;Equal;True;2015-06-30 11:38:26+00:00;False;420;62;12588;99cbbc0a13fdd554bfc74e29de66fbefc00cfd2a;16;info@bnoordhuis.nl;info@bnoordhuis.nl
ninja.py;MODIFY;1786.0;6.0;Grew;True;2015-10-30 11:23:57+00:00;False;421;62;12671;1d65b99d5de3078a450101a9166b4168fbcba6fb;13;info@bnoordhuis.nl;imrani@ca.ibm.com
ninja.py;MODIFY;1793.0;7.0;Grew;True;2016-02-01 15:43:34+00:00;False;422;62;12713;76cb81b354de8447898427619c66c86c59b22b3d;1989;fishrock123@rocketmail.com;me@re-becca.org
ninja.py;MODIFY;1851.0;58.0;Grew;True;2017-04-18 17:22:28+00:00;False;433;63;13122;3a334b12807eae369d487e0dce594681661fdcc5;25;refack@gmail.com;refack@gmail.com
ninja.py;MODIFY;1851.0;0.0;Equal;True;2017-05-11 12:12:24+00:00;False;433;63;13122;9fd22bc4d4a90a5cdbf6db4d61eb94179f136a12;2;refack@gmail.com;daniel.bevenius@gmail.com
ninja.py;MODIFY;1856.0;5.0;Grew;True;2017-07-17 16:36:23+00:00;False;435;63;13164;a6cec04aaaf4e0d6d51adb7f4485e6f1a69f6d5d;2;vieuxtech@gmail.com;vieuxtech@gmail.com
ninja.py;MODIFY;1851.0;-5.0;Decreased;True;2017-08-23 20:24:28+00:00;False;433;63;13122;327077ce43866020eadaf3b58f7280a09ed0c348;10;refack@gmail.com;refack@gmail.com
ninja.py;MODIFY;1851.0;0.0;Equal;True;2017-08-23 20:24:36+00:00;False;433;63;13122;2550152395f48ade5261dcc8d0d63e44acb89702;2;refack@gmail.com;daniel.bevenius@gmail.com
ninja.py;MODIFY;1856.0;5.0;Grew;True;2017-08-23 20:24:37+00:00;False;435;63;13164;cbd3708c85e13b234e9ded0beaaf1780a537dc39;1;refack@gmail.com;vieuxtech@gmail.com
ninja.py;RENAME;not calculated;0.0;Equal;False;2018-04-05 20:01:07+00:00;True;not calculated;0;not calculated;25a816dcda7b1db0929501acfe13f2fe5119759b;1451;mylesborins@google.com;fallenritemonk@gmail.com
ninja.py;RENAME;not calculated;0.0;Equal;False;2018-04-05 21:00:02+00:00;False;not calculated;0;not calculated;e37effe4cec98688e75d770f4d0b7f68927e2b73;1451;anna@addaleax.net;anna@addaleax.net
ninja.py;MODIFY;1856.0;0.0;Equal;True;2018-05-16 05:08:37+00:00;True;435;63;13164;3b1bf0d394811a1850bf5553d9879c82c73e9466;4;apapirovski@mac.com;cherrydog07@gmail.com
ninja.py;MODIFY;1800.0;-56.0;Decreased;True;2018-07-29 12:16:56+00:00;False;424;62;12739;5842366ae83a36065d626e3937ad8fc327efab30;1280;targos@protonmail.com;kzm@zkat.tech
ninja.py;MODIFY;1805.0;5.0;Grew;True;2018-09-02 10:51:59+00:00;False;426;62;12781;78f5685acc8fa574c32ed60d07de6273c60639b9;743;anna@addaleax.net;kzm@zkat.tech
ninja.py;MODIFY;1857.0;52.0;Grew;True;2019-07-16 17:40:31+00:00;False;435;63;13175;54fcb14467b59e82d6e24bf44803462226a5de4d;16;rtrott@gmail.com;cclauss@me.com
ninja.py;MODIFY;1806.0;-51.0;Decreased;True;2019-08-06 07:05:32+00:00;False;426;62;12789;d7d321b071789f08c65dbb11a0e4b3b6a299af44;603;targos@protonmail.com;i@izs.me
ninja.py;MODIFY;1857.0;51.0;Grew;True;2019-09-03 04:01:09+00:00;False;435;63;13175;020c2eaf4bf630652c1e9d3b238579c37036a4aa;1;rtrott@gmail.com;cclauss@me.com
ninja.py;MODIFY;1860.0;3.0;Grew;True;2019-09-03 16:31:14+00:00;False;435;63;13184;40060f4e42a9f2c79d14c704f4496320b18c0483;1;vieuxtech@gmail.com;cclauss@me.com
ninja.py;MODIFY;1861.0;1.0;Grew;True;2019-09-05 11:53:24+00:00;False;441;63;13201;af161f0efb1eb6690c64144cff2988d25186a46f;1;targos@protonmail.com;targos@protonmail.com
ninja.py;MODIFY;1809.0;-52.0;Decreased;True;2019-10-15 18:00:21+00:00;False;426;62;12798;3ebaf6b9bc495e5931e0ef2cd0726e8b5ea3d0b1;263;rtrott@gmail.com;i@izs.me
ninja.py;MODIFY;1868.0;59.0;Grew;True;2020-02-21 09:34:20+00:00;False;443;63;13227;cf0096104752607c7374a7f7297139e60b03c59d;28;targos@protonmail.com;targos@protonmail.com
ninja.py;MODIFY;2295.0;427.0;Grew;True;2020-10-04 07:59:30+00:00;False;443;63;13273;a8f59173cdef8a136eabdf1d39907861388dbca3;59;ryzokuken@disroot.org;ryzokuken@disroot.org
ninja.py;MODIFY;2297.0;2.0;Grew;True;2020-10-04 07:59:39+00:00;False;443;63;13273;916516c8d702011fb5a6a3fc3046b602cee39571;10;ryzokuken@disroot.org;ryzokuken@disroot.org
ninja.py;MODIFY;2297.0;0.0;Equal;True;2020-10-04 07:59:42+00:00;False;443;63;13273;e73f0a00c624c0a362e4caab831ad318b338a331;4;ryzokuken@disroot.org;ryzokuken@disroot.org
ninja.py;MODIFY;2298.0;1.0;Grew;True;2020-10-04 07:59:46+00:00;False;443;63;13276;f215a4d8857316a8b6d857467efd737b4b218538;19;ryzokuken@disroot.org;ryzokuken@disroot.org
ninja.py;MODIFY;2297.0;-1.0;Decreased;True;2020-10-07 13:59:49+00:00;False;443;63;13273;2e545249557c265f7d5f338cc3a382985211603c;4238;mylesborins@github.com;mylesborins@github.com
ninja.py;MODIFY;2298.0;1.0;Grew;True;2020-10-18 17:17:41+00:00;False;443;63;13276;5b9593f7270e7657ebdd5c704f0971da502862b1;212;github-bot@iojs.org;mylesborins@github.com
ninja.py;MODIFY;2293.0;-5.0;Decreased;True;2021-06-03 01:55:16+00:00;False;445;63;13240;ffdaf475e97c0d64bba29d92397e4a8b7a929bd8;54;technicalcute@gmail.com;technicalcute@gmail.com
ninja.py;MODIFY;2292.0;-1.0;Decreased;True;2021-07-09 02:18:16+00:00;False;445;63;13221;80e7872f6a70e0754c9d0cb7df336d0d0f018cc0;14;github-bot@iojs.org;technicalcute@gmail.com
ninja.py;MODIFY;2293.0;1.0;Grew;True;2021-08-23 07:48:13+00:00;False;446;63;13237;28113ed92e0f623bf06faae6c2b32428e75c4845;6;github-bot@iojs.org;technicalcute@gmail.com
ninja.py;MODIFY;2293.0;0.0;Equal;True;2021-10-08 00:39:53+00:00;False;446;63;13237;dbc91de0115bddaa7b90f9675f12de6748363ba2;748;mylesborins@github.com;ops+robot@npmjs.com
ninja.py;MODIFY;2293.0;0.0;Equal;True;2022-04-19 22:46:37+00:00;False;446;63;13237;1e761654d3d93e4568d1228b92d1f3a09e92d078;26;noreply@github.com;duhamelantoine1995@gmail.com
ninja.py;MODIFY;2293.0;0.0;Equal;True;2022-12-07 03:18:33+00:00;False;445;63;13242;3bef54918b9a8fae42d24520e59214239b3a5386;848;noreply@github.com;npm-cli+bot@github.com
ninja.py;MODIFY;2290.0;-3.0;Decreased;True;2023-10-31 12:44:38+00:00;False;445;63;13238;6557c1c9b1206a85bb7d8e7450e8c3a4cff7c84b;52;github-bot@iojs.org;targos@protonmail.com
ninja.py;MODIFY;2290.0;0.0;Equal;True;2023-11-03 14:03:57+00:00;False;445;63;13238;fd2368eafc2dc7df5b0b988e2057b9bf95991258;556;noreply@github.com;npm-cli+bot@github.com
ninja.py;MODIFY;2309.0;19.0;Grew;True;2024-05-09 20:20:13+00:00;False;448;64;13362;62294f9b03e71496c95ff314845f5f71159a7607;15;github-bot@iojs.org;github-bot@iojs.org
ninja.py;MODIFY;2309.0;0.0;Equal;True;2024-09-08 06:09:40+00:00;False;448;64;13362;533853337381cd73104c04c2f404e8960061dc21;279;noreply@github.com;npm-cli+bot@github.com
ninja.py;MODIFY;2312.0;3.0;Grew;True;2024-10-08 03:15:03+00:00;False;448;64;13398;8dbca2d35b4b322320113e6a4a5ad752b1a84e6f;18;noreply@github.com;github-bot@iojs.org
