file_name;change_type;n_loc;lines_balance;size_change;is_large;date;swapped_classification;complexity;methods;tokens;hash;files_on_commit;committer_email;author_email
test-stream-pipeline.js;ADD;394;0.0;Grew;False;2018-04-16 14:02:12+00:00;False;84;79;2359;f64bebf2059d35299da58cf9c5ca22d68035d617;9;mathiasbuus@gmail.com;mathiasbuus@gmail.com
test-stream-pipeline.js;MODIFY;418;24.0;Grew;False;2018-05-31 09:22:54+00:00;False;91;86;2546;c1012b440203b2ab42b350b0300eb3bc8ec36381;2;anna@addaleax.net;blaine.bublitz@gmail.com
test-stream-pipeline.js;MODIFY;417;-1.0;Decreased;False;2018-06-07 13:41:36+00:00;False;91;86;2540;6858ab5d01084d93c75ddac3017017b8a870bc1d;1;apapirovski@mac.com;apapirovski@mac.com
test-stream-pipeline.js;MODIFY;412;-5.0;Decreased;False;2018-06-07 23:24:39+00:00;False;91;86;2464;32c51f10d33c686f2607559ff24a97d6c4a6f109;3;anna@addaleax.net;ruben@bridgewater.de
test-stream-pipeline.js;MODIFY;411;-1.0;Decreased;False;2018-07-19 06:47:28+00:00;False;91;86;2458;df08779e0dfa82ceb69e129ae0548e97352aaddf;117;targos@protonmail.com;targos@protonmail.com
test-stream-pipeline.js;MODIFY;424;13.0;Grew;False;2018-08-24 09:14:44+00:00;False;94;86;2507;656da16e1c6c76ee1b96745bc8a92750ed4435d5;1;hello@matteocollina.com;hello@matteocollina.com
test-stream-pipeline.js;MODIFY;397;-27.0;Decreased;False;2018-11-25 07:36:08+00:00;False;88;81;2324;8c0aa84f854d29ef44485d52c8bddba7a3ce77d0;3;rtrott@gmail.com;rtrott@gmail.com
test-stream-pipeline.js;MODIFY;397;0.0;Equal;False;2019-02-28 17:31:10+00:00;False;88;81;2324;9edce1e12a7b69e7986dd15fce18d6e46590161a;200;ruben@bridgewater.de;ruben@bridgewater.de
test-stream-pipeline.js;MODIFY;402;5.0;Grew;False;2019-12-14 15:16:34+00:00;False;90;83;2374;648088289d619bfb149fe90316ce0127083c4c99;3;hello@matteocollina.com;hello@matteocollina.com
test-stream-pipeline.js;MODIFY;429;27.0;Grew;False;2019-12-25 20:50:30+00:00;False;94;87;2514;c852f7e2ac3a071245a4080f0e2d7fdc18aec6b4;2;rtrott@gmail.com;ronagy@icloud.com
test-stream-pipeline.js;MODIFY;788;359.0;Grew;False;2020-01-18 00:50:07+00:00;False;186;166;4733;7b78ff04283e735d421d7dce4433969c5a71e2e8;4;rtrott@gmail.com;ronagy@icloud.com
test-stream-pipeline.js;MODIFY;784;-4.0;Decreased;False;2020-02-24 11:20:49+00:00;False;186;166;4698;db28739aed31b2ad6e85c497e3a836a29d13021c;3;ronagy@icloud.com;ronagy@icloud.com
test-stream-pipeline.js;MODIFY;793;9.0;Grew;False;2020-02-26 22:48:14+00:00;False;187;167;4773;b2be348fcce7efd30f88b9fabbb2e9629b534e20;2;ronagy@icloud.com;ronagy@icloud.com
test-stream-pipeline.js;MODIFY;793;0.0;Decreased;False;2020-02-29 08:34:43+00:00;False;187;167;4777;311e12b96201c01d6c66c800d8cfc59ebf9bc4ae;19;ronagy@icloud.com;ronagy@icloud.com
test-stream-pipeline.js;MODIFY;807;14.0;Grew;False;2020-03-03 12:34:24+00:00;False;189;169;4855;7cafd5f3a924451294a4f2ce6efb628b53fce7eb;4;ronagy@icloud.com;ronagy@icloud.com
test-stream-pipeline.js;MODIFY;848;41.0;Grew;False;2020-03-08 09:54:11+00:00;False;194;174;5100;4d93e105bfad79ff6c6f01e4b7c2fdd70caeb43b;2;ronagy@icloud.com;ronagy@icloud.com
test-stream-pipeline.js;MODIFY;873;25.0;Grew;False;2020-03-11 15:22:22+00:00;False;201;179;5243;d7fe5548ef27ba82fba1177297b1bc607702fb15;2;hello@matteocollina.com;hello@matteocollina.com
test-stream-pipeline.js;MODIFY;892;19.0;Grew;False;2020-03-11 19:03:31+00:00;False;204;182;5383;f8f20892e944a6c4b52e298528135161d85fcc7a;2;mylesborins@google.com;ronagy@icloud.com
test-stream-pipeline.js;MODIFY;902;10.0;Grew;False;2020-03-12 00:57:42+00:00;False;205;183;5460;2bfb3403ed5d996fc0faf0f0b13a30b6e219e21f;2;mylesborins@google.com;ronagy@icloud.com
test-stream-pipeline.js;MODIFY;918;16.0;Grew;False;2020-03-25 11:56:09+00:00;False;208;185;5536;9e3eddc75dde9df9356264b42bd30facb82583cd;1;ronagy@icloud.com;ronagy@icloud.com
test-stream-pipeline.js;MODIFY;929;11.0;Grew;False;2020-03-25 13:46:10+00:00;False;212;188;5595;05f1df520064475a255d8956f9e1b6f4bf4c8543;2;ronagy@icloud.com;ronagy@icloud.com
test-stream-pipeline.js;MODIFY;968;39.0;Grew;True;2020-03-27 14:55:21+00:00;True;221;197;5816;1428a92492469b7ea1ee91acd204854a615be4eb;2;anna@addaleax.net;ronagy@icloud.com
test-stream-pipeline.js;MODIFY;1045;77.0;Grew;True;2020-04-23 17:50:29+00:00;False;237;213;6356;6419e59889e4498f4fe6515d58218a31a7d6578b;2;ronagy@icloud.com;ronagy@icloud.com
test-stream-pipeline.js;MODIFY;1045;0.0;Equal;True;2020-04-23 22:11:17+00:00;False;237;213;6356;3140fdcd344648464c0f41e359bd83b65002cb91;1;ruben.bridgewater@maibornwolff.de;ronagy@icloud.com
test-stream-pipeline.js;MODIFY;1064;19.0;Grew;True;2020-07-07 21:48:16+00:00;False;240;216;6465;e0ecde973705402bd3ce3ec7d611d866e3e95daa;1;anna@addaleax.net;ives199511@gmail.com
test-stream-pipeline.js;MODIFY;1085;21.0;Grew;True;2020-07-15 19:23:10+00:00;False;244;220;6573;a65218f5e82eabdeb4018d80f64e6456f47f9f34;3;ronagy@icloud.com;ronagy@icloud.com
test-stream-pipeline.js;MODIFY;1070;-15.0;Decreased;True;2020-10-16 22:48:26+00:00;False;243;219;6446;30fb4a015db2226aabaed457ec8930c9f9b8fd78;149;duhamelantoine1995@gmail.com;tniessen@tnie.de
test-stream-pipeline.js;MODIFY;1090;20.0;Grew;True;2020-11-09 06:17:29+00:00;False;247;222;6514;ad98cf04f3ae0ae17602627ebd4a934a046e707a;2;github-bot@iojs.org;duhamelantoine1995@gmail.com
test-stream-pipeline.js;MODIFY;1118;28.0;Grew;True;2020-12-07 16:08:31+00:00;False;252;225;6710;5bd1eecfa986f1d1ccec08dfdfb269489efc18cc;10;github-bot@iojs.org;benjamingr@gmail.com
test-stream-pipeline.js;MODIFY;1112;-6.0;Decreased;True;2020-12-07 19:33:45+00:00;False;252;225;6702;bf31d3c3b17ffe97828381dc7caf3f73d21805fd;51;targos@protonmail.com;targos@protonmail.com
test-stream-pipeline.js;MODIFY;1126;14.0;Grew;True;2020-12-15 13:40:40+00:00;False;255;228;6802;6837a6de9760fcff8ad106009538b0c5cebd1967;2;github-bot@iojs.org;Lxxyxzj@gmail.com
test-stream-pipeline.js;MODIFY;1186;60.0;Grew;True;2021-02-18 16:00:02+00:00;False;264;237;7157;38f6e5a789b19760592532e6a802f106c12f1d07;3;benjamingr@gmail.com;nitzan@testim.io
test-stream-pipeline.js;MODIFY;1157;-29.0;Decreased;True;2021-03-10 14:04:00+00:00;False;256;231;6983;e2f5bb7574e7e8189a3e38fc4d00c1213fd7160f;8;ronagy@icloud.com;ronagy@icloud.com
test-stream-pipeline.js;MODIFY;1155;-2.0;Decreased;True;2021-03-20 18:21:13+00:00;False;256;231;6971;eaadc4bd30f011c4eeeca9416e3503bd853647c3;16;duhamelantoine1995@gmail.com;github@wassim.dev
test-stream-pipeline.js;MODIFY;1169;14.0;Grew;True;2021-03-22 15:22:56+00:00;False;260;234;7074;9b87ab407146e17452db0441e81197b5a03a0c69;2;jasnell@gmail.com;linkgoron@gmail.com
test-stream-pipeline.js;MODIFY;1198;29.0;Grew;True;2021-03-31 15:18:30+00:00;False;268;240;7248;16920db55edd19d68c3dc211c3f1dcb28b163f6b;8;hello@matteocollina.com;hello@matteocollina.com
test-stream-pipeline.js;MODIFY;1198;0.0;Equal;True;2021-04-02 06:14:29+00:00;False;268;240;7250;330f25ef822dac6ed8a0afb3422bd920726eb43d;407;rtrott@gmail.com;rtrott@gmail.com
test-stream-pipeline.js;MODIFY;1225;27.0;Grew;True;2021-06-14 15:13:12+00:00;False;273;245;7377;bdcb7389eda59f772d8655e7acd55eed230949d7;2;jasnell@gmail.com;ronagy@icloud.com
test-stream-pipeline.js;MODIFY;1198;-27.0;Decreased;True;2021-07-02 08:12:45+00:00;False;268;240;7250;320339630d0366298c9c62a537bcfeec62b9d038;2;ronagy@icloud.com;ronagy@icloud.com
test-stream-pipeline.js;MODIFY;1198;0.0;Equal;True;2021-07-11 08:40:30+00:00;False;268;240;7250;bb275ef2a4105c3a66920f64d32c5a024a14921f;10;ronagy@icloud.com;ronagy@icloud.com
test-stream-pipeline.js;MODIFY;1215;17.0;Grew;True;2021-08-25 15:44:28+00:00;False;271;243;7353;c04d621eccfa1a8e65188ca6921ecd1b3b0a934c;7;ronagy@icloud.com;ronagy@icloud.com
test-stream-pipeline.js;MODIFY;1251;36.0;Grew;True;2021-10-20 11:47:34+00:00;False;277;249;7546;b920a10162398a9f72c1c15d0b15ddac08d3d4d8;2;i@ayase-lab.com;mestery@pm.me
test-stream-pipeline.js;MODIFY;1264;13.0;Grew;True;2021-11-18 10:02:00+00:00;False;279;251;7616;0a3a60130c039563f782ee7d6e99553063b2c73a;2;ronagy@icloud.com;ronagy@icloud.com
test-stream-pipeline.js;MODIFY;1278;14.0;Grew;True;2021-11-22 09:52:23+00:00;False;281;253;7721;8ee4e672eca6826e7b6f2c1ad36ecbe6e570d412;3;ronagy@icloud.com;ronagy@icloud.com
test-stream-pipeline.js;MODIFY;1301;23.0;Grew;True;2021-12-06 19:42:12+00:00;False;286;256;7854;1fa507f098ca7a89012f76f0c849fa698e73a1a1;2;ronagy@icloud.com;ronagy@icloud.com
test-stream-pipeline.js;MODIFY;1301;0.0;Decreased;True;2022-01-14 01:11:15+00:00;False;286;256;7854;592f1845faaafb35a378aad15718da5cd73321a1;6;rtrott@gmail.com;rtrott@gmail.com
test-stream-pipeline.js;MODIFY;1301;0.0;Equal;True;2022-02-05 12:58:32+00:00;False;286;256;7854;5d559f4a748fa85f67f50b23916a9ef6cf9260a1;46;github-bot@iojs.org;rtrott@gmail.com
test-stream-pipeline.js;MODIFY;1301;0.0;Equal;True;2022-02-05 16:36:48+00:00;False;286;256;7854;8c4b8b201ada6b76d5306c9c7f352e45087fb4a9;78;jasnell@gmail.com;mohammadkeyvanzade94@gmail.com
test-stream-pipeline.js;MODIFY;1315;14.0;Grew;True;2022-02-25 13:31:20+00:00;False;289;259;7941;1b47866a1d94224678ce05e7c7355ff17ad9cce6;2;noreply@github.com;ronagy@icloud.com
test-stream-pipeline.js;MODIFY;1341;26.0;Grew;True;2022-06-28 08:59:24+00:00;False;294;264;8071;51beb26a5fe0b409b976271cab6bf386eff8738a;2;noreply@github.com;greguz@users.noreply.github.com
test-stream-pipeline.js;MODIFY;1370;29.0;Grew;True;2023-01-19 09:08:50+00:00;False;299;269;8218;9a50c6d93d731705fa9968e2427ca15511e0a87f;2;noreply@github.com;debadree333@gmail.com
test-stream-pipeline.js;MODIFY;1393;23.0;Grew;True;2023-02-19 07:00:07+00:00;False;304;274;8361;b4a962d0e6728157983c709398321fd03e902db0;3;noreply@github.com;debadree333@gmail.com
test-stream-pipeline.js;MODIFY;1410;17.0;Grew;True;2023-04-27 07:44:39+00:00;False;307;277;8462;f34a07d3a78fe34e6221c42721ae3f2f6a3d8cf0;2;noreply@github.com;debadree333@gmail.com
test-stream-pipeline.js;MODIFY;1433;23.0;Grew;True;2023-06-24 07:58:03+00:00;False;311;281;8605;cebbc57ed26ce1a572e6fe416b700ac8f6258869;2;noreply@github.com;ronagy@icloud.com
test-stream-pipeline.js;MODIFY;1436;3.0;Grew;True;2024-05-12 09:18:30+00:00;False;311;281;8637;f3f1aec0962f988c9c04931e58fe95802f426207;1;duhamelantoine1995@gmail.com;alois@aloisklink.com
test-stream-pipeline.js;MODIFY;1448;12.0;Grew;True;2024-06-14 08:27:56+00:00;False;312;282;8735;922feb1ff5527f4442e85d7f61cb95b120df677c;4;noreply@github.com;38635403+jakecastelli@users.noreply.github.com
test-stream-pipeline.js;MODIFY;1483;35.0;Grew;True;2024-06-27 11:29:35+00:00;False;317;286;8986;8e5d88b6413558b6b4bc127f87fc8122311639ae;2;noreply@github.com;38635403+jakecastelli@users.noreply.github.com
test-stream-pipeline.js;MODIFY;1485;2.0;Grew;True;2024-10-22 16:14:02+00:00;False;317;286;9007;4a00f9a1c4d313433156d9ba5a487666bda9a72f;2;noreply@github.com;marvinroger@users.noreply.github.com
