file_name;change_type;n_loc;lines_balance;size_change;is_large;date;swapped_classification;complexity;methods;tokens;hash;files_on_commit;committer_email;author_email
Array.cs;RENAME;1630;0.0;Decreased;False;2019-02-07 03:36:45+00:00;False;451;117;10386;4233ba145ec9726c1e73b57636ff153b862749e4;4;jkotas@microsoft.com;marek.safar@gmail.com
Array.cs;MODIFY;1640;10.0;Grew;False;2019-02-08 16:28:27+00:00;False;451;117;10381;d39c3b8bd23c2740d0fbec8b447ccc753bb34cf0;1;jkotas@microsoft.com;jkotas@microsoft.com
Array.cs;MODIFY;1519;-121.0;Decreased;False;2019-02-09 04:11:21+00:00;False;433;108;9813;f3e0cd0a87bc79e9d8621c79093a5f737dc3416d;4;jkotas@microsoft.com;marek.safar@gmail.com
Array.cs;MODIFY;1519;0.0;Grew;False;2019-02-12 17:10:10+00:00;False;435;108;9813;e2751980b1f81dc8fa6896908f4ceb4e96959a6b;1;jkotas@microsoft.com;MichalStrehovsky@users.noreply.github.com
Array.cs;MODIFY;1513;-6.0;Decreased;False;2019-04-05 13:24:09+00:00;False;457;108;9979;33add808a6355f729e3bd72b9b78ca939f4f3419;7;noreply@github.com;stoub@microsoft.com
Array.cs;MODIFY;1514;1.0;Grew;False;2019-04-10 23:12:26+00:00;False;459;108;9982;db7bcfcf13a281290f23d89d31583ec5651685ae;3;noreply@github.com;stoub@microsoft.com
Array.cs;MODIFY;1514;0.0;Equal;False;2019-04-25 18:47:22+00:00;False;459;108;9983;cec825eb88604959e6a2e0081ace9597a675e19b;7;noreply@github.com;anirudhagnihotry098@gmail.com
Array.cs;MODIFY;1514;0.0;Equal;False;2019-04-27 15:57:32+00:00;False;459;108;9985;a6862adb7d6e910ade815a4fd88e0bca759b341b;19;mordotymoja@gmail.com;safern@microsoft.com
Array.cs;MODIFY;1555;41.0;Grew;False;2019-04-30 00:38:49+00:00;False;469;108;10376;def74339bc8a36af67710dc9c3d0ff97cf578c7b;1;jkotas@microsoft.com;dschindelman@gmail.com
Array.cs;MODIFY;1555;0.0;Decreased;False;2019-05-09 16:40:16+00:00;False;469;108;10378;a3befe1917526e5c735cd8a528cbee280fd66df2;1446;noreply@github.com;stoub@microsoft.com
Array.cs;MODIFY;1555;0.0;Equal;False;2019-05-24 18:02:44+00:00;False;469;108;10379;824cfe000690dac691ce36e5851d2f3d2761f166;1;safern@microsoft.com;safern@microsoft.com
Array.cs;MODIFY;1558;3.0;Grew;False;2019-05-28 10:04:13+00:00;False;469;108;10399;b8801dc8de45a8c5cbfefc44a7fc41559ada9b3c;214;noreply@github.com;stoub@microsoft.com
Array.cs;MODIFY;1558;0.0;Equal;False;2019-07-17 17:01:37+00:00;False;469;108;10313;6698e6f3cebdee84ca3f4c40bc4794ace7f57711;60;noreply@github.com;stoub@microsoft.com
Array.cs;MODIFY;1558;0.0;Decreased;False;2019-08-08 02:00:43+00:00;False;467;108;10313;a10216e8308cf8038218074cc2ac7ef390b1ffe7;38;noreply@github.com;stoub@microsoft.com
Array.cs;MODIFY;1558;0.0;Equal;False;2019-08-08 20:56:33+00:00;False;467;108;10313;3d86f94e7af7f9d931dd8e9c23dab2d93c283f0f;403;stoub@microsoft.com;stoub@microsoft.com
Array.cs;MODIFY;1558;0.0;Grew;False;2019-08-09 11:54:53+00:00;False;467;108;10313;1e13b9e3f159f5b0570670705657484a5244f08f;10;stoub@microsoft.com;stoub@microsoft.com
Array.cs;MODIFY;1556;-2.0;Decreased;False;2019-08-13 15:49:18+00:00;False;465;108;10295;d95a64ff088b47160f46b90daeeb466f51b66bc5;40;stoub@microsoft.com;stoub@microsoft.com
Array.cs;MODIFY;1556;0.0;Equal;False;2019-08-17 11:31:50+00:00;False;465;108;10255;ee9dd7a5de70ee49b3100c673a0617a157367ea5;38;stoub@microsoft.com;stoub@microsoft.com
Array.cs;MODIFY;1556;0.0;Equal;False;2019-08-17 11:31:50+00:00;False;465;108;10267;b6e6318d15f5d89fcdd5b4e482a0597f24b0bbc3;8;stoub@microsoft.com;stoub@microsoft.com
Array.cs;MODIFY;1556;0.0;Equal;False;2019-08-17 11:31:50+00:00;False;465;108;10230;9c4da3fb8c9e55e3839c61fbeaba02ea3b37b81b;179;stoub@microsoft.com;stoub@microsoft.com
Array.cs;MODIFY;1555;-1.0;Decreased;False;2019-08-20 00:58:20+00:00;False;465;108;10223;0f6b678634b85063aaa178172137a3bb0ca65a25;243;noreply@github.com;stoub@microsoft.com
Array.cs;MODIFY;1555;0.0;Equal;False;2019-08-22 01:25:51+00:00;False;465;108;10223;5a1f24a608687fab1670950d4b463260a379ef6b;107;stoub@microsoft.com;stoub@microsoft.com
Array.cs;MODIFY;1555;0.0;Equal;False;2019-08-24 13:32:02+00:00;False;465;108;10222;0d9d358f4358b091d16e50cd47752bde1e3a0502;2;stoub@microsoft.com;45985406+NextTurn@users.noreply.github.com
Array.cs;MODIFY;1555;0.0;Equal;False;2019-09-04 15:21:59+00:00;False;465;108;10219;3b2173d93ac06f96219fa71abdb2fb8255d6c9d6;92;noreply@github.com;stoub@microsoft.com
Array.cs;MODIFY;1555;0.0;Equal;False;2019-09-04 18:22:25+00:00;False;465;108;10217;07d10b86df7e7a4a7b1ffd59bd62e308c922a506;1;stoub@microsoft.com;45985406+NextTurn@users.noreply.github.com
Array.cs;MODIFY;1555;0.0;Equal;False;2019-09-06 13:09:03+00:00;False;465;108;10212;2e912a71d328f519e6e2bbb9b61bc518b22e5f24;76;stoub@microsoft.com;stoub@microsoft.com
Array.cs;MODIFY;1551;-4.0;Decreased;False;2019-09-09 13:50:16+00:00;False;464;107;10185;9459c15e650cf6f61286363a1bcddd5cf21bec3e;7;noreply@github.com;stoub@microsoft.com
Array.cs;MODIFY;1551;0.0;Decreased;False;2019-09-12 19:04:57+00:00;False;464;107;10186;ef39650ffed400f591c11c98cdc31f8e71525e24;1;jkotas@microsoft.com;45985406+NextTurn@users.noreply.github.com
Array.cs;MODIFY;1551;0.0;Equal;False;2019-09-25 14:05:48+00:00;False;464;107;10182;e9b7afc2d67f42e1bfeabf6f67421290e614b97a;285;noreply@github.com;stoub@microsoft.com
Array.cs;MODIFY;1551;0.0;Equal;False;2019-10-11 20:29:56+00:00;False;464;107;10182;ec1d597073460ef305fe3c4faa949680066df871;3;jkotas@microsoft.com;egorbo@gmail.com
Array.cs;MODIFY;1656;105.0;Grew;False;2019-11-06 06:39:01+00:00;False;520;107;11214;108c7c910fb5c3352358bcbc102aed80767a9d9b;10;jkotas@microsoft.com;stoub@microsoft.com
Array.cs;MODIFY;1769;113.0;Grew;True;2019-11-09 21:24:03+00:00;True;554;107;11914;b8446b726a39fc2064a15055c2d434275354b817;17;noreply@github.com;jkotas@microsoft.com
Array.cs;MODIFY;1770;1.0;Grew;True;2020-01-08 18:57:59+00:00;False;554;107;11883;c4a7c7f9365879addd573369cb49995aa4c61fef;22;noreply@github.com;GrabYourPitchforks@users.noreply.github.com
Array.cs;MODIFY;1770;0.0;Equal;True;2020-01-28 13:46:57+00:00;False;554;107;11883;2645da670164c4a2e3acd662ff23888f217d135f;4;stoub@microsoft.com;john-tur@outlook.com
Array.cs;MODIFY;1770;0.0;Equal;True;2020-02-05 00:54:29+00:00;False;554;107;11883;02d64191628b9aa2e09b1fbe40bf7e5affcfdae9;100;noreply@github.com;Steve.MacLean@microsoft.com
Array.cs;MODIFY;1774;4.0;Grew;True;2020-04-21 16:23:33+00:00;False;566;107;11895;37fdae1744f8faf4ab31766bcf479b9d60f771dc;8;noreply@github.com;johnkellyoxford@gmail.com
Array.cs;MODIFY;1782;8.0;Grew;True;2020-04-24 18:12:47+00:00;False;566;107;11993;f73ceeeb18b43671deebd59218179eeb8f4f9908;3;noreply@github.com;stoub@microsoft.com
Array.cs;MODIFY;1782;0.0;Equal;True;2020-04-25 13:36:12+00:00;False;566;107;11993;22ff4f378786810f81f82a8c96a6042d3ff7a0ea;1;noreply@github.com;stoub@microsoft.com
Array.cs;MODIFY;1783;1.0;Grew;True;2020-05-05 04:59:46+00:00;False;566;107;12002;c9f917052fc091014ef0f311b6f79a812bbfbd38;14;noreply@github.com;GrabYourPitchforks@users.noreply.github.com
Array.cs;MODIFY;1786;3.0;Grew;True;2020-06-23 23:44:15+00:00;False;565;107;12017;09f1fa0e3dbd9526c65cff9402736a86e2a74e01;2;noreply@github.com;GrabYourPitchforks@users.noreply.github.com
Array.cs;MODIFY;1784;-2.0;Decreased;True;2020-08-07 15:25:42+00:00;False;565;107;12007;e7204f5d6fcaca5e097ec854b3be6055229fc442;171;noreply@github.com;stoub@microsoft.com
Array.cs;MODIFY;1785;1.0;Grew;True;2020-12-17 01:42:02+00:00;False;565;107;12010;acd4855de9be7b51c853c4e5c719aa456a4865c9;4;noreply@github.com;egorbo@gmail.com
Array.cs;MODIFY;1785;0.0;Grew;True;2021-04-17 12:08:56+00:00;False;565;107;12003;df6da138702c76f19299627b1ee89837d16ed219;27;noreply@github.com;huoyaoyuan@hotmail.com
Array.cs;MODIFY;1833;48.0;Grew;True;2021-04-21 03:57:02+00:00;False;581;115;12391;8c3180d932146b1a76600601c03082c6a81e1a53;10;noreply@github.com;jkotas@microsoft.com
Array.cs;MODIFY;1833;0.0;Equal;True;2021-04-21 22:38:03+00:00;False;581;115;12380;fd2e5643646e2cba3d468b0632d4b5d6bb0a1e92;8;noreply@github.com;GrabYourPitchforks@users.noreply.github.com
Array.cs;MODIFY;1833;0.0;Equal;True;2021-06-03 07:46:51+00:00;False;581;115;12381;3e1ddb05cd2a1f14729df91c8c429f3047a4b569;18;noreply@github.com;GrabYourPitchforks@users.noreply.github.com
Array.cs;MODIFY;1833;0.0;Grew;True;2021-06-04 03:46:31+00:00;False;581;115;12381;6cd9bf1937c3b4d2f7304a6c534aacde58a202b6;5;noreply@github.com;huoyaoyuan@hotmail.com
Array.cs;MODIFY;1848;15.0;Grew;True;2021-06-30 04:05:04+00:00;False;583;115;12500;99f7bae2a236b1bc5f3a6c35fd29df49f13bd539;4;noreply@github.com;45661989+xtqqczze@users.noreply.github.com
Array.cs;MODIFY;1858;10.0;Grew;True;2021-11-22 18:21:26+00:00;False;585;115;12606;3745e3829ef22f0e5446daab8a9ad57feee2a0ec;4;noreply@github.com;68252706+alexcovington@users.noreply.github.com
Array.cs;MODIFY;1859;1.0;Grew;True;2021-12-09 05:12:59+00:00;False;585;115;12612;c9cd3676a9c2f6c64364492212733b6fe57c82f7;11;noreply@github.com;MichalStrehovsky@users.noreply.github.com
Array.cs;MODIFY;1858;-1.0;Decreased;True;2022-02-20 05:50:14+00:00;False;585;115;12605;ddb22ef2ac96ed31cfd85782d1c38b1523642aaa;467;noreply@github.com;wraith2@gmail.com
Array.cs;MODIFY;1858;0.0;Equal;True;2022-03-07 17:02:19+00:00;False;585;115;12605;14c3a15145ef465f4f3a2e14270c930142249454;24;noreply@github.com;lakshanf@hotmail.com
Array.cs;MODIFY;1945;87.0;Grew;True;2022-03-09 15:56:10+00:00;False;621;120;13373;f97788194aa647bf46c3c1e3b0526704dce15093;8;noreply@github.com;jkotas@microsoft.com
Array.cs;MODIFY;1945;0.0;Equal;True;2022-04-02 20:24:37+00:00;False;621;120;13367;041933fd086f69f839cf38733dd56a1ea9f09866;24;noreply@github.com;stoub@microsoft.com
Array.cs;MODIFY;1945;0.0;Equal;True;2022-04-13 15:10:49+00:00;False;621;120;13367;a9b3898ee4b568cba09236cc71a63faf3ec52eea;72;noreply@github.com;32279961+B1Z0N@users.noreply.github.com
Array.cs;MODIFY;1937;-8.0;Decreased;True;2022-04-26 10:28:11+00:00;False;621;120;13309;8006e6a89bc02e410331e6323e3f6321b224b327;5;noreply@github.com;68252706+alexcovington@users.noreply.github.com
Array.cs;MODIFY;1937;0.0;Equal;True;2022-05-06 01:14:28+00:00;False;621;120;13309;b59c6491dd9636d436ad10e087523a163fb93be0;128;noreply@github.com;jkotas@microsoft.com
Array.cs;MODIFY;1937;0.0;Equal;True;2022-05-31 19:53:07+00:00;False;621;120;13293;338690d2c320133cf765552973e2668dd29cbdd8;8;noreply@github.com;sergio0694@live.com
Array.cs;MODIFY;1933;-4.0;Decreased;True;2022-07-08 21:55:09+00:00;False;621;120;13273;983c8f239a98812498d874ed36b7001bd764fdfe;360;noreply@github.com;stoub@microsoft.com
Array.cs;MODIFY;1933;0.0;Equal;True;2022-08-17 15:53:31+00:00;False;621;120;13273;f35b4b3c9a934404010797aa950ca3d4b48d9aa4;14;noreply@github.com;adam.sitnik@gmail.com
Array.cs;MODIFY;1935;2.0;Grew;True;2022-09-29 11:37:10+00:00;False;622;120;13286;ef6cb3dfc868411efc9410ebb1b4725a2b83d5fc;9;noreply@github.com;stoub@microsoft.com
Array.cs;MODIFY;1925;-10.0;Decreased;True;2022-09-30 02:14:30+00:00;False;620;120;13180;f58fde50376479ad3ba1339d37df816f90bff287;1;noreply@github.com;stoub@microsoft.com
Array.cs;MODIFY;1925;0.0;Grew;True;2022-11-23 21:38:23+00:00;False;620;120;13150;4deccc02588990626180eaa812e63603d6c2790e;35;noreply@github.com;jkotas@microsoft.com
Array.cs;MODIFY;1925;0.0;Equal;True;2023-03-08 22:19:04+00:00;False;620;120;13158;57c8504b2095d15f2d70044a6cdc6b34b3f7c3ab;1;noreply@github.com;35800402+MichalPetryka@users.noreply.github.com
Array.cs;MODIFY;1973;48.0;Grew;True;2023-03-14 02:39:18+00:00;False;639;122;13614;648d477858b5723059085de84966a2247cfdc0e7;15;noreply@github.com;vsadov@microsoft.com
Array.cs;MODIFY;1973;0.0;Equal;True;2023-06-05 22:09:45+00:00;False;639;122;13522;53af66a48215f0b7833dce499343eccae1dc9dff;393;noreply@github.com;stoub@microsoft.com
Array.cs;MODIFY;1975;2.0;Grew;True;2023-07-21 20:06:10+00:00;False;639;122;13538;f79676ce92341e42875773d5ed855c76eda34ac5;2;noreply@github.com;andya@microsoft.com
Array.cs;MODIFY;1975;0.0;Equal;True;2023-10-06 19:41:32+00:00;False;639;122;13508;110d84d3e8de3266474dadafff9b840922da21c0;17;noreply@github.com;stoub@microsoft.com
Array.cs;MODIFY;2009;34.0;Grew;True;2023-11-16 19:18:01+00:00;False;645;125;13856;115199da04a0a244867f89bb2e8cbb0e9f81bd67;15;noreply@github.com;radchenkosasha@gmail.com
Array.cs;MODIFY;2009;0.0;Equal;True;2023-12-05 08:53:15+00:00;False;645;125;13856;6249fd2e59ed1308eb7cf976fb48c1ecab5eaa4e;369;noreply@github.com;alex.koeplinger@outlook.com
Array.cs;MODIFY;2009;0.0;Equal;True;2024-02-25 16:37:10+00:00;False;645;125;13856;fab69efde7d2458dfb23e01b686842cf6d7f576d;68;noreply@github.com;egorbo@gmail.com
Array.cs;MODIFY;2009;0.0;Decreased;True;2024-07-17 10:44:53+00:00;False;645;125;13856;19f03850cafa68cf396ecadf86e19df714b0a280;140;noreply@github.com;stoub@microsoft.com
Array.cs;MODIFY;2009;0.0;Equal;True;2024-07-19 15:42:59+00:00;False;645;125;13856;60685192899cbd2f47534e17dc2861bfd7cb77b9;81;noreply@github.com;stoub@microsoft.com
Array.cs;MODIFY;2009;0.0;Equal;True;2024-07-25 15:13:50+00:00;False;645;125;13854;94c356d55a9f9d902f61708ee01e99d480597427;104;noreply@github.com;stoub@microsoft.com
Array.cs;MODIFY;2020;11.0;Decreased;True;2024-10-05 21:02:39+00:00;False;642;125;13944;48dbc4fc836da67cf1efb6b348499a918c4dea8e;1;noreply@github.com;jonathan@unity3d.com
