file_name;change_type;n_loc;lines_balance;size_change;is_large;date;swapped_classification;complexity;methods;tokens;hash;files_on_commit;committer_email;author_email
daccess.cpp;RENAME;6217;0.0;Equal;True;2020-12-08 02:19:44+00:00;True;not calculated;0;not calculated;69e114c1abf91241a0eeecf1ecceab4711b8aa62;5169;noreply@github.com;trylek@microsoft.com
daccess.cpp;MODIFY;6217;0.0;Equal;True;2021-03-29 20:58:50+00:00;False;1135;214;26794;d2613848efd92dfaad21499a8de81916346a3b60;32;noreply@github.com;arobins@microsoft.com
daccess.cpp;MODIFY;6217;0.0;Equal;True;2021-04-17 21:25:10+00:00;False;1135;214;26795;d2daf0b96c29d0c3f1070ac93fc351237133bcd0;9;noreply@github.com;mikem@microsoft.com
daccess.cpp;MODIFY;6217;0.0;Equal;True;2021-05-13 19:04:46+00:00;False;1137;214;26795;c1e7ca823f45082c3459e3211ece37456b2604dd;69;noreply@github.com;arobins@microsoft.com
daccess.cpp;MODIFY;6221;4.0;Grew;True;2021-07-02 20:47:06+00:00;False;1138;214;26821;b862155e1bb5f0718410b0ccc1601cddffe9077a;8;noreply@github.com;arobins@microsoft.com
daccess.cpp;MODIFY;6229;8.0;Grew;True;2021-08-11 01:47:23+00:00;False;1142;214;26883;a59c88c0ef8db6d4ada8828b2edb7496590cf2f2;1;noreply@github.com;mikem@microsoft.com
daccess.cpp;MODIFY;6212;-17.0;Decreased;True;2021-08-19 17:10:43+00:00;False;1135;214;26806;406182213103a04f1e9d275f7fba167580c1de47;124;noreply@github.com;elfung@microsoft.com
daccess.cpp;MODIFY;6203;-9.0;Decreased;True;2021-08-25 02:12:52+00:00;False;1131;214;26760;6224debd40f654ad1c32c90f392b7b9774393271;11;noreply@github.com;elfung@microsoft.com
daccess.cpp;MODIFY;6180;-23.0;Decreased;True;2021-08-26 01:35:51+00:00;False;1126;214;26629;e3c45305d92407412ced92d86303338cea9f878c;38;noreply@github.com;jekoritz@microsoft.com
daccess.cpp;MODIFY;6196;16.0;Grew;True;2021-09-16 11:35:56+00:00;False;1128;214;26677;7017817a0ba2f0c92ef2a4c0166e91f22bad2a83;1;noreply@github.com;19413848+hoyosjs@users.noreply.github.com
daccess.cpp;MODIFY;6192;-4.0;Decreased;True;2021-10-11 20:52:28+00:00;False;1127;214;26660;7088332d24a276f557e1fe3612947fb17e0f04a3;82;noreply@github.com;vsadov@live.com
daccess.cpp;MODIFY;6192;0.0;Equal;True;2021-11-24 16:52:12+00:00;False;1127;214;26658;4da6b9a8d55913c0ea560d63590d35dc942425be;250;noreply@github.com;3840695+am11@users.noreply.github.com
daccess.cpp;MODIFY;6192;0.0;Equal;True;2021-11-27 00:32:13+00:00;False;1127;214;26658;03e0187a1a912f38e718c00614201dd20fa1bff1;88;noreply@github.com;3840695+am11@users.noreply.github.com
daccess.cpp;MODIFY;6192;0.0;Equal;True;2022-01-03 20:29:30+00:00;False;1127;214;26658;9472bfe8ceb58f8097e48f7e271db8e99903eba1;112;noreply@github.com;580536+NN---@users.noreply.github.com
daccess.cpp;MODIFY;6192;0.0;Equal;True;2022-01-06 06:49:08+00:00;False;1127;214;26657;abb7df59eb4f8c813c07ddd6f46f94e59604577d;205;noreply@github.com;580536+NN---@users.noreply.github.com
daccess.cpp;MODIFY;6192;0.0;Equal;True;2022-01-12 13:05:32+00:00;False;1127;214;26657;d4f06a9c524819dfd1345745a17b3cc6e060ba8b;38;noreply@github.com;3840695+am11@users.noreply.github.com
daccess.cpp;MODIFY;6134;-58.0;Decreased;True;2022-01-26 18:20:12+00:00;False;1112;213;26326;d94ca5706c95b950719155905ec9a2d889160cbc;37;noreply@github.com;arobins@microsoft.com
daccess.cpp;MODIFY;6134;0.0;Equal;True;2022-03-09 00:57:12+00:00;False;1110;213;26326;853e494abd1c1e12d28a76829b4680af7f694afa;18;noreply@github.com;arobins@microsoft.com
daccess.cpp;MODIFY;6134;0.0;Equal;True;2022-03-17 02:30:39+00:00;False;1110;213;26335;a5ec8aa173e4bc76b173a70aa7fa3be1867011eb;50;noreply@github.com;arobins@microsoft.com
daccess.cpp;MODIFY;6138;4.0;Grew;True;2022-03-22 17:06:49+00:00;False;1111;213;26361;5a2b39b009937864d81a88dbcc2bd5c46c26671e;11;noreply@github.com;andrewau@microsoft.com
daccess.cpp;MODIFY;6139;1.0;Grew;True;2022-04-25 20:02:36+00:00;False;1112;213;26366;fc2f06e5588bef13cc3c3c619c476746f9982bf8;35;noreply@github.com;qiaopengcheng@loongson.cn
daccess.cpp;MODIFY;6139;0.0;Equal;True;2022-05-04 20:53:32+00:00;False;1112;213;26369;6a9245f9a1a85773713ca8985a1bdd3d1c650aed;63;noreply@github.com;arobins@microsoft.com
daccess.cpp;MODIFY;5989;-150.0;Decreased;True;2022-05-12 21:53:12+00:00;False;1088;213;25564;04e65d2b871211832f9999256435787c727afd0f;35;noreply@github.com;jekoritz@microsoft.com
daccess.cpp;MODIFY;5996;7.0;Grew;True;2022-05-16 16:53:31+00:00;False;1084;214;25675;e8561168fba40466d4173085883bac29046d2ced;49;noreply@github.com;arobins@microsoft.com
daccess.cpp;MODIFY;5996;0.0;Equal;True;2022-05-23 17:14:58+00:00;False;1084;214;25668;55e2378d86841ec766ee21d5e504d7724c39b53b;346;noreply@github.com;3840695+am11@users.noreply.github.com
daccess.cpp;MODIFY;5996;0.0;Equal;True;2022-06-23 01:01:38+00:00;False;1084;214;25668;d17741d0c44b13cb4df864e0184cf1e499edcd57;39;noreply@github.com;jekoritz@microsoft.com
daccess.cpp;MODIFY;5996;0.0;Equal;True;2022-07-17 05:11:11+00:00;False;1084;214;25668;3ea30ed321949d238bf97534a2a8cbabf580f238;896;noreply@github.com;3840695+am11@users.noreply.github.com
daccess.cpp;MODIFY;5996;0.0;Equal;True;2022-08-09 01:04:58+00:00;False;1084;214;25668;b8ffae56d3269050ec84551fad44835536deffb3;2;noreply@github.com;leee.lee@samsung.com
daccess.cpp;MODIFY;6010;14.0;Grew;True;2022-08-11 04:03:37+00:00;False;1086;215;25738;7be37908e5a1cbb83b1062768c1649827eeaceaa;13;noreply@github.com;mikem@microsoft.com
daccess.cpp;MODIFY;6007;-3.0;Decreased;True;2022-08-23 23:10:06+00:00;False;1086;215;25734;590388ba0bd8f6761ca60179897c82c8971bcaa9;23;noreply@github.com;mikem@microsoft.com
daccess.cpp;MODIFY;6005;-2.0;Decreased;True;2022-11-01 06:58:35+00:00;False;1084;215;25712;7d2de493f4407377faba16364b345660a77dca63;38;noreply@github.com;vsadov@microsoft.com
daccess.cpp;MODIFY;5957;-48.0;Decreased;True;2022-11-10 05:57:59+00:00;False;1074;215;25526;db213657acc53fc48212867d5728e83d9e36a558;13;noreply@github.com;elfung@microsoft.com
daccess.cpp;MODIFY;5958;1.0;Grew;True;2022-11-29 17:46:56+00:00;False;1075;215;25530;7f5d07993ab5c12d7459d3845452814fd944746c;4;noreply@github.com;andrewau@microsoft.com
daccess.cpp;MODIFY;5962;4.0;Grew;True;2023-02-20 00:02:23+00:00;False;1076;215;25556;fccf04f8d7c97448e6707de933781ee9df0896a8;7;noreply@github.com;leculver@microsoft.com
daccess.cpp;MODIFY;5962;0.0;Equal;True;2023-03-05 16:40:20+00:00;False;1076;215;25556;3b63eb1346f1ddbc921374a5108d025662fb5ffd;82;noreply@github.com;3840695+am11@users.noreply.github.com
daccess.cpp;MODIFY;5978;16.0;Grew;True;2023-03-28 16:36:21+00:00;False;1090;215;25689;49ae58ace038dbbd3d53147e08c9ac95b24a789f;5;noreply@github.com;leculver@microsoft.com
daccess.cpp;MODIFY;5979;1.0;Grew;True;2023-04-13 13:43:05+00:00;False;1091;215;25694;e73d7fcb3ee12ae99bed53ed93e36091a067e341;38;noreply@github.com;clamp03@gmail.com
daccess.cpp;MODIFY;5979;0.0;Equal;True;2023-04-15 05:42:21+00:00;False;1091;215;25694;49af07c52aa1845e06837ca7051fa56c6f88fe04;9;noreply@github.com;tommcdon@microsoft.com
daccess.cpp;MODIFY;6151;172.0;Grew;True;2023-04-17 21:09:56+00:00;False;1143;225;26688;add51b82baf268c3678bdd124480a46b89d72ce4;16;noreply@github.com;leculver@microsoft.com
daccess.cpp;MODIFY;6151;0.0;Equal;True;2023-05-11 21:15:05+00:00;False;1143;225;26688;7eaf4b6d4dd2e67387bca7e5fb29e2db47f2589b;142;noreply@github.com;arobins@microsoft.com
daccess.cpp;MODIFY;6152;1.0;Grew;True;2023-09-20 22:05:23+00:00;False;1143;225;26690;9cbad65fe68bc518fee67f7d75056ea0651e6221;3;noreply@github.com;leculver@microsoft.com
daccess.cpp;MODIFY;6134;-18.0;Decreased;True;2024-02-08 21:58:15+00:00;False;1141;225;26616;c37e13fc1aa4fda4e169ca6fa5b43defabdf7de8;35;noreply@github.com;elfung@microsoft.com
daccess.cpp;MODIFY;6138;4.0;Grew;True;2024-03-28 19:42:30+00:00;False;1142;225;26642;7c14f7101083189affdb377b030237b89750196e;10;noreply@github.com;davidwr@microsoft.com
daccess.cpp;MODIFY;6138;0.0;Equal;True;2024-04-04 03:31:21+00:00;False;1142;225;26645;5c4e2a301ec1dd8ef75a3ba98e5be1ff2cea0130;240;noreply@github.com;jekoritz@microsoft.com
daccess.cpp;MODIFY;6138;0.0;Equal;True;2024-04-13 01:14:37+00:00;False;1142;225;26672;93f886f5f64c738fd8122d5b85e2c032da23dd0e;168;noreply@github.com;jekoritz@microsoft.com
daccess.cpp;MODIFY;6159;21.0;Grew;True;2024-04-17 04:37:28+00:00;False;1146;225;26803;e126f8ff2e635ef104b8f1212ec76420f114e99d;15;noreply@github.com;elfung@microsoft.com
daccess.cpp;MODIFY;6161;2.0;Grew;True;2024-04-18 20:55:06+00:00;False;1147;225;26828;56510f0f0d778cedc22afa609765cc2917f155b4;21;noreply@github.com;davidwr@microsoft.com
daccess.cpp;MODIFY;6162;1.0;Grew;True;2024-04-22 21:57:14+00:00;False;1149;225;26842;e751fe855a4788a1e133b88f6972891d87256c41;10;noreply@github.com;elfung@microsoft.com
daccess.cpp;MODIFY;6162;0.0;Equal;True;2024-04-26 03:30:44+00:00;False;1149;225;26837;2d335f34af696feda5fc3e80f98c991b3aeb93d0;8;noreply@github.com;elfung@microsoft.com
daccess.cpp;MODIFY;6162;0.0;Equal;True;2024-05-17 15:07:55+00:00;False;1149;225;26836;fdc37973abfcbc68226637d00d33028627166eae;27;noreply@github.com;jkotas@microsoft.com
daccess.cpp;MODIFY;6162;0.0;Equal;True;2024-06-10 19:03:58+00:00;False;1149;225;26836;772f973838521fcb803854543314f9d8bb1f8be1;80;noreply@github.com;jkotas@microsoft.com
daccess.cpp;MODIFY;6162;0.0;Equal;True;2024-06-15 04:59:19+00:00;False;1149;225;26836;3099f31cc7dda1a70318c9ee1aefebee7ad588e2;59;noreply@github.com;3840695+am11@users.noreply.github.com
daccess.cpp;MODIFY;6162;0.0;Equal;True;2024-06-26 00:58:33+00:00;False;1149;225;26839;2efb9914ba9d6d987ea0fddfc2931fa6ef3e6028;57;noreply@github.com;3840695+am11@users.noreply.github.com
daccess.cpp;MODIFY;6163;1.0;Grew;True;2024-07-09 21:15:09+00:00;False;1149;225;26859;e733c2f22710b6382c9aadb8139833fbf395c332;12;noreply@github.com;elfung@microsoft.com
daccess.cpp;MODIFY;6198;35.0;Grew;True;2024-07-14 19:20:21+00:00;False;1160;229;27037;dacf9dbdd448c61cbcc664a97cc13d3c62ecd46b;42;noreply@github.com;davidwr@microsoft.com
daccess.cpp;MODIFY;6198;0.0;Equal;True;2024-07-17 20:19:36+00:00;False;1160;229;27041;22630598e4f0ea29a9747144758b8065422391d3;44;noreply@github.com;davidwr@microsoft.com
daccess.cpp;MODIFY;6198;0.0;Equal;True;2024-08-02 02:33:04+00:00;False;1160;229;27041;30b34e6d7b475c1de91623d3589723181a260523;23;noreply@github.com;arobins@microsoft.com
daccess.cpp;MODIFY;6200;2.0;Grew;True;2024-08-10 04:35:31+00:00;False;1160;229;27049;bcca12c1b14d25b3368106301748cb35c0894356;2;noreply@github.com;mikem@microsoft.com
daccess.cpp;MODIFY;6200;0.0;Equal;True;2024-08-26 20:20:29+00:00;False;1160;229;27049;13ab40dcdd2865da790397669a47ac4f6bcb7d2e;2;noreply@github.com;g.balykov@samsung.com
daccess.cpp;MODIFY;6212;12.0;Grew;True;2024-10-14 15:06:12+00:00;False;1161;229;27081;adba54da2298de9c715922b506bfe17a974a3650;14;noreply@github.com;elfung@microsoft.com
daccess.cpp;MODIFY;6139;-73.0;Decreased;True;2024-10-15 23:16:46+00:00;False;1153;228;26775;5e9a425ed90f30f92eb3d2d4b25179efe8255232;8;noreply@github.com;elfung@microsoft.com
daccess.cpp;MODIFY;6139;0.0;Equal;True;2024-10-25 15:45:49+00:00;False;1153;228;26778;661fd5ed2f3fef7234488583950c61e18d68c593;12;noreply@github.com;arobins@microsoft.com
