file_name;change_type;n_loc;lines_balance;size_change;is_large;date;swapped_classification;complexity;methods;tokens;hash;files_on_commit;committer_email;author_email
debugger.cpp;RENAME;9651;0.0;Equal;True;2020-12-08 02:19:44+00:00;True;not calculated;0;not calculated;69e114c1abf91241a0eeecf1ecceab4711b8aa62;5169;noreply@github.com;trylek@microsoft.com
debugger.cpp;MODIFY;9651;0.0;Equal;True;2020-12-30 21:21:22+00:00;False;1506;307;46739;8de0049d73c92d6eebc561110a352a6e5b34777c;22;noreply@github.com;vsadov@microsoft.com
debugger.cpp;MODIFY;9661;10.0;Grew;True;2021-01-14 00:28:40+00:00;False;1508;307;46784;1d1a0f20d7cb61eaab0872ce33cac4242783f533;7;noreply@github.com;Steve.MacLean@microsoft.com
debugger.cpp;MODIFY;9661;0.0;Equal;True;2021-01-26 22:27:29+00:00;False;1508;307;46784;6640e9ae33be848ff7e75d6f5dd81dff838638b9;1;noreply@github.com;Steve.MacLean@microsoft.com
debugger.cpp;MODIFY;9662;1.0;Grew;True;2021-02-04 09:58:08+00:00;False;1509;307;46792;f818e296aebbc6b555fb94e6b4d051f2773e25d8;5;noreply@github.com;Steve.MacLean@microsoft.com
debugger.cpp;MODIFY;9627;-35.0;Decreased;True;2021-03-25 21:26:44+00:00;False;1506;306;46610;9b1623fd448ca7ec5f4721fe16e8d550fc69dd7a;105;noreply@github.com;vsadov@microsoft.com
debugger.cpp;MODIFY;9626;-1.0;Decreased;True;2021-03-29 20:58:50+00:00;False;1506;306;46599;d2613848efd92dfaad21499a8de81916346a3b60;32;noreply@github.com;arobins@microsoft.com
debugger.cpp;MODIFY;9627;1.0;Grew;True;2021-06-12 07:54:58+00:00;False;1505;306;46636;cc6d3147ff1f10d2ee2b0751cf799fc4cc1abbae;32;noreply@github.com;jan.vorlicek@volny.cz
debugger.cpp;MODIFY;9635;8.0;Grew;True;2021-06-28 21:33:51+00:00;False;1507;306;46677;1c383a27ce2c83d41b135cc149e422d15cfeb4e5;4;noreply@github.com;juan.hoyos@microsoft.com
debugger.cpp;MODIFY;9637;2.0;Grew;True;2021-07-11 14:46:53+00:00;False;1509;306;46691;6a47ecf4a8ee670356f5e554f08afb0b32cdac9a;70;noreply@github.com;jan.vorlicek@volny.cz
debugger.cpp;MODIFY;9647;10.0;Grew;True;2021-07-15 16:34:36+00:00;False;1511;306;46716;663013d579d5eb3e29b2e0f88aeaed0694e74f39;16;noreply@github.com;kouvel@users.noreply.github.com
debugger.cpp;MODIFY;9647;0.0;Equal;True;2021-07-17 01:37:57+00:00;False;1511;306;46715;10f38d21ab8956dc880658122d96507103664a02;1;noreply@github.com;kouvel@users.noreply.github.com
debugger.cpp;MODIFY;9656;9.0;Grew;True;2021-08-06 20:23:26+00:00;False;1513;306;46741;381bf075f54cb7dc0f5124c4bdcac3f97f755548;2;noreply@github.com;davidwr@microsoft.com
debugger.cpp;MODIFY;9656;0.0;Equal;True;2021-08-10 01:19:55+00:00;False;1513;306;46741;9f9158077438e1707cce93ce01cb5d72e07512dc;25;noreply@github.com;jkotas@microsoft.com
debugger.cpp;MODIFY;9594;-62.0;Decreased;True;2021-08-26 01:35:51+00:00;False;1497;305;46392;e3c45305d92407412ced92d86303338cea9f878c;38;noreply@github.com;jekoritz@microsoft.com
debugger.cpp;MODIFY;9585;-9.0;Decreased;True;2021-10-11 20:52:28+00:00;False;1496;305;46358;7088332d24a276f557e1fe3612947fb17e0f04a3;82;noreply@github.com;vsadov@live.com
debugger.cpp;MODIFY;9585;0.0;Equal;True;2021-11-24 16:52:12+00:00;False;1496;305;46358;4da6b9a8d55913c0ea560d63590d35dc942425be;250;noreply@github.com;3840695+am11@users.noreply.github.com
debugger.cpp;MODIFY;9585;0.0;Equal;True;2021-11-27 00:32:13+00:00;False;1496;305;46358;03e0187a1a912f38e718c00614201dd20fa1bff1;88;noreply@github.com;3840695+am11@users.noreply.github.com
debugger.cpp;MODIFY;9585;0.0;Equal;True;2021-12-15 18:20:37+00:00;False;1496;305;46358;509d6c38e6a65131e3d334ce70bdcea816146c5b;20;noreply@github.com;jekoritz@microsoft.com
debugger.cpp;MODIFY;9585;0.0;Equal;True;2022-01-06 06:49:08+00:00;False;1496;305;46358;abb7df59eb4f8c813c07ddd6f46f94e59604577d;205;noreply@github.com;580536+NN---@users.noreply.github.com
debugger.cpp;MODIFY;9576;-9.0;Decreased;True;2022-01-29 01:00:27+00:00;False;1494;305;46300;d603356dfbf09616e55bd99ed840aa20468a9e57;77;noreply@github.com;vsadov@microsoft.com
debugger.cpp;MODIFY;9576;0.0;Equal;True;2022-02-26 02:38:27+00:00;False;1494;305;46300;a3f7d295a93f2a25cd6616d7d209ba43fbeaf481;2;noreply@github.com;arobins@microsoft.com
debugger.cpp;MODIFY;9573;-3.0;Decreased;True;2022-03-04 01:10:06+00:00;False;1494;305;46281;c8eeba753183d07679b7d2e65cc12d39c948eb4a;26;noreply@github.com;arobins@microsoft.com
debugger.cpp;MODIFY;9569;-4.0;Decreased;True;2022-03-15 21:49:05+00:00;False;1488;305;46184;ba962fd91ced147ee7b27f03f7d2a24b288f2e38;5;noreply@github.com;arobins@microsoft.com
debugger.cpp;MODIFY;9570;1.0;Grew;True;2022-03-17 02:30:39+00:00;False;1488;305;46192;a5ec8aa173e4bc76b173a70aa7fa3be1867011eb;50;noreply@github.com;arobins@microsoft.com
debugger.cpp;MODIFY;9575;5.0;Grew;True;2022-03-26 04:52:22+00:00;False;1489;305;46212;a30a2510c93ac76457b91b36c5adf5dee866aeec;1;noreply@github.com;noahfalk@users.noreply.github.com
debugger.cpp;MODIFY;9583;8.0;Grew;True;2022-04-25 19:59:49+00:00;False;1489;305;46237;ba8ccea29e05ac58d2d0cc86f0d3948ac77eb41e;37;noreply@github.com;arobins@microsoft.com
debugger.cpp;MODIFY;9586;3.0;Grew;True;2022-04-25 20:02:36+00:00;False;1491;305;46271;fc2f06e5588bef13cc3c3c619c476746f9982bf8;35;noreply@github.com;qiaopengcheng@loongson.cn
debugger.cpp;MODIFY;9586;0.0;Equal;True;2022-05-07 18:55:53+00:00;False;1491;305;46271;41419131095d36fb5b811600ad0dab3b0d804269;311;noreply@github.com;3840695+am11@users.noreply.github.com
debugger.cpp;MODIFY;9584;-2.0;Decreased;True;2022-05-16 16:53:31+00:00;False;1491;305;46277;e8561168fba40466d4173085883bac29046d2ced;49;noreply@github.com;arobins@microsoft.com
debugger.cpp;MODIFY;9584;0.0;Equal;True;2022-05-23 17:14:58+00:00;False;1491;305;46277;55e2378d86841ec766ee21d5e504d7724c39b53b;346;noreply@github.com;3840695+am11@users.noreply.github.com
debugger.cpp;MODIFY;9560;-24.0;Decreased;True;2022-05-31 22:59:00+00:00;False;1490;304;46218;c3e0c8a3dcaa9be860953931fd1bf8cd579e8758;39;noreply@github.com;arobins@microsoft.com
debugger.cpp;MODIFY;9560;0.0;Equal;True;2022-06-22 08:55:06+00:00;False;1490;304;46218;305144e2d798a5385e8a52137c3e3f4e2abc2cd5;18;noreply@github.com;janvorli@microsoft.com
debugger.cpp;MODIFY;9560;0.0;Equal;True;2022-07-17 05:11:11+00:00;False;1490;304;46218;3ea30ed321949d238bf97534a2a8cbabf580f238;896;noreply@github.com;3840695+am11@users.noreply.github.com
debugger.cpp;MODIFY;9560;0.0;Equal;True;2022-07-24 03:24:28+00:00;False;1490;304;46218;9d6396deb02161f5ee47af72ccac52c2e1bae458;1292;noreply@github.com;3840695+am11@users.noreply.github.com
debugger.cpp;MODIFY;9560;0.0;Equal;True;2022-08-01 21:56:33+00:00;False;1490;304;46218;2201016c1e13bdb9abf49e2e38cadf4ee0568df2;383;noreply@github.com;3840695+am11@users.noreply.github.com
debugger.cpp;MODIFY;9637;77.0;Grew;True;2022-08-10 01:54:59+00:00;False;1509;308;46598;a3fb0d383adf98ee2fb2ab816c28735dc1caaba0;11;noreply@github.com;tommcdon@microsoft.com
debugger.cpp;MODIFY;9636;-1.0;Decreased;True;2022-08-20 06:00:52+00:00;False;1509;308;46588;bb2f8e5e8a455a3445f7fd7baf8fa8449c1d5970;8;noreply@github.com;antonl@microsoft.com
debugger.cpp;MODIFY;9637;1.0;Grew;True;2022-08-23 23:10:06+00:00;False;1510;308;46591;590388ba0bd8f6761ca60179897c82c8971bcaa9;23;noreply@github.com;mikem@microsoft.com
debugger.cpp;MODIFY;9636;-1.0;Decreased;True;2022-09-04 17:47:12+00:00;False;1510;308;46585;75e65e99af5b3c8a2fd0abd5e887f8b14bd45362;17;noreply@github.com;3840695+am11@users.noreply.github.com
debugger.cpp;MODIFY;9634;-2.0;Decreased;True;2022-10-05 15:24:16+00:00;False;1510;308;46568;fec0221b37b74ba1aa2f6119ea9b49f123ca5777;32;noreply@github.com;arobins@microsoft.com
debugger.cpp;MODIFY;9634;0.0;Equal;True;2022-12-04 06:53:17+00:00;False;1510;308;46568;3855a99c9d88ed9dee53cd11c7533b53394d28d3;71;noreply@github.com;3840695+am11@users.noreply.github.com
debugger.cpp;MODIFY;9576;-58.0;Decreased;True;2022-12-08 18:01:13+00:00;False;1502;306;46314;d150225b706299822534421f545b0a0b4c9f814a;6;noreply@github.com;elfung@microsoft.com
debugger.cpp;MODIFY;9573;-3.0;Decreased;True;2023-01-03 23:24:32+00:00;False;1502;306;46297;ad4bdd1943e4cfefd905d5cc5c874a2d12a24e9c;45;noreply@github.com;arobins@microsoft.com
debugger.cpp;MODIFY;9575;2.0;Grew;True;2023-01-21 00:25:12+00:00;False;1503;306;46315;8bf6f0e7b3333266ac24ffa9d36c47c7c2cc7e30;35;noreply@github.com;arobins@microsoft.com
debugger.cpp;MODIFY;9575;0.0;Equal;True;2023-01-23 13:44:35+00:00;False;1503;306;46317;5c4543380c16507312f178b13dd6e116ad5a41cb;1;noreply@github.com;98409838+AmardCordanius@users.noreply.github.com
debugger.cpp;MODIFY;9575;0.0;Equal;True;2023-03-05 16:40:20+00:00;False;1503;306;46317;3b63eb1346f1ddbc921374a5108d025662fb5ffd;82;noreply@github.com;3840695+am11@users.noreply.github.com
debugger.cpp;MODIFY;9531;-44.0;Decreased;True;2023-04-25 17:32:19+00:00;False;1496;306;46263;afa9a930b827ca0aa5debd693a4731229838516c;40;noreply@github.com;45022607+mikelle-rogers@users.noreply.github.com
debugger.cpp;MODIFY;9531;0.0;Equal;True;2023-06-15 13:59:49+00:00;False;1496;306;46263;56497399532ae09436b5fe4bf7fefd1e0ff79f09;49;noreply@github.com;arobins@microsoft.com
debugger.cpp;MODIFY;9690;159.0;Grew;True;2023-07-14 02:42:52+00:00;False;1514;309;47134;b4118a6a8172a1bae5416a0e5cfff69ee0a7acca;30;noreply@github.com;davmason@microsoft.com
debugger.cpp;MODIFY;9668;-22.0;Decreased;True;2023-07-31 20:41:10+00:00;False;1513;309;47017;e42429ef1d08b21878b9127e60bb6cfe89089845;8;noreply@github.com;45022607+mikelle-rogers@users.noreply.github.com
debugger.cpp;MODIFY;9668;0.0;Equal;True;2023-08-06 10:07:55+00:00;False;1513;309;47016;1018da575a7284e42b4a8aff04c7e78901c30d71;5;noreply@github.com;janvorli@microsoft.com
debugger.cpp;MODIFY;9674;6.0;Grew;True;2023-08-08 21:48:58+00:00;False;1514;309;47056;d6d19ad1a5fe1531b8e31ec93bef0f787b43023d;4;noreply@github.com;tommcdon@microsoft.com
debugger.cpp;MODIFY;9675;1.0;Grew;True;2023-08-10 01:39:00+00:00;False;1514;309;47063;3b21b909f47ee07ec7f4cad0edde5404ebd85dd2;1;noreply@github.com;tommcdon@microsoft.com
debugger.cpp;MODIFY;9652;-23.0;Decreased;True;2023-08-14 20:37:22+00:00;False;1512;308;47016;eacb32e400b3f9d3522bed193bd534d02e8b170a;13;noreply@github.com;45022607+mikelle-rogers@users.noreply.github.com
debugger.cpp;MODIFY;9652;0.0;Equal;True;2023-08-26 01:27:07+00:00;False;1512;308;47016;93552a35f80aeef9dcb75aa155fa85cd61983991;41;noreply@github.com;arobins@microsoft.com
debugger.cpp;MODIFY;9652;0.0;Equal;True;2023-11-15 01:52:53+00:00;False;1512;308;47020;2a9c80b799c55cba30c755d60042a6acb30aa37f;10;noreply@github.com;m.kurinnoi@samsung.com
debugger.cpp;MODIFY;9653;1.0;Grew;True;2023-11-21 02:30:21+00:00;False;1513;308;47029;784537a9cdc97bc5f45f6606f3f9837a7f755236;2;noreply@github.com;m.kurinnoi@samsung.com
debugger.cpp;MODIFY;9647;-6.0;Decreased;True;2023-12-23 16:30:05+00:00;False;1512;308;47010;955604c6620d0eaf9a10b4591449e377a6faa7d3;32;noreply@github.com;janvorli@microsoft.com
debugger.cpp;MODIFY;9646;-1.0;Decreased;True;2024-02-08 21:58:15+00:00;False;1512;308;46981;c37e13fc1aa4fda4e169ca6fa5b43defabdf7de8;35;noreply@github.com;elfung@microsoft.com
debugger.cpp;MODIFY;9655;9.0;Grew;True;2024-03-28 16:21:43+00:00;False;1513;308;47015;a5b9a6a124cabe42cfa971d9cb72337eadd9e744;2;noreply@github.com;janvorli@microsoft.com
debugger.cpp;MODIFY;9655;0.0;Equal;True;2024-04-04 03:31:21+00:00;False;1513;308;47018;5c4e2a301ec1dd8ef75a3ba98e5be1ff2cea0130;240;noreply@github.com;jekoritz@microsoft.com
debugger.cpp;MODIFY;9655;0.0;Equal;True;2024-04-13 01:14:37+00:00;False;1513;308;47033;93f886f5f64c738fd8122d5b85e2c032da23dd0e;168;noreply@github.com;jekoritz@microsoft.com
debugger.cpp;MODIFY;9743;88.0;Grew;True;2024-04-19 21:54:19+00:00;False;1521;310;47368;478ab3033bd955a98b7200c473ae7d4bb0beaa97;14;noreply@github.com;45022607+mikelle-rogers@users.noreply.github.com
debugger.cpp;MODIFY;9799;56.0;Grew;True;2024-05-07 02:47:18+00:00;False;1528;312;47630;7dc3669ebebcc406b327bbaceae2a300a8b66bd3;8;noreply@github.com;davmason@microsoft.com
debugger.cpp;MODIFY;9799;0.0;Equal;True;2024-05-07 16:03:00+00:00;False;1528;312;47626;de44b6585e756f77f695d4a10b0bafa0d7776ce0;26;noreply@github.com;elfung@microsoft.com
debugger.cpp;MODIFY;9799;0.0;Equal;True;2024-05-08 14:39:46+00:00;False;1528;312;47626;5f02413cb09996896e9790f5d081f8429263b2d4;11;noreply@github.com;vsadov@microsoft.com
debugger.cpp;MODIFY;9798;-1.0;Decreased;True;2024-05-22 02:15:37+00:00;False;1528;312;47633;b8f554d1b834d71fe9028026a45761f857d8ad17;13;noreply@github.com;arobins@microsoft.com
debugger.cpp;MODIFY;9798;0.0;Equal;True;2024-06-10 19:03:58+00:00;False;1528;312;47633;772f973838521fcb803854543314f9d8bb1f8be1;80;noreply@github.com;jkotas@microsoft.com
debugger.cpp;MODIFY;9799;1.0;Grew;True;2024-06-15 04:59:19+00:00;False;1528;312;47639;3099f31cc7dda1a70318c9ee1aefebee7ad588e2;59;noreply@github.com;3840695+am11@users.noreply.github.com
debugger.cpp;MODIFY;9780;-19.0;Decreased;True;2024-06-25 14:16:54+00:00;False;1525;312;47508;ed3e94a714e08a7f90e7350c8fd054e493c15585;9;noreply@github.com;elfung@microsoft.com
debugger.cpp;MODIFY;9780;0.0;Equal;True;2024-06-26 00:58:33+00:00;False;1525;312;47517;2efb9914ba9d6d987ea0fddfc2931fa6ef3e6028;57;noreply@github.com;3840695+am11@users.noreply.github.com
debugger.cpp;MODIFY;9780;0.0;Equal;True;2024-06-26 03:29:00+00:00;False;1525;312;47517;f6e5e243a5bd7d3f98e37809bc1cd61bd9dcb841;22;noreply@github.com;elfung@microsoft.com
debugger.cpp;MODIFY;9780;0.0;Equal;True;2024-07-02 00:13:07+00:00;False;1525;312;47547;5044e936ce154fcf3223cbe6f5e2ad66605cea9f;25;noreply@github.com;jkotas@microsoft.com
debugger.cpp;MODIFY;9781;1.0;Grew;True;2024-08-01 04:00:19+00:00;False;1526;312;47556;b284b1c08299e54e75e63ed37ff561411c6b1255;11;noreply@github.com;xuliangyu@loongson.cn
debugger.cpp;MODIFY;9781;0.0;Equal;True;2024-08-01 04:01:22+00:00;False;1526;312;47560;e3684bce478a5ee8313312b2f588761a44049584;9;noreply@github.com;xuliangyu@loongson.cn
debugger.cpp;MODIFY;9781;0.0;Equal;True;2024-08-29 03:48:46+00:00;False;1526;312;47560;2e7ee69fbcd2e653e2728cfb64e8a0faf9829e09;16;noreply@github.com;arobins@microsoft.com
debugger.cpp;MODIFY;9781;0.0;Equal;True;2024-09-11 00:30:58+00:00;False;1526;312;47560;5e560d9ee5d1576aa8b085b54af5f55de83ebe03;16;noreply@github.com;davidwr@microsoft.com
debugger.cpp;MODIFY;9781;0.0;Equal;True;2024-09-13 14:56:35+00:00;False;1526;312;47560;e1c3f02af9cebdeb683ec4d94e8252ba6a7f03e1;21;noreply@github.com;elfung@microsoft.com
debugger.cpp;MODIFY;9773;-8.0;Decreased;True;2024-09-13 14:57:26+00:00;False;1524;312;47408;edf1c6681a1262b3ef321572e106bb72553baf14;10;noreply@github.com;elfung@microsoft.com
debugger.cpp;MODIFY;9772;-1.0;Decreased;True;2024-09-24 19:45:54+00:00;False;1523;312;47398;ee53b272b852e7edb4ff502d710812bd6e4e2d0b;1;noreply@github.com;noahfalk@users.noreply.github.com
debugger.cpp;MODIFY;9768;-4.0;Decreased;True;2024-10-01 16:54:29+00:00;False;1521;312;47362;e38e56a200259a2c6a7e004e371886f30013383a;7;noreply@github.com;elfung@microsoft.com
debugger.cpp;MODIFY;9768;0.0;Equal;True;2024-10-07 19:25:55+00:00;False;1521;312;47386;ba28992b5723ed5bee39829876a39b9b411594c9;13;noreply@github.com;3840695+am11@users.noreply.github.com
debugger.cpp;MODIFY;9772;4.0;Grew;True;2024-10-09 01:12:38+00:00;False;1522;313;47408;abde3f9498f09b5016a7a0d7d2e1b81ce5c1b614;15;noreply@github.com;45022607+mikelle-rogers@users.noreply.github.com
debugger.cpp;MODIFY;9777;5.0;Grew;True;2024-10-15 05:01:21+00:00;False;1526;313;47453;a636e6d8264608dc6d47da8d6c73df37ca6c80ff;9;noreply@github.com;tommcdon@microsoft.com
debugger.cpp;MODIFY;9777;0.0;Equal;True;2024-10-15 22:57:10+00:00;False;1526;313;47453;44b7ba3cf6af26bcf9f6b2bbd1e75cd1aeaa1331;49;noreply@github.com;3840695+am11@users.noreply.github.com
debugger.cpp;MODIFY;9781;4.0;Grew;True;2024-10-28 19:19:57+00:00;False;1527;314;47470;6fc6ca5e517170a640826dde36bc5b31949ed5f4;20;noreply@github.com;45022607+mikelle-rogers@users.noreply.github.com
debugger.cpp;MODIFY;9781;0.0;Equal;True;2024-11-19 20:17:18+00:00;False;1527;314;47470;161f34645c5a7e18880f601b5bee569694d67f79;9;noreply@github.com;44248479+max-charlamb@users.noreply.github.com
