file_name;change_type;n_loc;lines_balance;size_change;is_large;date;swapped_classification;complexity;methods;tokens;hash;files_on_commit;committer_email;author_email
emitloongarch64.cpp;ADD;5042;0.0;Equal;True;2022-04-08 17:58:36+00:00;True;1291;49;30825;51afa067be9f0d00dac2c455ceb78e38eef1e239;60;noreply@github.com;qiaopengcheng@loongson.cn
emitloongarch64.cpp;MODIFY;5056;14.0;Grew;True;2022-05-25 17:28:41+00:00;False;1303;49;30897;e96642078cfa9c68305ced1ee6accc1b0e0a9a9e;5;noreply@github.com;qiaopengcheng@loongson.cn
emitloongarch64.cpp;MODIFY;5056;0.0;Equal;True;2022-05-30 17:05:42+00:00;False;1303;49;30908;7d2ab662b016933d992c0a8aa81a06b38227f895;1;noreply@github.com;qiaopengcheng@loongson.cn
emitloongarch64.cpp;MODIFY;5056;0.0;Equal;True;2022-06-10 13:52:53+00:00;False;1303;49;30910;3d2702f6044509c46bf2ade81f3afcb2218b9185;3;noreply@github.com;qiaopengcheng@loongson.cn
emitloongarch64.cpp;MODIFY;5054;-2.0;Decreased;True;2022-07-05 10:15:28+00:00;False;1303;49;30899;c30866d60c49a19e66e8edcc3a0876585fe760fc;2;noreply@github.com;qiaopengcheng@loongson.cn
emitloongarch64.cpp;MODIFY;5054;0.0;Equal;True;2022-07-15 23:48:48+00:00;False;1303;49;30901;0937f26eeb36956d13313e659fd0253ed5cd6a71;36;noreply@github.com;qiaopengcheng@loongson.cn
emitloongarch64.cpp;MODIFY;5054;0.0;Equal;True;2022-07-17 05:11:11+00:00;False;1303;49;30901;3ea30ed321949d238bf97534a2a8cbabf580f238;896;noreply@github.com;3840695+am11@users.noreply.github.com
emitloongarch64.cpp;MODIFY;5054;0.0;Equal;True;2022-08-01 21:56:33+00:00;False;1303;49;30901;2201016c1e13bdb9abf49e2e38cadf4ee0568df2;383;noreply@github.com;3840695+am11@users.noreply.github.com
emitloongarch64.cpp;MODIFY;5032;-22.0;Decreased;True;2022-08-04 16:35:49+00:00;False;1300;49;30814;76533d4f528a8c51457d9dd0c438f3babbd7733b;9;noreply@github.com;qiaopengcheng@loongson.cn
emitloongarch64.cpp;MODIFY;5000;-32.0;Decreased;True;2022-08-18 05:47:38+00:00;False;1290;48;30655;197ba91a4af0fcbb73b06197891eed8ccb609e7f;3;noreply@github.com;qiaopengcheng@loongson.cn
emitloongarch64.cpp;MODIFY;5004;4.0;Grew;True;2023-01-10 10:02:05+00:00;False;1290;48;30707;074a01611837db63e9fe1d7462916d47ed858a75;1;noreply@github.com;qiaopengcheng@loongson.cn
emitloongarch64.cpp;MODIFY;5004;0.0;Equal;True;2023-01-14 06:08:48+00:00;False;1290;48;30707;e4122dea2b6daab5d9b16e75cc697405aad00085;3;noreply@github.com;brucefo@microsoft.com
emitloongarch64.cpp;MODIFY;5004;0.0;Equal;True;2023-02-09 17:53:37+00:00;False;1290;48;30707;d067431ed81ab4a2068863474ab9a284cb9ccf93;3;noreply@github.com;brucefo@microsoft.com
emitloongarch64.cpp;MODIFY;5004;0.0;Equal;True;2023-04-03 19:00:36+00:00;False;1290;48;30701;730a03000a7e2c454515d048250728df49ec7c42;44;noreply@github.com;62474226+SingleAccretion@users.noreply.github.com
emitloongarch64.cpp;MODIFY;5005;1.0;Grew;True;2023-04-27 17:12:40+00:00;False;1290;48;30710;c407420ddc9f362a216cca765a64204acc55116f;2;noreply@github.com;qiaopengcheng@loongson.cn
emitloongarch64.cpp;MODIFY;5005;0.0;Equal;True;2023-05-02 00:34:35+00:00;False;1290;48;30711;da0aa0cb6944dd49d6c1d1859c4530fe7e38b76f;17;noreply@github.com;tagoo@outlook.com
emitloongarch64.cpp;MODIFY;5010;5.0;Grew;True;2023-05-05 14:57:42+00:00;False;1292;48;30726;04e9be30a9a4767acf36222e9dce53bc7f5fcf96;4;noreply@github.com;Kunal.Pathak@microsoft.com
emitloongarch64.cpp;MODIFY;4991;-19.0;Decreased;True;2023-05-09 14:01:47+00:00;False;1283;48;30532;4677b0dc8b411a8adc46cdf1f498f56527177105;2;noreply@github.com;qiaopengcheng@loongson.cn
emitloongarch64.cpp;MODIFY;4995;4.0;Grew;True;2023-05-20 15:57:43+00:00;False;1283;48;30536;b8f825946f80251ef01a57dfbbb8bd27c7309b82;6;noreply@github.com;qiaopengcheng@loongson.cn
emitloongarch64.cpp;MODIFY;4994;-1.0;Decreased;True;2023-06-15 21:09:24+00:00;False;1282;48;30534;fc6abb2d67de3db556589382d21565321fd20d4f;8;noreply@github.com;brucefo@microsoft.com
emitloongarch64.cpp;MODIFY;4994;0.0;Equal;True;2023-06-19 21:55:20+00:00;False;1282;48;30535;220a03a08cd57c69aef7a07a1d6160ccd4bfa878;21;noreply@github.com;tagoo@outlook.com
emitloongarch64.cpp;MODIFY;4993;-1.0;Decreased;True;2023-09-08 23:30:46+00:00;False;1282;48;30527;9d62c3c8e42c1cd51ac1c453f47f1b3b48864a07;11;noreply@github.com;qiaopengcheng@loongson.cn
emitloongarch64.cpp;MODIFY;4993;0.0;Equal;True;2023-10-04 01:30:06+00:00;False;1282;48;30528;1d352cb36c06a16bc93e424809fb431d5795e741;46;noreply@github.com;amankhalid@microsoft.com
emitloongarch64.cpp;MODIFY;4988;-5.0;Decreased;True;2023-11-28 15:28:04+00:00;False;1281;48;30483;d2172989d320b1256128586abf56542837e8977e;24;noreply@github.com;egorbo@gmail.com
emitloongarch64.cpp;MODIFY;4988;0.0;Equal;True;2023-12-07 04:37:18+00:00;False;1281;48;30486;425cfb9f9f4b8b8235772106f31eb2342238f6eb;49;noreply@github.com;amankhalid@microsoft.com
emitloongarch64.cpp;MODIFY;3924;-1064.0;Decreased;True;2023-12-30 02:37:53+00:00;False;1226;53;23303;2de9facc8668bac0d8b9d53f9e2bd654a1f49e9b;5;noreply@github.com;qiaopengcheng@loongson.cn
emitloongarch64.cpp;MODIFY;3962;38.0;Grew;True;2024-02-06 09:08:48+00:00;False;1232;53;23444;a715719367f3d80941cddc1255d836a08403e7f6;1;noreply@github.com;qiaopengcheng@loongson.cn
emitloongarch64.cpp;MODIFY;3944;-18.0;Decreased;True;2024-02-28 09:23:39+00:00;False;1235;53;23409;e2acec9dfc2df4a067f2d029c65b830a4022ebd7;1;noreply@github.com;xuliangyu@loongson.cn
emitloongarch64.cpp;MODIFY;3944;0.0;Equal;True;2024-03-05 12:41:10+00:00;False;1235;53;23409;fb700b3f31d9114493c56b2a5d8b98d75a21c87a;2;noreply@github.com;xuliangyu@loongson.cn
emitloongarch64.cpp;MODIFY;3942;-2.0;Decreased;True;2024-04-03 21:43:36+00:00;False;1235;53;23409;862c82f0e99b0addacba0793627a9c0df53fc097;180;noreply@github.com;brucefo@microsoft.com
emitloongarch64.cpp;MODIFY;3947;5.0;Grew;True;2024-04-04 13:55:07+00:00;False;1236;53;23476;cf9b28c670d387303da54ff5d4bee208a74a28bc;3;noreply@github.com;qiaopengcheng@loongson.cn
emitloongarch64.cpp;MODIFY;3945;-2.0;Decreased;True;2024-04-04 19:15:08+00:00;False;1236;53;23472;6ae3df61746d18680b72a3b98c9873beec160a77;45;noreply@github.com;brucefo@microsoft.com
emitloongarch64.cpp;MODIFY;3946;1.0;Grew;True;2024-04-25 13:40:42+00:00;False;1236;53;23470;3f30cb9c9b392d127c0e4fbea2333dd1e6b82803;1;noreply@github.com;qiaopengcheng@loongson.cn
emitloongarch64.cpp;MODIFY;3919;-27.0;Decreased;True;2024-04-26 07:57:40+00:00;False;1229;53;23308;aec52ab4133dc6fd7b728a56ee4760e613853508;2;noreply@github.com;xuliangyu@loongson.cn
emitloongarch64.cpp;MODIFY;3919;0.0;Equal;True;2024-04-29 18:22:21+00:00;False;1229;53;23317;42f4c3096aa81da74aa27c63862611400639b8c4;23;noreply@github.com;Jakob.botsch.nielsen@gmail.com
emitloongarch64.cpp;MODIFY;3935;16.0;Grew;True;2024-05-06 23:12:07+00:00;False;1234;53;23369;8608181cf7a7ecdbafd553976007735032eaef20;42;noreply@github.com;vsadov@microsoft.com
emitloongarch64.cpp;MODIFY;3936;1.0;Grew;True;2024-05-16 16:19:32+00:00;False;1235;53;23374;13d753ce9faa06e7fa77c070b580948759b6bc0e;14;noreply@github.com;vsadov@microsoft.com
emitloongarch64.cpp;MODIFY;3932;-4.0;Decreased;True;2024-06-09 15:31:07+00:00;False;1234;53;23358;2bd15868f12ace7cee9999af61d5c130b2603f04;3;noreply@github.com;xuliangyu@loongson.cn
emitloongarch64.cpp;MODIFY;3932;0.0;Equal;True;2024-06-24 09:08:23+00:00;False;1234;53;23358;416cfd32b4b85d96c19271613356cfc8c26e3bce;9;noreply@github.com;sunlijun@loongson.cn
emitloongarch64.cpp;MODIFY;3943;11.0;Grew;True;2024-08-01 09:33:22+00:00;False;1235;53;23401;8b078abecf549188a91c109b7d8890ddf5058f7b;1;noreply@github.com;sunlijun@loongson.cn
