file_name;change_type;n_loc;lines_balance;size_change;is_large;date;swapped_classification;complexity;methods;tokens;hash;files_on_commit;committer_email;author_email
exceptions.cs;ADD;1146.0;0.0;Equal;False;2003-04-05 19:21:32+00:00;False;216;18;4327;39f9ff3f7f759a7b16a2e1fc62aa6471b613e53f;64;miguel@gnome.org;miguel@gnome.org
exceptions.cs;MODIFY;1166.0;20.0;Grew;False;2003-04-10 15:51:45+00:00;False;226;18;4429;8c5fa0da263080647e69da7084b948dcc0f12458;2;lupus@oddwiz.org;lupus@oddwiz.org
exceptions.cs;MODIFY;1178.0;12.0;Grew;False;2003-04-29 14:05:12+00:00;False;229;19;4481;6dd918f4e6fecf67402f20d4c3facc3f9a2d1456;5;dietmar@mono-cvs.ximian.com;dietmar@mono-cvs.ximian.com
exceptions.cs;MODIFY;1242.0;64.0;Grew;False;2003-05-01 13:53:37+00:00;False;254;21;4775;6554ff03f7bce11109cd4c1f9a97642f9f367267;1;lupus@oddwiz.org;lupus@oddwiz.org
exceptions.cs;MODIFY;1267.0;25.0;Grew;False;2003-05-11 13:06:12+00:00;False;260;23;4884;e18c8a2d1905762258e93a205d4b11fb803830ae;3;lupus@oddwiz.org;lupus@oddwiz.org
exceptions.cs;MODIFY;1304.0;37.0;Grew;False;2003-05-15 11:04:39+00:00;False;269;24;5289;413939bfb584bcbcecca159faba5157fd0d5baf8;5;lupus@oddwiz.org;lupus@oddwiz.org
exceptions.cs;MODIFY;1326.0;22.0;Grew;False;2003-05-26 14:25:45+00:00;False;275;27;5404;abb879d473c00befa463fceb1f271f54d2953c68;4;lupus@oddwiz.org;lupus@oddwiz.org
exceptions.cs;MODIFY;1341.0;15.0;Grew;False;2003-05-27 10:09:26+00:00;False;278;28;5455;ec539769a34f682d4614f4cba249b6cfc81a3a85;2;dietmar@mono-cvs.ximian.com;dietmar@mono-cvs.ximian.com
exceptions.cs;MODIFY;1367.0;26.0;Grew;False;2003-09-29 18:36:30+00:00;False;281;30;5551;b15c2367d30cecdde9a51e1b332e20a1011cc8be;1;vargaz@gmail.com;vargaz@gmail.com
exceptions.cs;MODIFY;1395.0;28.0;Grew;False;2004-01-23 17:21:32+00:00;False;281;30;5639;866a9f292c0ac47c2118db5294fbbb6ee26539c1;1;vargaz@gmail.com;vargaz@gmail.com
exceptions.cs;MODIFY;1571.0;176.0;Grew;False;2004-03-08 15:57:04+00:00;False;321;30;6326;19682b591f8d4e9723c8fa8a40eb6c10c352a7fc;2;vargaz@gmail.com;vargaz@gmail.com
exceptions.cs;MODIFY;1602.0;31.0;Grew;False;2004-03-17 20:42:19+00:00;False;329;34;6441;4b1746a1e52b429ffb0faf4723f5169c94e49843;1;vargaz@gmail.com;vargaz@gmail.com
exceptions.cs;MODIFY;1601.0;-1.0;Decreased;False;2004-03-19 19:11:49+00:00;False;329;34;6438;b76dcb1933d5e7b29b72884de9ded2d2345b8755;1;vargaz@gmail.com;vargaz@gmail.com
exceptions.cs;MODIFY;1624.0;23.0;Grew;False;2004-03-23 19:03:38+00:00;False;334;34;6515;148726815bb2b398f590ab27993e570a0eb59c01;2;vargaz@gmail.com;vargaz@gmail.com
exceptions.cs;MODIFY;1645.0;21.0;Grew;False;2004-04-16 09:51:42+00:00;False;340;37;6592;91300e4185e6c138db4b14be6eae0a517ccadbd2;1;vargaz@gmail.com;vargaz@gmail.com
exceptions.cs;MODIFY;1647.0;2.0;Grew;False;2004-04-18 17:44:28+00:00;False;340;37;6602;77670918e688a5e9f00cb70dac377f48e5c80454;1;vargaz@gmail.com;vargaz@gmail.com
exceptions.cs;MODIFY;1691.0;44.0;Grew;False;2004-05-25 10:13:30+00:00;False;352;37;6790;7777357216356b090b34f33a2af8bb455cfeb87a;1;lupus@oddwiz.org;lupus@oddwiz.org
exceptions.cs;MODIFY;1709.0;18.0;Grew;False;2004-05-26 19:32:28+00:00;False;355;39;6875;de98f4ceeda17229dfebde3ea52f70670209ecaa;1;vargaz@gmail.com;vargaz@gmail.com
exceptions.cs;MODIFY;1729.0;20.0;Grew;False;2004-05-29 18:16:08+00:00;False;359;39;6957;d19dd3e09f5510c912e9c4967e8ada614f669d20;2;vargaz@gmail.com;vargaz@gmail.com
exceptions.cs;MODIFY;1729.0;0.0;Equal;False;2004-06-05 13:47:16+00:00;False;359;39;6957;db6efbcef26cbbf91ab1d6019d7b5072ea252d05;3;lupus@oddwiz.org;lupus@oddwiz.org
exceptions.cs;MODIFY;1780.0;51.0;Grew;True;2004-06-30 15:13:03+00:00;True;368;39;7130;6f131126491395be54d61a3da3467424b6e3a375;5;vargaz@gmail.com;vargaz@gmail.com
exceptions.cs;MODIFY;1809.0;29.0;Grew;True;2004-07-16 14:16:53+00:00;False;374;42;7268;9c69fac209fc797345e5ffd04f355593475ee235;3;benm@mono-cvs.ximian.com;benm@mono-cvs.ximian.com
exceptions.cs;MODIFY;1833.0;24.0;Grew;True;2004-08-29 09:37:37+00:00;False;378;42;7351;209c3bb222b0adb01bd9c71b86b3eda781b24549;1;vargaz@gmail.com;vargaz@gmail.com
exceptions.cs;MODIFY;1846.0;13.0;Grew;True;2004-09-02 12:04:34+00:00;False;381;42;7399;e48f4182d3e59857acaae94e2ca44dc8238f5504;1;vargaz@gmail.com;vargaz@gmail.com
exceptions.cs;MODIFY;1868.0;22.0;Grew;True;2004-09-02 13:00:07+00:00;False;386;43;7493;3ac0d2c34569361c64c540968587bf8bcd470187;1;vargaz@gmail.com;vargaz@gmail.com
exceptions.cs;MODIFY;1866.0;-2.0;Decreased;True;2004-09-02 18:09:37+00:00;False;385;43;7483;525c478f5dd1db9de72448925562abb50e63a1e0;2;vargaz@gmail.com;vargaz@gmail.com
exceptions.cs;MODIFY;1886.0;20.0;Grew;True;2004-09-06 15:58:16+00:00;False;390;45;7619;e67b6ab83ac4b12d3e94383fe506e595219d7a83;2;vargaz@gmail.com;vargaz@gmail.com
exceptions.cs;MODIFY;1857.0;-29.0;Decreased;True;2004-12-08 16:54:53+00:00;False;383;45;7485;3a33590f5325b33d0b2bcdc50c6711f023378143;1;vargaz@gmail.com;vargaz@gmail.com
exceptions.cs;MODIFY;1862.0;5.0;Grew;True;2005-01-11 17:32:18+00:00;False;384;45;7501;45fad389b2da8f21d6cd8efb41f57edf8ea2e4eb;1;vargaz@gmail.com;vargaz@gmail.com
exceptions.cs;MODIFY;1874.0;12.0;Grew;True;2005-01-16 23:05:03+00:00;False;386;45;7551;74efe871a660a75484dd0647056bb28a871bfed1;3;vargaz@gmail.com;vargaz@gmail.com
exceptions.cs;DELETE;not calculated;0.0;Equal;False;2005-01-31 13:48:10+00:00;True;not calculated;0;not calculated;6f09bf9ba8fa169e7d57c2ea276f5d7af6ab5b7c;928;dick@acm.org;dick@acm.org
exceptions.cs;MODIFY;1894.0;0.0;Equal;True;2005-03-31 13:21:26+00:00;True;391;47;7639;d81adbcafa007e94180029af85a8f3ddfae71a54;6;vargaz@gmail.com;vargaz@gmail.com
exceptions.cs;MODIFY;1919.0;25.0;Grew;True;2005-05-12 23:11:58+00:00;False;396;47;7768;32fc24defb099fab7864de7fc9fb743118241b17;4;vargaz@gmail.com;vargaz@gmail.com
exceptions.cs;MODIFY;1873.0;-46.0;Decreased;True;2005-11-30 20:48:16+00:00;False;388;47;7574;88423114d7170088b18fe4eff22be0308ba1dcd8;1;vargaz@gmail.com;vargaz@gmail.com
exceptions.cs;MODIFY;1886.0;13.0;Grew;True;2006-06-13 15:52:59+00:00;False;391;48;7632;fe82dbfbc46dbc0ba5e330a52fa3ebd0d7884a15;1;vargaz@gmail.com;vargaz@gmail.com
exceptions.cs;MODIFY;1898.0;12.0;Grew;True;2006-07-13 14:44:49+00:00;False;393;48;7673;671fd05520d945477ba50a8595844b1f5c2566ef;2;vargaz@gmail.com;vargaz@gmail.com
exceptions.cs;DELETE;not calculated;0.0;Equal;False;2006-09-04 15:18:17+00:00;True;not calculated;0;not calculated;d6b81257a3c1b238e62c3999930f6d8b63e3b4b3;1138;martin@novell.com;martin@novell.com
exceptions.cs;MODIFY;1963.0;0.0;Equal;True;2007-01-15 19:04:16+00:00;True;392;70;7823;09d652109e96942005214759b40882a43a911b2f;2;glowingpurple@gmail.com;glowingpurple@gmail.com
exceptions.cs;MODIFY;1979.0;16.0;Grew;True;2008-01-24 16:39:16+00:00;False;396;73;7891;77afebf5ce39bc59b2ed6f760134db8bc794dee0;6;vargaz@gmail.com;vargaz@gmail.com
exceptions.cs;MODIFY;1991.0;12.0;Grew;True;2008-01-26 20:01:01+00:00;False;399;75;7935;e59b4cdc11d100a74a2af19d67d7cc54c2bcaa1b;1;vargaz@gmail.com;vargaz@gmail.com
exceptions.cs;MODIFY;2012.0;21.0;Grew;True;2008-08-24 12:32:42+00:00;False;405;77;8011;a4cebe4481842ed702b27bf93c6e9e9bf1bb00fa;3;vargaz@gmail.com;vargaz@gmail.com
exceptions.cs;MODIFY;2028.0;16.0;Grew;True;2009-02-09 00:37:01+00:00;False;410;80;8083;647836ac11f2889b80f2dbb5b474217fbc0767b6;2;vargaz@gmail.com;vargaz@gmail.com
exceptions.cs;MODIFY;2051.0;23.0;Grew;True;2009-03-20 21:31:14+00:00;False;416;81;8158;180ed7fc9ebfb19af168ff226ff847d6468d2425;1;vargaz@gmail.com;vargaz@gmail.com
exceptions.cs;MODIFY;2068.0;17.0;Grew;True;2009-09-06 14:59:29+00:00;False;421;84;8228;4d313a31d406c06160bc1b41ffe92e22a910cfbf;1;vargaz@gmail.com;vargaz@gmail.com
exceptions.cs;MODIFY;2094.0;26.0;Grew;True;2009-09-16 11:51:44+00:00;False;428;88;8332;a97ee46d64d69771e1e033640584cdb133ccae1f;2;vargaz@gmail.com;vargaz@gmail.com
exceptions.cs;MODIFY;2111.0;17.0;Grew;True;2009-12-03 21:07:07+00:00;False;432;91;8409;bd3fd68d45858bff500a2c1a79b5f82b2333eb28;2;vargaz@gmail.com;vargaz@gmail.com
exceptions.cs;MODIFY;2126.0;15.0;Grew;True;2010-01-17 08:02:01+00:00;False;435;92;8471;0a0082837c996b9018af2c47a4e9264ef96ae84f;2;vargaz@gmail.com;vargaz@gmail.com
exceptions.cs;MODIFY;2142.0;16.0;Grew;True;2010-06-08 15:17:06+00:00;False;438;94;8530;80c999625fbdf170eacc011e67de0bd445c62c72;2;vargaz@gmail.com;vargaz@gmail.com
exceptions.cs;MODIFY;2156.0;14.0;Grew;True;2010-08-13 10:37:01+00:00;False;441;96;8585;c2da45c2d868dd519d1a217da63af2458cdfd370;2;vargaz@gmail.com;vargaz@gmail.com
exceptions.cs;MODIFY;2165.0;9.0;Grew;True;2010-08-13 14:54:06+00:00;False;442;97;8623;cbae3dff8e4011f2c89e069bfed644dd9fbd286c;2;vargaz@gmail.com;vargaz@gmail.com
exceptions.cs;MODIFY;2165.0;0.0;Equal;True;2010-10-29 23:04:49+00:00;False;442;97;8623;e216e552087b0ce8bddc6dcd194e6e289573c68d;2;vargaz@gmail.com;vargaz@gmail.com
exceptions.cs;MODIFY;2166.0;1.0;Grew;True;2010-11-16 18:49:35+00:00;False;442;97;8629;ac1cb7fff3d6946467500896ca929601b44ebb08;5;vargaz@gmail.com;vargaz@gmail.com
exceptions.cs;MODIFY;2182.0;16.0;Grew;True;2010-11-18 02:46:34+00:00;False;447;99;8738;b560a3f36fbbeb7c65ceb589cb0b9ae559724f44;2;vargaz@gmail.com;vargaz@gmail.com
exceptions.cs;MODIFY;2236.0;54.0;Grew;True;2011-07-24 18:23:11+00:00;False;462;102;9062;26eb39824d399406ed089d933884aa4f6e6c5cce;1;vargaz@gmail.com;vargaz@gmail.com
exceptions.cs;MODIFY;2254.0;18.0;Grew;True;2011-11-03 17:49:58+00:00;False;467;105;9138;3a98115bc1ef28c3f333f49e4caa9033fd51d9b8;2;vargaz@gmail.com;vargaz@gmail.com
exceptions.cs;MODIFY;2242.0;-12.0;Decreased;True;2012-05-31 10:33:53+00:00;False;463;104;9055;d629e798be9368877ec11bc6b2bae06b86c737ff;1;vargaz@gmail.com;vargaz@gmail.com
exceptions.cs;MODIFY;2244.0;2.0;Grew;True;2013-04-07 07:45:45+00:00;False;463;104;9073;c4371065f2ba21561f31575cf2b5d0fcb077d2fc;50;vargaz@gmail.com;elijahtaylor@google.com
exceptions.cs;MODIFY;2250.0;6.0;Grew;True;2013-11-15 00:41:33+00:00;False;464;104;9103;47988d9833e8c0665378258f495ec8553182c789;1;vargaz@gmail.com;vargaz@gmail.com
exceptions.cs;MODIFY;2241.0;-9.0;Decreased;True;2014-02-10 21:35:45+00:00;False;462;104;9065;9eb7c0e5bf8464ab38d1c6bbc935559bef34d09d;1;mark.probst@gmail.com;mark.probst@gmail.com
exceptions.cs;MODIFY;2241.0;0.0;Equal;True;2015-03-31 20:31:08+00:00;False;462;104;9073;1ec983641a848ad43076e6776cca725d2fc560dd;6;vargaz@gmail.com;vargaz@gmail.com
exceptions.cs;MODIFY;2298.0;57.0;Grew;True;2015-04-02 20:34:24+00:00;False;477;111;9344;800cdfe9a035c8fbf804d36fcb8cffeea99842f7;2;vargaz@gmail.com;vargaz@gmail.com
exceptions.cs;MODIFY;2316.0;18.0;Grew;True;2015-06-01 18:27:03+00:00;False;481;113;9422;a2d87c3fb7642b8966297427ed5c2caffd9cdac2;4;vargaz@gmail.com;vargaz@gmail.com
exceptions.cs;MODIFY;2316.0;0.0;Equal;True;2015-11-20 22:49:02+00:00;False;481;113;9422;f4ca282276ea4489c2439bac3d233de7d7cb8748;13;vargaz@gmail.com;vargaz@gmail.com
exceptions.cs;MODIFY;2341.0;25.0;Grew;True;2015-12-01 23:51:21+00:00;False;486;115;9530;213a128a67da7590634f475aeb3bc07337472501;2;vargaz@gmail.com;vargaz@gmail.com
exceptions.cs;MODIFY;2342.0;1.0;Grew;True;2016-01-13 21:45:42+00:00;False;486;115;9536;4549b7cb1d0ff34e1c0adfc2763a7a88ec9bedc8;1;vargaz@gmail.com;vargaz@gmail.com
exceptions.cs;MODIFY;2353.0;11.0;Grew;True;2017-02-28 21:59:28+00:00;False;486;115;9602;bfc865bb2a74be4e3387a3f830f8bae7f3e7a04b;2;bernhard.urban@xamarin.com;bernhard.urban@xamarin.com
exceptions.cs;MODIFY;2349.0;-4.0;Decreased;True;2017-03-08 22:02:51+00:00;False;486;115;9578;4a3298ee9528a0e11129a99eafdea40b44043358;4;bernhard.urban@xamarin.com;bernhard.urban@xamarin.com
exceptions.cs;MODIFY;2348.0;-1.0;Decreased;True;2017-03-08 22:02:51+00:00;False;486;115;9572;d9d461c5e606b55baa8c20d65d52f1ba11d51079;4;bernhard.urban@xamarin.com;bernhard.urban@xamarin.com
exceptions.cs;MODIFY;2347.0;-1.0;Decreased;True;2017-03-08 22:02:51+00:00;False;486;115;9566;67a79a416655538cee925f7ecb5d836f4190ac76;2;bernhard.urban@xamarin.com;bernhard.urban@xamarin.com
exceptions.cs;MODIFY;2352.0;5.0;Grew;True;2017-03-08 22:02:51+00:00;False;486;115;9596;7338ea8e5498a879c5f07e8d3618eefd0720c3e4;4;bernhard.urban@xamarin.com;bernhard.urban@xamarin.com
exceptions.cs;MODIFY;2350.0;-2.0;Decreased;True;2017-03-08 22:02:51+00:00;False;486;115;9584;ff9c7d509ed6b87b1098c1c98138f29cc989f027;2;bernhard.urban@xamarin.com;bernhard.urban@xamarin.com
exceptions.cs;MODIFY;2345.0;-5.0;Decreased;True;2017-03-08 22:02:51+00:00;False;486;115;9554;8df8844f985137e4ce1b2ff741a3f18c4b2a612b;2;bernhard.urban@xamarin.com;bernhard.urban@xamarin.com
exceptions.cs;MODIFY;2344.0;-1.0;Decreased;True;2017-03-08 22:02:51+00:00;False;486;115;9548;4854a1b0da9ab877e60c2fe5e3745b97f4907aae;4;bernhard.urban@xamarin.com;bernhard.urban@xamarin.com
exceptions.cs;MODIFY;2346.0;2.0;Grew;True;2017-03-08 22:02:51+00:00;False;486;115;9560;05019e95533edee177b7f4e9858378381d65fd92;1;bernhard.urban@xamarin.com;bernhard.urban@xamarin.com
exceptions.cs;MODIFY;2343.0;-3.0;Decreased;True;2017-03-08 22:02:51+00:00;False;486;115;9542;365dc810540bb161a37fd71c865d2e78082f7abe;3;bernhard.urban@xamarin.com;bernhard.urban@xamarin.com
exceptions.cs;MODIFY;2399.0;56.0;Grew;True;2017-03-30 19:16:17+00:00;False;497;121;9840;5d767bae94d7dde42ab8dba7690895bb9415928c;5;bernhard.urban@xamarin.com;bernhard.urban@xamarin.com
exceptions.cs;MODIFY;2415.0;16.0;Grew;True;2017-05-19 15:37:38+00:00;False;499;122;9929;b045ad6c00630a9e0d4b22f273dea0967ef1a2be;2;noreply@github.com;vargaz@gmail.com
exceptions.cs;MODIFY;2413.0;-2.0;Decreased;True;2017-06-02 07:51:44+00:00;False;499;122;9917;7193cc69466b8cb3b0882b74486bbc3991f25f23;54;noreply@github.com;vargaz@gmail.com
exceptions.cs;MODIFY;2412.0;-1.0;Decreased;True;2017-06-16 20:01:38+00:00;False;499;122;9911;78470f5395e6f1b4f1cdd4db7df4f165c4d67155;5;noreply@github.com;vargaz@gmail.com
exceptions.cs;MODIFY;2415.0;3.0;Grew;True;2017-07-10 16:57:52+00:00;False;499;122;9929;7c31e528d614354083a0eb3107968c7327ff1a42;2;vargaz@gmail.com;vargaz@gmail.com
exceptions.cs;MODIFY;2416.0;1.0;Grew;True;2017-09-26 00:37:52+00:00;False;499;122;9935;202721aa5c1aa54ea18cc14709d530ae37eead6b;1;kumpera@gmail.com;kumpera@gmail.com
exceptions.cs;MODIFY;2416.0;0.0;Equal;True;2017-10-26 14:12:31+00:00;False;499;122;9935;2ad6d6cd7cb27046b5587378dca444aa46badade;2;vargaz@gmail.com;vargaz@gmail.com
exceptions.cs;MODIFY;2461.0;45.0;Grew;True;2018-06-05 16:42:56+00:00;False;512;124;10155;3fe34ec5b0fea9c2d3353f6d264f61629d6d2e80;6;noreply@github.com;vargaz@gmail.com
exceptions.cs;MODIFY;2492.0;31.0;Grew;True;2019-03-21 12:15:31+00:00;False;519;125;10276;ca7099acd087dbc0c081baaf376cdb72453033d6;2;jo.shields+jenkins@xamarin.com;bernhard.urban@xamarin.com
exceptions.cs;MODIFY;2491.0;-1.0;Decreased;True;2019-09-10 17:08:58+00:00;False;519;125;10270;2b54fa9def3755858da253933cd167fbfdcc32f7;2;steveisok@users.noreply.github.com;lewing@xamarin.com
exceptions.cs;MODIFY;2549.0;58.0;Grew;True;2022-01-03 11:44:48+00:00;False;536;128;10579;c7ec82ae6e1e8a2fc929df77965cfe659ac9c036;15;noreply@github.com;vargaz@gmail.com
