file_name;change_type;n_loc;lines_balance;size_change;is_large;date;swapped_classification;complexity;methods;tokens;hash;files_on_commit;committer_email;author_email
jiterpreter-support.ts;RENAME;1598;0.0;Equal;True;2023-12-19 15:03:41+00:00;True;not calculated;0;not calculated;a36a860f74fc53bbf2e106600bc8550d5d5c114f;384;noreply@github.com;radical@gmail.com
jiterpreter-support.ts;MODIFY;1598;0.0;Equal;True;2024-02-01 17:27:21+00:00;False;200;72;11715;765090f5a75c37c790984036083c3cef2dfafa72;115;noreply@github.com;32700855+ilonatommy@users.noreply.github.com
jiterpreter-support.ts;MODIFY;1598;0.0;Equal;True;2024-02-07 11:35:59+00:00;False;200;72;11721;97aba7843fbb033fdb02f9f25d52765e7c89bd02;27;noreply@github.com;pavel.savara@gmail.com
jiterpreter-support.ts;MODIFY;1597;-1.0;Decreased;True;2024-02-08 07:40:50+00:00;False;200;72;11711;607c1bf9549a6856961968f94bf9562a39fc8498;26;noreply@github.com;pavel.savara@gmail.com
jiterpreter-support.ts;MODIFY;1599;2.0;Grew;True;2024-02-19 10:02:20+00:00;False;200;72;11739;85679d284c0965a99b4b48d7051510e34ce9f4b3;8;noreply@github.com;kg@luminance.org
jiterpreter-support.ts;MODIFY;1600;1.0;Grew;True;2024-02-29 01:02:44+00:00;False;201;72;11743;233b11003c21cda6c87caf252ede713e572e6a65;2;noreply@github.com;kg@luminance.org
jiterpreter-support.ts;MODIFY;1605;5.0;Grew;True;2024-03-07 09:56:03+00:00;False;201;72;11794;5373c0113e55727ed8e1b9af5f44f7779bf5089c;7;noreply@github.com;kg@luminance.org
jiterpreter-support.ts;MODIFY;1609;4.0;Grew;True;2024-03-12 06:42:52+00:00;False;203;72;11807;6cb660d3ef2021a474ddf498a6b0a6d85b64d87c;1;noreply@github.com;kg@luminance.org
jiterpreter-support.ts;MODIFY;1627;18.0;Grew;True;2024-03-14 21:53:26+00:00;False;203;72;11937;9b40636087d24c8e9107d4a112589b053317591d;5;noreply@github.com;kg@luminance.org
jiterpreter-support.ts;MODIFY;1629;2.0;Grew;True;2024-03-21 17:08:23+00:00;False;203;72;11945;309185fd7d4d87f3e42e475ef57961159d0ce2d2;3;noreply@github.com;kg@luminance.org
jiterpreter-support.ts;MODIFY;1629;0.0;Equal;True;2024-03-27 11:19:42+00:00;False;203;72;11945;3ba9223356001c948f7fa10f7e4fef78613a5c10;96;noreply@github.com;32700855+ilonatommy@users.noreply.github.com
jiterpreter-support.ts;MODIFY;1627;-2.0;Decreased;True;2024-04-18 07:11:53+00:00;False;204;72;11927;6d3a31c536de71c8b89aef901a88d91bf9635484;5;noreply@github.com;kg@luminance.org
jiterpreter-support.ts;MODIFY;1627;0.0;Equal;True;2024-07-15 21:09:44+00:00;False;204;72;11927;ad542b244bea3b453a6bda6b59440182c6c14ef2;34;noreply@github.com;radek.doulik@gmail.com
jiterpreter-support.ts;MODIFY;1638;11.0;Grew;True;2024-08-23 20:09:03+00:00;False;204;72;12023;86b58eeb20e966ea798f61482ac46b80bdd7cbb6;24;noreply@github.com;alklig@microsoft.com
jiterpreter-support.ts;MODIFY;1649;11.0;Grew;True;2024-09-04 07:34:01+00:00;False;211;73;12158;57a4b04303ebb5a9418814d5d2778b08150a507b;6;noreply@github.com;kg@luminance.org
jiterpreter-support.ts;MODIFY;1698;49.0;Grew;True;2024-09-07 06:47:24+00:00;False;212;74;12501;5c4686f831d34c2c127e943d0f0d144793eeb0ad;6;noreply@github.com;kg@luminance.org
jiterpreter-support.ts;MODIFY;1698;0.0;Equal;True;2024-09-11 11:14:02+00:00;False;212;74;12501;8351e5f0090211d321e02fb8aaaa22d1404c6e78;2;noreply@github.com;kg@luminance.org
jiterpreter-support.ts;MODIFY;1699;1.0;Grew;True;2024-10-31 14:14:33+00:00;False;212;74;12503;9e3f557b0d37370aec16d297abfcab51268a977d;19;noreply@github.com;pavel.savara@gmail.com
