file_name;change_type;n_loc;lines_balance;size_change;is_large;date;swapped_classification;complexity;methods;tokens;hash;files_on_commit;committer_email;author_email
Operators.cs;MODIFY;2715;0.0;Equal;True;2016-03-19 16:28:22+00:00;True;728;71;17736;c23897f8904635e2d19f266b4d32a50d21a3177f;74;jon@hackcraft.net;jon@hackcraft.net
Operators.cs;MODIFY;2715;0.0;Equal;True;2016-03-20 01:28:47+00:00;False;728;71;17736;13b30e5b373b888f69f3f6f2d34bfc67d51d5b55;98;jon@hackcraft.net;jon@hackcraft.net
Operators.cs;MODIFY;2709;-6.0;Decreased;True;2016-11-26 06:39:13+00:00;False;728;71;17726;0b88c765d7d0423287fd7e90507bf24c5c3292c7;13;karelz@users.noreply.github.com;jon@hackcraft.net
Operators.cs;MODIFY;2709;0.0;Equal;True;2017-01-27 17:30:26+00:00;False;728;71;17726;5d1f92f5b2acb91991a3002b134591bbe98fadcd;1;jon@hackcraft.net;jon@hackcraft.net
Operators.cs;MODIFY;2709;0.0;Equal;True;2017-01-27 22:32:52+00:00;False;728;71;17727;ab3158353a84fba253ea61c0a33347688793dd2e;15;karelz@users.noreply.github.com;jon@hackcraft.net
Operators.cs;MODIFY;2709;0.0;Equal;True;2017-02-10 13:00:15+00:00;False;729;71;17716;34b90c19ad45ff57498d594a7bd91436ad1ea13a;24;jon@hackcraft.net;jon@hackcraft.net
Operators.cs;MODIFY;2779;70.0;Grew;True;2017-02-18 01:27:26+00:00;False;745;73;18197;51108e3cf7892db18d52d2bc2c6784aacd9c0071;3;jon@hackcraft.net;jon@hackcraft.net
Operators.cs;MODIFY;2206;-573.0;Decreased;True;2017-02-20 20:57:45+00:00;False;571;69;14858;2bc36b88686926fcd98c064f4a278c495d835f99;4;jon@hackcraft.net;jon@hackcraft.net
Operators.cs;MODIFY;2199;-7.0;Decreased;True;2017-02-24 16:31:35+00:00;False;568;68;14827;ec2c390622789841c507cffc3ebddaaaf5afe88c;1;jon@hackcraft.net;jon@hackcraft.net
Operators.cs;MODIFY;2199;0.0;Equal;True;2017-03-03 12:14:06+00:00;False;568;68;14779;c71d83ce56e509f4f51ac6c91985f6de3c01c4d9;33;jon@hackcraft.net;jon@hackcraft.net
Operators.cs;MODIFY;2199;0.0;Equal;True;2017-03-24 19:20:25+00:00;False;568;68;14777;671ed9f70eb91d10eedfeeb5bc84602a4c024db3;17;stoub@microsoft.com;jon@hackcraft.net
Operators.cs;MODIFY;2199;0.0;Equal;True;2017-03-28 20:58:51+00:00;False;568;68;14750;e2723f261ad895b781b976fd816787e6e93b5031;77;jon@hackcraft.net;jon@hackcraft.net
Operators.cs;MODIFY;2200;1.0;Grew;True;2017-03-31 20:15:42+00:00;False;568;68;14747;0d6c604222a647a799c509a4e75f8601018560b2;3;jon@hackcraft.net;jon@hackcraft.net
Operators.cs;MODIFY;2201;1.0;Grew;True;2017-03-31 20:15:46+00:00;False;568;68;14740;44671e4d5fcb99dfda2b8cfce89159be08af7540;10;jon@hackcraft.net;jon@hackcraft.net
Operators.cs;MODIFY;2200;-1.0;Decreased;True;2017-03-31 20:15:49+00:00;False;568;68;14735;032e1e5052a5c2b0cadf6849b3b9ecce8e364883;6;jon@hackcraft.net;jon@hackcraft.net
Operators.cs;MODIFY;2200;0.0;Equal;True;2017-03-31 20:15:55+00:00;False;568;68;14728;f5edb7c12a4517bd22fab66dc860c2c45e0bad33;4;jon@hackcraft.net;jon@hackcraft.net
Operators.cs;MODIFY;2198;-2.0;Decreased;True;2017-03-31 20:16:31+00:00;False;568;68;14731;8b29a40fdc14c9c146b8aa464ea8126b454229e1;8;jon@hackcraft.net;jon@hackcraft.net
Operators.cs;MODIFY;2197;-1.0;Decreased;True;2017-04-04 23:38:23+00:00;False;568;68;14726;434f497036647138348cf3c31035cf58462fd590;44;jon@hackcraft.net;jon@hackcraft.net
Operators.cs;MODIFY;2197;0.0;Equal;True;2017-04-04 23:38:23+00:00;False;568;68;14726;0744ae382c19e8b5980e0606e81d15384978c687;2;jon@hackcraft.net;jon@hackcraft.net
Operators.cs;MODIFY;2197;0.0;Equal;True;2017-04-05 00:05:55+00:00;False;568;68;14726;06258aca4f778de2836c023b81d66e7f7008991f;48;jon@hackcraft.net;jon@hackcraft.net
Operators.cs;MODIFY;2192;-5.0;Decreased;True;2017-04-06 03:01:08+00:00;False;561;68;14689;067549612a8b9cab0cf52923415c2e32f4460c46;11;stoub@microsoft.com;jon@hackcraft.net
Operators.cs;MODIFY;2192;0.0;Equal;True;2017-07-17 19:21:34+00:00;False;561;68;14701;6604383c2712a966aec95990bf330d6919b9f893;3;vsadov@microsoft.com;jon@hackcraft.net
Operators.cs;MODIFY;2192;0.0;Equal;True;2017-07-18 19:44:38+00:00;False;561;68;14701;a5c3dd0b75566874268bc967c5eda23caacef668;46;vsadov@microsoft.com;jon@hackcraft.net
Operators.cs;MODIFY;2195;3.0;Grew;True;2017-07-25 18:17:29+00:00;False;560;68;14565;8554ecb564977d3e90baafefcec2390f35619fd7;29;OmarTawfik@users.noreply.github.com;jon@hackcraft.net
Operators.cs;MODIFY;2195;0.0;Equal;True;2017-07-26 01:09:48+00:00;False;560;68;14561;793441d4ef85b1e2aeb62df0462c8f7a6e72a19f;24;OmarTawfik@users.noreply.github.com;jon@hackcraft.net
Operators.cs;MODIFY;2195;0.0;Equal;True;2017-07-27 19:37:32+00:00;False;560;68;14561;f5eb10f9f99289613a789a3871471d58a171d0f4;30;vsadov@microsoft.com;jon@hackcraft.net
Operators.cs;MODIFY;2187;-8.0;Decreased;True;2017-07-27 23:20:55+00:00;False;559;68;14473;fe59a22d763b9a1f3177abb517790cba64cb671e;40;vsadov@microsoft.com;jon@hackcraft.net
Operators.cs;MODIFY;2187;0.0;Equal;True;2017-07-28 22:31:59+00:00;False;559;68;14455;a5f6fefe0a5de8ed6977a87effabf6e84ebe778a;41;OmarTawfik@users.noreply.github.com;jon@hackcraft.net
Operators.cs;MODIFY;2185;-2.0;Decreased;True;2017-07-31 18:23:02+00:00;False;556;68;14422;ff24fbd055cd662a1322de4d98033c0ae9969e1a;10;vsadov@microsoft.com;jon@hackcraft.net
Operators.cs;MODIFY;2159;-26.0;Decreased;True;2017-08-04 16:16:38+00:00;False;554;68;14190;de57ffe6d3029ebb56a1e25cb685ca98f54807b9;46;vsadov@microsoft.com;jon@hackcraft.net
Operators.cs;MODIFY;2152;-7.0;Decreased;True;2017-08-22 19:05:02+00:00;False;549;68;14125;b25d3eee67c3212370d95d0db82c3a7987ad638a;3;OmarTawfik@users.noreply.github.com;jon@hackcraft.net
Operators.cs;MODIFY;2143;-9.0;Decreased;True;2017-08-28 18:46:50+00:00;False;543;68;14143;2059a80a6b94498585c8df7b3dbb4d921b098d03;4;OmarTawfik@users.noreply.github.com;jon@hackcraft.net
Operators.cs;MODIFY;2136;-7.0;Decreased;True;2017-10-05 19:19:45+00:00;False;534;68;14032;db9c0b63238fb17e6135e87a0896fdde1ea15068;34;OmarTawfik@users.noreply.github.com;jon@hackcraft.net
Operators.cs;MODIFY;2136;0.0;Equal;True;2017-11-07 20:17:59+00:00;False;534;68;14030;e8d056bc0e0df90d6cbf8c251cd5a36c6f3d2abe;18;OmarTawfik@users.noreply.github.com;jon@hackcraft.net
Operators.cs;MODIFY;2114;-22.0;Decreased;True;2017-11-10 05:52:15+00:00;False;533;68;13855;f470ce20f33084ff059360eac6d0682b9eba6fc3;11;OmarTawfik@users.noreply.github.com;jon@hackcraft.net
Operators.cs;MODIFY;2114;0.0;Equal;True;2017-11-14 22:00:26+00:00;False;533;68;13855;4ed1331a33eed02693e9b942f6b4c0d5ad04de0b;5;OmarTawfik@users.noreply.github.com;jon@hackcraft.net
Operators.cs;MODIFY;2132;18.0;Grew;True;2017-11-30 02:00:50+00:00;False;536;68;13937;258f122220a4073a5d1e98abc6a75c0dd8b9f6a4;5;vsadov@microsoft.com;jon@hackcraft.net
Operators.cs;MODIFY;2131;-1.0;Decreased;True;2017-11-30 04:04:03+00:00;False;536;68;13925;03e002c0ce418a00d2aec3e02edb5b954d20c951;11;vsadov@microsoft.com;jon@hackcraft.net
Operators.cs;MODIFY;2043;-88.0;Decreased;True;2017-11-30 04:27:20+00:00;False;512;65;13362;c98a15e10e968a5a5bb5f7c03add7670368d23e1;4;vsadov@microsoft.com;jon@hackcraft.net
Operators.cs;MODIFY;2026;-17.0;Decreased;True;2017-12-07 19:23:10+00:00;False;509;65;13299;3e2b4a9ca32d0505d1a163c94c68831128e078d9;2;OmarTawfik@users.noreply.github.com;jon@hackcraft.net
Operators.cs;MODIFY;2030;4.0;Grew;True;2018-01-04 21:41:04+00:00;False;510;65;13322;dd367550dfb27aaab72d15a8462719ade513a82a;6;OmarTawfik@users.noreply.github.com;jon@hackcraft.net
Operators.cs;MODIFY;1990;-40.0;Decreased;True;2018-01-15 19:56:39+00:00;False;501;65;13183;798d954f093b6e6d29531f68d1c656c42a53b410;32;vsadov@microsoft.com;jon@hackcraft.net
Operators.cs;MODIFY;1966;-24.0;Decreased;True;2018-01-26 22:31:53+00:00;False;500;65;12938;6c8a8732b79e19e13582ba7faae47b8528955b18;51;OmarTawfik@users.noreply.github.com;jon@hackcraft.net
Operators.cs;MODIFY;2007;41.0;Grew;True;2018-02-15 20:37:30+00:00;False;499;64;13674;96c93497a0877820da0ed4a2a0dde468bfccfa84;70;vsadov@microsoft.com;jon@hackcraft.net
Operators.cs;MODIFY;2007;0.0;Equal;True;2019-08-08 01:07:58+00:00;False;499;64;13674;60d1224ddd68d8ac0320f439bb60ac1f0e9cdb27;4187;noreply@github.com;stoub@microsoft.com
Operators.cs;MODIFY;1951;-56.0;Decreased;True;2019-08-16 15:24:54+00:00;False;478;63;13552;9885a6065860feda063ed988d7fb71a77b84999f;207;noreply@github.com;stoub@microsoft.com
Operators.cs;MODIFY;2016;65.0;Grew;True;2021-04-12 10:09:47+00:00;False;478;63;14027;d2cf6738c580e6ca09e48a8052fcbbb40462be85;97;noreply@github.com;mordotymoja@gmail.com
Operators.cs;MODIFY;2016;0.0;Equal;True;2022-06-17 09:26:03+00:00;False;478;63;13999;a796755292722cbef6e586ce1a2547cf2d49e831;162;noreply@github.com;stoub@microsoft.com
Operators.cs;MODIFY;2014;-2.0;Decreased;True;2022-06-28 18:47:36+00:00;False;478;63;13989;e55c908229e36f99a52745d4ee85316a0e8bb6a2;641;noreply@github.com;stoub@microsoft.com
Operators.cs;MODIFY;2010;-4.0;Decreased;True;2022-09-08 15:17:18+00:00;False;478;63;13965;8e2a059a1f5395aa7395b268ac57e5c5c23b7528;45;noreply@github.com;59935235+jkurdek@users.noreply.github.com
Operators.cs;MODIFY;2010;0.0;Equal;True;2022-11-08 13:05:34+00:00;False;478;63;13957;8918adf2e5255920aed3c61f9b92c2a51eec0fe3;527;noreply@github.com;marek.safar@gmail.com
Operators.cs;MODIFY;2010;0.0;Equal;True;2022-12-06 03:37:30+00:00;False;478;63;13942;62f3eb2878c3e82631b91dd02ee4fb655d23a2b1;38;noreply@github.com;stoub@microsoft.com
