file_name;change_type;n_loc;lines_balance;size_change;is_large;date;swapped_classification;complexity;methods;tokens;hash;files_on_commit;committer_email;author_email
TensorPrimitives.Generic.cs;ADD;246;0.0;Equal;False;2024-01-03 17:50:09+00:00;False;13;10;3361;7e51126799d19552cbf5ee52687d31f11438dda2;16;noreply@github.com;stoub@microsoft.com
TensorPrimitives.Generic.cs;MODIFY;1455;1209.0;Grew;False;2024-01-22 02:51:19+00:00;False;149;99;16990;8accd8073a44f5835b39e0584f17d1aff1771121;10;noreply@github.com;stoub@microsoft.com
TensorPrimitives.Generic.cs;MODIFY;1459;4.0;Grew;False;2024-01-22 12:53:50+00:00;False;149;99;17014;ebd5cb686e1463cb927f4e969f9b5ff05adbbcc8;4;noreply@github.com;alex.koeplinger@outlook.com
TensorPrimitives.Generic.cs;MODIFY;1472;13.0;Grew;False;2024-01-22 13:30:51+00:00;False;151;101;17162;adb048b864d35e03f82152b75f7de60f6fd0d919;3;noreply@github.com;stoub@microsoft.com
TensorPrimitives.Generic.cs;MODIFY;1469;-3.0;Decreased;False;2024-01-24 12:12:29+00:00;False;152;101;17201;3d59a544ca97372ea7373c1f326fb8ca0533ca1b;3;noreply@github.com;stoub@microsoft.com
TensorPrimitives.Generic.cs;MODIFY;1631;162.0;Grew;False;2024-01-27 23:34:28+00:00;False;168;108;18693;4fc943c3cb3feb72d1e33d8356a51e8d0bbf3ac7;5;noreply@github.com;stoub@microsoft.com
TensorPrimitives.Generic.cs;MODIFY;1807;176.0;Grew;True;2024-01-30 01:44:29+00:00;True;187;115;20080;247e826998c8319e2bc41b1f9a7cae7ab8ced71a;4;noreply@github.com;stoub@microsoft.com
TensorPrimitives.Generic.cs;MODIFY;1808;1.0;Grew;True;2024-02-08 20:23:15+00:00;False;187;115;20090;d3d76e085862588b8263fffc435edcd012229fa6;1;noreply@github.com;Jakob.botsch.nielsen@gmail.com
TensorPrimitives.Generic.cs;MODIFY;1811;3.0;Grew;True;2024-02-08 22:16:49+00:00;False;187;115;20189;0daea84b5c9d5e3941c05ca41a31611f73c2efae;4;noreply@github.com;stoub@microsoft.com
TensorPrimitives.Generic.cs;MODIFY;1839;28.0;Grew;True;2024-02-10 03:47:01+00:00;False;188;116;20335;b5411e3a110cdbc643be3a922a150a9e083cd240;3;noreply@github.com;stoub@microsoft.com
TensorPrimitives.Generic.cs;MODIFY;1845;6.0;Grew;True;2024-02-29 21:29:46+00:00;False;185;115;20736;e6bce51439ba3228da346b708b8e26eee2850ad4;4;noreply@github.com;eirik.tsarpalis@gmail.com
TensorPrimitives.Generic.cs;MODIFY;1877;32.0;Grew;True;2024-03-13 14:35:57+00:00;False;193;115;19403;07b705b6c3a826f4517428a5159a992f825f18fc;4;noreply@github.com;eirik.tsarpalis@gmail.com
TensorPrimitives.Generic.cs;MODIFY;1877;0.0;Equal;True;2024-03-14 01:14:53+00:00;False;193;115;19389;5cb4f0db4d40e758861933b55cc214635bee9891;1;noreply@github.com;eirik.tsarpalis@gmail.com
TensorPrimitives.Generic.cs;MODIFY;1877;0.0;Equal;True;2024-03-15 22:40:22+00:00;False;193;115;19389;0960bfb5c8032ff7864d0023f02c28499689beb2;2;noreply@github.com;eirik.tsarpalis@gmail.com
TensorPrimitives.Generic.cs;MODIFY;1883;6.0;Grew;True;2024-04-25 20:41:51+00:00;False;193;115;19467;90c81b21b34016f075cd199f836d4a6cb2af604e;7;noreply@github.com;stoub@microsoft.com
TensorPrimitives.Generic.cs;MODIFY;1901;18.0;Grew;True;2024-05-02 12:36:08+00:00;False;196;115;19710;fc76b1cac3f02cc9729f6682d6850fd7982e9fe5;2;noreply@github.com;stoub@microsoft.com
TensorPrimitives.Generic.cs;MODIFY;1901;0.0;Equal;True;2024-05-04 01:29:20+00:00;False;197;115;19710;64d537accd7aa54094a34b104db35ad8d5e4e0b4;10;noreply@github.com;tagoo@outlook.com
TensorPrimitives.Generic.cs;MODIFY;1984;83.0;Grew;True;2024-06-12 15:11:21+00:00;False;209;122;20375;fa987b629b3557226441aae170a9a85324985726;8;noreply@github.com;stoub@microsoft.com
TensorPrimitives.Generic.cs;MODIFY;1994;10.0;Grew;True;2024-07-10 16:56:52+00:00;False;209;122;20505;d40ac7c77266f6b7386e5922d3fd1c2a849ce97e;4;noreply@github.com;stoub@microsoft.com
