file_name;change_type;n_loc;lines_balance;size_change;is_large;date;swapped_classification;complexity;methods;tokens;hash;files_on_commit;committer_email;author_email
TypePreinit.cs;ADD;1972;0.0;Equal;True;2021-12-09 06:11:46+00:00;True;564;67;13366;b2dc37ba181a7fa4427e717eab819ba3543d0ae4;1311;noreply@github.com;MichalStrehovsky@users.noreply.github.com
TypePreinit.cs;MODIFY;1978;6.0;Grew;True;2022-03-29 03:44:03+00:00;False;565;67;13375;370f16041371f1f0219825b1cd14d302df73e79f;27;noreply@github.com;MichalStrehovsky@users.noreply.github.com
TypePreinit.cs;MODIFY;1978;0.0;Equal;True;2022-07-17 05:11:11+00:00;False;565;67;13375;3ea30ed321949d238bf97534a2a8cbabf580f238;896;noreply@github.com;3840695+am11@users.noreply.github.com
TypePreinit.cs;MODIFY;2007;29.0;Grew;True;2022-08-10 08:53:07+00:00;False;567;69;13529;bbcc0ab74f062ad340dacff016de0580c3f2e584;6;noreply@github.com;MichalStrehovsky@users.noreply.github.com
TypePreinit.cs;MODIFY;2007;0.0;Equal;True;2022-09-01 20:02:43+00:00;False;567;69;13540;ab2d195f169a08bf8eb978b472b2d3aca61b0a46;714;noreply@github.com;tlakaelel_axayakatl@outlook.com
TypePreinit.cs;MODIFY;2048;41.0;Grew;True;2022-10-10 19:58:10+00:00;False;574;75;13767;12caa8ff2661f3b0dd80cd6bfcc48075c83fbc31;27;noreply@github.com;egorbo@gmail.com
TypePreinit.cs;MODIFY;2052;4.0;Grew;True;2022-11-01 08:41:52+00:00;False;574;75;13799;bd175dae3a6fca2986db6135318add78867eceab;33;noreply@github.com;egorbo@gmail.com
TypePreinit.cs;MODIFY;2095;43.0;Grew;True;2022-11-23 03:25:14+00:00;False;582;76;14199;8020db56ecfcbc183fda6b074805c0855a0e5b0b;2;noreply@github.com;MichalStrehovsky@users.noreply.github.com
TypePreinit.cs;MODIFY;2098;3.0;Grew;True;2022-11-29 14:55:01+00:00;False;583;76;14218;c7537816a5e6382415bab381f68bc689c1cfefd3;1;noreply@github.com;MichalStrehovsky@users.noreply.github.com
TypePreinit.cs;MODIFY;2114;16.0;Grew;True;2022-12-23 04:14:08+00:00;False;583;75;14338;acd76bc7b8e15198e124604084a3a6a3362354e4;16;noreply@github.com;MichalStrehovsky@users.noreply.github.com
TypePreinit.cs;MODIFY;2114;0.0;Equal;True;2023-01-31 13:46:51+00:00;False;583;75;14338;4b5029c808f8927c41451ac13870f1fc2a6021d8;79;noreply@github.com;marek.safar@gmail.com
TypePreinit.cs;MODIFY;2114;0.0;Equal;True;2023-02-07 08:22:47+00:00;False;583;75;14338;55b35db30dc25f95ab36d2225a9ffc3ccde9494f;13;noreply@github.com;42748379+dotnet-maestro[bot]@users.noreply.github.com
TypePreinit.cs;MODIFY;2274;160.0;Grew;True;2023-02-14 02:39:38+00:00;False;638;87;15360;90603686d314147017c8bbe1fa8965776ce607d0;2;noreply@github.com;MichalStrehovsky@users.noreply.github.com
TypePreinit.cs;MODIFY;2287;13.0;Grew;True;2023-04-28 13:53:53+00:00;False;640;89;15466;e6f9af1361030fca92abe58efed1ea45d2eb552c;3;noreply@github.com;MichalStrehovsky@users.noreply.github.com
TypePreinit.cs;MODIFY;2497;210.0;Grew;True;2023-09-27 06:05:07+00:00;False;696;98;16970;43f236d9e9fba323a55d27b3ba097f24ade16ef1;2;noreply@github.com;MichalStrehovsky@users.noreply.github.com
TypePreinit.cs;MODIFY;2610;113.0;Grew;True;2023-09-28 22:03:52+00:00;False;750;98;18211;9765a3c03a1d03f8ed4485ed4c00e9b9fd9b78f9;2;noreply@github.com;MichalStrehovsky@users.noreply.github.com
TypePreinit.cs;MODIFY;2642;32.0;Grew;True;2023-10-01 06:53:23+00:00;False;760;98;18420;c58debe7340a741901475cb104915a5aba376fbb;2;noreply@github.com;MichalStrehovsky@users.noreply.github.com
TypePreinit.cs;MODIFY;2649;7.0;Grew;True;2023-10-06 07:54:40+00:00;False;762;98;18480;85d016986c4e69343df3e88a80e90b1b8fbe722c;16;noreply@github.com;MichalStrehovsky@users.noreply.github.com
TypePreinit.cs;MODIFY;2654;5.0;Grew;True;2023-11-06 22:17:34+00:00;False;764;98;18496;f609282084db73d063de8ce205b0884ade5eda3c;1;noreply@github.com;MichalStrehovsky@users.noreply.github.com
TypePreinit.cs;MODIFY;2672;18.0;Grew;True;2023-11-13 07:01:12+00:00;False;769;101;18604;1347af75d27633fd47dd6f89ba0e48f2cf246554;6;noreply@github.com;MichalStrehovsky@users.noreply.github.com
TypePreinit.cs;MODIFY;2676;4.0;Grew;True;2024-01-05 08:06:30+00:00;False;770;101;18645;09b925d743eefd9194c16e0f1a35ad732ad72135;18;noreply@github.com;MichalStrehovsky@users.noreply.github.com
TypePreinit.cs;MODIFY;2685;9.0;Grew;True;2024-01-09 08:03:56+00:00;False;772;101;18705;4276583079ac18a861617cb901be6a7dd90aaf3e;1;noreply@github.com;scott.waye@hubse.com
TypePreinit.cs;MODIFY;2683;-2.0;Decreased;True;2024-01-18 14:44:25+00:00;False;766;101;18674;2e595fb6908bf0266c91b5586514aaab60f1502b;1;noreply@github.com;MichalStrehovsky@users.noreply.github.com
TypePreinit.cs;MODIFY;2674;-9.0;Decreased;True;2024-01-23 08:49:14+00:00;False;764;101;18614;eb73a153fa71e6d16d5c27e032348aa23513feda;14;noreply@github.com;62474226+SingleAccretion@users.noreply.github.com
TypePreinit.cs;MODIFY;2701;27.0;Grew;True;2024-02-13 06:54:51+00:00;False;770;101;18794;4d69ab7d59e7a7ded3aaf56789740b0698f07b17;5;noreply@github.com;MichalStrehovsky@users.noreply.github.com
TypePreinit.cs;MODIFY;2711;10.0;Grew;True;2024-03-01 14:47:47+00:00;False;773;101;18864;da197df2bcc4d4e0bf7d4ce6af14a116fbfcbc68;3;noreply@github.com;MichalStrehovsky@users.noreply.github.com
TypePreinit.cs;MODIFY;2711;0.0;Equal;True;2024-03-09 15:52:56+00:00;False;773;101;18864;cc17166217c9e9066830c2df8374675bc2f185b3;26;noreply@github.com;jkotas@microsoft.com
TypePreinit.cs;MODIFY;2715;4.0;Grew;True;2024-04-26 12:58:39+00:00;False;775;101;18906;0f508f26cd22fffb7e8ab0ed3f7133ee48f3a6a0;3;noreply@github.com;MichalStrehovsky@users.noreply.github.com
TypePreinit.cs;MODIFY;2715;0.0;Equal;True;2024-06-14 07:11:10+00:00;False;775;101;18906;ae80f735d7281fab2883171caacf5d9102ee33bc;32;noreply@github.com;MichalStrehovsky@users.noreply.github.com
TypePreinit.cs;MODIFY;2735;20.0;Grew;True;2024-09-16 06:11:38+00:00;False;783;102;19013;bb9cd260b5bb0719a3702ae6983f1725e84ae47a;2;noreply@github.com;MichalStrehovsky@users.noreply.github.com
