file_name;change_type;n_loc;lines_balance;size_change;is_large;date;swapped_classification;complexity;methods;tokens;hash;files_on_commit;committer_email;author_email
Vector64Tests.cs;ADD;30;0.0;Equal;False;2021-10-22 21:23:54+00:00;False;2;2;226;3146533f05d44a4a0e919b90fc8fad3244b7f03b;22;noreply@github.com;robin.lindner1@t-online.de
Vector64Tests.cs;MODIFY;2860;2830.0;Grew;True;2022-01-13 00:00:04+00:00;True;358;171;16953;cfe5e98c03d4915b97eeee294b07eeead6e3d824;25;noreply@github.com;tagoo@outlook.com
Vector64Tests.cs;MODIFY;2872;12.0;Grew;True;2022-04-29 17:53:48+00:00;False;360;173;17027;095e4d02fc91d6286ccfded98fe5b5936d890d76;25;noreply@github.com;tagoo@outlook.com
Vector64Tests.cs;MODIFY;3222;350.0;Grew;True;2022-05-02 17:11:49+00:00;False;430;208;20581;23283ffabac13d979d0e1b2e71c51c467544dd21;15;noreply@github.com;tagoo@outlook.com
Vector64Tests.cs;MODIFY;3224;2.0;Grew;True;2022-05-17 20:30:53+00:00;False;430;208;20609;dd919f1e4554ef03ca78504e0aa723f6a0e01ea7;10;noreply@github.com;96171496+mkhamoyan@users.noreply.github.com
Vector64Tests.cs;MODIFY;3222;-2.0;Decreased;True;2022-05-23 18:39:06+00:00;False;430;208;20581;4ff994e77bbc1c6762bb0a8757f648005f16efa7;11;noreply@github.com;52458914+fanyang-mono@users.noreply.github.com
Vector64Tests.cs;MODIFY;3272;50.0;Grew;True;2022-07-05 19:51:46+00:00;False;430;208;21003;dfbc648dae468b578b93bd87ec068a7fda581c75;16;noreply@github.com;tagoo@outlook.com
Vector64Tests.cs;MODIFY;3312;40.0;Grew;True;2022-08-27 22:49:59+00:00;False;432;210;21285;51f76399be3775c72ccf3134f3ac67549a11e934;4;noreply@github.com;Github@hafthor.net
Vector64Tests.cs;MODIFY;3318;6.0;Grew;True;2022-09-17 20:16:17+00:00;False;433;211;21327;b40c3a3ba575babb4c0409eb5cbb9b728b1ba9c2;15;noreply@github.com;tagoo@outlook.com
Vector64Tests.cs;MODIFY;3349;31.0;Grew;True;2022-11-02 16:25:40+00:00;False;433;211;21615;13d4e6de2c4ecd1414bd29d5240fb6fe2e33b9fa;27;noreply@github.com;tagoo@outlook.com
Vector64Tests.cs;MODIFY;3363;14.0;Grew;True;2023-11-20 16:18:38+00:00;False;435;213;21739;5ab7dd82d2494552c1e74017d878f72204c277e8;5;noreply@github.com;35800402+MichalPetryka@users.noreply.github.com
Vector64Tests.cs;MODIFY;3373;10.0;Grew;True;2023-12-06 09:22:43+00:00;False;437;214;21814;42255ea68a2dd1f68156535030273c0384568159;5;noreply@github.com;35800402+MichalPetryka@users.noreply.github.com
Vector64Tests.cs;MODIFY;3402;29.0;Grew;True;2024-01-11 21:49:35+00:00;False;443;218;22121;a3d5261e218335ee65ea75c9baee031b52f0b068;19;noreply@github.com;tagoo@outlook.com
Vector64Tests.cs;MODIFY;3415;13.0;Grew;True;2024-01-17 16:53:30+00:00;False;445;220;22250;06005da6d1d2bb405f2138cf61b864bed27b525a;12;noreply@github.com;tagoo@outlook.com
Vector64Tests.cs;MODIFY;3429;14.0;Grew;True;2024-01-19 04:37:47+00:00;False;447;222;22396;c53d22162ba46c2024340e23f4ab42ed04025bee;12;noreply@github.com;tagoo@outlook.com
Vector64Tests.cs;MODIFY;3523;94.0;Grew;True;2024-02-05 22:14:02+00:00;False;449;224;23299;05fb35ed331ed0a0634b87076fe8de4a1142e0f2;27;noreply@github.com;tagoo@outlook.com
Vector64Tests.cs;MODIFY;3537;14.0;Grew;True;2024-02-07 16:44:00+00:00;False;451;226;23425;93cbd9f155f24af8589f9324330040bfc34db1b7;5;noreply@github.com;tagoo@outlook.com
Vector64Tests.cs;MODIFY;3602;65.0;Grew;True;2024-04-24 01:16:58+00:00;False;459;234;24218;f55c5a80329644e7ee5cce499fbbb4da2899aabd;34;noreply@github.com;tagoo@outlook.com
Vector64Tests.cs;MODIFY;3602;0.0;Equal;True;2024-05-13 21:01:21+00:00;False;459;234;24426;3bd417108a09d236dffccf54fe7ec58046feb5c4;22;noreply@github.com;tagoo@outlook.com
Vector64Tests.cs;MODIFY;3630;28.0;Grew;True;2024-05-16 21:11:39+00:00;False;463;238;24810;b7727f55605d15b3a573cdfb7795ef714823bedb;58;noreply@github.com;tagoo@outlook.com
Vector64Tests.cs;MODIFY;3942;312.0;Grew;True;2024-07-10 00:47:13+00:00;False;519;282;28922;4a1a07666b55ed425a5c43896e7869227fca500c;70;noreply@github.com;tagoo@outlook.com
Vector64Tests.cs;MODIFY;3986;44.0;Grew;True;2024-07-19 14:45:11+00:00;False;525;288;29426;72f9ee0d26c23b3c58ec5af8aeea316095761646;29;noreply@github.com;tagoo@outlook.com
