file_name;change_type;n_loc;lines_balance;size_change;is_large;date;swapped_classification;complexity;methods;tokens;hash;files_on_commit;committer_email;author_email
Vector64.cs;RENAME;not calculated;0.0;Equal;False;2018-06-13 05:50:19+00:00;False;not calculated;0;not calculated;dc2baada9beab3fb3a850ae3385018d6014b6bfc;40;noreply@github.com;maryam.ariyan@microsoft.com
Vector64.cs;MODIFY;31.0;0.0;Equal;False;2018-08-02 20:53:50+00:00;False;1;1;160;697273cff445a400547b48b5077ebe768813d022;6;tagoo@outlook.com;tagoo@outlook.com
Vector64.cs;MODIFY;275.0;244.0;Grew;False;2018-11-08 03:15:37+00:00;False;31;31;1599;7b7c33d5026ea7854864a04b8918ea79c179165d;10;noreply@github.com;tagoo@outlook.com
Vector64.cs;MODIFY;275.0;0.0;Equal;False;2018-12-04 15:47:21+00:00;False;31;31;1599;e7e7ff025a384a626323a0c0cb06e2211153d28e;47;stoub@microsoft.com;stoub@microsoft.com
Vector64.cs;MODIFY;396.0;121.0;Grew;False;2019-02-12 17:28:02+00:00;False;33;33;2502;3f177274dd65906040edb71ab3e6a2eb512fe13c;3;noreply@github.com;tagoo@outlook.com
Vector64.cs;MODIFY;396.0;0.0;Grew;False;2019-03-29 18:11:39+00:00;False;33;33;2502;d60514128915d721bf37d446ddeca099d9d8a0f3;50;tagoo@outlook.com;tagoo@outlook.com
Vector64.cs;MODIFY;396.0;0.0;Decreased;False;2019-05-09 16:40:16+00:00;False;33;33;2502;a3befe1917526e5c735cd8a528cbee280fd66df2;1446;noreply@github.com;stoub@microsoft.com
Vector64.cs;MODIFY;396.0;0.0;Equal;False;2019-08-17 11:31:50+00:00;False;33;33;2524;4f3a68d4bba147dd2847ac739f774f97ef16ab4f;76;stoub@microsoft.com;stoub@microsoft.com
Vector64.cs;MODIFY;396.0;0.0;Grew;False;2020-02-16 04:27:02+00:00;False;33;33;2524;6404b8b0e1399c1ae5e732e6c6f5bd2b591b1d35;3;noreply@github.com;michal.brylka@gmail.com
Vector64.cs;MODIFY;403.0;7.0;Grew;False;2020-04-27 23:11:48+00:00;False;33;33;2545;d68342ceeb69adff35d5b3462091d339a700c1a5;4;noreply@github.com;Kunal.Pathak@microsoft.com
Vector64.cs;MODIFY;460.0;57.0;Grew;False;2020-04-30 23:35:36+00:00;False;40;33;2855;670bf2109a297ba36cbc53066e6a00d2e7707600;2;noreply@github.com;Egor.Chesakov@microsoft.com
Vector64.cs;MODIFY;521.0;61.0;Grew;False;2020-05-05 23:44:43+00:00;False;47;33;3324;d23f1a2f7ce97375a1f54ecc566247c45f2393bc;11;noreply@github.com;Kunal.Pathak@microsoft.com
Vector64.cs;MODIFY;613.0;92.0;Grew;False;2020-05-13 23:51:20+00:00;False;57;33;3615;992470572b92ae0c55709ca2812d21cd2b880a72;16;noreply@github.com;tagoo@outlook.com
Vector64.cs;MODIFY;615.0;2.0;Grew;False;2020-05-14 21:06:45+00:00;False;57;33;3621;8b24e646a7ee754213a94b757e55995326fdf722;9;noreply@github.com;Kunal.Pathak@microsoft.com
Vector64.cs;MODIFY;617.0;2.0;Grew;False;2020-05-20 23:32:50+00:00;False;57;33;3627;34fd21edebf010cfc9a9d685e4ad22d06f916fc1;5;noreply@github.com;Kunal.Pathak@microsoft.com
Vector64.cs;MODIFY;618.0;1.0;Grew;False;2020-06-03 23:12:43+00:00;False;57;33;3630;f3c6ec3a6c383e9c39c685cec958fbde70e47fb8;7;noreply@github.com;Kunal.Pathak@microsoft.com
Vector64.cs;MODIFY;655.0;37.0;Grew;False;2020-06-22 20:40:59+00:00;False;63;36;3829;ab119ad18fa7cecb52ed632573e7b72784436bf2;7;noreply@github.com;Egor.Chesakov@microsoft.com
Vector64.cs;MODIFY;655.0;0.0;Decreased;False;2020-07-08 13:23:11+00:00;False;63;36;3829;6072e4d3a7a2a1493f514cdf4be75a3d56580e84;33043;noreply@github.com;stoub@microsoft.com
Vector64.cs;MODIFY;655.0;0.0;Equal;False;2021-04-20 00:55:09+00:00;False;63;36;3829;17506ca9c713d09049cc9fc831d19fc076d01dea;374;noreply@github.com;tagoo@outlook.com
Vector64.cs;MODIFY;1369.0;714.0;Grew;False;2021-09-30 23:27:06+00:00;False;167;94;10291;826f49dd603eb1291b1aa9c694dfb1a8824d84d4;1430;noreply@github.com;tagoo@outlook.com
Vector64.cs;MODIFY;1418.0;49.0;Grew;False;2021-11-12 04:32:49+00:00;False;174;101;10618;5fa6dd364982be4ffd83358adbf130d88049c72a;22;noreply@github.com;tagoo@outlook.com
Vector64.cs;MODIFY;1526.0;108.0;Grew;False;2022-01-04 20:02:37+00:00;False;188;107;11208;eed3a62e42f80ab816522cde17767f039d081ce6;277;noreply@github.com;tagoo@outlook.com
Vector64.cs;MODIFY;1968.0;442.0;Grew;True;2022-01-13 00:00:04+00:00;True;244;138;14583;cfe5e98c03d4915b97eeee294b07eeead6e3d824;25;noreply@github.com;tagoo@outlook.com
Vector64.cs;MODIFY;1932.0;-36.0;Decreased;True;2022-01-15 13:00:18+00:00;False;244;138;14472;c30d55ec5b584e26186a85adedf313c81a64269c;15;noreply@github.com;tagoo@outlook.com
Vector64.cs;MODIFY;1931.0;-1.0;Decreased;True;2022-02-20 05:50:14+00:00;False;244;138;14465;ddb22ef2ac96ed31cfd85782d1c38b1523642aaa;467;noreply@github.com;wraith2@gmail.com
Vector64.cs;MODIFY;1931.0;0.0;Equal;True;2022-04-13 15:10:49+00:00;False;244;138;14465;a9b3898ee4b568cba09236cc71a63faf3ec52eea;72;noreply@github.com;32279961+B1Z0N@users.noreply.github.com
Vector64.cs;MODIFY;2046.0;115.0;Grew;True;2022-05-02 17:11:49+00:00;False;265;145;15253;23283ffabac13d979d0e1b2e71c51c467544dd21;15;noreply@github.com;tagoo@outlook.com
Vector64.cs;MODIFY;2048.0;2.0;Grew;True;2022-07-10 01:08:59+00:00;False;265;145;15269;25216ae833cbbef3447df377a1506f9067a90bd6;3;noreply@github.com;egorbo@gmail.com
Vector64.cs;MODIFY;2048.0;0.0;Equal;True;2022-07-24 03:24:28+00:00;False;265;145;15269;9d6396deb02161f5ee47af72ccac52c2e1bae458;1292;noreply@github.com;3840695+am11@users.noreply.github.com
Vector64.cs;MODIFY;1896.0;-152.0;Decreased;True;2022-07-25 19:03:44+00:00;False;246;145;14492;fb1d318935e57c48e6d018d67b2bade74e020cef;6;noreply@github.com;egorbo@gmail.com
Vector64.cs;MODIFY;1896.0;0.0;Equal;True;2022-09-06 23:34:40+00:00;False;246;145;14492;6253a18cc612fa4140a2a17daefa3d98b093a239;3;noreply@github.com;24882762+gewarren@users.noreply.github.com
Vector64.cs;MODIFY;1896.0;0.0;Equal;True;2022-09-17 20:16:17+00:00;False;246;145;14492;b40c3a3ba575babb4c0409eb5cbb9b728b1ba9c2;15;noreply@github.com;tagoo@outlook.com
Vector64.cs;MODIFY;1908.0;12.0;Grew;True;2022-10-03 22:22:25+00:00;False;249;148;14582;b3fdac7b3c26bd3ed52715942d76f333a8519dd0;8;noreply@github.com;tagoo@outlook.com
Vector64.cs;MODIFY;1857.0;-51.0;Decreased;True;2022-10-05 19:15:07+00:00;False;220;116;14459;acd52cb38907ee29a21aae8527c00d9aeb7c605b;7;noreply@github.com;tagoo@outlook.com
Vector64.cs;MODIFY;1655.0;-202.0;Decreased;False;2022-11-02 16:25:40+00:00;True;170;91;13126;13d4e6de2c4ecd1414bd29d5240fb6fe2e33b9fa;27;noreply@github.com;tagoo@outlook.com
Vector64.cs;MODIFY;1655.0;0.0;Grew;False;2022-11-02 17:02:30+00:00;False;170;91;13126;f5c67acfbf098b34cada6adc1a0c9f37bde8b9bd;8;noreply@github.com;18474647+dakersnar@users.noreply.github.com
Vector64.cs;MODIFY;1590.0;-65.0;Decreased;False;2022-11-11 03:49:10+00:00;False;152;82;12909;00e6482544b435c66279ffd7abf43e9a7ead0236;11;noreply@github.com;tagoo@outlook.com
Vector64.cs;MODIFY;1589.0;-1.0;Decreased;False;2022-12-28 17:44:52+00:00;False;152;82;12872;7aba441028fe86a70f4cefe6a10d9e68556d9b78;36;noreply@github.com;tagoo@outlook.com
Vector64.cs;MODIFY;1599.0;10.0;Grew;False;2023-01-12 16:33:52+00:00;False;153;82;12951;00596e504c2c9ad84ee0d87665b815ac7f8eaa4e;75;noreply@github.com;tagoo@outlook.com
Vector64.cs;MODIFY;1522.0;-77.0;Decreased;False;2023-06-09 19:03:36+00:00;False;207;94;12650;15d7761208c88c4bcd2c5052cbccc25f26b5a8a4;18;noreply@github.com;tagoo@outlook.com
Vector64.cs;MODIFY;1522.0;0.0;Equal;False;2023-08-02 20:51:36+00:00;False;207;94;12668;ecc8ba280fa3d238b6fa0b7847f693163c6c02c1;68;noreply@github.com;tagoo@outlook.com
Vector64.cs;MODIFY;1551.0;29.0;Grew;False;2023-10-03 19:14:17+00:00;False;223;92;13002;15ffcff82fe8a3eea529ae5d67a9fc52be990d9f;15;noreply@github.com;tagoo@outlook.com
Vector64.cs;MODIFY;1584.0;33.0;Grew;False;2024-01-11 21:49:35+00:00;False;228;95;13204;a3d5261e218335ee65ea75c9baee031b52f0b068;19;noreply@github.com;tagoo@outlook.com
Vector64.cs;MODIFY;1617.0;33.0;Grew;False;2024-01-17 16:53:30+00:00;False;233;98;13406;06005da6d1d2bb405f2138cf61b864bed27b525a;12;noreply@github.com;tagoo@outlook.com
Vector64.cs;MODIFY;1656.0;39.0;Grew;False;2024-01-19 04:37:47+00:00;False;238;101;13661;c53d22162ba46c2024340e23f4ab42ed04025bee;12;noreply@github.com;tagoo@outlook.com
Vector64.cs;MODIFY;1659.0;3.0;Grew;False;2024-02-05 22:14:02+00:00;False;238;101;13706;05fb35ed331ed0a0634b87076fe8de4a1142e0f2;27;noreply@github.com;tagoo@outlook.com
Vector64.cs;MODIFY;1645.0;-14.0;Decreased;False;2024-03-19 01:54:11+00:00;False;238;101;13839;07c99abc4f5dfabf406e7b844d5e6bccd6db6885;1;noreply@github.com;hez2010@outlook.com
Vector64.cs;MODIFY;1659.0;14.0;Grew;False;2024-04-24 01:16:58+00:00;False;238;101;13979;f55c5a80329644e7ee5cce499fbbb4da2899aabd;34;noreply@github.com;tagoo@outlook.com
Vector64.cs;MODIFY;1695.0;36.0;Grew;False;2024-05-13 21:01:21+00:00;False;246;105;14235;3bd417108a09d236dffccf54fe7ec58046feb5c4;22;noreply@github.com;tagoo@outlook.com
Vector64.cs;MODIFY;1745.0;50.0;Grew;False;2024-05-16 21:11:39+00:00;False;254;109;14701;b7727f55605d15b3a573cdfb7795ef714823bedb;58;noreply@github.com;tagoo@outlook.com
Vector64.cs;MODIFY;1615.0;-130.0;Decreased;False;2024-06-05 20:43:41+00:00;False;250;106;13696;2a6bf6f577f22f81f4a6794d9e836236e56a8575;28;noreply@github.com;tagoo@outlook.com
Vector64.cs;MODIFY;1615.0;0.0;Equal;False;2024-06-07 17:36:10+00:00;False;250;106;13697;e012fd463fb4364b3acb103d1ea51e61b7c35874;10;noreply@github.com;tagoo@outlook.com
Vector64.cs;MODIFY;1615.0;0.0;Equal;False;2024-07-02 15:03:11+00:00;False;250;106;13697;91b3fb605d2bfd999689a3b22bc3378ea3ece0ed;14;noreply@github.com;45661989+xtqqczze@users.noreply.github.com
Vector64.cs;MODIFY;2121.0;506.0;Grew;True;2024-07-10 00:47:13+00:00;True;354;136;17390;4a1a07666b55ed425a5c43896e7869227fca500c;70;noreply@github.com;tagoo@outlook.com
Vector64.cs;MODIFY;2121.0;0.0;Decreased;True;2024-07-17 10:44:53+00:00;False;354;136;17390;19f03850cafa68cf396ecadf86e19df714b0a280;140;noreply@github.com;stoub@microsoft.com
Vector64.cs;MODIFY;2263.0;142.0;Grew;True;2024-07-19 14:45:11+00:00;False;374;145;18288;72f9ee0d26c23b3c58ec5af8aeea316095761646;29;noreply@github.com;tagoo@outlook.com
Vector64.cs;MODIFY;2263.0;0.0;Equal;True;2024-08-19 03:18:02+00:00;False;374;145;18288;dc0432bcb6e7afba54c426f15d03fe8c8fd0d0aa;16;noreply@github.com;tagoo@outlook.com
