file_name;change_type;n_loc;lines_balance;size_change;is_large;date;swapped_classification;complexity;methods;tokens;hash;files_on_commit;committer_email;author_email
XmlSchemaValidator.cs;RENAME;not calculated;0.0;Equal;False;2016-07-28 20:16:52+00:00;False;not calculated;0;not calculated;3ada3b4cea3bcff3a9f4240009d4428cab26fd05;2730;kwicher@microsoft.com;kwicher@microsoft.com
XmlSchemaValidator.cs;MODIFY;2569.0;0.0;Equal;True;2016-10-13 22:27:32+00:00;True;507;90;14210;cb7279b3af71055d9ee17b8bf592991eb3ae9a8b;32;sekho@microsoft.com;sekho@microsoft.com
XmlSchemaValidator.cs;MODIFY;2569.0;0.0;Equal;True;2016-10-13 23:57:32+00:00;False;507;90;14210;4f9bd5ddc1dde5b1284e43891148303e699f1030;15;sekho@microsoft.com;sekho@microsoft.com
XmlSchemaValidator.cs;MODIFY;2569.0;0.0;Equal;True;2017-02-17 18:31:00+00:00;False;507;90;14210;aa4b36ebfad28ec202f6a89d76d0bd840235b1ab;338;stoub@microsoft.com;jon@hackcraft.net
XmlSchemaValidator.cs;MODIFY;2555.0;-14.0;Decreased;True;2017-04-08 00:04:05+00:00;False;507;90;14172;53c164e4e2680658f7b152cf4f5b8bbe8cab8283;218;danmose@microsoft.com;sekho@microsoft.com
XmlSchemaValidator.cs;MODIFY;2555.0;0.0;Equal;True;2018-06-11 03:46:09+00:00;False;507;90;14178;21a079ccab1bad1d28f60960ef64f62db005559e;38;danmose@microsoft.com;stoub@microsoft.com
XmlSchemaValidator.cs;MODIFY;2555.0;0.0;Equal;True;2019-03-06 20:03:00+00:00;False;507;90;14166;dce7647bbc8b7ea26801f929a65e569770188981;463;noreply@github.com;stoub@microsoft.com
XmlSchemaValidator.cs;MODIFY;2555.0;0.0;Equal;True;2019-08-08 01:07:58+00:00;False;507;90;14166;60d1224ddd68d8ac0320f439bb60ac1f0e9cdb27;4187;noreply@github.com;stoub@microsoft.com
XmlSchemaValidator.cs;MODIFY;2555.0;0.0;Equal;True;2019-08-14 18:19:30+00:00;False;507;90;14174;9548bea38a6cf98d072b6771d5c424aea06ac6fc;1086;noreply@github.com;stoub@microsoft.com
XmlSchemaValidator.cs;MODIFY;2555.0;0.0;Equal;True;2019-08-24 11:47:35+00:00;False;507;90;14174;7bdae2162fc67e362c9aeb614efba51ccbcfe0a4;159;stoub@microsoft.com;stoub@microsoft.com
XmlSchemaValidator.cs;MODIFY;2555.0;0.0;Equal;True;2020-02-18 13:23:25+00:00;False;507;90;14174;0f736f8cb81d63ce1d054adf919c19a20fe9827b;65;noreply@github.com;stoub@microsoft.com
XmlSchemaValidator.cs;MODIFY;2555.0;0.0;Equal;True;2020-04-23 17:29:24+00:00;False;507;90;14174;cc49c120038058ef0848fafa81f9c8d79ce440da;3;noreply@github.com;prgovi@microsoft.com
XmlSchemaValidator.cs;MODIFY;2554.0;-1.0;Grew;True;2020-05-01 00:07:02+00:00;False;507;90;14172;833a7afab9c7d187a099574227b9189bd0a98cf9;28;kwicher@microsoft.com;kwicher@microsoft.com
XmlSchemaValidator.cs;MODIFY;2581.0;27.0;Grew;True;2020-06-17 18:30:54+00:00;False;584;90;14761;bfa1f7072f0c6c4fcb868b37bebad53c31fd7f8d;93;noreply@github.com;mordotymoja@gmail.com
XmlSchemaValidator.cs;MODIFY;2581.0;0.0;Decreased;True;2020-07-08 13:23:11+00:00;False;584;90;14761;6072e4d3a7a2a1493f514cdf4be75a3d56580e84;33043;noreply@github.com;stoub@microsoft.com
XmlSchemaValidator.cs;MODIFY;2581.0;0.0;Equal;True;2020-07-24 23:18:45+00:00;False;584;90;14768;0e5614c1bcef4c744295c8ee4ddcd94a9ec8025a;85;noreply@github.com;mordotymoja@gmail.com
XmlSchemaValidator.cs;MODIFY;2581.0;0.0;Decreased;True;2020-08-27 12:57:29+00:00;False;584;90;14768;503d5602b01c0e362f1636d55da91ff3b8d909d8;658;noreply@github.com;mordotymoja@gmail.com
XmlSchemaValidator.cs;MODIFY;2580.0;-1.0;Decreased;True;2020-09-09 00:52:10+00:00;False;584;90;14760;f1f7681464bc8e6662e15242d3babca75c914565;44;noreply@github.com;wraith2@gmail.com
XmlSchemaValidator.cs;MODIFY;2580.0;0.0;Equal;True;2021-03-26 00:50:33+00:00;False;584;90;14761;0817e748b7698bef1e812fd74c8a3558b7f86421;969;noreply@github.com;stoub@microsoft.com
XmlSchemaValidator.cs;MODIFY;2578.0;-2.0;Decreased;True;2021-06-01 18:58:02+00:00;False;584;90;14748;c69254f3dc43bde1ede18f8b21f1e9689541089a;23;noreply@github.com;jkotas@microsoft.com
XmlSchemaValidator.cs;MODIFY;2576.0;-2.0;Decreased;True;2021-06-28 08:31:45+00:00;False;584;90;14739;91599fff26619cb8bccb7b39c39590e7cd9a4379;1;noreply@github.com;stoub@microsoft.com
XmlSchemaValidator.cs;MODIFY;2576.0;0.0;Equal;True;2021-11-09 10:39:57+00:00;False;584;90;14702;08aff106db7ddbb58cc341ce6a178cec4cd516ef;91;noreply@github.com;kronic2006@gmail.com
XmlSchemaValidator.cs;MODIFY;2576.0;0.0;Equal;True;2022-01-12 17:10:45+00:00;False;584;90;14690;6de7147b9266d7730b0d73ba67632b0c198cb11e;505;noreply@github.com;marek.safar@gmail.com
XmlSchemaValidator.cs;MODIFY;2512.0;-64.0;Decreased;True;2022-02-08 21:06:59+00:00;False;568;90;14434;3ae87395f638a533f37b8e3385f6d3f199a72f4f;1232;noreply@github.com;stoub@microsoft.com
XmlSchemaValidator.cs;MODIFY;2509.0;-3.0;Decreased;True;2022-02-11 01:40:07+00:00;False;567;90;14423;1ba0394d71a4ea6bee7f6b28a22d666b7b56f913;232;noreply@github.com;stoub@microsoft.com
XmlSchemaValidator.cs;MODIFY;2509.0;0.0;Equal;True;2022-03-25 11:06:33+00:00;False;567;90;14424;6a889d234267a4c96ed21d0e1660dce787d78a38;634;noreply@github.com;marek.safar@gmail.com
XmlSchemaValidator.cs;MODIFY;2525.0;16.0;Grew;True;2022-04-21 17:25:52+00:00;False;567;90;14504;215b39abf947da7a40b0cb137eab4bceb24ad3e3;1398;noreply@github.com;stoub@microsoft.com
XmlSchemaValidator.cs;MODIFY;2525.0;0.0;Equal;True;2022-05-07 18:55:53+00:00;False;567;90;14504;41419131095d36fb5b811600ad0dab3b0d804269;311;noreply@github.com;3840695+am11@users.noreply.github.com
XmlSchemaValidator.cs;MODIFY;2525.0;0.0;Equal;True;2022-05-23 17:14:58+00:00;False;567;90;14504;55e2378d86841ec766ee21d5e504d7724c39b53b;346;noreply@github.com;3840695+am11@users.noreply.github.com
XmlSchemaValidator.cs;MODIFY;2525.0;0.0;Equal;True;2022-06-10 13:33:19+00:00;False;567;90;14500;d84115f52fda79b1b72f5b2444ba0ae2c6569d4d;156;noreply@github.com;stoub@microsoft.com
XmlSchemaValidator.cs;MODIFY;2523.0;-2.0;Decreased;True;2022-06-17 12:11:32+00:00;False;567;90;14486;3fdee968742f3de26001efc011f3886479e836bc;61;noreply@github.com;stoub@microsoft.com
XmlSchemaValidator.cs;MODIFY;2523.0;0.0;Equal;True;2022-06-20 09:47:48+00:00;False;567;90;14476;de170cc1c18b4a451b1fbc06f7779a8090784edb;72;noreply@github.com;stoub@microsoft.com
XmlSchemaValidator.cs;MODIFY;2505.0;-18.0;Decreased;True;2022-06-28 18:47:36+00:00;False;566;90;14431;e55c908229e36f99a52745d4ee85316a0e8bb6a2;641;noreply@github.com;stoub@microsoft.com
XmlSchemaValidator.cs;MODIFY;2493.0;-12.0;Decreased;True;2022-07-08 21:55:09+00:00;False;566;90;14403;983c8f239a98812498d874ed36b7001bd764fdfe;360;noreply@github.com;stoub@microsoft.com
XmlSchemaValidator.cs;MODIFY;2493.0;0.0;Equal;True;2023-05-09 22:15:38+00:00;False;565;90;14400;c0bb81807a3f4aeecfc63da31a32cc963ff0532c;150;noreply@github.com;stoub@microsoft.com
XmlSchemaValidator.cs;MODIFY;2493.0;0.0;Equal;True;2023-05-31 21:01:01+00:00;False;565;90;14394;5e67657e20665c32c2bd5c4ac1c8b1af78c9677e;48;noreply@github.com;bunamnan@microsoft.com
XmlSchemaValidator.cs;MODIFY;2493.0;0.0;Equal;True;2023-11-15 07:58:11+00:00;False;565;90;14394;961257bf1b28c1cc3c111a84644f029481f958f0;1486;noreply@github.com;alex.koeplinger@outlook.com
XmlSchemaValidator.cs;MODIFY;2503.0;10.0;Grew;True;2024-11-13 00:52:05+00:00;False;565;90;14440;756f7ebbbdcc0b8cb8b383ef3b6e6b50430f1922;78;noreply@github.com;sbomer@gmail.com
