file_name;change_type;n_loc;lines_balance;size_change;is_large;date;swapped_classification;complexity;methods;tokens;hash;files_on_commit;committer_email;author_email
XmlSerializerTests.cs;RENAME;not calculated;0.0;Equal;False;2016-07-28 20:16:52+00:00;False;not calculated;0;not calculated;3ada3b4cea3bcff3a9f4240009d4428cab26fd05;2730;kwicher@microsoft.com;kwicher@microsoft.com
XmlSerializerTests.cs;MODIFY;1732.0;0.0;Grew;False;2016-09-06 16:58:57+00:00;False;111;103;11936;4046558b8fcfe4044df323712de0fcbd1d37f97e;2;noreply@github.com;huanwu@microsoft.com
XmlSerializerTests.cs;MODIFY;1732.0;0.0;Grew;False;2016-09-19 17:43:19+00:00;False;111;103;11936;45a90d476e5edb52e403fa42001f2044e97f15f5;22;noreply@github.com;sekho@microsoft.com
XmlSerializerTests.cs;MODIFY;1859.0;127.0;Grew;True;2016-09-19 20:03:30+00:00;True;126;108;12804;2727c9e7cfe0d56d7ebbdb65f0ab0d35e293ce9a;2;noreply@github.com;huanwu@microsoft.com
XmlSerializerTests.cs;MODIFY;2227.0;368.0;Decreased;True;2016-10-26 22:00:58+00:00;False;152;134;15767;81e93c452c7cdbb21b1b68727322227a588fc10f;21;ghiondea.alexandru@microsoft.com;ghiondea.alexandru@microsoft.com
XmlSerializerTests.cs;MODIFY;2266.0;39.0;Grew;True;2016-10-27 16:57:13+00:00;False;155;137;16037;3ccb8a5cc8b95cd76b68bb10dbfb91f3b8d2d863;6;noreply@github.com;huanwu@microsoft.com
XmlSerializerTests.cs;MODIFY;2329.0;63.0;Grew;True;2016-11-16 18:56:42+00:00;False;162;144;16471;464ab8dce5890ccb89d7148e11704afe2f0a7ade;4;noreply@github.com;huanwu@microsoft.com
XmlSerializerTests.cs;MODIFY;2346.0;17.0;Grew;True;2016-11-18 01:15:27+00:00;False;163;145;16602;2d4836d621bf7ae3d75aeb0d5361cee13d9989e8;1;huanwu@microsoft.com;huanwu@microsoft.com
XmlSerializerTests.cs;MODIFY;2357.0;11.0;Grew;True;2016-12-09 22:28:43+00:00;False;164;146;16680;dff71613dce607aad2259d389fad6442b1191a2b;6;noreply@github.com;shmao@microsoft.com
XmlSerializerTests.cs;MODIFY;2366.0;9.0;Grew;True;2016-12-13 18:27:01+00:00;False;165;147;16748;b0cc3d5184407d2dfbfcff7ff8ead7263fa82578;2;noreply@github.com;huanwu@microsoft.com
XmlSerializerTests.cs;MODIFY;2365.0;-1.0;Decreased;True;2016-12-22 19:05:47+00:00;False;165;147;16742;6c91fec4876eb933dff1246cb2716dc0145c981b;2;noreply@github.com;shmao@microsoft.com
XmlSerializerTests.cs;MODIFY;2364.0;-1.0;Decreased;True;2017-01-10 22:16:03+00:00;False;165;147;16736;a241baac8f6b57603714bc7572238c628c79d6be;2;noreply@github.com;shmao@microsoft.com
XmlSerializerTests.cs;MODIFY;2503.0;139.0;Grew;True;2017-01-12 17:58:56+00:00;False;171;153;17689;25663270f9b2fb644c607b4a2a6925111e1fffb4;2;noreply@github.com;shmao@microsoft.com
XmlSerializerTests.cs;MODIFY;2498.0;-5.0;Decreased;True;2017-01-21 01:44:22+00:00;False;171;153;17684;c5089d67a401ed7e3602bfa0168c6cbd2d929630;9;noreply@github.com;shmao@microsoft.com
XmlSerializerTests.cs;MODIFY;2667.0;169.0;Grew;True;2017-02-09 18:10:41+00:00;False;178;160;18944;25bdea53e3583a7617efafc19f80a2ed628d8935;2;noreply@github.com;huanwu@microsoft.com
XmlSerializerTests.cs;MODIFY;2683.0;16.0;Grew;True;2017-02-27 22:49:43+00:00;False;180;160;19100;56ab8b317306ddc1865c40e2e38036a0a8b4a185;3;noreply@github.com;shmao@microsoft.com
XmlSerializerTests.cs;MODIFY;2683.0;0.0;Equal;True;2017-02-28 22:32:22+00:00;False;180;160;19104;a483b198c2fc465c06ea2fba07adcbe069f15a3c;4;noreply@github.com;shmao@microsoft.com
XmlSerializerTests.cs;MODIFY;2683.0;0.0;Equal;True;2017-03-08 06:10:33+00:00;False;180;160;19104;d8b41f8f9eec266bdcdbc5353942d06ec06f8281;16;danmose@microsoft.com;v-lijiay@microsoft.com
XmlSerializerTests.cs;MODIFY;2682.0;-1.0;Decreased;True;2017-03-10 05:08:39+00:00;False;180;160;19097;9d47195e42710297733d7715eb33dab3587e9b5b;146;noreply@github.com;danmose@microsoft.com
XmlSerializerTests.cs;MODIFY;2738.0;56.0;Grew;True;2017-03-13 23:35:31+00:00;False;184;163;19577;2b106bea955ed50d99858323326f59a5586c49f0;2;shmao@microsoft.com;shmao@microsoft.com
XmlSerializerTests.cs;MODIFY;2747.0;9.0;Grew;True;2017-03-14 20:51:15+00:00;False;185;164;19627;ad10df4ac50d0259c45494e3b16a3de3dc31b28d;2;shmao@microsoft.com;shmao@microsoft.com
XmlSerializerTests.cs;MODIFY;2748.0;1.0;Grew;True;2017-03-22 19:34:25+00:00;False;185;164;19640;b6abd93f579d640a0827afb2eb037ba86023a15a;6;shmao@microsoft.com;shmao@microsoft.com
XmlSerializerTests.cs;MODIFY;2748.0;0.0;Equal;True;2017-04-01 07:22:56+00:00;False;185;164;19640;3f2c99f9752278fd28f4f80abbc32eed287a9947;1;v-stoli@microsoft.com;v-stoli@microsoft.com
XmlSerializerTests.cs;MODIFY;2747.0;-1.0;Decreased;True;2017-04-07 04:07:14+00:00;False;185;164;19634;5a4628b604518f954613532e2353106e63072beb;1;noreply@github.com;v-stoli@microsoft.com
XmlSerializerTests.cs;MODIFY;2750.0;3.0;Grew;True;2017-04-10 21:38:51+00:00;False;186;164;19643;31b625342aab08cd00f785d6502f7072145390b3;7;noreply@github.com;safern@microsoft.com
XmlSerializerTests.cs;MODIFY;2916.0;166.0;Grew;True;2017-04-11 16:31:39+00:00;False;195;170;20903;b6155ab65bf34316d9db8d89299571c5a8e1bb68;2;shmao@microsoft.com;v-carwan@microsoft.com
XmlSerializerTests.cs;MODIFY;2916.0;0.0;Equal;True;2017-04-13 17:22:23+00:00;False;195;170;20903;6847c60c6eb400c8344982cad5893ca0b48377c3;2;shmao@microsoft.com;v-carwan@microsoft.com
XmlSerializerTests.cs;MODIFY;3034.0;118.0;Grew;True;2017-04-19 05:52:01+00:00;False;199;171;21771;b6aa3b1b76a841b679ecb9dd3ca8df15d733937f;2;shmao@microsoft.com;v-carwan@microsoft.com
XmlSerializerTests.cs;MODIFY;3811.0;777.0;Grew;True;2017-04-20 01:51:31+00:00;False;256;217;27694;813b31cc8c191ef690980c0b40fddf8d8d8746cd;5;noreply@github.com;shmao@microsoft.com
XmlSerializerTests.cs;MODIFY;3810.0;-1.0;Decreased;True;2017-04-20 20:44:20+00:00;False;256;217;27688;1e5671e5bce3261cd3d47647d5efaff23b8f207b;3;shmao@microsoft.com;shmao@microsoft.com
XmlSerializerTests.cs;MODIFY;3827.0;17.0;Grew;True;2017-04-21 06:31:40+00:00;False;257;218;27865;efd932055cd64c02abdf903b139c827363b0dd17;2;shmao@microsoft.com;v-carwan@microsoft.com
XmlSerializerTests.cs;MODIFY;3838.0;11.0;Grew;True;2017-04-25 00:25:54+00:00;False;258;219;27945;bdceb4d882bd24b223f686c3a06c58e327c79fef;4;noreply@github.com;huanwu@microsoft.com
XmlSerializerTests.cs;MODIFY;3866.0;28.0;Grew;True;2017-04-26 05:46:19+00:00;False;258;219;28229;b452f92058ae9e2deb602bf39a0b66e4046c6e90;1;noreply@github.com;safern@microsoft.com
XmlSerializerTests.cs;MODIFY;3869.0;3.0;Grew;True;2017-04-28 21:54:36+00:00;False;260;219;28244;6d0b929fd4e78bca3ab993f35f7d3c3be45dab2d;1;noreply@github.com;shmao@microsoft.com
XmlSerializerTests.cs;MODIFY;3878.0;9.0;Grew;True;2017-05-05 20:46:01+00:00;False;266;219;28289;da16294e05779e22cb98a58be25b1bee6f037b1a;2;shmao@microsoft.com;huanwu@microsoft.com
XmlSerializerTests.cs;MODIFY;3946.0;68.0;Grew;True;2017-05-06 00:37:55+00:00;False;269;222;28938;e6529b80f72b4ed9ab06bc5df19a72762b44ac55;4;noreply@github.com;shmao@microsoft.com
XmlSerializerTests.cs;MODIFY;3938.0;-8.0;Decreased;True;2017-05-09 23:46:18+00:00;False;262;222;28927;1b9274a3d4e5ff1fdd2b014e70eef3f341c81728;1;noreply@github.com;safern@microsoft.com
XmlSerializerTests.cs;MODIFY;3938.0;0.0;Grew;True;2017-05-18 18:49:12+00:00;False;262;222;28931;e31aec50acac012c27d58f533f7e3ef46c8210fa;17;noreply@github.com;shmao@microsoft.com
XmlSerializerTests.cs;MODIFY;3936.0;-2.0;Decreased;True;2017-05-22 18:41:15+00:00;False;262;222;28919;1680765c6a1d56e251fefd034a926be27aced017;2;noreply@github.com;shmao@microsoft.com
XmlSerializerTests.cs;MODIFY;3986.0;50.0;Grew;True;2017-06-01 05:26:36+00:00;False;265;225;29400;d6fb7b5bf9b83dfd5eafa961103872237c8fd3a4;4;shmao@microsoft.com;v-stoli@microsoft.com
XmlSerializerTests.cs;MODIFY;3987.0;1.0;Grew;True;2017-06-02 21:01:46+00:00;False;265;225;29410;7ae9867cfa256225b9e591e507cbe67de331b208;1;shmao@microsoft.com;shmao@microsoft.com
XmlSerializerTests.cs;MODIFY;3987.0;0.0;Equal;True;2017-06-08 01:13:40+00:00;False;265;225;29410;49d745763080ca2251503497a5f7a3324c4553ab;23;danmose@microsoft.com;mordotymoja@gmail.com
XmlSerializerTests.cs;MODIFY;3986.0;-1.0;Decreased;True;2017-06-15 02:45:36+00:00;False;265;225;29400;a2df5b6bc5490aa749e8eb0726a4f571994f00da;3;stoub@microsoft.com;shmao@microsoft.com
XmlSerializerTests.cs;MODIFY;3986.0;0.0;Equal;True;2017-06-23 19:33:47+00:00;False;265;225;29406;7cbcd5ed8563d0c61bf64b67628b93c4695e1bec;472;danmose@microsoft.com;hughbellars@gmail.com
XmlSerializerTests.cs;MODIFY;3986.0;0.0;Equal;True;2017-06-23 19:54:00+00:00;False;265;225;29400;bb03e8b8506f2bb6844e434a702901de1bc44ad6;21;mordotymoja@gmail.com;mordotymoja@gmail.com
XmlSerializerTests.cs;MODIFY;3986.0;0.0;Equal;True;2017-06-26 22:32:59+00:00;False;265;225;29400;d8e34481b4ec2419699dc4b0a4b4b02c6ffeb420;17;mordotymoja@gmail.com;mordotymoja@gmail.com
XmlSerializerTests.cs;MODIFY;3986.0;0.0;Equal;True;2017-06-26 22:52:51+00:00;False;265;225;29400;e8c8b0c50a45e7baa49901c984f9ff6d9aa3a0b0;2;mordotymoja@gmail.com;mordotymoja@gmail.com
XmlSerializerTests.cs;MODIFY;3998.0;12.0;Grew;True;2017-06-30 17:51:42+00:00;False;266;226;29537;2c12eb0c7e2bea07abcc596869e93f3a80f4f890;2;noreply@github.com;huanwu@microsoft.com
XmlSerializerTests.cs;MODIFY;4022.0;24.0;Grew;True;2017-07-07 22:24:35+00:00;False;267;227;29868;f196b2a3fa1c68ff8adb875180e498c1b277c59e;5;noreply@github.com;huanwu@microsoft.com
XmlSerializerTests.cs;MODIFY;4022.0;0.0;Decreased;True;2017-07-08 03:26:06+00:00;False;267;227;29868;941343bc275472f4319b9ae4bbd884e9177c985a;1;stoub@microsoft.com;huanwu@microsoft.com
XmlSerializerTests.cs;MODIFY;4038.0;16.0;Grew;True;2017-07-11 23:03:58+00:00;False;268;228;29994;ccd34d5ad635ebb06a4ea6718a4ad5b9540d8ea0;1;remcoros@live.nl;remcoros@live.nl
XmlSerializerTests.cs;MODIFY;4089.0;51.0;Grew;True;2017-07-12 17:33:46+00:00;False;273;232;30387;5140903df2c4b97edf26f7f1d7c1dcd06827aecf;7;shmao@microsoft.com;v-wjiang@microsoft.com
XmlSerializerTests.cs;MODIFY;4047.0;-42.0;Grew;True;2017-07-12 19:00:12+00:00;False;269;229;30055;e6a42c5833ef7a2d5c6324b477774b1dec0df865;1;remcoros@live.nl;remcoros@live.nl
XmlSerializerTests.cs;MODIFY;4114.0;67.0;Decreased;True;2017-07-14 00:29:57+00:00;False;274;234;30567;8e7123b75dcbfa52c2412ba2cb6dd563a486999a;1;noreply@github.com;shmao@microsoft.com
XmlSerializerTests.cs;MODIFY;1577.0;-2537.0;Decreased;False;2017-08-15 21:04:00+00:00;True;118;86;11470;700f7e79d59b6437a3d384dab99f5a1111ef931b;23;noreply@github.com;huanwu@microsoft.com
XmlSerializerTests.cs;MODIFY;1583.0;6.0;Grew;False;2017-08-18 23:45:01+00:00;False;119;86;11528;8aad43bd38f47d4471bafa7e2ef1e7c1d9be7970;3;noreply@github.com;huanwu@microsoft.com
XmlSerializerTests.cs;MODIFY;1598.0;15.0;Grew;False;2017-08-19 00:32:08+00:00;False;120;87;11580;71068e313d65e8f63e9c008135ea6888721daef8;5;noreply@github.com;huanwu@microsoft.com
XmlSerializerTests.cs;MODIFY;1592.0;-6.0;Decreased;False;2017-09-12 16:05:29+00:00;False;119;87;11522;f83bf14b490f1ff7e1b27de68cb27aeca7730fd4;1;ericstj@microsoft.com;ericstj@microsoft.com
XmlSerializerTests.cs;MODIFY;1600.0;8.0;Grew;False;2018-01-08 19:47:43+00:00;False;120;88;11573;1ad5e1327fca017b7cffc7d96538f31287abc398;53;noreply@github.com;shmao@microsoft.com
XmlSerializerTests.cs;MODIFY;1600.0;0.0;Equal;False;2018-02-12 00:18:31+00:00;False;120;88;11573;d0c7e4689b50344320233fc5522a05e07166ed9c;1;stoub@microsoft.com;github.john.doe@outlook.com
XmlSerializerTests.cs;MODIFY;1682.0;82.0;Grew;False;2018-03-26 23:40:25+00:00;False;126;94;11995;bb28591c1a9de9e175d23f0ee3a6f5cd925737e4;3;noreply@github.com;14067510+yujayee@users.noreply.github.com
XmlSerializerTests.cs;MODIFY;1681.0;-1.0;Equal;False;2018-06-26 05:42:04+00:00;False;126;94;11994;4c9eb2ec25a0ede01a9994f70ede1cbad0e32f3d;592;jkotas@microsoft.com;stoub@microsoft.com
XmlSerializerTests.cs;MODIFY;1711.0;30.0;Grew;False;2018-08-28 17:46:09+00:00;False;128;96;12152;08453608ade3a709e59a09fe28f2e5d276bb2d43;5;noreply@github.com;14067510+yujayee@users.noreply.github.com
XmlSerializerTests.cs;MODIFY;1726.0;15.0;Grew;False;2018-09-27 18:05:17+00:00;False;129;97;12296;ee073fb1dd205a9aa01349e3a23448d8b31f076d;3;noreply@github.com;huanwu@microsoft.com
XmlSerializerTests.cs;MODIFY;1726.0;0.0;Equal;False;2019-03-29 21:40:05+00:00;False;129;97;12297;1de0f651e4a1c55f55ea8f2de14b9cc81bbc97ef;95;noreply@github.com;stoub@microsoft.com
XmlSerializerTests.cs;MODIFY;1790.0;64.0;Grew;True;2019-05-17 00:20:22+00:00;True;130;98;12554;ffa995524f11d3be93eb8a2b2a7755a56d8391df;3;noreply@github.com;14067510+yujayee@users.noreply.github.com
XmlSerializerTests.cs;MODIFY;1784.0;-6.0;Decreased;True;2019-05-30 14:18:41+00:00;False;129;98;12497;b661c58b1c7840aec2b4c7d1490f42efd722b340;926;viktor.hofer@microsoft.com;viktor.hofer@microsoft.com
XmlSerializerTests.cs;MODIFY;1796.0;12.0;Grew;True;2019-06-05 13:16:54+00:00;False;130;99;12561;6dc6866bf6a5c38c7c7645caeb020b4046e81349;2;stoub@microsoft.com;v-carwan@microsoft.com
XmlSerializerTests.cs;MODIFY;1797.0;1.0;Grew;True;2019-07-05 20:50:57+00:00;False;130;99;12564;ef7a0e676ae9158e2ada538bed65eb6982c3e89b;278;noreply@github.com;viktor.hofer@microsoft.com
XmlSerializerTests.cs;MODIFY;1797.0;0.0;Equal;True;2019-07-23 21:05:15+00:00;False;130;99;12560;cd3ca6f991c60b3415fb803b1dc6a47f61be1a69;125;noreply@github.com;stoub@microsoft.com
XmlSerializerTests.cs;MODIFY;1796.0;-1.0;Decreased;True;2019-07-26 13:58:06+00:00;False;130;99;12553;6820071ac0c74f43d7d3f575f89eea2c0d921307;19;stoub@microsoft.com;zoey.c.mccullough@gmail.com
XmlSerializerTests.cs;MODIFY;1796.0;0.0;Equal;True;2019-07-28 22:47:52+00:00;False;130;99;12553;9be9c570be8b057d019aca99dc2acc87dda466df;189;danmose@microsoft.com;ganbarukamo@gmail.com
XmlSerializerTests.cs;MODIFY;1796.0;0.0;Equal;True;2019-07-29 19:11:19+00:00;False;130;99;12553;573ecf1d614388d9841e0ebe204bcf968484c3ee;12;noreply@github.com;stoub@microsoft.com
XmlSerializerTests.cs;MODIFY;1796.0;0.0;Equal;True;2019-08-08 01:07:58+00:00;False;130;99;12553;60d1224ddd68d8ac0320f439bb60ac1f0e9cdb27;4187;noreply@github.com;stoub@microsoft.com
XmlSerializerTests.cs;MODIFY;1794.0;-2.0;Decreased;True;2019-08-15 12:17:46+00:00;False;130;99;12558;cae3309c0a29ec3cd385e87d0fc3c5857580de19;106;noreply@github.com;stoub@microsoft.com
XmlSerializerTests.cs;MODIFY;1794.0;0.0;Equal;True;2020-01-16 04:21:36+00:00;False;130;99;12558;04f22268efb4434b7cd81e8ae2c3354be99fd4a7;257;noreply@github.com;stoub@microsoft.com
XmlSerializerTests.cs;MODIFY;1780.0;-14.0;Decreased;True;2020-01-23 22:05:05+00:00;False;129;98;12477;9999d4b86e0c7b0e7fbc04c24bad346397ef17ff;65;noreply@github.com;stoub@microsoft.com
XmlSerializerTests.cs;MODIFY;1780.0;0.0;Decreased;True;2020-07-08 13:23:11+00:00;False;129;98;12477;6072e4d3a7a2a1493f514cdf4be75a3d56580e84;33043;noreply@github.com;stoub@microsoft.com
XmlSerializerTests.cs;MODIFY;1777.0;-3.0;Decreased;True;2020-09-17 12:28:25+00:00;False;129;98;12459;4c55c6471f69cfd0998a3b8632673896b670d1e5;36;noreply@github.com;mattkot@microsoft.com
XmlSerializerTests.cs;MODIFY;1809.0;32.0;Grew;True;2021-07-13 07:18:55+00:00;False;130;99;12699;1749deb1cb51412c8f19a0246ac4d9d17c2b1a6b;3;noreply@github.com;smolloy@microsoft.com
XmlSerializerTests.cs;MODIFY;1818.0;9.0;Grew;True;2021-07-15 01:01:07+00:00;False;131;100;12752;ab219299db07b76fc06482bf3a2bfbd7c5f75e63;3;noreply@github.com;smolloy@microsoft.com
XmlSerializerTests.cs;MODIFY;1888.0;70.0;Grew;True;2021-07-15 20:37:37+00:00;False;135;104;13229;19b1b486258d5f3ff498919670b8e68f700b2819;12;noreply@github.com;smolloy@microsoft.com
XmlSerializerTests.cs;MODIFY;1899.0;11.0;Grew;True;2021-08-17 18:11:38+00:00;False;136;105;13304;078af6bd13d1c9e368b9468f2b005d4e49616649;8;noreply@github.com;smolloy@microsoft.com
XmlSerializerTests.cs;MODIFY;1899.0;0.0;Equal;True;2021-11-02 11:43:15+00:00;False;136;105;13317;8c6aeea1d8e17fd692df0f509d415d9ad79d83bc;101;noreply@github.com;steveisok@users.noreply.github.com
XmlSerializerTests.cs;MODIFY;1927.0;28.0;Grew;True;2021-11-05 21:27:50+00:00;False;140;107;13575;d2415c443654dc70b281e0f29fcd972cbd49816c;12;noreply@github.com;smolloy@microsoft.com
XmlSerializerTests.cs;MODIFY;1927.0;0.0;Equal;True;2022-07-17 05:11:11+00:00;False;140;107;13575;3ea30ed321949d238bf97534a2a8cbabf580f238;896;noreply@github.com;3840695+am11@users.noreply.github.com
XmlSerializerTests.cs;MODIFY;1927.0;0.0;Equal;True;2022-07-24 03:24:28+00:00;False;140;107;13575;9d6396deb02161f5ee47af72ccac52c2e1bae458;1292;noreply@github.com;3840695+am11@users.noreply.github.com
XmlSerializerTests.cs;MODIFY;1932.0;5.0;Grew;True;2022-08-08 10:16:49+00:00;False;141;108;13606;be33bc7730216d4c37f578904bb66447ceb0096c;11;noreply@github.com;kwicher@microsoft.com
XmlSerializerTests.cs;MODIFY;2039.0;107.0;Grew;True;2022-08-13 07:17:00+00:00;False;159;114;14745;d3a803c872626309dd916e224c9c66d420d8039b;4;noreply@github.com;smolloy@microsoft.com
XmlSerializerTests.cs;MODIFY;2059.0;20.0;Grew;True;2022-08-13 07:25:35+00:00;False;160;115;14920;625fb02cb44590bb2d01beda8ab3ca36116f2950;2;noreply@github.com;smolloy@microsoft.com
XmlSerializerTests.cs;MODIFY;2094.0;35.0;Grew;True;2022-08-15 19:35:17+00:00;False;163;118;15224;042f25f1db8fb5f884ef2e1534bcce8d62cb7fb1;4;noreply@github.com;hongli@microsoft.com
XmlSerializerTests.cs;MODIFY;2096.0;2.0;Grew;True;2022-08-19 17:36:51+00:00;False;163;118;15244;c47712f616d4042aa21f3ea7ab072cdb63aa503a;5;noreply@github.com;simon@rozsival.com
XmlSerializerTests.cs;MODIFY;2096.0;0.0;Equal;True;2022-09-14 09:08:24+00:00;False;163;118;15248;8de1809155ea6c32494d5c5816455c7f332ea147;464;noreply@github.com;stoub@microsoft.com
XmlSerializerTests.cs;MODIFY;2093.0;-3.0;Decreased;True;2022-09-24 13:05:07+00:00;False;162;118;15239;e823a080eacdd35505e5d019d0a9e4c5cf395af3;22;noreply@github.com;jkotas@microsoft.com
XmlSerializerTests.cs;MODIFY;2093.0;0.0;Equal;True;2022-11-29 16:51:41+00:00;False;162;118;15231;7cf16f4d9337865a110a2cbea3985d033bf36cea;29;noreply@github.com;stoub@microsoft.com
XmlSerializerTests.cs;MODIFY;2093.0;0.0;Equal;True;2023-10-18 02:04:44+00:00;False;162;118;15229;bf547c68ee27ba318cdefcb17702efeab4bd48dd;296;noreply@github.com;42748379+dotnet-maestro[bot]@users.noreply.github.com
XmlSerializerTests.cs;MODIFY;2094.0;1.0;Grew;True;2024-01-11 22:37:40+00:00;False;162;118;15247;e458d68a3879d968faa1da9de38876e23935c166;6;noreply@github.com;ivdiazsa@microsoft.com
XmlSerializerTests.cs;MODIFY;2095.0;1.0;Grew;True;2024-08-14 00:50:23+00:00;False;162;118;15285;605ff6f6485101d4bd1eabb9ab97af345eee67a1;12;noreply@github.com;ericstj@microsoft.com
XmlSerializerTests.cs;MODIFY;2080.0;-15.0;Grew;True;2024-08-22 22:32:55+00:00;False;164;119;15471;3d8b9ddd3b641216333eb0bf05262ee955ec498f;13;noreply@github.com;smolloy@microsoft.com
