file_name;change_type;n_loc;lines_balance;size_change;is_large;date;swapped_classification;complexity;methods;tokens;hash;files_on_commit;committer_email;author_email
FakeFileSystem.kt;RENAME;282;0.0;Equal;False;2021-01-04 19:02:59+00:00;False;53;25;1560;2ec05f19d8719243a7061e481c381fbc47e4d314;36;jwilson@squareup.com;jwilson@squareup.com
FakeFileSystem.kt;MODIFY;282;0.0;Equal;False;2021-01-09 20:09:22+00:00;False;59;28;1632;14542ac58d2a89f26ed137fa7078e2272b4aa5f2;3;jwilson@squareup.com;jwilson@squareup.com
FakeFileSystem.kt;MODIFY;312;30.0;Grew;False;2021-01-12 17:19:05+00:00;False;64;28;1795;7a5d313702df8aedfa44d00e224439096681ca02;5;jwilson@squareup.com;jwilson@squareup.com
FakeFileSystem.kt;MODIFY;341;29.0;Grew;False;2021-02-21 19:04:55+00:00;False;68;31;1926;56ff56bfc57cf4fc53d11284d23eeece650e55b6;4;jwilson@squareup.com;jwilson@squareup.com
FakeFileSystem.kt;MODIFY;341;0.0;Equal;False;2021-03-07 01:53:54+00:00;False;68;31;1926;f04142107c9bd5e4a43c1fd1ebd1e2db06c73974;2;noreply@github.com;jesse@swank.ca
FakeFileSystem.kt;MODIFY;346;5.0;Grew;False;2021-03-07 21:33:30+00:00;False;70;31;1957;572b15230caf1b51d1ef3f4a5a82257abecdb035;3;noreply@github.com;jesse@swank.ca
FakeFileSystem.kt;MODIFY;350;4.0;Grew;False;2021-04-07 13:06:02+00:00;False;71;32;1978;4ab922e224640fc1529ec300e840444f88b24408;10;noreply@github.com;jesse@swank.ca
FakeFileSystem.kt;MODIFY;367;17.0;Grew;False;2021-04-28 13:07:34+00:00;False;75;29;2197;d659b3041eda229da76a95b145bfa6c635188056;26;noreply@github.com;jesse@swank.ca
FakeFileSystem.kt;MODIFY;370;3.0;Grew;False;2021-05-02 16:19:13+00:00;False;76;31;2195;465c07e7e98b091d39600a6720d8bf3c1121da34;15;noreply@github.com;jesse@swank.ca
FakeFileSystem.kt;MODIFY;370;0.0;Equal;False;2021-07-19 18:32:21+00:00;False;76;31;2195;f0e4109ce5e940bdef41c1cd046961a6776197ca;7;noreply@github.com;jesse@swank.ca
FakeFileSystem.kt;MODIFY;470;100.0;Grew;False;2021-10-09 23:27:11+00:00;False;89;33;2680;03ddec6d1e646dffb671314fb4d6b44a1290f064;23;noreply@github.com;jesse@swank.ca
FakeFileSystem.kt;MODIFY;474;4.0;Grew;False;2021-10-13 13:42:22+00:00;False;89;33;2686;1ba7e4f1f994ffe4cfa787bd12bfa8eb7a083885;9;noreply@github.com;jesse@swank.ca
FakeFileSystem.kt;MODIFY;485;11.0;Grew;False;2021-10-14 18:32:50+00:00;False;94;33;2776;d110754406b2ecfb9ab6d9119798c282ed5aee45;16;bquenaudon@squareup.com;bquenaudon@squareup.com
FakeFileSystem.kt;MODIFY;505;20.0;Grew;True;2021-10-22 01:04:50+00:00;True;94;33;2908;75e38ea7275fa4c8545a5f525bcad8a38d5b5431;4;noreply@github.com;jesse@swank.ca
FakeFileSystem.kt;MODIFY;512;7.0;Grew;True;2021-10-22 01:05:32+00:00;False;96;34;2941;e24397d19e608cc360cb922348952f574a1e47a7;13;noreply@github.com;bquenaudon@squareup.com
FakeFileSystem.kt;MODIFY;507;-5.0;Decreased;True;2021-10-25 14:14:28+00:00;False;96;33;2974;46e0a0268cbe703a2e2978c598169bceb911a96d;7;noreply@github.com;bquenaudon@squareup.com
FakeFileSystem.kt;MODIFY;505;-2.0;Decreased;True;2021-10-25 21:28:38+00:00;False;96;33;2968;5cf6a5b93985050b64f327bbc8e2daefbdaf2979;50;noreply@github.com;jesse@swank.ca
FakeFileSystem.kt;MODIFY;508;3.0;Grew;True;2021-10-26 19:36:24+00:00;False;97;34;3008;a235589cac329973c4799ce9c6474e0b2ddb81e4;14;noreply@github.com;bquenaudon@squareup.com
FakeFileSystem.kt;MODIFY;512;4.0;Grew;True;2021-10-28 15:27:16+00:00;False;99;34;3028;ad1c093b7f9412521bac3b115b6ba0f847ef9670;17;bquenaudon@squareup.com;bquenaudon@squareup.com
FakeFileSystem.kt;MODIFY;512;0.0;Equal;True;2023-01-15 15:34:13+00:00;False;99;34;3028;4621a3161b240f46d5652b5c091114f2dc953482;74;noreply@github.com;jwilson@squareup.com
FakeFileSystem.kt;MODIFY;512;0.0;Equal;True;2023-01-30 19:28:02+00:00;False;99;34;3048;cd31c079e6935f4b8035baa989acff5f0caa6c7f;142;noreply@github.com;jwilson@squareup.com
FakeFileSystem.kt;MODIFY;519;7.0;Grew;True;2023-06-19 08:54:54+00:00;False;99;34;3071;d54f7c94a668f46daa7f4230595634e7c63bd3b9;2;noreply@github.com;jwilson@squareup.com
FakeFileSystem.kt;MODIFY;524;5.0;Grew;True;2024-09-24 14:38:58+00:00;False;100;35;3094;d5a18d97cc122ccf714b474dd94d97f1eb8c3e6a;21;noreply@github.com;jwilson@squareup.com
FakeFileSystem.kt;MODIFY;522;-2.0;Decreased;True;2024-10-04 16:41:47+00:00;False;99;35;3083;9bd84369cafac1cae22a549190dbc89744675aa2;1;noreply@github.com;cupsman1986@gmail.com
