|File Name|Change Type|Local File PATH Old|Local File PATH New|Complexity|Methods|Tokens|Lines Of Code (nloc)|Lines Added|Lines Deleted
0|rt2x00lib.h|RENAME|drivers/net/wireless/rt2x00/rt2x00lib.h|drivers/net/wireless/ralink/rt2x00/rt2x00lib.h|not calculated|0|not calculated|not calculated|0|0
