path|owner|project|file|language|code|comment|blank
./src/_00/output/Python/keras-team~keras/keras/src/ops/numpy_test.py|keras-team|keras|numpy_test.py|Python|7077|170|1425
./src/_00/output/Python/keras-team~keras/keras/src/ops/numpy.py|keras-team|keras|numpy.py|Python|3481|2019|1388
./src/_00/output/Python/keras-team~keras/keras/src/ops/nn_test.py|keras-team|keras|nn_test.py|Python|2679|84|337
./src/_00/output/Python/keras-team~keras/keras/src/trainers/trainer_test.py|keras-team|keras|trainer_test.py|Python|2398|49|328
./src/_00/output/Python/keras-team~keras/keras/src/backend/tensorflow/numpy.py|keras-team|keras|numpy.py|Python|2095|127|436
./src/_00/output/Python/keras-team~keras/keras/src/tree/tree_test.py|keras-team|keras|tree_test.py|Python|1969|138|200
./src/_00/output/Python/keras-team~keras/keras/src/legacy/backend.py|keras-team|keras|backend.py|Python|1649|225|417
./src/_00/output/Python/keras-team~keras/keras/src/losses/losses_test.py|keras-team|keras|losses_test.py|Python|1449|45|271
./src/_00/output/Python/keras-team~keras/keras/src/legacy/preprocessing/image.py|keras-team|keras|image.py|Python|1434|273|185
./src/_00/output/Python/keras-team~keras/keras/src/ops/nn.py|keras-team|keras|nn.py|Python|1263|882|508
./src/_00/output/Python/keras-team~keras/keras/src/backend/torch/numpy.py|keras-team|keras|numpy.py|Python|1260|93|388
./src/_00/output/Python/keras-team~keras/keras/src/metrics/confusion_metrics_test.py|keras-team|keras|confusion_metrics_test.py|Python|1253|171|266
./src/_00/output/Python/keras-team~keras/keras/src/ops/math_test.py|keras-team|keras|math_test.py|Python|1244|61|191
./src/_00/output/Python/keras-team~keras/keras/src/applications/efficientnet_v2.py|keras-team|keras|efficientnet_v2.py|Python|1129|141|90
./src/_00/output/Python/keras-team~keras/keras/src/layers/layer.py|keras-team|keras|layer.py|Python|1119|427|202
./src/_00/output/Python/keras-team~keras/keras/src/ops/image_test.py|keras-team|keras|image_test.py|Python|1115|124|132
./src/_00/output/Python/keras-team~keras/keras/src/models/model_test.py|keras-team|keras|model_test.py|Python|1110|36|118
./src/_00/output/Python/keras-team~keras/keras/src/layers/layer_test.py|keras-team|keras|layer_test.py|Python|1098|62|205
./src/_00/output/Python/keras-team~keras/keras/src/ops/core_test.py|keras-team|keras|core_test.py|Python|1064|60|200
./src/_00/output/Python/keras-team~keras/keras/src/layers/convolutional/conv_test.py|keras-team|keras|conv_test.py|Python|977|12|62
./src/_00/output/Python/keras-team~keras/keras/src/backend/common/variables_test.py|keras-team|keras|variables_test.py|Python|943|119|197
./src/_00/output/Python/keras-team~keras/keras/src/backend/jax/nn.py|keras-team|keras|nn.py|Python|942|63|192
./src/_00/output/Python/keras-team~keras/keras/src/saving/saving_lib.py|keras-team|keras|saving_lib.py|Python|927|96|150
./src/_00/output/Python/keras-team~keras/keras/src/losses/losses.py|keras-team|keras|losses.py|Python|918|1250|431
./src/_00/output/Python/keras-team~keras/keras/src/backend/jax/numpy.py|keras-team|keras|numpy.py|Python|915|29|333
./src/_00/output/Python/keras-team~keras/keras/src/backend/numpy/nn.py|keras-team|keras|nn.py|Python|904|61|193
./src/_00/output/Python/keras-team~keras/keras/src/export/export_lib_test.py|keras-team|keras|export_lib_test.py|Python|880|70|136
./src/_00/output/Python/keras-team~keras/keras/src/backend/numpy/numpy.py|keras-team|keras|numpy.py|Python|875|12|326
./src/_00/output/Python/keras-team~keras/keras/src/backend/torch/nn.py|keras-team|keras|nn.py|Python|844|61|146
./src/_00/output/Python/keras-team~keras/keras/src/saving/saving_lib_test.py|keras-team|keras|saving_lib_test.py|Python|842|79|182
./src/_00/output/Python/keras-team~keras/keras/src/backend/jax/trainer.py|keras-team|keras|trainer.py|Python|839|96|118
./src/_00/output/Python/keras-team~keras/keras/src/layers/core/einsum_dense_test.py|keras-team|keras|einsum_dense_test.py|Python|807|30|70
./src/_00/output/Python/keras-team~keras/keras/src/layers/convolutional/conv_transpose_test.py|keras-team|keras|conv_transpose_test.py|Python|804|32|51
./src/_00/output/Python/keras-team~keras/keras/src/backend/tensorflow/nn.py|keras-team|keras|nn.py|Python|787|120|161
./src/_00/output/Python/keras-team~keras/keras/src/layers/core/einsum_dense.py|keras-team|keras|einsum_dense.py|Python|786|141|81
./src/_00/output/Python/keras-team~keras/keras/src/ops/image.py|keras-team|keras|image.py|Python|759|339|137
./src/_00/output/Python/keras-team~keras/keras/src/backend/openvino/numpy.py|keras-team|keras|numpy.py|Python|758|6|288
./src/_00/output/Python/keras-team~keras/keras/src/backend/tensorflow/trainer.py|keras-team|keras|trainer.py|Python|743|106|127
./src/_00/output/Python/keras-team~keras/keras/src/trainers/compile_utils.py|keras-team|keras|compile_utils.py|Python|717|22|81
./src/_00/output/Python/keras-team~keras/keras/src/layers/preprocessing/index_lookup.py|keras-team|keras|index_lookup.py|Python|712|198|102
./src/_00/output/Python/keras-team~keras/keras/src/metrics/confusion_metrics.py|keras-team|keras|confusion_metrics.py|Python|706|639|231
./src/_00/output/Python/keras-team~keras/keras/src/activations/activations_test.py|keras-team|keras|activations_test.py|Python|701|95|171
./src/_00/output/Python/keras-team~keras/keras/src/optimizers/base_optimizer.py|keras-team|keras|base_optimizer.py|Python|682|261|120
./src/_00/output/Python/keras-team~keras/keras/src/testing/test_case.py|keras-team|keras|test_case.py|Python|641|75|80
./src/_00/output/Python/keras-team~keras/keras/src/backend/tensorflow/rnn.py|keras-team|keras|rnn.py|Python|635|209|127
./src/_00/output/Python/keras-team~keras/keras/src/applications/efficientnet.py|keras-team|keras|efficientnet.py|Python|632|152|72
./src/_00/output/Python/keras-team~keras/keras/src/layers/core/dense_test.py|keras-team|keras|dense_test.py|Python|631|38|94
./src/_00/output/Python/keras-team~keras/keras/src/layers/attention/multi_head_attention_test.py|keras-team|keras|multi_head_attention_test.py|Python|610|29|54
./src/_00/output/Python/keras-team~keras/keras/src/callbacks/tensorboard_test.py|keras-team|keras|tensorboard_test.py|Python|587|118|79
./src/_00/output/Python/keras-team~keras/keras/src/saving/file_editor.py|keras-team|keras|file_editor.py|Python|582|124|111
./src/_00/output/Python/keras-team~keras/keras/src/models/functional.py|keras-team|keras|functional.py|Python|581|180|117
./src/_00/output/Python/keras-team~keras/keras/src/models/functional_test.py|keras-team|keras|functional_test.py|Python|578|51|87
./src/_00/output/Python/keras-team~keras/keras/src/utils/jax_layer_test.py|keras-team|keras|jax_layer_test.py|Python|576|9|98
./src/_00/output/Python/keras-team~keras/keras/src/layers/preprocessing/feature_space_test.py|keras-team|keras|feature_space_test.py|Python|566|32|42
./src/_00/output/Python/keras-team~keras/keras/src/applications/nasnet.py|keras-team|keras|nasnet.py|Python|565|212|93
./src/_00/output/Python/keras-team~keras/keras/src/utils/file_utils_test.py|keras-team|keras|file_utils_test.py|Python|561|45|138
./src/_00/output/Python/keras-team~keras/keras/src/saving/serialization_lib.py|keras-team|keras|serialization_lib.py|Python|553|155|100
./src/_00/output/Python/keras-team~keras/keras/src/layers/preprocessing/index_lookup_test.py|keras-team|keras|index_lookup_test.py|Python|546|30|42
./src/_00/output/Python/keras-team~keras/keras/src/ops/math.py|keras-team|keras|math.py|Python|528|324|194
./src/_00/output/Python/keras-team~keras/keras/src/backend/tensorflow/core.py|keras-team|keras|core.py|Python|522|32|116
./src/_00/output/Python/keras-team~keras/keras/src/backend/torch/core.py|keras-team|keras|core.py|Python|522|73|117
./src/_00/output/Python/keras-team~keras/keras/src/dtype_policies/dtype_policy_test.py|keras-team|keras|dtype_policy_test.py|Python|521|66|106
./src/_00/output/Python/keras-team~keras/keras/src/layers/attention/multi_head_attention.py|keras-team|keras|multi_head_attention.py|Python|517|220|90
./src/_00/output/Python/keras-team~keras/keras/src/layers/preprocessing/feature_space.py|keras-team|keras|feature_space.py|Python|515|192|108
./src/_00/output/Python/keras-team~keras/keras/src/trainers/compile_utils_test.py|keras-team|keras|compile_utils_test.py|Python|511|27|33
./src/_00/output/Python/keras-team~keras/keras/src/backend/openvino/core.py|keras-team|keras|core.py|Python|502|16|96
./src/_00/output/Python/keras-team~keras/keras/src/callbacks/model_checkpoint_test.py|keras-team|keras|model_checkpoint_test.py|Python|496|25|31
./src/_00/output/Python/keras-team~keras/keras/src/ops/linalg_test.py|keras-team|keras|linalg_test.py|Python|495|12|104
./src/_00/output/Python/keras-team~keras/keras/src/layers/rnn/conv_lstm.py|keras-team|keras|conv_lstm.py|Python|493|142|61
./src/_00/output/Python/keras-team~keras/keras/src/applications/convnext.py|keras-team|keras|convnext.py|Python|492|176|96
./src/_00/output/Python/keras-team~keras/keras/src/utils/dataset_utils.py|keras-team|keras|dataset_utils.py|Python|489|179|95
./src/_00/output/Python/keras-team~keras/keras/src/applications/mobilenet_v3.py|keras-team|keras|mobilenet_v3.py|Python|488|129|69
./src/_00/output/Python/keras-team~keras/keras/src/utils/image_dataset_utils_test.py|keras-team|keras|image_dataset_utils_test.py|Python|473|12|48
./src/_00/output/Python/keras-team~keras/keras/src/backend/jax/image.py|keras-team|keras|image.py|Python|472|10|42
./src/_00/output/Python/keras-team~keras/keras/src/trainers/trainer.py|keras-team|keras|trainer.py|Python|467|581|99
./src/_00/output/Python/keras-team~keras/integration_tests/model_visualization_test.py|keras-team|keras|model_visualization_test.py|Python|464|0|70
./src/_00/output/Python/keras-team~keras/keras/src/backend/tensorflow/sparse.py|keras-team|keras|sparse.py|Python|464|230|88
./src/_00/output/Python/keras-team~keras/keras/src/layers/rnn/gru.py|keras-team|keras|gru.py|Python|453|191|67
./src/_00/output/Python/keras-team~keras/keras/src/layers/rnn/lstm.py|keras-team|keras|lstm.py|Python|453|181|59
./src/_00/output/Python/keras-team~keras/keras/src/backend/torch/image.py|keras-team|keras|image.py|Python|446|12|62
./src/_00/output/Python/keras-team~keras/keras/src/backend/tensorflow/image.py|keras-team|keras|image.py|Python|442|6|45
./src/_00/output/Python/keras-team~keras/keras/src/backend/numpy/image.py|keras-team|keras|image.py|Python|438|15|41
./src/_00/output/Python/keras-team~keras/keras/src/layers/core/dense.py|keras-team|keras|dense.py|Python|436|81|38
./src/_00/output/Python/keras-team~keras/keras/src/layers/convolutional/depthwise_conv_test.py|keras-team|keras|depthwise_conv_test.py|Python|434|4|31
./src/_00/output/Python/keras-team~keras/keras/src/backend/common/variables.py|keras-team|keras|variables.py|Python|429|98|113
./src/_00/output/Python/keras-team~keras/keras/src/metrics/accuracy_metrics_test.py|keras-team|keras|accuracy_metrics_test.py|Python|429|27|59
./src/_00/output/Python/keras-team~keras/guides/training_with_built_in_methods.py|keras-team|keras|training_with_built_in_methods.py|Python|422|534|285
./src/_00/output/Python/keras-team~keras/keras/src/random/random_test.py|keras-team|keras|random_test.py|Python|417|26|66
./src/_00/output/Python/keras-team~keras/keras/src/layers/preprocessing/image_preprocessing/random_translation_test.py|keras-team|keras|random_translation_test.py|Python|415|6|22
./src/_00/output/Python/keras-team~keras/keras/src/layers/preprocessing/image_preprocessing/bounding_boxes/bounding_box.py|keras-team|keras|bounding_box.py|Python|412|8|48
./src/_00/output/Python/keras-team~keras/keras/src/legacy/saving/legacy_h5_format.py|keras-team|keras|legacy_h5_format.py|Python|412|137|91
./src/_00/output/Python/keras-team~keras/keras/src/backend/common/backend_utils.py|keras-team|keras|backend_utils.py|Python|411|35|79
./src/_00/output/Python/keras-team~keras/keras/src/legacy/saving/legacy_h5_format_test.py|keras-team|keras|legacy_h5_format_test.py|Python|410|21|91
./src/_00/output/Python/keras-team~keras/keras/src/backend/torch/trainer.py|keras-team|keras|trainer.py|Python|401|39|68
./src/_00/output/Python/keras-team~keras/keras/src/ops/linalg.py|keras-team|keras|linalg.py|Python|400|167|140
./src/_00/output/Python/keras-team~keras/keras/src/optimizers/schedules/learning_rate_schedule_test.py|keras-team|keras|learning_rate_schedule_test.py|Python|397|6|59
./src/_00/output/Python/keras-team~keras/keras/src/backend/openvino/nn.py|keras-team|keras|nn.py|Python|390|12|88
./src/_00/output/Python/keras-team~keras/keras/src/export/export_lib.py|keras-team|keras|export_lib.py|Python|390|301|103
./src/_00/output/Python/keras-team~keras/keras/src/optimizers/schedules/learning_rate_schedule.py|keras-team|keras|learning_rate_schedule.py|Python|390|414|165
./src/_00/output/Python/keras-team~keras/keras/src/metrics/f_score_metrics_test.py|keras-team|keras|f_score_metrics_test.py|Python|387|5|30
./src/_00/output/Python/keras-team~keras/keras/src/callbacks/tensorboard.py|keras-team|keras|tensorboard.py|Python|384|199|105
./src/_00/output/Python/keras-team~keras/keras/src/layers/core/embedding_test.py|keras-team|keras|embedding_test.py|Python|382|23|54
./src/_00/output/Python/keras-team~keras/keras/src/trainers/data_adapters/py_dataset_adapter.py|keras-team|keras|py_dataset_adapter.py|Python|377|194|121
./src/_00/output/Python/keras-team~keras/keras/src/ops/core.py|keras-team|keras|core.py|Python|373|548|246
./src/_00/output/Python/keras-team~keras/keras/src/distribution/distribution_lib.py|keras-team|keras|distribution_lib.py|Python|372|313|149
./src/_00/output/Python/keras-team~keras/keras/src/trainers/data_adapters/py_dataset_adapter_test.py|keras-team|keras|py_dataset_adapter_test.py|Python|370|16|38
./src/_00/output/Python/keras-team~keras/keras/src/layers/merging/merging_test.py|keras-team|keras|merging_test.py|Python|369|7|53
./src/_00/output/Python/keras-team~keras/keras/src/applications/resnet.py|keras-team|keras|resnet.py|Python|368|145|78
./src/_00/output/Python/keras-team~keras/keras/src/utils/audio_dataset_utils_test.py|keras-team|keras|audio_dataset_utils_test.py|Python|367|21|45
./src/_00/output/Python/keras-team~keras/keras/src/backend/tensorflow/saved_model_test.py|keras-team|keras|saved_model_test.py|Python|365|2|57
./src/_00/output/Python/keras-team~keras/keras/src/metrics/metrics_utils.py|keras-team|keras|metrics_utils.py|Python|363|223|97
./src/_00/output/Python/keras-team~keras/keras/src/models/model.py|keras-team|keras|model.py|Python|362|339|113
./src/_00/output/Python/keras-team~keras/keras/src/layers/attention/grouped_query_attention_test.py|keras-team|keras|grouped_query_attention_test.py|Python|361|16|21
./src/_00/output/Python/keras-team~keras/keras/src/optimizers/optimizer_test.py|keras-team|keras|optimizer_test.py|Python|361|16|48
./src/_00/output/Python/keras-team~keras/keras/src/utils/model_visualization.py|keras-team|keras|model_visualization.py|Python|359|77|52
./src/_00/output/Python/keras-team~keras/keras/src/applications/mobilenet_v2.py|keras-team|keras|mobilenet_v2.py|Python|356|90|58
./src/_00/output/Python/keras-team~keras/keras/src/layers/preprocessing/hashing_test.py|keras-team|keras|hashing_test.py|Python|356|113|64
./src/_00/output/Python/keras-team~keras/keras/src/layers/convolutional/separable_conv_test.py|keras-team|keras|separable_conv_test.py|Python|355|5|24
./src/_00/output/Python/keras-team~keras/keras/src/metrics/iou_metrics_test.py|keras-team|keras|iou_metrics_test.py|Python|352|134|79
./src/_00/output/Python/keras-team~keras/keras/src/layers/pooling/average_pooling_test.py|keras-team|keras|average_pooling_test.py|Python|348|1|35
./src/_00/output/Python/keras-team~keras/keras/src/layers/preprocessing/stft_spectrogram_test.py|keras-team|keras|stft_spectrogram_test.py|Python|347|2|26
./src/_00/output/Python/keras-team~keras/keras/src/distribution/distribution_lib_test.py|keras-team|keras|distribution_lib_test.py|Python|337|61|108
./src/_00/output/Python/keras-team~keras/keras/src/layers/rnn/rnn_test.py|keras-team|keras|rnn_test.py|Python|337|1|48
./src/_00/output/Python/keras-team~keras/keras/src/backend/numpy/core.py|keras-team|keras|core.py|Python|329|18|95
./src/_00/output/Python/keras-team~keras/keras/src/backend/common/keras_tensor_test.py|keras-team|keras|keras_tensor_test.py|Python|324|26|51
./src/_00/output/Python/keras-team~keras/keras/src/backend/torch/math.py|keras-team|keras|math.py|Python|323|29|67
./src/_00/output/Python/keras-team~keras/keras/src/layers/attention/attention_test.py|keras-team|keras|attention_test.py|Python|321|4|35
./src/_00/output/Python/keras-team~keras/keras/src/metrics/regression_metrics_test.py|keras-team|keras|regression_metrics_test.py|Python|321|12|59
./src/_00/output/Python/keras-team~keras/keras/src/utils/audio_dataset_utils.py|keras-team|keras|audio_dataset_utils.py|Python|319|85|49
./src/_00/output/Python/keras-team~keras/keras/src/layers/attention/grouped_query_attention.py|keras-team|keras|grouped_query_attention.py|Python|315|142|47
./src/_00/output/Python/keras-team~keras/keras/src/backend/tensorflow/math.py|keras-team|keras|math.py|Python|314|6|61
./src/_00/output/Python/keras-team~keras/keras/src/saving/serialization_lib_test.py|keras-team|keras|serialization_lib_test.py|Python|314|26|61
./src/_00/output/Python/keras-team~keras/keras/src/utils/summary_utils.py|keras-team|keras|summary_utils.py|Python|312|74|57
./src/_00/output/Python/keras-team~keras/keras/src/layers/preprocessing/image_preprocessing/resizing_test.py|keras-team|keras|resizing_test.py|Python|309|2|15
./src/_00/output/Python/keras-team~keras/keras/src/backend/jax/core.py|keras-team|keras|core.py|Python|308|18|81
./src/_00/output/Python/keras-team~keras/keras/src/tree/dmtree_impl.py|keras-team|keras|dmtree_impl.py|Python|307|24|63
./src/_00/output/Python/keras-team~keras/keras/src/layers/convolutional/base_conv.py|keras-team|keras|base_conv.py|Python|306|69|26
./src/_00/output/Python/keras-team~keras/keras/src/layers/rnn/gru_test.py|keras-team|keras|gru_test.py|Python|305|0|16
./src/_00/output/Python/keras-team~keras/keras/src/layers/preprocessing/image_preprocessing/base_image_preprocessing_layer.py|keras-team|keras|base_image_preprocessing_layer.py|Python|301|43|41
./src/_00/output/Python/keras-team~keras/benchmarks/layer_benchmark/pooling_benchmark.py|keras-team|keras|pooling_benchmark.py|Python|300|11|61
./src/_00/output/Python/keras-team~keras/keras/src/layers/preprocessing/image_preprocessing/random_zoom.py|keras-team|keras|random_zoom.py|Python|300|78|49
./src/_00/output/Python/keras-team~keras/keras/src/legacy/saving/serialization.py|keras-team|keras|serialization.py|Python|300|174|100
./src/_00/output/Python/keras-team~keras/keras/src/utils/file_utils.py|keras-team|keras|file_utils.py|Python|300|126|92
./src/_00/output/Python/keras-team~keras/keras/src/initializers/random_initializers.py|keras-team|keras|random_initializers.py|Python|299|284|132
./src/_00/output/Python/keras-team~keras/keras/src/applications/densenet.py|keras-team|keras|densenet.py|Python|297|141|54
./src/_00/output/Python/keras-team~keras/keras/src/trainers/data_adapters/array_slicing.py|keras-team|keras|array_slicing.py|Python|297|108|115
./src/_00/output/Python/keras-team~keras/keras/src/layers/preprocessing/text_vectorization.py|keras-team|keras|text_vectorization.py|Python|296|258|72
./src/_00/output/Python/keras-team~keras/keras/src/utils/image_dataset_utils.py|keras-team|keras|image_dataset_utils.py|Python|296|118|45
./src/_00/output/Python/keras-team~keras/keras/src/utils/jax_layer.py|keras-team|keras|jax_layer.py|Python|293|280|104
./src/_00/output/Python/keras-team~keras/keras/src/applications/inception_v3.py|keras-team|keras|inception_v3.py|Python|292|87|63
./src/_00/output/Python/keras-team~keras/keras/src/layers/rnn/lstm_test.py|keras-team|keras|lstm_test.py|Python|291|0|15
./src/_00/output/Python/keras-team~keras/keras/src/models/sequential_test.py|keras-team|keras|sequential_test.py|Python|291|28|68
./src/_00/output/Python/keras-team~keras/keras/src/dtype_policies/dtype_policy_map_test.py|keras-team|keras|dtype_policy_map_test.py|Python|288|19|41
./src/_00/output/Python/keras-team~keras/keras/src/backend/numpy/trainer.py|keras-team|keras|trainer.py|Python|286|11|36
./src/_00/output/Python/keras-team~keras/keras/src/layers/core/embedding.py|keras-team|keras|embedding.py|Python|286|73|32
./src/_00/output/Python/keras-team~keras/keras/src/ops/operation_utils.py|keras-team|keras|operation_utils.py|Python|286|79|56
./src/_00/output/Python/keras-team~keras/keras/src/backend/torch/rnn.py|keras-team|keras|rnn.py|Python|285|33|65
./src/_00/output/Python/keras-team~keras/keras/src/layers/preprocessing/category_encoding_test.py|keras-team|keras|category_encoding_test.py|Python|285|14|41
./src/_00/output/Python/keras-team~keras/guides/functional_api.py|keras-team|keras|functional_api.py|Python|284|391|205
./src/_00/output/Python/keras-team~keras/keras/src/legacy/preprocessing/text.py|keras-team|keras|text.py|Python|284|13|39
./src/_00/output/Python/keras-team~keras/benchmarks/layer_benchmark/conv_benchmark.py|keras-team|keras|conv_benchmark.py|Python|276|11|53
./src/_00/output/Python/keras-team~keras/keras/src/backend/jax/distribution_lib_test.py|keras-team|keras|distribution_lib_test.py|Python|276|34|61
./src/_00/output/Python/keras-team~keras/keras/src/trainers/data_adapters/array_data_adapter_test.py|keras-team|keras|array_data_adapter_test.py|Python|276|2|23
./src/_00/output/Python/keras-team~keras/keras/src/applications/imagenet_utils.py|keras-team|keras|imagenet_utils.py|Python|275|132|55
./src/_00/output/Python/keras-team~keras/keras/src/layers/pooling/max_pooling_test.py|keras-team|keras|max_pooling_test.py|Python|274|1|31
./src/_00/output/Python/keras-team~keras/keras/src/applications/imagenet_utils_test.py|keras-team|keras|imagenet_utils_test.py|Python|273|14|27
./src/_00/output/Python/keras-team~keras/keras/src/metrics/iou_metrics.py|keras-team|keras|iou_metrics.py|Python|273|369|120
./src/_00/output/Python/keras-team~keras/keras/src/layers/rnn/simple_rnn.py|keras-team|keras|simple_rnn.py|Python|271|135|44
./src/_00/output/Python/keras-team~keras/keras/src/layers/rnn/simple_rnn_test.py|keras-team|keras|simple_rnn_test.py|Python|271|0|12
./src/_00/output/Python/keras-team~keras/benchmarks/layer_benchmark/reshaping_benchmark.py|keras-team|keras|reshaping_benchmark.py|Python|268|11|57
./src/_00/output/Python/keras-team~keras/keras/src/layers/preprocessing/image_preprocessing/random_translation.py|keras-team|keras|random_translation.py|Python|264|74|45
./src/_00/output/Python/keras-team~keras/keras/src/layers/rnn/rnn.py|keras-team|keras|rnn.py|Python|264|156|55
./src/_00/output/Python/keras-team~keras/keras/src/layers/preprocessing/image_preprocessing/random_flip_test.py|keras-team|keras|random_flip_test.py|Python|262|6|17
./src/_00/output/Python/keras-team~keras/keras/src/optimizers/optimizer_sparse_test.py|keras-team|keras|optimizer_sparse_test.py|Python|262|18|30
./src/_00/output/Python/keras-team~keras/keras/src/layers/rnn/stacked_rnn_cells_test.py|keras-team|keras|stacked_rnn_cells_test.py|Python|261|1|15
./src/_00/output/Python/keras-team~keras/keras/api/ops/__init__.py|keras-team|keras|__init__.py|Python|260|4|2
./src/_00/output/Python/keras-team~keras/keras/src/utils/text_dataset_utils_test.py|keras-team|keras|text_dataset_utils_test.py|Python|258|6|34
./src/_00/output/Python/keras-team~keras/keras/src/models/sequential.py|keras-team|keras|sequential.py|Python|257|74|36
./src/_00/output/Python/keras-team~keras/keras/src/applications/xception.py|keras-team|keras|xception.py|Python|255|58|42
./src/_00/output/Python/keras-team~keras/keras/src/layers/preprocessing/image_preprocessing/center_crop_test.py|keras-team|keras|center_crop_test.py|Python|255|25|16
./src/_00/output/Python/keras-team~keras/keras/src/utils/image_utils.py|keras-team|keras|image_utils.py|Python|253|148|56
./src/_00/output/Python/keras-team~keras/keras/src/layers/preprocessing/image_preprocessing/random_zoom_test.py|keras-team|keras|random_zoom_test.py|Python|251|0|18
./src/_00/output/Python/keras-team~keras/keras/src/trainers/data_adapters/array_data_adapter.py|keras-team|keras|array_data_adapter.py|Python|251|57|64
./src/_00/output/Python/keras-team~keras/keras/src/ops/function.py|keras-team|keras|function.py|Python|250|110|63
./src/_00/output/Python/keras-team~keras/keras/src/backend/numpy/math.py|keras-team|keras|math.py|Python|247|13|62
./src/_00/output/Python/keras-team~keras/keras/src/testing/test_utils_test.py|keras-team|keras|test_utils_test.py|Python|247|15|28
./src/_00/output/Python/keras-team~keras/keras/src/layers/rnn/bidirectional_test.py|keras-team|keras|bidirectional_test.py|Python|246|1|15
./src/_00/output/Python/keras-team~keras/keras/src/applications/inception_resnet_v2.py|keras-team|keras|inception_resnet_v2.py|Python|243|107|46
./src/_00/output/Python/keras-team~keras/keras/src/trainers/data_adapters/tf_dataset_adapter_test.py|keras-team|keras|tf_dataset_adapter_test.py|Python|243|7|38
./src/_00/output/Python/keras-team~keras/guides/making_new_layers_and_models_via_subclassing.py|keras-team|keras|making_new_layers_and_models_via_subclassing.py|Python|241|271|167
./src/_00/output/Python/keras-team~keras/keras/src/backend/common/keras_tensor.py|keras-team|keras|keras_tensor.py|Python|241|25|100
./src/_00/output/Python/keras-team~keras/keras/src/applications/mobilenet.py|keras-team|keras|mobilenet.py|Python|236|149|50
./src/_00/output/Python/keras-team~keras/keras/api/_tf_keras/keras/layers/__init__.py|keras-team|keras|__init__.py|Python|235|4|2
./src/_00/output/Python/keras-team~keras/keras/src/callbacks/early_stopping_test.py|keras-team|keras|early_stopping_test.py|Python|234|14|23
./src/_00/output/Python/keras-team~keras/keras/src/backend/openvino/trainer.py|keras-team|keras|trainer.py|Python|233|7|32
./src/_00/output/Python/keras-team~keras/keras/src/layers/preprocessing/stft_spectrogram.py|keras-team|keras|stft_spectrogram.py|Python|233|110|41
./src/_00/output/Python/keras-team~keras/keras/api/layers/__init__.py|keras-team|keras|__init__.py|Python|232|4|2
./src/_00/output/Python/keras-team~keras/keras/src/backend/jax/math.py|keras-team|keras|math.py|Python|231|12|55
./src/_00/output/Python/keras-team~keras/benchmarks/layer_benchmark/rnn_benchmark.py|keras-team|keras|rnn_benchmark.py|Python|227|11|45
./src/_00/output/Python/keras-team~keras/keras/src/layers/merging/dot.py|keras-team|keras|dot.py|Python|227|93|56
./src/_00/output/Python/keras-team~keras/keras/src/layers/reshaping/cropping3d.py|keras-team|keras|cropping3d.py|Python|226|43|15
./src/_00/output/Python/keras-team~keras/keras/src/layers/preprocessing/image_preprocessing/resizing.py|keras-team|keras|resizing.py|Python|224|51|29
./src/_00/output/Python/keras-team~keras/keras/src/losses/loss_test.py|keras-team|keras|loss_test.py|Python|223|16|50
./src/_00/output/Python/keras-team~keras/benchmarks/layer_benchmark/base_benchmark.py|keras-team|keras|base_benchmark.py|Python|221|10|49
./src/_00/output/Python/keras-team~keras/keras/src/layers/preprocessing/text_vectorization_test.py|keras-team|keras|text_vectorization_test.py|Python|221|33|28
./src/_00/output/Python/keras-team~keras/keras/src/metrics/regression_metrics.py|keras-team|keras|regression_metrics.py|Python|221|269|118
./src/_00/output/Python/keras-team~keras/keras/src/optimizers/loss_scale_optimizer.py|keras-team|keras|loss_scale_optimizer.py|Python|220|39|39
./src/_00/output/Python/keras-team~keras/guides/custom_train_step_in_torch.py|keras-team|keras|custom_train_step_in_torch.py|Python|218|174|100
./src/_00/output/Python/keras-team~keras/keras/src/applications/applications_test.py|keras-team|keras|applications_test.py|Python|218|20|28
./src/_00/output/Python/keras-team~keras/keras/src/layers/convolutional/base_separable_conv.py|keras-team|keras|base_separable_conv.py|Python|217|59|19
./src/_00/output/Python/keras-team~keras/keras/src/dtype_policies/dtype_policy.py|keras-team|keras|dtype_policy.py|Python|216|88|54
./src/_00/output/Python/keras-team~keras/keras/src/backend/common/dtypes.py|keras-team|keras|dtypes.py|Python|215|73|37
./src/_00/output/Python/keras-team~keras/keras/src/layers/rnn/bidirectional.py|keras-team|keras|bidirectional.py|Python|214|76|36
./src/_00/output/Python/keras-team~keras/keras/src/models/cloning.py|keras-team|keras|cloning.py|Python|214|145|50
./src/_00/output/Python/keras-team~keras/keras/src/layers/normalization/batch_normalization.py|keras-team|keras|batch_normalization.py|Python|213|96|43
./src/_00/output/Python/keras-team~keras/keras/src/saving/saving_api_test.py|keras-team|keras|saving_api_test.py|Python|213|16|35
./src/_00/output/Python/keras-team~keras/keras/src/callbacks/model_checkpoint.py|keras-team|keras|model_checkpoint.py|Python|212|164|43
./src/_00/output/Python/keras-team~keras/examples/demo_jax_distributed.py|keras-team|keras|demo_jax_distributed.py|Python|209|69|64
./src/_00/output/Python/keras-team~keras/keras/src/layers/preprocessing/normalization.py|keras-team|keras|normalization.py|Python|209|110|40
./src/_00/output/Python/keras-team~keras/benchmarks/layer_benchmark/merge_benchmark.py|keras-team|keras|merge_benchmark.py|Python|208|11|45
./src/_00/output/Python/keras-team~keras/keras/src/layers/merging/base_merge.py|keras-team|keras|base_merge.py|Python|208|40|33
./src/_00/output/Python/keras-team~keras/guides/writing_a_custom_training_loop_in_tensorflow.py|keras-team|keras|writing_a_custom_training_loop_in_tensorflow.py|Python|207|209|116
./src/_00/output/Python/keras-team~keras/guides/writing_your_own_callbacks.py|keras-team|keras|writing_your_own_callbacks.py|Python|207|139|98
./src/_00/output/Python/keras-team~keras/guides/writing_a_custom_training_loop_in_jax.py|keras-team|keras|writing_a_custom_training_loop_in_jax.py|Python|206|213|109
./src/_00/output/Python/keras-team~keras/keras/src/models/cloning_test.py|keras-team|keras|cloning_test.py|Python|206|1|37
./src/_00/output/Python/keras-team~keras/guides/custom_train_step_in_tensorflow.py|keras-team|keras|custom_train_step_in_tensorflow.py|Python|204|166|93
./src/_00/output/Python/keras-team~keras/keras/src/metrics/metric_test.py|keras-team|keras|metric_test.py|Python|204|11|42
./src/_00/output/Python/keras-team~keras/keras/src/utils/torch_utils_test.py|keras-team|keras|torch_utils_test.py|Python|204|8|25
./src/_00/output/Python/keras-team~keras/keras/src/layers/preprocessing/image_preprocessing/center_crop.py|keras-team|keras|center_crop.py|Python|203|32|38
./src/_00/output/Python/keras-team~keras/keras/src/utils/tracking.py|keras-team|keras|tracking.py|Python|203|33|54
./src/_00/output/Python/keras-team~keras/keras/src/trainers/data_adapters/data_adapter_utils.py|keras-team|keras|data_adapter_utils.py|Python|202|58|69
./src/_00/output/Python/keras-team~keras/guides/custom_train_step_in_jax.py|keras-team|keras|custom_train_step_in_jax.py|Python|201|93|63
./src/_00/output/Python/keras-team~keras/keras/src/backend/tensorflow/linalg.py|keras-team|keras|linalg.py|Python|201|3|30
./src/_00/output/Python/keras-team~keras/keras/src/layers/preprocessing/image_preprocessing/bounding_boxes/converters.py|keras-team|keras|converters.py|Python|201|194|53
./src/_00/output/Python/keras-team~keras/keras/src/layers/preprocessing/image_preprocessing/random_crop.py|keras-team|keras|random_crop.py|Python|201|44|27
./src/_00/output/Python/keras-team~keras/keras/src/backend/common/backend_utils_test.py|keras-team|keras|backend_utils_test.py|Python|199|15|21
./src/_00/output/Python/keras-team~keras/keras/src/backend/common/dtypes_test.py|keras-team|keras|dtypes_test.py|Python|198|4|46
./src/_00/output/Python/keras-team~keras/keras/src/layers/__init__.py|keras-team|keras|__init__.py|Python|196|15|8
./src/_00/output/Python/keras-team~keras/keras/src/trainers/epoch_iterator_test.py|keras-team|keras|epoch_iterator_test.py|Python|195|1|36
./src/_00/output/Python/keras-team~keras/keras/src/backend/torch/random.py|keras-team|keras|random.py|Python|193|19|32
./src/_00/output/Python/keras-team~keras/keras/src/layers/convolutional/base_conv_transpose.py|keras-team|keras|base_conv_transpose.py|Python|192|50|17
./src/_00/output/Python/keras-team~keras/keras/src/layers/convolutional/base_depthwise_conv.py|keras-team|keras|base_depthwise_conv.py|Python|192|60|22
./src/_00/output/Python/keras-team~keras/keras/src/layers/preprocessing/mel_spectrogram.py|keras-team|keras|mel_spectrogram.py|Python|192|135|43
./src/_00/output/Python/keras-team~keras/keras/src/legacy/layers.py|keras-team|keras|layers.py|Python|192|17|35
./src/_00/output/Python/keras-team~keras/keras/src/layers/normalization/batch_normalization_test.py|keras-team|keras|batch_normalization_test.py|Python|191|11|21
./src/_00/output/Python/keras-team~keras/keras/src/metrics/probabilistic_metrics_test.py|keras-team|keras|probabilistic_metrics_test.py|Python|190|0|46
./src/_00/output/Python/keras-team~keras/keras/src/backend/tensorflow/optimizer.py|keras-team|keras|optimizer.py|Python|189|27|37
./src/_00/output/Python/keras-team~keras/keras/src/initializers/random_initializers_test.py|keras-team|keras|random_initializers_test.py|Python|189|11|35
./src/_00/output/Python/keras-team~keras/keras/src/metrics/accuracy_metrics.py|keras-team|keras|accuracy_metrics.py|Python|187|230|105
./src/_00/output/Python/keras-team~keras/keras/src/callbacks/backup_and_restore_test.py|keras-team|keras|backup_and_restore_test.py|Python|186|10|35
./src/_00/output/Python/keras-team~keras/keras/src/backend/numpy/rnn.py|keras-team|keras|rnn.py|Python|184|7|48
./src/_00/output/Python/keras-team~keras/keras/src/layers/reshaping/cropping3d_test.py|keras-team|keras|cropping3d_test.py|Python|184|3|12
./src/_00/output/Python/keras-team~keras/keras/src/saving/saving_api.py|keras-team|keras|saving_api.py|Python|184|64|31
./src/_00/output/Python/keras-team~keras/keras/src/callbacks/callback_list.py|keras-team|keras|callback_list.py|Python|183|19|41
./src/_00/output/Python/keras-team~keras/keras/src/layers/preprocessing/image_preprocessing/bounding_boxes/iou_test.py|keras-team|keras|iou_test.py|Python|183|12|38
./src/_00/output/Python/keras-team~keras/keras/src/metrics/f_score_metrics.py|keras-team|keras|f_score_metrics.py|Python|183|95|42
./src/_00/output/Python/keras-team~keras/keras/src/utils/text_dataset_utils.py|keras-team|keras|text_dataset_utils.py|Python|183|82|26
./src/_00/output/Python/keras-team~keras/keras/src/ops/operation_utils_test.py|keras-team|keras|operation_utils_test.py|Python|181|0|22
./src/_00/output/Python/keras-team~keras/keras/src/backend/tensorflow/optimizer_distribute_test.py|keras-team|keras|optimizer_distribute_test.py|Python|179|6|27
./src/_00/output/Python/keras-team~keras/keras/src/legacy/saving/saving_utils.py|keras-team|keras|saving_utils.py|Python|179|35|46
./src/_00/output/Python/keras-team~keras/keras/src/trainers/data_adapters/generator_data_adapter_test.py|keras-team|keras|generator_data_adapter_test.py|Python|177|1|21
./src/_00/output/Python/keras-team~keras/keras/src/layers/preprocessing/hashed_crossing_test.py|keras-team|keras|hashed_crossing_test.py|Python|176|2|17
./src/_00/output/Python/keras-team~keras/keras/src/ops/operation.py|keras-team|keras|operation.py|Python|176|97|43
./src/_00/output/Python/keras-team~keras/keras/src/backend/jax/rnn.py|keras-team|keras|rnn.py|Python|175|11|40
./src/_00/output/Python/keras-team~keras/keras/src/layers/preprocessing/image_preprocessing/random_flip.py|keras-team|keras|random_flip.py|Python|175|24|36
./src/_00/output/Python/keras-team~keras/keras/src/utils/progbar.py|keras-team|keras|progbar.py|Python|175|62|32
./src/_00/output/Python/keras-team~keras/keras/src/layers/reshaping/cropping2d.py|keras-team|keras|cropping2d.py|Python|173|39|12
./src/_00/output/Python/keras-team~keras/keras/src/layers/preprocessing/image_preprocessing/bounding_boxes/iou.py|keras-team|keras|iou.py|Python|171|70|40
./src/_00/output/Python/keras-team~keras/keras/src/activations/activations.py|keras-team|keras|activations.py|Python|169|297|196
./src/_00/output/Python/keras-team~keras/keras/src/layers/input_spec.py|keras-team|keras|input_spec.py|Python|169|59|22
./src/_00/output/Python/keras-team~keras/keras/src/layers/preprocessing/image_preprocessing/bounding_boxes/validation.py|keras-team|keras|validation.py|Python|169|3|10
./src/_00/output/Python/keras-team~keras/keras/src/layers/preprocessing/image_preprocessing/random_rotation.py|keras-team|keras|random_rotation.py|Python|169|59|21
./src/_00/output/Python/keras-team~keras/keras/src/utils/timeseries_dataset_utils_test.py|keras-team|keras|timeseries_dataset_utils_test.py|Python|169|23|12
./src/_00/output/Python/keras-team~keras/benchmarks/layer_benchmark/regularization_benchmark.py|keras-team|keras|regularization_benchmark.py|Python|168|11|37
./src/_00/output/Python/keras-team~keras/keras/src/losses/loss.py|keras-team|keras|loss.py|Python|167|47|42
./src/_00/output/Python/keras-team~keras/keras/src/layers/pooling/global_average_pooling_test.py|keras-team|keras|global_average_pooling_test.py|Python|165|0|13
./src/_00/output/Python/keras-team~keras/keras/src/legacy/preprocessing/sequence.py|keras-team|keras|sequence.py|Python|164|108|48
./src/_00/output/Python/keras-team~keras/keras/src/ops/operation_test.py|keras-team|keras|operation_test.py|Python|162|15|37
./src/_00/output/Python/keras-team~keras/keras/src/optimizers/ftrl.py|keras-team|keras|ftrl.py|Python|161|63|25
./src/_00/output/Python/keras-team~keras/keras/src/applications/vgg19.py|keras-team|keras|vgg19.py|Python|160|68|28
./src/_00/output/Python/keras-team~keras/keras/src/layers/attention/attention.py|keras-team|keras|attention.py|Python|160|97|27
./src/_00/output/Python/keras-team~keras/api_gen.py|keras-team|keras|api_gen.py|Python|159|22|21
./src/_00/output/Python/keras-team~keras/keras/api/ops/numpy/__init__.py|keras-team|keras|__init__.py|Python|159|4|2
./src/_00/output/Python/keras-team~keras/keras/src/layers/core/lambda_layer.py|keras-team|keras|lambda_layer.py|Python|159|46|26
./src/_00/output/Python/keras-team~keras/keras/src/layers/preprocessing/discretization.py|keras-team|keras|discretization.py|Python|159|129|49
./src/_00/output/Python/keras-team~keras/keras/src/callbacks/swap_ema_weights_test.py|keras-team|keras|swap_ema_weights_test.py|Python|157|11|13
./src/_00/output/Python/keras-team~keras/keras/src/layers/normalization/group_normalization.py|keras-team|keras|group_normalization.py|Python|157|50|33
./src/_00/output/Python/keras-team~keras/keras/src/layers/preprocessing/image_preprocessing/random_crop_test.py|keras-team|keras|random_crop_test.py|Python|156|0|9
./src/_00/output/Python/keras-team~keras/keras/src/backend/tensorflow/distribute_test.py|keras-team|keras|distribute_test.py|Python|154|6|27
./src/_00/output/Python/keras-team~keras/keras/src/layers/normalization/group_normalization_test.py|keras-team|keras|group_normalization_test.py|Python|154|1|24
./src/_00/output/Python/keras-team~keras/keras/src/trainers/data_adapters/torch_data_loader_adapter_test.py|keras-team|keras|torch_data_loader_adapter_test.py|Python|154|0|19
./src/_00/output/Python/keras-team~keras/keras/src/backend/jax/export.py|keras-team|keras|export.py|Python|152|17|25
./src/_00/output/Python/keras-team~keras/keras/src/callbacks/csv_logger_test.py|keras-team|keras|csv_logger_test.py|Python|152|9|18
./src/_00/output/Python/keras-team~keras/keras/src/layers/preprocessing/image_preprocessing/solarization.py|keras-team|keras|solarization.py|Python|152|37|22
./src/_00/output/Python/keras-team~keras/keras/src/applications/vgg16.py|keras-team|keras|vgg16.py|Python|151|68|29
./src/_00/output/Python/keras-team~keras/keras/src/layers/pooling/global_max_pooling_test.py|keras-team|keras|global_max_pooling_test.py|Python|151|0|12
./src/_00/output/Python/keras-team~keras/keras/src/backend/jax/sparse.py|keras-team|keras|sparse.py|Python|150|129|49
./src/_00/output/Python/keras-team~keras/keras/src/layers/preprocessing/discretization_test.py|keras-team|keras|discretization_test.py|Python|149|4|12
./src/_00/output/Python/keras-team~keras/keras/src/layers/preprocessing/normalization_test.py|keras-team|keras|normalization_test.py|Python|148|5|18
./src/_00/output/Python/keras-team~keras/keras/src/layers/core/input_layer_test.py|keras-team|keras|input_layer_test.py|Python|147|8|25
./src/_00/output/Python/keras-team~keras/keras/src/wrappers/sklearn_wrapper.py|keras-team|keras|sklearn_wrapper.py|Python|147|258|83
./src/_00/output/Python/keras-team~keras/keras/src/callbacks/lambda_callback_test.py|keras-team|keras|lambda_callback_test.py|Python|145|6|14
./src/_00/output/Python/keras-team~keras/keras/src/legacy/saving/json_utils.py|keras-team|keras|json_utils.py|Python|145|36|39
./src/_00/output/Python/keras-team~keras/keras/src/metrics/reduction_metrics_test.py|keras-team|keras|reduction_metrics_test.py|Python|145|5|26
./src/_00/output/Python/keras-team~keras/keras/src/metrics/__init__.py|keras-team|keras|__init__.py|Python|144|49|18
./src/_00/output/Python/keras-team~keras/guides/writing_a_custom_training_loop_in_torch.py|keras-team|keras|writing_a_custom_training_loop_in_torch.py|Python|143|159|84
./src/_00/output/Python/keras-team~keras/keras/src/optimizers/adafactor.py|keras-team|keras|adafactor.py|Python|143|42|23
./src/_00/output/Python/keras-team~keras/.github/workflows/actions.yml|keras-team|keras|actions.yml|YAML|142|0|4
./src/_00/output/Python/keras-team~keras/keras/src/layers/preprocessing/hashed_crossing.py|keras-team|keras|hashed_crossing.py|Python|142|55|30
./src/_00/output/Python/keras-team~keras/keras/src/layers/normalization/layer_normalization.py|keras-team|keras|layer_normalization.py|Python|141|86|38
./src/_00/output/Python/keras-team~keras/keras/src/backend/jax/distribution_lib.py|keras-team|keras|distribution_lib.py|Python|140|73|48
./src/_00/output/Python/keras-team~keras/keras/src/layers/preprocessing/hashing.py|keras-team|keras|hashing.py|Python|140|114|33
./src/_00/output/Python/keras-team~keras/CONTRIBUTING.md|keras-team|keras|CONTRIBUTING.md|Markdown|139|0|69
./src/_00/output/Python/keras-team~keras/examples/demo_torch_multi_gpu.py|keras-team|keras|demo_torch_multi_gpu.py|Python|139|28|46
./src/_00/output/Python/keras-team~keras/keras/src/layers/core/input_layer.py|keras-team|keras|input_layer.py|Python|139|43|19
./src/_00/output/Python/keras-team~keras/keras/src/layers/preprocessing/image_preprocessing/mix_up_test.py|keras-team|keras|mix_up_test.py|Python|138|1|18
./src/_00/output/Python/keras-team~keras/keras/src/tree/optree_impl.py|keras-team|keras|optree_impl.py|Python|138|9|40
./src/_00/output/Python/keras-team~keras/keras/api/_tf_keras/keras/backend/__init__.py|keras-team|keras|__init__.py|Python|137|4|2
./src/_00/output/Python/keras-team~keras/keras/src/layers/preprocessing/image_preprocessing/random_color_jitter.py|keras-team|keras|random_color_jitter.py|Python|137|45|15
./src/_00/output/Python/keras-team~keras/keras/src/losses/__init__.py|keras-team|keras|__init__.py|Python|136|51|20
./src/_00/output/Python/keras-team~keras/keras/src/callbacks/early_stopping.py|keras-team|keras|early_stopping.py|Python|135|58|20
./src/_00/output/Python/keras-team~keras/benchmarks/layer_benchmark/activation_benchmark.py|keras-team|keras|activation_benchmark.py|Python|134|11|28
./src/_00/output/Python/keras-team~keras/guides/transfer_learning.py|keras-team|keras|transfer_learning.py|Python|133|300|124
./src/_00/output/Python/keras-team~keras/keras/src/applications/resnet_v2.py|keras-team|keras|resnet_v2.py|Python|132|49|27
./src/_00/output/Python/keras-team~keras/keras/src/backend/config.py|keras-team|keras|config.py|Python|132|119|84
./src/_00/output/Python/keras-team~keras/keras/src/backend/tensorflow/random.py|keras-team|keras|random.py|Python|132|28|30
./src/_00/output/Python/keras-team~keras/keras/src/layers/preprocessing/image_preprocessing/mix_up.py|keras-team|keras|mix_up.py|Python|131|21|28
./src/_00/output/Python/keras-team~keras/keras/src/utils/timeseries_dataset_utils.py|keras-team|keras|timeseries_dataset_utils.py|Python|131|100|30
./src/_00/output/Python/keras-team~keras/keras/src/regularizers/regularizers_test.py|keras-team|keras|regularizers_test.py|Python|130|0|35
./src/_00/output/Python/keras-team~keras/guides/distributed_training_with_jax.py|keras-team|keras|distributed_training_with_jax.py|Python|129|91|53
./src/_00/output/Python/keras-team~keras/keras/src/layers/preprocessing/image_preprocessing/equalization.py|keras-team|keras|equalization.py|Python|129|46|38
./src/_00/output/Python/keras-team~keras/keras/src/utils/traceback_utils.py|keras-team|keras|traceback_utils.py|Python|129|73|39
./src/_00/output/Python/keras-team~keras/keras/src/layers/preprocessing/image_preprocessing/bounding_boxes/converters_test.py|keras-team|keras|converters_test.py|Python|128|1|15
./src/_00/output/Python/keras-team~keras/keras/src/metrics/metric.py|keras-team|keras|metric.py|Python|128|82|43
./src/_00/output/Python/keras-team~keras/keras/src/layers/normalization/layer_normalization_test.py|keras-team|keras|layer_normalization_test.py|Python|127|1|10
./src/_00/output/Python/keras-team~keras/keras/src/utils/numerical_utils_test.py|keras-team|keras|numerical_utils_test.py|Python|127|6|18
./src/_00/output/Python/keras-team~keras/keras/src/wrappers/sklearn_test.py|keras-team|keras|sklearn_test.py|Python|125|12|23
./src/_00/output/Python/keras-team~keras/keras/src/utils/numerical_utils.py|keras-team|keras|numerical_utils.py|Python|124|63|38
./src/_00/output/Python/keras-team~keras/keras/src/layers/reshaping/up_sampling2d_test.py|keras-team|keras|up_sampling2d_test.py|Python|122|5|14
./src/_00/output/Python/keras-team~keras/keras/src/layers/preprocessing/image_preprocessing/random_brightness_test.py|keras-team|keras|random_brightness_test.py|Python|121|4|17
./src/_00/output/Python/keras-team~keras/keras/src/layers/preprocessing/image_preprocessing/random_hue.py|keras-team|keras|random_hue.py|Python|121|28|19
./src/_00/output/Python/keras-team~keras/keras/src/optimizers/nadam.py|keras-team|keras|nadam.py|Python|121|30|23
./src/_00/output/Python/keras-team~keras/keras/src/metrics/reduction_metrics.py|keras-team|keras|reduction_metrics.py|Python|120|60|40
./src/_00/output/Python/keras-team~keras/keras/src/utils/tf_utils.py|keras-team|keras|tf_utils.py|Python|120|12|25
./src/_00/output/Python/keras-team~keras/guides/distributed_training_with_torch.py|keras-team|keras|distributed_training_with_torch.py|Python|119|97|56
./src/_00/output/Python/keras-team~keras/keras/src/layers/preprocessing/image_preprocessing/random_saturation.py|keras-team|keras|random_saturation.py|Python|119|27|17
./src/_00/output/Python/keras-team~keras/keras/src/optimizers/rmsprop.py|keras-team|keras|rmsprop.py|Python|119|36|25
./src/_00/output/Python/keras-team~keras/keras/src/callbacks/swap_ema_weights.py|keras-team|keras|swap_ema_weights.py|Python|118|38|24
./src/_00/output/Python/keras-team~keras/keras/src/datasets/reuters.py|keras-team|keras|reuters.py|Python|118|72|31
./src/_00/output/Python/keras-team~keras/keras/src/layers/reshaping/cropping2d_test.py|keras-team|keras|cropping2d_test.py|Python|118|8|9
./src/_00/output/Python/keras-team~keras/keras/src/layers/reshaping/up_sampling3d_test.py|keras-team|keras|up_sampling3d_test.py|Python|118|2|10
./src/_00/output/Python/keras-team~keras/keras/src/callbacks/reduce_lr_on_plateau_test.py|keras-team|keras|reduce_lr_on_plateau_test.py|Python|117|2|20
./src/_00/output/Python/keras-team~keras/.github/workflows/nightly.yml|keras-team|keras|nightly.yml|YAML|116|0|6
./src/_00/output/Python/keras-team~keras/keras/src/initializers/constant_initializers.py|keras-team|keras|constant_initializers.py|Python|116|111|53
./src/_00/output/Python/keras-team~keras/keras/src/layers/preprocessing/image_preprocessing/equalization_test.py|keras-team|keras|equalization_test.py|Python|116|0|19
./src/_00/output/Python/keras-team~keras/guides/understanding_masking_and_padding.py|keras-team|keras|understanding_masking_and_padding.py|Python|115|175|90
./src/_00/output/Python/keras-team~keras/pip_build.py|keras-team|keras|pip_build.py|Python|115|23|30
./src/_00/output/Python/keras-team~keras/benchmarks/layer_benchmark/normalization_benchmark.py|keras-team|keras|normalization_benchmark.py|Python|114|11|29
./src/_00/output/Python/keras-team~keras/keras/src/callbacks/backup_and_restore.py|keras-team|keras|backup_and_restore.py|Python|114|74|21
./src/_00/output/Python/keras-team~keras/keras/src/layers/preprocessing/image_preprocessing/random_contrast_test.py|keras-team|keras|random_contrast_test.py|Python|114|2|15
./src/_00/output/Python/keras-team~keras/keras/src/activations/__init__.py|keras-team|keras|__init__.py|Python|113|6|9
./src/_00/output/Python/keras-team~keras/keras/src/initializers/constant_initializers_test.py|keras-team|keras|constant_initializers_test.py|Python|113|4|26
./src/_00/output/Python/keras-team~keras/keras/src/optimizers/adam.py|keras-team|keras|adam.py|Python|113|38|16
./src/_00/output/Python/keras-team~keras/keras/src/visualization/draw_bounding_boxes.py|keras-team|keras|draw_bounding_boxes.py|Python|113|46|18
./src/_00/output/Python/keras-team~keras/keras/src/metrics/hinge_metrics_test.py|keras-team|keras|hinge_metrics_test.py|Python|112|3|16
./src/_00/output/Python/keras-team~keras/keras/src/trainers/data_adapters/__init__.py|keras-team|keras|__init__.py|Python|112|31|11
./src/_00/output/Python/keras-team~keras/benchmarks/model_benchmark/image_classification_benchmark.py|keras-team|keras|image_classification_benchmark.py|Python|111|19|33
./src/_00/output/Python/keras-team~keras/keras/src/dtype_policies/dtype_policy_map.py|keras-team|keras|dtype_policy_map.py|Python|110|68|34
./src/_00/output/Python/keras-team~keras/benchmarks/model_benchmark/bert_benchmark.py|keras-team|keras|bert_benchmark.py|Python|109|21|31
./src/_00/output/Python/keras-team~keras/integration_tests/numerical_test.py|keras-team|keras|numerical_test.py|Python|109|5|33
./src/_00/output/Python/keras-team~keras/keras/src/layers/merging/concatenate.py|keras-team|keras|concatenate.py|Python|109|45|24
./src/_00/output/Python/keras-team~keras/keras/src/layers/preprocessing/image_preprocessing/random_color_jitter_test.py|keras-team|keras|random_color_jitter_test.py|Python|108|0|27
./src/_00/output/Python/keras-team~keras/keras/src/ops/function_test.py|keras-team|keras|function_test.py|Python|108|12|24
./src/_00/output/Python/keras-team~keras/keras/src/utils/dtype_utils_test.py|keras-team|keras|dtype_utils_test.py|Python|107|9|30
./src/_00/output/Python/keras-team~keras/keras/src/layers/reshaping/flatten_test.py|keras-team|keras|flatten_test.py|Python|105|5|13
./src/_00/output/Python/keras-team~keras/keras/src/callbacks/learning_rate_scheduler_test.py|keras-team|keras|learning_rate_scheduler_test.py|Python|104|0|20
./src/_00/output/Python/keras-team~keras/keras/src/layers/rnn/stacked_rnn_cells.py|keras-team|keras|stacked_rnn_cells.py|Python|104|18|17
./src/_00/output/Python/keras-team~keras/keras/src/optimizers/lamb.py|keras-team|keras|lamb.py|Python|104|33|21
./src/_00/output/Python/keras-team~keras/keras/src/regularizers/regularizers.py|keras-team|keras|regularizers.py|Python|104|166|82
./src/_00/output/Python/keras-team~keras/keras/src/trainers/epoch_iterator.py|keras-team|keras|epoch_iterator.py|Python|104|36|21
./src/_00/output/Python/keras-team~keras/keras/src/layers/rnn/conv_lstm3d_test.py|keras-team|keras|conv_lstm3d_test.py|Python|103|0|4
./src/_00/output/Python/keras-team~keras/keras/src/quantizers/quantizers.py|keras-team|keras|quantizers.py|Python|103|35|31
./src/_00/output/Python/keras-team~keras/benchmarks/layer_benchmark/core_benchmark.py|keras-team|keras|core_benchmark.py|Python|102|11|25
./src/_00/output/Python/keras-team~keras/keras/src/utils/code_stats_test.py|keras-team|keras|code_stats_test.py|Python|102|18|22
./src/_00/output/Python/keras-team~keras/keras/src/callbacks/reduce_lr_on_plateau.py|keras-team|keras|reduce_lr_on_plateau.py|Python|101|31|17
./src/_00/output/Python/keras-team~keras/keras/src/initializers/__init__.py|keras-team|keras|__init__.py|Python|101|38|24
./src/_00/output/Python/keras-team~keras/keras/src/metrics/probabilistic_metrics.py|keras-team|keras|probabilistic_metrics.py|Python|101|179|59
./src/_00/output/Python/keras-team~keras/keras/src/layers/reshaping/reshape_test.py|keras-team|keras|reshape_test.py|Python|100|1|13
./src/_00/output/Python/keras-team~keras/keras/src/utils/sequence_utils_test.py|keras-team|keras|sequence_utils_test.py|Python|100|11|18
./src/_00/output/Python/keras-team~keras/keras/src/utils/summary_utils_test.py|keras-team|keras|summary_utils_test.py|Python|100|3|23
./src/_00/output/Python/keras-team~keras/guides/sequential_model.py|keras-team|keras|sequential_model.py|Python|99|192|80
./src/_00/output/Python/keras-team~keras/keras/src/saving/object_registration_test.py|keras-team|keras|object_registration_test.py|Python|99|0|22
./src/_00/output/Python/keras-team~keras/keras/src/visualization/plot_image_gallery.py|keras-team|keras|plot_image_gallery.py|Python|99|41|25
./src/_00/output/Python/keras-team~keras/keras/src/layers/preprocessing/mel_spectrogram_test.py|keras-team|keras|mel_spectrogram_test.py|Python|98|0|5
./src/_00/output/Python/keras-team~keras/benchmarks/layer_benchmark/attention_benchmark.py|keras-team|keras|attention_benchmark.py|Python|96|11|25
./src/_00/output/Python/keras-team~keras/keras/src/optimizers/loss_scale_optimizer_test.py|keras-team|keras|loss_scale_optimizer_test.py|Python|96|0|12
./src/_00/output/Python/keras-team~keras/keras/src/visualization/plot_bounding_box_gallery.py|keras-team|keras|plot_bounding_box_gallery.py|Python|96|54|15
./src/_00/output/Python/keras-team~keras/keras/src/backend/tests/compute_output_spec_test.py|keras-team|keras|compute_output_spec_test.py|Python|95|0|19
./src/_00/output/Python/keras-team~keras/keras/src/layers/reshaping/zero_padding3d_test.py|keras-team|keras|zero_padding3d_test.py|Python|95|0|9
./src/_00/output/Python/keras-team~keras/keras/src/optimizers/adadelta.py|keras-team|keras|adadelta.py|Python|95|26|18
./src/_00/output/Python/keras-team~keras/keras/src/trainers/data_adapters/data_adapter_utils_test.py|keras-team|keras|data_adapter_utils_test.py|Python|94|4|9
./src/_00/output/Python/keras-team~keras/integration_tests/jax_custom_fit_test.py|keras-team|keras|jax_custom_fit_test.py|Python|93|0|11
./src/_00/output/Python/keras-team~keras/keras/src/layers/regularization/spatial_dropout_test.py|keras-team|keras|spatial_dropout_test.py|Python|93|0|14
./src/_00/output/Python/keras-team~keras/keras/src/random/seed_generator.py|keras-team|keras|seed_generator.py|Python|93|40|28
./src/_00/output/Python/keras-team~keras/pyproject.toml|keras-team|keras|pyproject.toml|TOML|93|3|13
./src/_00/output/Python/keras-team~keras/keras/src/ops/symbolic_arguments_test.py|keras-team|keras|symbolic_arguments_test.py|Python|92|9|20
./src/_00/output/Python/keras-team~keras/keras/src/optimizers/adamax.py|keras-team|keras|adamax.py|Python|92|43|21
./src/_00/output/Python/keras-team~keras/keras/src/layers/preprocessing/rescaling_test.py|keras-team|keras|rescaling_test.py|Python|91|4|8
./src/_00/output/Python/keras-team~keras/keras/src/optimizers/sgd.py|keras-team|keras|sgd.py|Python|91|34|18
./src/_00/output/Python/keras-team~keras/keras/src/layers/preprocessing/image_preprocessing/random_contrast.py|keras-team|keras|random_contrast.py|Python|90|36|23
./src/_00/output/Python/keras-team~keras/keras/src/optimizers/lion.py|keras-team|keras|lion.py|Python|90|36|16
./src/_00/output/Python/keras-team~keras/keras/src/utils/naming_test.py|keras-team|keras|naming_test.py|Python|90|5|24
./src/_00/output/Python/keras-team~keras/keras/src/layers/reshaping/zero_padding2d_test.py|keras-team|keras|zero_padding2d_test.py|Python|89|0|9
./src/_00/output/Python/keras-team~keras/keras/src/saving/file_editor_test.py|keras-team|keras|file_editor_test.py|Python|89|0|23
./src/_00/output/Python/keras-team~keras/keras/src/trainers/data_adapters/tf_dataset_adapter.py|keras-team|keras|tf_dataset_adapter.py|Python|89|26|26
./src/_00/output/Python/keras-team~keras/integration_tests/import_test.py|keras-team|keras|import_test.py|Python|88|16|24
./src/_00/output/Python/keras-team~keras/keras/src/callbacks/remote_monitor_test.py|keras-team|keras|remote_monitor_test.py|Python|88|1|15
./src/_00/output/Python/keras-team~keras/keras/src/layers/preprocessing/image_preprocessing/random_brightness.py|keras-team|keras|random_brightness.py|Python|87|48|23
./src/_00/output/Python/keras-team~keras/keras/src/layers/preprocessing/integer_lookup_test.py|keras-team|keras|integer_lookup_test.py|Python|87|6|13
./src/_00/output/Python/keras-team~keras/keras/src/saving/object_registration.py|keras-team|keras|object_registration.py|Python|87|96|47
./src/_00/output/Python/keras-team~keras/keras/src/utils/dataset_utils_test.py|keras-team|keras|dataset_utils_test.py|Python|87|0|13
./src/_00/output/Python/keras-team~keras/keras/src/utils/tracking_test.py|keras-team|keras|tracking_test.py|Python|87|0|12
./src/_00/output/Python/keras-team~keras/keras/src/backend/jax/random.py|keras-team|keras|random.py|Python|86|4|26
./src/_00/output/Python/keras-team~keras/keras/src/layers/preprocessing/integer_lookup.py|keras-team|keras|integer_lookup.py|Python|86|265|54
./src/_00/output/Python/keras-team~keras/keras/src/optimizers/adam_test.py|keras-team|keras|adam_test.py|Python|86|2|16
./src/_00/output/Python/keras-team~keras/keras/src/utils/python_utils.py|keras-team|keras|python_utils.py|Python|86|51|40
./src/_00/output/Python/keras-team~keras/keras/src/layers/rnn/conv_lstm2d_test.py|keras-team|keras|conv_lstm2d_test.py|Python|85|0|4
./src/_00/output/Python/keras-team~keras/keras/src/constraints/constraints_test.py|keras-team|keras|constraints_test.py|Python|84|0|17
./src/_00/output/Python/keras-team~keras/examples/demo_custom_jax_workflow.py|keras-team|keras|demo_custom_jax_workflow.py|Python|83|8|30
./src/_00/output/Python/keras-team~keras/keras/src/backend/jax/optimizer.py|keras-team|keras|optimizer.py|Python|83|11|18
./src/_00/output/Python/keras-team~keras/keras/src/datasets/imdb.py|keras-team|keras|imdb.py|Python|83|79|26
./src/_00/output/Python/keras-team~keras/keras/src/backend/numpy/random.py|keras-team|keras|random.py|Python|82|8|30
./src/_00/output/Python/keras-team~keras/keras/src/backend/tensorflow/layer.py|keras-team|keras|layer.py|Python|82|12|20
./src/_00/output/Python/keras-team~keras/keras/src/layers/reshaping/up_sampling2d.py|keras-team|keras|up_sampling2d.py|Python|82|71|17
./src/_00/output/Python/keras-team~keras/keras/src/layers/rnn/dropout_rnn_cell_test.py|keras-team|keras|dropout_rnn_cell_test.py|Python|82|1|10
./src/_00/output/Python/keras-team~keras/keras/src/optimizers/adafactor_test.py|keras-team|keras|adafactor_test.py|Python|82|3|17
./src/_00/output/Python/keras-team~keras/keras/src/utils/backend_utils.py|keras-team|keras|backend_utils.py|Python|82|30|28
./src/_00/output/Python/keras-team~keras/keras/src/utils/config.py|keras-team|keras|config.py|Python|82|51|49
./src/_00/output/Python/keras-team~keras/README.md|keras-team|keras|README.md|Markdown|81|0|39
./src/_00/output/Python/keras-team~keras/keras/src/layers/core/lambda_layer_test.py|keras-team|keras|lambda_layer_test.py|Python|81|2|11
./src/_00/output/Python/keras-team~keras/keras/src/layers/preprocessing/image_preprocessing/random_grayscale_test.py|keras-team|keras|random_grayscale_test.py|Python|81|0|13
./src/_00/output/Python/keras-team~keras/keras/src/layers/preprocessing/pipeline_test.py|keras-team|keras|pipeline_test.py|Python|81|0|11
./src/_00/output/Python/keras-team~keras/examples/demo_custom_torch_workflow.py|keras-team|keras|demo_custom_torch_workflow.py|Python|80|22|28
./src/_00/output/Python/keras-team~keras/keras/api/_tf_keras/keras/metrics/__init__.py|keras-team|keras|__init__.py|Python|80|4|2
./src/_00/output/Python/keras-team~keras/keras/src/backend/openvino/math.py|keras-team|keras|math.py|Python|80|0|37
./src/_00/output/Python/keras-team~keras/keras/src/layers/preprocessing/image_preprocessing/auto_contrast.py|keras-team|keras|auto_contrast.py|Python|79|14|16
./src/_00/output/Python/keras-team~keras/keras/src/layers/preprocessing/image_preprocessing/random_saturation_test.py|keras-team|keras|random_saturation_test.py|Python|79|0|18
./src/_00/output/Python/keras-team~keras/keras/src/layers/preprocessing/string_lookup_test.py|keras-team|keras|string_lookup_test.py|Python|79|1|11
./src/_00/output/Python/keras-team~keras/keras/src/layers/activations/relu_test.py|keras-team|keras|relu_test.py|Python|78|0|9
./src/_00/output/Python/keras-team~keras/keras/src/optimizers/adagrad.py|keras-team|keras|adagrad.py|Python|78|22|15
./src/_00/output/Python/keras-team~keras/keras/src/legacy/saving/json_utils_test.py|keras-team|keras|json_utils_test.py|Python|77|0|17
./src/_00/output/Python/keras-team~keras/keras/src/quantizers/quantizers_test.py|keras-team|keras|quantizers_test.py|Python|77|9|16
./src/_00/output/Python/keras-team~keras/keras/src/random/seed_generator_test.py|keras-team|keras|seed_generator_test.py|Python|77|0|18
./src/_00/output/Python/keras-team~keras/keras/src/layers/preprocessing/category_encoding.py|keras-team|keras|category_encoding.py|Python|76|68|22
./src/_00/output/Python/keras-team~keras/keras/src/optimizers/__init__.py|keras-team|keras|__init__.py|Python|76|28|17
./src/_00/output/Python/keras-team~keras/benchmarks/torch_ctl_benchmark/conv_model_benchmark.py|keras-team|keras|conv_model_benchmark.py|Python|75|7|16
./src/_00/output/Python/keras-team~keras/keras/src/layers/convolutional/conv1d.py|keras-team|keras|conv1d.py|Python|75|77|18
./src/_00/output/Python/keras-team~keras/keras/src/layers/preprocessing/image_preprocessing/auto_contrast_test.py|keras-team|keras|auto_contrast_test.py|Python|75|0|19
./src/_00/output/Python/keras-team~keras/keras/src/layers/preprocessing/image_preprocessing/solarization_test.py|keras-team|keras|solarization_test.py|Python|75|0|9
./src/_00/output/Python/keras-team~keras/keras/src/layers/preprocessing/string_lookup.py|keras-team|keras|string_lookup.py|Python|75|263|56
./src/_00/output/Python/keras-team~keras/keras/src/utils/io_utils.py|keras-team|keras|io_utils.py|Python|75|38|25
./src/_00/output/Python/keras-team~keras/keras/src/utils/python_utils_test.py|keras-team|keras|python_utils_test.py|Python|75|3|23
./src/_00/output/Python/keras-team~keras/benchmarks/torch_ctl_benchmark/dense_model_benchmark.py|keras-team|keras|dense_model_benchmark.py|Python|74|7|16
./src/_00/output/Python/keras-team~keras/guides/distributed_training_with_tensorflow.py|keras-team|keras|distributed_training_with_tensorflow.py|Python|74|139|62
./src/_00/output/Python/keras-team~keras/keras/api/metrics/__init__.py|keras-team|keras|__init__.py|Python|74|4|2
./src/_00/output/Python/keras-team~keras/keras/src/layers/attention/additive_attention_test.py|keras-team|keras|additive_attention_test.py|Python|74|2|10
./src/_00/output/Python/keras-team~keras/keras/src/layers/normalization/spectral_normalization_test.py|keras-team|keras|spectral_normalization_test.py|Python|74|1|8
./src/_00/output/Python/keras-team~keras/keras/src/layers/rnn/conv_lstm1d_test.py|keras-team|keras|conv_lstm1d_test.py|Python|73|0|4
./src/_00/output/Python/keras-team~keras/keras/src/layers/pooling/base_pooling.py|keras-team|keras|base_pooling.py|Python|72|1|8
./src/_00/output/Python/keras-team~keras/keras/src/layers/regularization/spatial_dropout.py|keras-team|keras|spatial_dropout.py|Python|72|81|39
./src/_00/output/Python/keras-team~keras/keras/src/backend/openvino/random.py|keras-team|keras|random.py|Python|71|5|27
./src/_00/output/Python/keras-team~keras/keras/src/layers/core/wrapper_test.py|keras-team|keras|wrapper_test.py|Python|71|1|8
./src/_00/output/Python/keras-team~keras/keras/src/layers/preprocessing/image_preprocessing/max_num_bounding_box_test.py|keras-team|keras|max_num_bounding_box_test.py|Python|71|0|6
./src/_00/output/Python/keras-team~keras/keras/src/layers/reshaping/up_sampling3d.py|keras-team|keras|up_sampling3d.py|Python|71|48|15
./src/_00/output/Python/keras-team~keras/keras/src/layers/rnn/time_distributed_test.py|keras-team|keras|time_distributed_test.py|Python|71|0|8
./src/_00/output/Python/keras-team~keras/keras/src/metrics/correlation_metrics.py|keras-team|keras|correlation_metrics.py|Python|71|99|45
./src/_00/output/Python/keras-team~keras/keras/src/optimizers/nadam_test.py|keras-team|keras|nadam_test.py|Python|71|3|16
./src/_00/output/Python/keras-team~keras/keras/src/optimizers/sgd_test.py|keras-team|keras|sgd_test.py|Python|71|3|15
./src/_00/output/Python/keras-team~keras/keras/src/trainers/data_adapters/generator_data_adapter.py|keras-team|keras|generator_data_adapter.py|Python|71|1|15
./src/_00/output/Python/keras-team~keras/keras/src/layers/activations/prelu.py|keras-team|keras|prelu.py|Python|70|20|9
./src/_00/output/Python/keras-team~keras/keras/src/layers/normalization/spectral_normalization.py|keras-team|keras|spectral_normalization.py|Python|70|29|22
./src/_00/output/Python/keras-team~keras/keras/src/utils/argument_validation.py|keras-team|keras|argument_validation.py|Python|70|12|10
./src/_00/output/Python/keras-team~keras/keras/src/utils/torch_utils.py|keras-team|keras|torch_utils.py|Python|70|64|32
./src/_00/output/Python/keras-team~keras/keras/src/callbacks/progbar_logger.py|keras-team|keras|progbar_logger.py|Python|69|11|22
./src/_00/output/Python/keras-team~keras/keras/src/layers/preprocessing/image_preprocessing/random_rotation_test.py|keras-team|keras|random_rotation_test.py|Python|69|0|8
./src/_00/output/Python/keras-team~keras/keras/src/optimizers/lion_test.py|keras-team|keras|lion_test.py|Python|69|1|15
./src/_00/output/Python/keras-team~keras/keras/src/visualization/plot_segmentation_mask_gallery.py|keras-team|keras|plot_segmentation_mask_gallery.py|Python|69|34|18
./src/_00/output/Python/keras-team~keras/keras/src/optimizers/adamw_test.py|keras-team|keras|adamw_test.py|Python|68|3|16
./src/_00/output/Python/keras-team~keras/keras/src/random/random.py|keras-team|keras|random.py|Python|68|238|39
./src/_00/output/Python/keras-team~keras/keras/src/tree/tree_api.py|keras-team|keras|tree_api.py|Python|68|240|96
./src/_00/output/Python/keras-team~keras/keras/src/utils/sequence_utils.py|keras-team|keras|sequence_utils.py|Python|68|50|21
./src/_00/output/Python/keras-team~keras/keras/src/layers/preprocessing/image_preprocessing/max_num_bounding_box.py|keras-team|keras|max_num_bounding_box.py|Python|67|8|14
./src/_00/output/Python/keras-team~keras/keras/src/layers/reshaping/permute_test.py|keras-team|keras|permute_test.py|Python|67|1|10
./src/_00/output/Python/keras-team~keras/keras/src/optimizers/adagrad_test.py|keras-team|keras|adagrad_test.py|Python|67|3|16
./src/_00/output/Python/keras-team~keras/keras/src/layers/preprocessing/image_preprocessing/random_hue_test.py|keras-team|keras|random_hue_test.py|Python|66|0|17
./src/_00/output/Python/keras-team~keras/keras/src/layers/reshaping/cropping1d_test.py|keras-team|keras|cropping1d_test.py|Python|66|5|9
./src/_00/output/Python/keras-team~keras/keras/src/layers/rnn/conv_lstm1d.py|keras-team|keras|conv_lstm1d.py|Python|66|105|13
./src/_00/output/Python/keras-team~keras/keras/src/layers/rnn/conv_lstm2d.py|keras-team|keras|conv_lstm2d.py|Python|66|105|13
./src/_00/output/Python/keras-team~keras/keras/src/layers/rnn/conv_lstm3d.py|keras-team|keras|conv_lstm3d.py|Python|66|104|13
./src/_00/output/Python/keras-team~keras/keras/src/optimizers/adamax_test.py|keras-team|keras|adamax_test.py|Python|66|3|16
./src/_00/output/Python/keras-team~keras/keras/src/testing/test_utils.py|keras-team|keras|test_utils.py|Python|66|70|27
./src/_00/output/Python/keras-team~keras/keras/src/callbacks/csv_logger.py|keras-team|keras|csv_logger.py|Python|65|16|19
./src/_00/output/Python/keras-team~keras/keras/src/constraints/constraints.py|keras-team|keras|constraints.py|Python|65|103|45
./src/_00/output/Python/keras-team~keras/keras/src/layers/reshaping/zero_padding1d_test.py|keras-team|keras|zero_padding1d_test.py|Python|65|0|9
./src/_00/output/Python/keras-team~keras/keras/__init__.py|keras-team|keras|__init__.py|Python|64|6|8
./src/_00/output/Python/keras-team~keras/keras/src/layers/reshaping/zero_padding3d.py|keras-team|keras|zero_padding3d.py|Python|64|43|11
./src/_00/output/Python/keras-team~keras/keras/src/ops/node.py|keras-team|keras|node.py|Python|64|53|26
./src/_00/output/Python/keras-team~keras/keras/src/trainers/data_adapters/torch_data_loader_adapter.py|keras-team|keras|torch_data_loader_adapter.py|Python|64|3|16
./src/_00/output/Python/keras-team~keras/examples/demo_custom_layer_backend_agnostic.py|keras-team|keras|demo_custom_layer_backend_agnostic.py|Python|63|6|18
./src/_00/output/Python/keras-team~keras/keras/src/backend/tests/device_scope_test.py|keras-team|keras|device_scope_test.py|Python|63|7|21
./src/_00/output/Python/keras-team~keras/keras/src/optimizers/rmsprop_test.py|keras-team|keras|rmsprop_test.py|Python|63|0|14
./src/_00/output/Python/keras-team~keras/keras/src/backend/torch/optimizers/torch_nadam.py|keras-team|keras|torch_nadam.py|Python|62|0|12
./src/_00/output/Python/keras-team~keras/keras/src/optimizers/lamb_test.py|keras-team|keras|lamb_test.py|Python|62|0|14
./src/_00/output/Python/keras-team~keras/keras/src/backend/common/stateless_scope.py|keras-team|keras|stateless_scope.py|Python|61|25|19
./src/_00/output/Python/keras-team~keras/keras/src/backend/numpy/linalg.py|keras-team|keras|linalg.py|Python|61|0|27
./src/_00/output/Python/keras-team~keras/keras/src/layers/rnn/time_distributed.py|keras-team|keras|time_distributed.py|Python|61|31|23
./src/_00/output/Python/keras-team~keras/keras/src/metrics/correlation_metrics_test.py|keras-team|keras|correlation_metrics_test.py|Python|61|8|10
./src/_00/output/Python/keras-team~keras/keras/src/optimizers/adadelta_test.py|keras-team|keras|adadelta_test.py|Python|61|0|14
./src/_00/output/Python/keras-team~keras/keras/src/visualization/draw_segmentation_masks.py|keras-team|keras|draw_segmentation_masks.py|Python|61|35|13
./src/_00/output/Python/keras-team~keras/integration_tests/tf_distribute_training_test.py|keras-team|keras|tf_distribute_training_test.py|Python|60|2|14
./src/_00/output/Python/keras-team~keras/keras/src/backend/jax/linalg.py|keras-team|keras|linalg.py|Python|60|3|26
./src/_00/output/Python/keras-team~keras/keras/api/initializers/__init__.py|keras-team|keras|__init__.py|Python|59|4|2
./src/_00/output/Python/keras-team~keras/keras/src/backend/__init__.py|keras-team|keras|__init__.py|Python|59|4|14
./src/_00/output/Python/keras-team~keras/keras/src/layers/regularization/alpha_dropout.py|keras-team|keras|alpha_dropout.py|Python|59|24|15
./src/_00/output/Python/keras-team~keras/keras/src/optimizers/ftrl_test.py|keras-team|keras|ftrl_test.py|Python|58|3|12
./src/_00/output/Python/keras-team~keras/examples/demo_custom_tf_workflow.py|keras-team|keras|demo_custom_tf_workflow.py|Python|57|3|24
./src/_00/output/Python/keras-team~keras/keras/api/applications/__init__.py|keras-team|keras|__init__.py|Python|57|4|2
./src/_00/output/Python/keras-team~keras/keras/src/layers/preprocessing/image_preprocessing/random_grayscale.py|keras-team|keras|random_grayscale.py|Python|57|31|18
./src/_00/output/Python/keras-team~keras/.kokoro/github/ubuntu/gpu/build.sh|keras-team|keras|build.sh|Bourne Shell|55|10|14
./src/_00/output/Python/keras-team~keras/keras/src/backend/torch/optimizers/torch_rmsprop.py|keras-team|keras|torch_rmsprop.py|Python|55|0|9
./src/_00/output/Python/keras-team~keras/keras/src/layers/convolutional/separable_conv1d.py|keras-team|keras|separable_conv1d.py|Python|55|76|12
./src/_00/output/Python/keras-team~keras/keras/src/layers/convolutional/separable_conv2d.py|keras-team|keras|separable_conv2d.py|Python|55|77|12
./src/_00/output/Python/keras-team~keras/keras/src/layers/preprocessing/tf_data_layer.py|keras-team|keras|tf_data_layer.py|Python|55|6|8
./src/_00/output/Python/keras-team~keras/keras/src/layers/reshaping/up_sampling1d_test.py|keras-team|keras|up_sampling1d_test.py|Python|55|0|8
./src/_00/output/Python/keras-team~keras/keras/src/backend/common/name_scope.py|keras-team|keras|name_scope.py|Python|54|11|8
./src/_00/output/Python/keras-team~keras/keras/src/layers/normalization/unit_normalization_test.py|keras-team|keras|unit_normalization_test.py|Python|54|0|9
./src/_00/output/Python/keras-team~keras/keras/src/layers/regularization/alpha_dropout_test.py|keras-team|keras|alpha_dropout_test.py|Python|54|0|8
./src/_00/output/Python/keras-team~keras/keras/src/layers/regularization/dropout_test.py|keras-team|keras|dropout_test.py|Python|54|0|8
./src/_00/output/Python/keras-team~keras/keras/src/layers/reshaping/zero_padding2d.py|keras-team|keras|zero_padding2d.py|Python|54|53|12
./src/_00/output/Python/keras-team~keras/keras/src/utils/io_utils_test.py|keras-team|keras|io_utils_test.py|Python|54|1|14
./src/_00/output/Python/keras-team~keras/keras/api/_tf_keras/keras/losses/__init__.py|keras-team|keras|__init__.py|Python|53|4|2
./src/_00/output/Python/keras-team~keras/keras/src/backend/common/compute_output_spec_test.py|keras-team|keras|compute_output_spec_test.py|Python|53|0|11
./src/_00/output/Python/keras-team~keras/keras/src/callbacks/callback.py|keras-team|keras|callback.py|Python|53|174|68
./src/_00/output/Python/keras-team~keras/keras/api/__init__.py|keras-team|keras|__init__.py|Python|52|4|2
./src/_00/output/Python/keras-team~keras/keras/src/backend/torch/linalg.py|keras-team|keras|linalg.py|Python|52|1|25
./src/_00/output/Python/keras-team~keras/keras/src/callbacks/remote_monitor.py|keras-team|keras|remote_monitor.py|Python|52|21|10
./src/_00/output/Python/keras-team~keras/keras/src/dtype_policies/__init__.py|keras-team|keras|__init__.py|Python|52|35|20
./src/_00/output/Python/keras-team~keras/SECURITY.md|keras-team|keras|SECURITY.md|Markdown|51|0|29
./src/_00/output/Python/keras-team~keras/keras/src/backend/torch/layer.py|keras-team|keras|layer.py|Python|51|4|13
./src/_00/output/Python/keras-team~keras/keras/src/models/variable_mapping.py|keras-team|keras|variable_mapping.py|Python|51|2|8
./src/_00/output/Python/keras-team~keras/.github/workflows/stale-issue-pr.yaml|keras-team|keras|stale-issue-pr.yaml|YAML|50|5|0
./src/_00/output/Python/keras-team~keras/examples/demo_functional.py|keras-team|keras|demo_functional.py|Python|50|0|9
./src/_00/output/Python/keras-team~keras/keras/api/_tf_keras/keras/__init__.py|keras-team|keras|__init__.py|Python|50|4|2
./src/_00/output/Python/keras-team~keras/keras/api/utils/__init__.py|keras-team|keras|__init__.py|Python|50|4|2
./src/_00/output/Python/keras-team~keras/keras/src/layers/rnn/conv_lstm_test.py|keras-team|keras|conv_lstm_test.py|Python|50|0|7
./src/_00/output/Python/keras-team~keras/keras/src/optimizers/adamw.py|keras-team|keras|adamw.py|Python|50|39|11
./src/_00/output/Python/keras-team~keras/keras/src/layers/core/masking_test.py|keras-team|keras|masking_test.py|Python|49|0|10
./src/_00/output/Python/keras-team~keras/keras/src/backend/torch/optimizers/torch_adadelta.py|keras-team|keras|torch_adadelta.py|Python|48|0|8
./src/_00/output/Python/keras-team~keras/keras/src/backend/torch/optimizers/torch_adam.py|keras-team|keras|torch_adam.py|Python|48|0|10
./src/_00/output/Python/keras-team~keras/keras/src/constraints/__init__.py|keras-team|keras|__init__.py|Python|48|2|10
./src/_00/output/Python/keras-team~keras/keras/src/layers/activations/relu.py|keras-team|keras|relu.py|Python|48|28|10
./src/_00/output/Python/keras-team~keras/keras/src/regularizers/__init__.py|keras-team|keras|__init__.py|Python|48|2|10
./src/_00/output/Python/keras-team~keras/keras/src/layers/convolutional/conv1d_transpose.py|keras-team|keras|conv1d_transpose.py|Python|47|70|14
./src/_00/output/Python/keras-team~keras/keras/src/layers/convolutional/conv2d_transpose.py|keras-team|keras|conv2d_transpose.py|Python|47|72|14
./src/_00/output/Python/keras-team~keras/keras/src/layers/convolutional/conv3d_transpose.py|keras-team|keras|conv3d_transpose.py|Python|47|77|14
./src/_00/output/Python/keras-team~keras/keras/src/ops/node_test.py|keras-team|keras|node_test.py|Python|47|3|16
./src/_00/output/Python/keras-team~keras/keras/api/losses/__init__.py|keras-team|keras|__init__.py|Python|46|4|2
./src/_00/output/Python/keras-team~keras/keras/src/callbacks/terminate_on_nan_test.py|keras-team|keras|terminate_on_nan_test.py|Python|46|0|6
./src/_00/output/Python/keras-team~keras/keras/api/ops/nn/__init__.py|keras-team|keras|__init__.py|Python|45|4|2
./src/_00/output/Python/keras-team~keras/keras/src/layers/activations/softmax_test.py|keras-team|keras|softmax_test.py|Python|45|0|6
./src/_00/output/Python/keras-team~keras/keras/src/layers/preprocessing/rescaling.py|keras-team|keras|rescaling.py|Python|45|19|14
./src/_00/output/Python/keras-team~keras/keras/src/utils/backend_utils_test.py|keras-team|keras|backend_utils_test.py|Python|45|0|8
./src/_00/output/Python/keras-team~keras/keras/src/utils/naming.py|keras-team|keras|naming.py|Python|45|11|17
./src/_00/output/Python/keras-team~keras/integration_tests/basic_full_flow.py|keras-team|keras|basic_full_flow.py|Python|44|0|10
./src/_00/output/Python/keras-team~keras/keras/src/layers/convolutional/conv2d.py|keras-team|keras|conv2d.py|Python|44|71|13
./src/_00/output/Python/keras-team~keras/keras/src/layers/convolutional/conv3d.py|keras-team|keras|conv3d.py|Python|44|77|13
./src/_00/output/Python/keras-team~keras/keras/src/backend/common/name_scope_test.py|keras-team|keras|name_scope_test.py|Python|43|0|5
./src/_00/output/Python/keras-team~keras/keras/src/backend/openvino/excluded_tests.txt|keras-team|keras|excluded_tests.txt|Text|43|0|0
./src/_00/output/Python/keras-team~keras/keras/src/quantizers/__init__.py|keras-team|keras|__init__.py|Python|43|2|9
./src/_00/output/Python/keras-team~keras/integration_tests/torch_custom_fit_test.py|keras-team|keras|torch_custom_fit_test.py|Python|42|0|10
./src/_00/output/Python/keras-team~keras/keras/src/backend/torch/optimizers/torch_adamax.py|keras-team|keras|torch_adamax.py|Python|42|0|10
./src/_00/output/Python/keras-team~keras/keras/src/layers/convolutional/depthwise_conv1d.py|keras-team|keras|depthwise_conv1d.py|Python|42|78|17
./src/_00/output/Python/keras-team~keras/keras/src/layers/convolutional/depthwise_conv2d.py|keras-team|keras|depthwise_conv2d.py|Python|42|79|17
./src/_00/output/Python/keras-team~keras/keras/src/layers/preprocessing/pipeline.py|keras-team|keras|pipeline.py|Python|42|28|14
./src/_00/output/Python/keras-team~keras/keras/src/layers/reshaping/cropping1d.py|keras-team|keras|cropping1d.py|Python|42|28|12
./src/_00/output/Python/keras-team~keras/keras/src/layers/reshaping/flatten.py|keras-team|keras|flatten.py|Python|42|24|14
./src/_00/output/Python/keras-team~keras/keras/src/layers/pooling/base_global_pooling.py|keras-team|keras|base_global_pooling.py|Python|41|1|7
./src/_00/output/Python/keras-team~keras/keras/src/layers/regularization/gaussian_dropout.py|keras-team|keras|gaussian_dropout.py|Python|41|12|10
./src/_00/output/Python/keras-team~keras/keras/src/utils/module_utils.py|keras-team|keras|module_utils.py|Python|41|0|8
./src/_00/output/Python/keras-team~keras/examples/demo_mnist_convnet.py|keras-team|keras|demo_mnist_convnet.py|Python|40|5|11
./src/_00/output/Python/keras-team~keras/integration_tests/tf_custom_fit_test.py|keras-team|keras|tf_custom_fit_test.py|Python|40|0|10
./src/_00/output/Python/keras-team~keras/keras/src/backend/common/stateless_scope_test.py|keras-team|keras|stateless_scope_test.py|Python|39|5|11
./src/_00/output/Python/keras-team~keras/keras/src/datasets/california_housing.py|keras-team|keras|california_housing.py|Python|39|47|18
./src/_00/output/Python/keras-team~keras/keras/src/layers/regularization/dropout.py|keras-team|keras|dropout.py|Python|39|27|11
./src/_00/output/Python/keras-team~keras/keras/src/layers/regularization/gaussian_noise.py|keras-team|keras|gaussian_noise.py|Python|39|14|10
./src/_00/output/Python/keras-team~keras/keras/src/layers/reshaping/repeat_vector_test.py|keras-team|keras|repeat_vector_test.py|Python|39|0|8
./src/_00/output/Python/keras-team~keras/keras/src/utils/code_stats.py|keras-team|keras|code_stats.py|Python|39|3|7
./src/_00/output/Python/keras-team~keras/keras/src/wrappers/fixes.py|keras-team|keras|fixes.py|Python|39|28|16
./src/_00/output/Python/keras-team~keras/keras/src/datasets/cifar10.py|keras-team|keras|cifar10.py|Python|38|40|23
./src/_00/output/Python/keras-team~keras/keras/src/layers/activations/softmax.py|keras-team|keras|softmax.py|Python|38|24|14
./src/_00/output/Python/keras-team~keras/keras/src/layers/reshaping/reshape.py|keras-team|keras|reshape.py|Python|38|21|14
./src/_00/output/Python/keras-team~keras/keras/src/backend/torch/optimizers/torch_optimizer.py|keras-team|keras|torch_optimizer.py|Python|37|1|7
./src/_00/output/Python/keras-team~keras/keras/src/callbacks/learning_rate_scheduler.py|keras-team|keras|learning_rate_scheduler.py|Python|37|29|15
./src/_00/output/Python/keras-team~keras/keras/src/layers/normalization/unit_normalization.py|keras-team|keras|unit_normalization.py|Python|37|15|11
./src/_00/output/Python/keras-team~keras/keras/src/layers/rnn/dropout_rnn_cell.py|keras-team|keras|dropout_rnn_cell.py|Python|37|18|11
./src/_00/output/Python/keras-team~keras/.github/workflows/scorecard.yml|keras-team|keras|scorecard.yml|YAML|36|18|7
./src/_00/output/Python/keras-team~keras/keras/src/backend/tensorflow/distribution_lib.py|keras-team|keras|distribution_lib.py|Python|36|31|20
./src/_00/output/Python/keras-team~keras/keras/src/wrappers/utils.py|keras-team|keras|utils.py|Python|36|33|18
./src/_00/output/Python/keras-team~keras/keras/src/layers/activations/activation_test.py|keras-team|keras|activation_test.py|Python|35|0|3
./src/_00/output/Python/keras-team~keras/keras/src/layers/preprocessing/image_preprocessing/bounding_boxes/formats.py|keras-team|keras|formats.py|Python|35|61|39
./src/_00/output/Python/keras-team~keras/keras/api/activations/__init__.py|keras-team|keras|__init__.py|Python|34|4|2
./src/_00/output/Python/keras-team~keras/keras/src/datasets/cifar100.py|keras-team|keras|cifar100.py|Python|34|32|20
./src/_00/output/Python/keras-team~keras/keras/src/layers/attention/additive_attention.py|keras-team|keras|additive_attention.py|Python|34|56|13
./src/_00/output/Python/keras-team~keras/keras/src/layers/pooling/global_average_pooling1d.py|keras-team|keras|global_average_pooling1d.py|Python|34|39|13
./src/_00/output/Python/keras-team~keras/integration_tests/dataset_tests/reuters_test.py|keras-team|keras|reuters_test.py|Python|33|9|9
./src/_00/output/Python/keras-team~keras/keras/src/backend/openvino/image.py|keras-team|keras|image.py|Python|33|0|6
./src/_00/output/Python/keras-team~keras/keras/src/backend/tensorflow/name_scope_test.py|keras-team|keras|name_scope_test.py|Python|33|0|4
./src/_00/output/Python/keras-team~keras/keras/src/layers/activations/leaky_relu.py|keras-team|keras|leaky_relu.py|Python|33|20|14
./src/_00/output/Python/keras-team~keras/keras/src/layers/activations/leaky_relu_test.py|keras-team|keras|leaky_relu_test.py|Python|33|0|5
./src/_00/output/Python/keras-team~keras/keras/src/layers/activations/prelu_test.py|keras-team|keras|prelu_test.py|Python|33|0|6
./src/_00/output/Python/keras-team~keras/keras/src/layers/reshaping/permute.py|keras-team|keras|permute.py|Python|33|18|13
./src/_00/output/Python/keras-team~keras/keras/src/utils/dtype_utils.py|keras-team|keras|dtype_utils.py|Python|33|8|10
./src/_00/output/Python/keras-team~keras/examples/demo_subclass.py|keras-team|keras|demo_subclass.py|Python|32|0|10
./src/_00/output/Python/keras-team~keras/keras/src/api_export.py|keras-team|keras|api_export.py|Python|32|2|15
./src/_00/output/Python/keras-team~keras/keras/src/backend/common/global_state.py|keras-team|keras|global_state.py|Python|32|44|22
./src/_00/output/Python/keras-team~keras/keras/src/backend/torch/optimizers/torch_adagrad.py|keras-team|keras|torch_adagrad.py|Python|32|0|5
./src/_00/output/Python/keras-team~keras/keras/src/layers/core/wrapper.py|keras-team|keras|wrapper.py|Python|32|7|8
./src/_00/output/Python/keras-team~keras/keras/src/layers/regularization/gaussian_dropout_test.py|keras-team|keras|gaussian_dropout_test.py|Python|32|0|4
./src/_00/output/Python/keras-team~keras/.github/workflows/scripts/auto-assignment.js|keras-team|keras|auto-assignment.js|JavaScript|31|25|4
./src/_00/output/Python/keras-team~keras/codecov.yml|keras-team|keras|codecov.yml|YAML|31|1|3
./src/_00/output/Python/keras-team~keras/integration_tests/dataset_tests/imdb_test.py|keras-team|keras|imdb_test.py|Python|31|8|9
./src/_00/output/Python/keras-team~keras/keras/src/backend/common/masking_test.py|keras-team|keras|masking_test.py|Python|31|0|12
./src/_00/output/Python/keras-team~keras/keras/src/datasets/fashion_mnist.py|keras-team|keras|fashion_mnist.py|Python|31|41|24
./src/_00/output/Python/keras-team~keras/keras/src/layers/core/identity_test.py|keras-team|keras|identity_test.py|Python|31|0|3
./src/_00/output/Python/keras-team~keras/keras/src/layers/reshaping/zero_padding1d.py|keras-team|keras|zero_padding1d.py|Python|31|51|11
./src/_00/output/Python/keras-team~keras/keras/src/ops/symbolic_arguments.py|keras-team|keras|symbolic_arguments.py|Python|31|6|9
./src/_00/output/Python/keras-team~keras/keras/src/backend/openvino/linalg.py|keras-team|keras|linalg.py|Python|30|0|22
./src/_00/output/Python/keras-team~keras/keras/src/layers/merging/multiply.py|keras-team|keras|multiply.py|Python|30|41|20
./src/_00/output/Python/keras-team~keras/keras/src/layers/regularization/gaussian_noise_test.py|keras-team|keras|gaussian_noise_test.py|Python|30|0|4
./src/_00/output/Python/keras-team~keras/integration_tests/dataset_tests/cifar100_test.py|keras-team|keras|cifar100_test.py|Python|29|0|6
./src/_00/output/Python/keras-team~keras/keras/src/backend/common/tensor_attributes.py|keras-team|keras|tensor_attributes.py|Python|29|0|7
./src/_00/output/Python/keras-team~keras/keras/src/backend/jax/__init__.py|keras-team|keras|__init__.py|Python|29|0|0
./src/_00/output/Python/keras-team~keras/keras/src/backend/tensorflow/__init__.py|keras-team|keras|__init__.py|Python|29|0|0
./src/_00/output/Python/keras-team~keras/keras/src/backend/torch/optimizers/torch_lion.py|keras-team|keras|torch_lion.py|Python|29|0|8
./src/_00/output/Python/keras-team~keras/keras/src/backend/torch/optimizers/torch_sgd.py|keras-team|keras|torch_sgd.py|Python|29|0|7
./src/_00/output/Python/keras-team~keras/keras/src/datasets/boston_housing.py|keras-team|keras|boston_housing.py|Python|29|28|13
./src/_00/output/Python/keras-team~keras/keras/src/utils/rng_utils_test.py|keras-team|keras|rng_utils_test.py|Python|29|0|4
./src/_00/output/Python/keras-team~keras/.devcontainer/devcontainer.json|keras-team|keras|devcontainer.json|JSON|28|0|0
./src/_00/output/Python/keras-team~keras/integration_tests/dataset_tests/cifar10_test.py|keras-team|keras|cifar10_test.py|Python|28|0|10
./src/_00/output/Python/keras-team~keras/integration_tests/dataset_tests/fashion_mnist_test.py|keras-team|keras|fashion_mnist_test.py|Python|28|0|10
./src/_00/output/Python/keras-team~keras/integration_tests/dataset_tests/mnist_test.py|keras-team|keras|mnist_test.py|Python|28|0|10
./src/_00/output/Python/keras-team~keras/keras/src/backend/openvino/rnn.py|keras-team|keras|rnn.py|Python|28|0|10
./src/_00/output/Python/keras-team~keras/keras/src/backend/tensorflow/trackable.py|keras-team|keras|trackable.py|Python|28|19|11
./src/_00/output/Python/keras-team~keras/keras/src/backend/torch/__init__.py|keras-team|keras|__init__.py|Python|28|12|4
./src/_00/output/Python/keras-team~keras/keras/src/backend/torch/export.py|keras-team|keras|export.py|Python|28|3|4
./src/_00/output/Python/keras-team~keras/keras/src/callbacks/lambda_callback.py|keras-team|keras|lambda_callback.py|Python|28|48|11
./src/_00/output/Python/keras-team~keras/benchmarks/torch_ctl_benchmark/benchmark_utils.py|keras-team|keras|benchmark_utils.py|Python|27|2|7
./src/_00/output/Python/keras-team~keras/keras/api/utils/bounding_boxes/__init__.py|keras-team|keras|__init__.py|Python|27|4|2
./src/_00/output/Python/keras-team~keras/keras/src/models/variable_mapping_test.py|keras-team|keras|variable_mapping_test.py|Python|27|0|6
./src/_00/output/Python/keras-team~keras/keras/src/layers/core/masking.py|keras-team|keras|masking.py|Python|26|30|15
./src/_00/output/Python/keras-team~keras/keras/src/metrics/hinge_metrics.py|keras-team|keras|hinge_metrics.py|Python|26|52|22
./src/_00/output/Python/keras-team~keras/keras/src/utils/__init__.py|keras-team|keras|__init__.py|Python|26|0|0
./src/_00/output/Python/keras-team~keras/.github/workflows/scripts/labeler.js|keras-team|keras|labeler.js|JavaScript|25|18|6
./src/_00/output/Python/keras-team~keras/keras/src/backend/numpy/__init__.py|keras-team|keras|__init__.py|Python|25|0|0
./src/_00/output/Python/keras-team~keras/keras/src/backend/tensorflow/export.py|keras-team|keras|export.py|Python|25|2|5
./src/_00/output/Python/keras-team~keras/keras/src/callbacks/callback_test.py|keras-team|keras|callback_test.py|Python|25|0|6
./src/_00/output/Python/keras-team~keras/keras/src/layers/activations/elu_test.py|keras-team|keras|elu_test.py|Python|25|0|7
./src/_00/output/Python/keras-team~keras/keras/src/layers/regularization/activity_regularization_test.py|keras-team|keras|activity_regularization_test.py|Python|25|0|4
./src/_00/output/Python/keras-team~keras/keras/src/trainers/data_adapters/data_adapter.py|keras-team|keras|data_adapter.py|Python|25|51|21
./src/_00/output/Python/keras-team~keras/integration_tests/dataset_tests/california_housing_test.py|keras-team|keras|california_housing_test.py|Python|24|3|5
./src/_00/output/Python/keras-team~keras/keras/src/backend/openvino/__init__.py|keras-team|keras|__init__.py|Python|24|0|0
./src/_00/output/Python/keras-team~keras/keras/src/layers/reshaping/repeat_vector.py|keras-team|keras|repeat_vector.py|Python|24|13|11
./src/_00/output/Python/keras-team~keras/conftest.py|keras-team|keras|conftest.py|Python|23|5|10
./src/_00/output/Python/keras-team~keras/keras/src/layers/pooling/average_pooling1d.py|keras-team|keras|average_pooling1d.py|Python|23|52|17
./src/_00/output/Python/keras-team~keras/keras/src/layers/pooling/average_pooling2d.py|keras-team|keras|average_pooling2d.py|Python|23|68|18
./src/_00/output/Python/keras-team~keras/keras/src/layers/pooling/average_pooling3d.py|keras-team|keras|average_pooling3d.py|Python|23|50|12
./src/_00/output/Python/keras-team~keras/keras/src/layers/pooling/max_pooling1d.py|keras-team|keras|max_pooling1d.py|Python|23|52|18
./src/_00/output/Python/keras-team~keras/keras/src/layers/pooling/max_pooling2d.py|keras-team|keras|max_pooling2d.py|Python|23|68|18
./src/_00/output/Python/keras-team~keras/keras/src/layers/pooling/max_pooling3d.py|keras-team|keras|max_pooling3d.py|Python|23|50|12
./src/_00/output/Python/keras-team~keras/.devcontainer/README.md|keras-team|keras|README.md|Markdown|22|0|4
./src/_00/output/Python/keras-team~keras/integration_tests/torch_workflow_test.py|keras-team|keras|torch_workflow_test.py|Python|22|4|8
./src/_00/output/Python/keras-team~keras/keras/src/backend/common/thread_safe_test.py|keras-team|keras|thread_safe_test.py|Python|22|0|7
./src/_00/output/Python/keras-team~keras/keras/src/layers/merging/subtract.py|keras-team|keras|subtract.py|Python|22|41|19
./src/_00/output/Python/keras-team~keras/keras/src/layers/regularization/activity_regularization.py|keras-team|keras|activity_regularization.py|Python|22|11|9
./src/_00/output/Python/keras-team~keras/requirements-common.txt|keras-team|keras|requirements-common.txt|Text|22|0|0
./src/_00/output/Python/keras-team~keras/keras/api/optimizers/schedules/__init__.py|keras-team|keras|__init__.py|Python|21|4|2
./src/_00/output/Python/keras-team~keras/keras/src/layers/pooling/global_average_pooling2d.py|keras-team|keras|global_average_pooling2d.py|Python|21|36|11
./src/_00/output/Python/keras-team~keras/keras/src/layers/pooling/global_average_pooling3d.py|keras-team|keras|global_average_pooling3d.py|Python|21|37|11
./src/_00/output/Python/keras-team~keras/keras/src/layers/pooling/global_max_pooling2d.py|keras-team|keras|global_max_pooling2d.py|Python|21|36|11
./src/_00/output/Python/keras-team~keras/keras/src/layers/pooling/global_max_pooling3d.py|keras-team|keras|global_max_pooling3d.py|Python|21|37|11
./src/_00/output/Python/keras-team~keras/keras/src/layers/reshaping/up_sampling1d.py|keras-team|keras|up_sampling1d.py|Python|21|27|12
./src/_00/output/Python/keras-team~keras/keras/src/optimizers/optimizer.py|keras-team|keras|optimizer.py|Python|21|0|6
./src/_00/output/Python/keras-team~keras/keras/src/saving/keras_saveable.py|keras-team|keras|keras_saveable.py|Python|21|9|8
./src/_00/output/Python/keras-team~keras/.github/dependabot.yml|keras-team|keras|dependabot.yml|YAML|20|5|1
./src/_00/output/Python/keras-team~keras/.github/workflows/labeler.yaml|keras-team|keras|labeler.yaml|YAML|20|17|5
./src/_00/output/Python/keras-team~keras/keras/api/config/__init__.py|keras-team|keras|__init__.py|Python|20|4|2
./src/_00/output/Python/keras-team~keras/keras/src/__init__.py|keras-team|keras|__init__.py|Python|20|0|0
./src/_00/output/Python/keras-team~keras/keras/src/layers/pooling/global_max_pooling1d.py|keras-team|keras|global_max_pooling1d.py|Python|20|35|11
./src/_00/output/Python/keras-team~keras/.github/workflows/auto-assignment.yaml|keras-team|keras|auto-assignment.yaml|YAML|19|0|2
./src/_00/output/Python/keras-team~keras/keras/api/optimizers/__init__.py|keras-team|keras|__init__.py|Python|19|4|2
./src/_00/output/Python/keras-team~keras/keras/src/backend/torch/optimizers/torch_parallel_optimizer.py|keras-team|keras|torch_parallel_optimizer.py|Python|19|0|5
./src/_00/output/Python/keras-team~keras/keras/src/datasets/mnist.py|keras-team|keras|mnist.py|Python|19|36|16
./src/_00/output/Python/keras-team~keras/keras/src/layers/core/identity.py|keras-team|keras|identity.py|Python|19|4|7
./src/_00/output/Python/keras-team~keras/keras/src/utils/rng_utils.py|keras-team|keras|rng_utils.py|Python|19|24|13
./src/_00/output/Python/keras-team~keras/integration_tests/dataset_tests/boston_housing_test.py|keras-team|keras|boston_housing_test.py|Python|18|0|4
./src/_00/output/Python/keras-team~keras/keras/api/_tf_keras/keras/preprocessing/image/__init__.py|keras-team|keras|__init__.py|Python|18|4|2
./src/_00/output/Python/keras-team~keras/keras/src/backend/common/symbolic_scope_test.py|keras-team|keras|symbolic_scope_test.py|Python|18|2|5
./src/_00/output/Python/keras-team~keras/keras/src/layers/activations/activation.py|keras-team|keras|activation.py|Python|18|13|9
./src/_00/output/Python/keras-team~keras/benchmarks/model_benchmark/benchmark_utils.py|keras-team|keras|benchmark_utils.py|Python|17|1|6
./src/_00/output/Python/keras-team~keras/keras/src/legacy/losses.py|keras-team|keras|losses.py|Python|16|0|4
./src/_00/output/Python/keras-team~keras/keras/src/optimizers/schedules/__init__.py|keras-team|keras|__init__.py|Python|16|0|0
./src/_00/output/Python/keras-team~keras/keras/api/callbacks/__init__.py|keras-team|keras|__init__.py|Python|15|4|2
./src/_00/output/Python/keras-team~keras/keras/api/saving/__init__.py|keras-team|keras|__init__.py|Python|15|4|2
./src/_00/output/Python/keras-team~keras/keras/src/backend/jax/tensorboard.py|keras-team|keras|tensorboard.py|Python|15|0|8
./src/_00/output/Python/keras-team~keras/keras/src/callbacks/__init__.py|keras-team|keras|__init__.py|Python|15|0|0
./src/_00/output/Python/keras-team~keras/keras/src/callbacks/history.py|keras-team|keras|history.py|Python|15|17|10
./src/_00/output/Python/keras-team~keras/keras/src/callbacks/terminate_on_nan.py|keras-team|keras|terminate_on_nan.py|Python|15|1|4
./src/_00/output/Python/keras-team~keras/keras/api/backend/__init__.py|keras-team|keras|__init__.py|Python|14|4|2
./src/_00/output/Python/keras-team~keras/keras/api/regularizers/__init__.py|keras-team|keras|__init__.py|Python|14|4|2
./src/_00/output/Python/keras-team~keras/keras/src/backend/common/symbolic_scope.py|keras-team|keras|symbolic_scope.py|Python|14|1|8
./src/_00/output/Python/keras-team~keras/keras/src/initializers/initializer.py|keras-team|keras|initializer.py|Python|14|50|20
./src/_00/output/Python/keras-team~keras/keras/src/layers/activations/elu.py|keras-team|keras|elu.py|Python|14|10|8
./src/_00/output/Python/keras-team~keras/keras/src/legacy/saving/saving_options.py|keras-team|keras|saving_options.py|Python|14|0|3
./src/_00/output/Python/keras-team~keras/requirements.txt|keras-team|keras|requirements.txt|Text|14|0|3
./src/_00/output/Python/keras-team~keras/benchmarks/layer_benchmark/README.md|keras-team|keras|README.md|Markdown|13|0|3
./src/_00/output/Python/keras-team~keras/keras/src/backend/tensorflow/tensorboard.py|keras-team|keras|tensorboard.py|Python|13|0|8
./src/_00/output/Python/keras-team~keras/keras/src/layers/merging/add.py|keras-team|keras|add.py|Python|13|38|18
./src/_00/output/Python/keras-team~keras/keras/src/layers/merging/average.py|keras-team|keras|average.py|Python|13|39|18
./src/_00/output/Python/keras-team~keras/keras/api/constraints/__init__.py|keras-team|keras|__init__.py|Python|12|4|2
./src/_00/output/Python/keras-team~keras/keras/api/ops/linalg/__init__.py|keras-team|keras|__init__.py|Python|12|4|2
./src/_00/output/Python/keras-team~keras/keras/api/tree/__init__.py|keras-team|keras|__init__.py|Python|12|4|2
./src/_00/output/Python/keras-team~keras/keras/src/backend/common/global_state_test.py|keras-team|keras|global_state_test.py|Python|12|0|2
./src/_00/output/Python/keras-team~keras/keras/src/datasets/cifar.py|keras-team|keras|cifar.py|Python|12|10|6
./src/_00/output/Python/keras-team~keras/keras/src/ops/__init__.py|keras-team|keras|__init__.py|Python|12|3|1
./src/_00/output/Python/keras-team~keras/keras/src/tree/__init__.py|keras-team|keras|__init__.py|Python|12|0|0
./src/_00/output/Python/keras-team~keras/requirements-jax-cuda.txt|keras-team|keras|requirements-jax-cuda.txt|Text|12|0|3
./src/_00/output/Python/keras-team~keras/keras/api/random/__init__.py|keras-team|keras|__init__.py|Python|11|4|2
./src/_00/output/Python/keras-team~keras/keras/api/visualization/__init__.py|keras-team|keras|__init__.py|Python|11|4|2
./src/_00/output/Python/keras-team~keras/keras/src/distribution/__init__.py|keras-team|keras|__init__.py|Python|11|0|0
./src/_00/output/Python/keras-team~keras/keras/api/applications/efficientnet/__init__.py|keras-team|keras|__init__.py|Python|10|4|2
./src/_00/output/Python/keras-team~keras/keras/api/distribution/__init__.py|keras-team|keras|__init__.py|Python|10|4|2
./src/_00/output/Python/keras-team~keras/keras/src/backend/common/__init__.py|keras-team|keras|__init__.py|Python|10|0|0
./src/_00/output/Python/keras-team~keras/keras/src/layers/merging/maximum.py|keras-team|keras|maximum.py|Python|10|39|18
./src/_00/output/Python/keras-team~keras/keras/src/layers/merging/minimum.py|keras-team|keras|minimum.py|Python|10|39|18
./src/_00/output/Python/keras-team~keras/benchmarks/torch_ctl_benchmark/README.md|keras-team|keras|README.md|Markdown|9|0|4
./src/_00/output/Python/keras-team~keras/keras/api/applications/efficientnet_v2/__init__.py|keras-team|keras|__init__.py|Python|9|4|2
./src/_00/output/Python/keras-team~keras/keras/api/mixed_precision/__init__.py|keras-team|keras|__init__.py|Python|9|4|2
./src/_00/output/Python/keras-team~keras/keras/api/ops/image/__init__.py|keras-team|keras|__init__.py|Python|9|4|2
./src/_00/output/Python/keras-team~keras/keras/api/quantizers/__init__.py|keras-team|keras|__init__.py|Python|9|4|2
./src/_00/output/Python/keras-team~keras/keras/src/backend/numpy/export.py|keras-team|keras|export.py|Python|9|0|1
./src/_00/output/Python/keras-team~keras/keras/src/backend/openvino/export.py|keras-team|keras|export.py|Python|9|0|1
./src/_00/output/Python/keras-team~keras/keras/src/random/__init__.py|keras-team|keras|__init__.py|Python|9|0|0
./src/_00/output/Python/keras-team~keras/keras/src/saving/__init__.py|keras-team|keras|__init__.py|Python|9|0|0
./src/_00/output/Python/keras-team~keras/keras/src/utils/jax_utils.py|keras-team|keras|jax_utils.py|Python|9|0|2
./src/_00/output/Python/keras-team~keras/requirements-tensorflow-cuda.txt|keras-team|keras|requirements-tensorflow-cuda.txt|Text|9|0|3
./src/_00/output/Python/keras-team~keras/requirements-torch-cuda.txt|keras-team|keras|requirements-torch-cuda.txt|Text|9|0|3
./src/_00/output/Python/keras-team~keras/keras/api/_tf_keras/keras/preprocessing/__init__.py|keras-team|keras|__init__.py|Python|8|4|2
./src/_00/output/Python/keras-team~keras/keras/api/datasets/__init__.py|keras-team|keras|__init__.py|Python|8|4|2
./src/_00/output/Python/keras-team~keras/keras/api/dtype_policies/__init__.py|keras-team|keras|__init__.py|Python|8|4|2
./src/_00/output/Python/keras-team~keras/keras/src/datasets/__init__.py|keras-team|keras|__init__.py|Python|8|1|1
./src/_00/output/Python/keras-team~keras/shell/lint.sh|keras-team|keras|lint.sh|Bourne Shell|8|0|4
./src/_00/output/Python/keras-team~keras/keras/api/applications/convnext/__init__.py|keras-team|keras|__init__.py|Python|7|4|2
./src/_00/output/Python/keras-team~keras/keras/api/preprocessing/__init__.py|keras-team|keras|__init__.py|Python|7|4|2
./src/_00/output/Python/keras-team~keras/shell/api_gen.sh|keras-team|keras|api_gen.sh|Bourne Shell|7|2|3
./src/_00/output/Python/keras-team~keras/.github/workflows/config/jax/keras.json|keras-team|keras|keras.json|JSON|6|0|0
./src/_00/output/Python/keras-team~keras/.github/workflows/config/numpy/keras.json|keras-team|keras|keras.json|JSON|6|0|0
./src/_00/output/Python/keras-team~keras/.github/workflows/config/openvino/keras.json|keras-team|keras|keras.json|JSON|6|0|0
./src/_00/output/Python/keras-team~keras/.github/workflows/config/tensorflow/keras.json|keras-team|keras|keras.json|JSON|6|0|0
./src/_00/output/Python/keras-team~keras/.github/workflows/config/torch/keras.json|keras-team|keras|keras.json|JSON|6|0|0
./src/_00/output/Python/keras-team~keras/keras/api/models/__init__.py|keras-team|keras|__init__.py|Python|6|4|2
./src/_00/output/Python/keras-team~keras/keras/api/optimizers/legacy/__init__.py|keras-team|keras|__init__.py|Python|6|4|2
./src/_00/output/Python/keras-team~keras/keras/src/backend/common/masking.py|keras-team|keras|masking.py|Python|6|13|7
./src/_00/output/Python/keras-team~keras/keras/api/_tf_keras/keras/preprocessing/text/__init__.py|keras-team|keras|__init__.py|Python|5|4|2
./src/_00/output/Python/keras-team~keras/keras/api/applications/densenet/__init__.py|keras-team|keras|__init__.py|Python|5|4|2
./src/_00/output/Python/keras-team~keras/keras/api/applications/resnet/__init__.py|keras-team|keras|__init__.py|Python|5|4|2
./src/_00/output/Python/keras-team~keras/keras/api/applications/resnet_v2/__init__.py|keras-team|keras|__init__.py|Python|5|4|2
./src/_00/output/Python/keras-team~keras/keras/api/preprocessing/image/__init__.py|keras-team|keras|__init__.py|Python|5|4|2
./src/_00/output/Python/keras-team~keras/keras/src/layers/activations/__init__.py|keras-team|keras|__init__.py|Python|5|0|0
./src/_00/output/Python/keras-team~keras/keras/src/testing/__init__.py|keras-team|keras|__init__.py|Python|5|0|0
./src/_00/output/Python/keras-team~keras/keras/src/version.py|keras-team|keras|version.py|Python|5|1|3
./src/_00/output/Python/keras-team~keras/shell/format.sh|keras-team|keras|format.sh|Bourne Shell|5|0|4
./src/_00/output/Python/keras-team~keras/.devcontainer/setup.sh|keras-team|keras|setup.sh|Bourne Shell|4|0|0
./src/_00/output/Python/keras-team~keras/keras/api/_tf_keras/keras/preprocessing/sequence/__init__.py|keras-team|keras|__init__.py|Python|4|4|2
./src/_00/output/Python/keras-team~keras/keras/api/applications/nasnet/__init__.py|keras-team|keras|__init__.py|Python|4|4|2
./src/_00/output/Python/keras-team~keras/keras/src/backend/torch/optimizers/torch_adamw.py|keras-team|keras|torch_adamw.py|Python|4|0|2
./src/_00/output/Python/keras-team~keras/keras/src/wrappers/__init__.py|keras-team|keras|__init__.py|Python|4|0|1
./src/_00/output/Python/keras-team~keras/requirements-openvino.txt|keras-team|keras|requirements-openvino.txt|Text|4|0|1
./src/_00/output/Python/keras-team~keras/keras/api/applications/inception_resnet_v2/__init__.py|keras-team|keras|__init__.py|Python|3|4|2
./src/_00/output/Python/keras-team~keras/keras/api/applications/inception_v3/__init__.py|keras-team|keras|__init__.py|Python|3|4|2
./src/_00/output/Python/keras-team~keras/keras/api/applications/mobilenet/__init__.py|keras-team|keras|__init__.py|Python|3|4|2
./src/_00/output/Python/keras-team~keras/keras/api/applications/mobilenet_v2/__init__.py|keras-team|keras|__init__.py|Python|3|4|2
./src/_00/output/Python/keras-team~keras/keras/api/applications/resnet50/__init__.py|keras-team|keras|__init__.py|Python|3|4|2
./src/_00/output/Python/keras-team~keras/keras/api/applications/vgg16/__init__.py|keras-team|keras|__init__.py|Python|3|4|2
./src/_00/output/Python/keras-team~keras/keras/api/applications/vgg19/__init__.py|keras-team|keras|__init__.py|Python|3|4|2
./src/_00/output/Python/keras-team~keras/keras/api/applications/xception/__init__.py|keras-team|keras|__init__.py|Python|3|4|2
./src/_00/output/Python/keras-team~keras/keras/api/datasets/reuters/__init__.py|keras-team|keras|__init__.py|Python|3|4|2
./src/_00/output/Python/keras-team~keras/keras/api/wrappers/__init__.py|keras-team|keras|__init__.py|Python|3|4|2
./src/_00/output/Python/keras-team~keras/keras/src/models/__init__.py|keras-team|keras|__init__.py|Python|3|0|0
./src/_00/output/Python/keras-team~keras/keras/api/applications/imagenet_utils/__init__.py|keras-team|keras|__init__.py|Python|2|4|2
./src/_00/output/Python/keras-team~keras/keras/api/applications/mobilenet_v3/__init__.py|keras-team|keras|__init__.py|Python|2|4|2
./src/_00/output/Python/keras-team~keras/keras/api/datasets/imdb/__init__.py|keras-team|keras|__init__.py|Python|2|4|2
./src/_00/output/Python/keras-team~keras/keras/api/utils/legacy/__init__.py|keras-team|keras|__init__.py|Python|2|4|2
./src/_00/output/Python/keras-team~keras/keras/src/backend/jax/layer.py|keras-team|keras|layer.py|Python|2|0|0
./src/_00/output/Python/keras-team~keras/keras/src/backend/numpy/layer.py|keras-team|keras|layer.py|Python|2|0|0
./src/_00/output/Python/keras-team~keras/keras/src/backend/openvino/layer.py|keras-team|keras|layer.py|Python|2|0|0
./src/_00/output/Python/keras-team~keras/keras/src/visualization/__init__.py|keras-team|keras|__init__.py|Python|2|0|0
./src/_00/output/Python/keras-team~keras/.kokoro/README.md|keras-team|keras|README.md|Markdown|1|0|0
./src/_00/output/Python/keras-team~keras/keras/api/_tf_keras/__init__.py|keras-team|keras|__init__.py|Python|1|0|0
./src/_00/output/Python/keras-team~keras/keras/api/datasets/boston_housing/__init__.py|keras-team|keras|__init__.py|Python|1|4|2
./src/_00/output/Python/keras-team~keras/keras/api/datasets/california_housing/__init__.py|keras-team|keras|__init__.py|Python|1|4|2
./src/_00/output/Python/keras-team~keras/keras/api/datasets/cifar10/__init__.py|keras-team|keras|__init__.py|Python|1|4|2
./src/_00/output/Python/keras-team~keras/keras/api/datasets/cifar100/__init__.py|keras-team|keras|__init__.py|Python|1|4|2
./src/_00/output/Python/keras-team~keras/keras/api/datasets/fashion_mnist/__init__.py|keras-team|keras|__init__.py|Python|1|4|2
./src/_00/output/Python/keras-team~keras/keras/api/datasets/mnist/__init__.py|keras-team|keras|__init__.py|Python|1|4|2
./src/_00/output/Python/keras-team~keras/keras/api/export/__init__.py|keras-team|keras|__init__.py|Python|1|4|2
./src/_00/output/Python/keras-team~keras/keras/api/legacy/__init__.py|keras-team|keras|__init__.py|Python|1|4|2
./src/_00/output/Python/keras-team~keras/keras/api/preprocessing/sequence/__init__.py|keras-team|keras|__init__.py|Python|1|4|2
./src/_00/output/Python/keras-team~keras/keras/src/backend/torch/optimizers/__init__.py|keras-team|keras|__init__.py|Python|1|0|0
./src/_00/output/Python/keras-team~keras/keras/src/export/__init__.py|keras-team|keras|__init__.py|Python|1|0|0
